RANKS: 1 -1 0 4 1
EVENT0: 1084 47960c_4796cb_479761_4797bc
33 2 
34 0 

RANKS: 1 -1 0 4 1
EVENT1: 1011 46d7e9_46db18_46dc33_46dd1f
COMP 4b-0: 46d7e9_46db18_46dc33_46dd1f (32 10.24 0 9.00 0 13.00){0.00 0.00 0.00 0.00 5.20 0}{5.20 9.00 9.44 10.00 10.40 16}{10.40 10.43 10.88 13.00 15.60 16}{15.60 0.00 0.00 0.00 20.80 0}{20.80 0.00 0.00 0.00 26.00 0}
COMP 4b-1: 47960c_4796cb_479761_4797bc (4 172.80 2 64.00 0 324.00){0.00 64.00 72.00 79.00 129.60 3}{129.60 0.00 0.00 0.00 259.20 0}{259.20 324.00 324.00 324.00 388.80 1}{388.80 0.00 0.00 0.00 518.40 0}{518.40 0.00 0.00 0.00 648.00 0}
COMP 4c-0: 46d7e9_46db18_46dc33_46dd1f (32 27.45 0 26.00 0 28.00){0.00 0.00 0.00 0.00 10.40 0}{10.40 0.00 0.00 0.00 20.80 0}{20.80 26.00 27.50 28.00 31.20 32}{31.20 0.00 0.00 0.00 41.60 0}{41.60 0.00 0.00 0.00 52.00 0}
COMP 4c-1: 47960c_4796cb_479761_4797bc (4 64.80 1 34.00 0 111.00){0.00 34.00 34.00 34.00 44.40 3}{44.40 0.00 0.00 0.00 88.80 0}{88.80 111.00 111.00 111.00 133.20 1}{133.20 0.00 0.00 0.00 177.60 0}{177.60 0.00 0.00 0.00 222.00 0}
COMM 4b-0: 46d7e9_46db18_46dc33_46dd1f (32 11.27 3 1.00 2 73.00){0.00 1.00 1.00 1.00 1.20 2}{1.20 2.00 2.00 2.00 2.40 12}{2.40 3.00 3.10 4.00 4.80 10}{4.80 5.00 5.67 6.00 6.00 3}{6.00 12.00 59.00 73.00 132.00 5}
COMM 4b-1: 47960c_4796cb_479761_4797bc (4 75.80 0 18.00 2 285.00){0.00 0.00 0.00 0.00 14.40 0}{14.40 18.00 18.00 18.00 21.60 1}{21.60 23.00 23.00 23.00 28.80 1}{28.80 35.00 35.00 35.00 36.00 1}{36.00 285.00 285.00 285.00 534.00 1}
LOOP0: iter: ( 9 )[ 1 -1 0 4 1 ] mem: ( 1 )[ 1 -1 0 4 1 ]
10 2 
12 1 1 1 1 1 5 1 1 1 
14 14 14 14 16 16 16 14 14 14 
19 0 

RANKS: 1 -1 2 1 0
EVENT2: 1113 48253a_4828ba_4829f3_482ae7
COMP 4b-0: 46d7e9_46db18_46dc33_46dd1f (1 141962.00 2 141962.00 2 141962.00){0.00 0.00 0.00 0.00 56784.80 0}{56784.80 0.00 0.00 0.00 113569.60 0}{113569.60 141962.00 141962.00 141962.00 170354.40 1}{170354.40 0.00 0.00 0.00 227139.20 0}{227139.20 0.00 0.00 0.00 283924.00 0}
COMP 4c-0: 46d7e9_46db18_46dc33_46dd1f (1 633463.00 2 633463.00 2 633463.00){0.00 0.00 0.00 0.00 253385.20 0}{253385.20 0.00 0.00 0.00 506770.40 0}{506770.40 633463.00 633463.00 633463.00 760155.60 1}{760155.60 0.00 0.00 0.00 1013540.80 0}{1013540.80 0.00 0.00 0.00 1266926.00 0}
COMM 4b-0: 46d7e9_46db18_46dc33_46dd1f (1 519.00 2 519.00 2 519.00){0.00 0.00 0.00 0.00 207.60 0}{207.60 0.00 0.00 0.00 415.20 0}{415.20 519.00 519.00 519.00 622.80 1}{622.80 0.00 0.00 0.00 830.40 0}{830.40 0.00 0.00 0.00 1038.00 0}
10 2 
12 52020 
14 16 
1a 1 
1b 0 

RANKS: 1 -1 1 2 1
EVENT3: 1090 47a406_47a7db_47a946_47aa67
COMP 4b-0: 46d7e9_46db18_46dc33_46dd1f (1 142252.00 1 142252.00 1 142252.00){0.00 0.00 0.00 0.00 56900.80 0}{56900.80 0.00 0.00 0.00 113801.60 0}{113801.60 142252.00 142252.00 142252.00 170702.40 1}{170702.40 0.00 0.00 0.00 227603.20 0}{227603.20 0.00 0.00 0.00 284504.00 0}
COMP 4b-1: 48253a_4828ba_4829f3_482ae7 (1 16.00 2 16.00 2 16.00){0.00 0.00 0.00 0.00 6.40 0}{6.40 0.00 0.00 0.00 12.80 0}{12.80 16.00 16.00 16.00 19.20 1}{19.20 0.00 0.00 0.00 25.60 0}{25.60 0.00 0.00 0.00 32.00 0}
COMP 4b-2: 48b495_48b719_48b7ed_48b8a6 (1 24667.00 2 24667.00 2 24667.00){0.00 0.00 0.00 0.00 9866.80 0}{9866.80 0.00 0.00 0.00 19733.60 0}{19733.60 24667.00 24667.00 24667.00 29600.40 1}{29600.40 0.00 0.00 0.00 39467.20 0}{39467.20 0.00 0.00 0.00 49334.00 0}
COMP 4c-0: 46d7e9_46db18_46dc33_46dd1f (1 633290.00 1 633290.00 1 633290.00){0.00 0.00 0.00 0.00 253316.00 0}{253316.00 0.00 0.00 0.00 506632.00 0}{506632.00 633290.00 633290.00 633290.00 759948.00 1}{759948.00 0.00 0.00 0.00 1013264.00 0}{1013264.00 0.00 0.00 0.00 1266580.00 0}
COMP 4c-1: 48253a_4828ba_4829f3_482ae7 (1 27.00 2 27.00 2 27.00){0.00 0.00 0.00 0.00 10.80 0}{10.80 0.00 0.00 0.00 21.60 0}{21.60 27.00 27.00 27.00 32.40 1}{32.40 0.00 0.00 0.00 43.20 0}{43.20 0.00 0.00 0.00 54.00 0}
COMP 4c-2: 48b495_48b719_48b7ed_48b8a6 (1 93836.00 2 93836.00 2 93836.00){0.00 0.00 0.00 0.00 37534.40 0}{37534.40 0.00 0.00 0.00 75068.80 0}{75068.80 93836.00 93836.00 93836.00 112603.20 1}{112603.20 0.00 0.00 0.00 150137.60 0}{150137.60 0.00 0.00 0.00 187672.00 0}
COMM 4b-0: 46d7e9_46db18_46dc33_46dd1f (1 5.00 1 5.00 1 5.00){0.00 0.00 0.00 0.00 2.00 0}{2.00 0.00 0.00 0.00 4.00 0}{4.00 5.00 5.00 5.00 6.00 1}{6.00 0.00 0.00 0.00 8.00 0}{8.00 0.00 0.00 0.00 10.00 0}
COMM 4b-1: 48253a_4828ba_4829f3_482ae7 (1 4.00 2 4.00 2 4.00){0.00 0.00 0.00 0.00 1.60 0}{1.60 0.00 0.00 0.00 3.20 0}{3.20 4.00 4.00 4.00 4.80 1}{4.80 0.00 0.00 0.00 6.40 0}{6.40 0.00 0.00 0.00 8.00 0}
COMM 4b-2: 48b495_48b719_48b7ed_48b8a6 (1 3.00 2 3.00 2 3.00){0.00 0.00 0.00 0.00 1.20 0}{1.20 0.00 0.00 0.00 2.40 0}{2.40 3.00 3.00 3.00 3.60 1}{3.60 0.00 0.00 0.00 4.80 0}{4.80 0.00 0.00 0.00 6.00 0}
LOOP0: iter: ( 2 )[ 1 -1 2 1 0 ] mem: ( 2 )[ 1 -1 2 1 0 ]
10 2 
12 52020 
14 16 
1b 0 
2b 2147483647 

RANKS: 1 -1 1 2 1
EVENT4: 1148 48b495_48b719_48b7ed_48b8a6
COMP 4b-0: 47a406_47a7db_47a946_47aa67 (3 13.50 2 10.00 1 15.00){0.00 0.00 0.00 0.00 6.00 0}{6.00 10.00 10.00 10.00 12.00 1}{12.00 14.00 14.50 15.00 18.00 2}{18.00 0.00 0.00 0.00 24.00 0}{24.00 0.00 0.00 0.00 30.00 0}
COMP 4c-0: 47a406_47a7db_47a946_47aa67 (3 26.75 2 26.00 1 27.00){0.00 0.00 0.00 0.00 10.80 0}{10.80 0.00 0.00 0.00 21.60 0}{21.60 26.00 26.67 27.00 32.40 3}{32.40 0.00 0.00 0.00 43.20 0}{43.20 0.00 0.00 0.00 54.00 0}
COMM 4b-0: 47a406_47a7db_47a946_47aa67 (3 671.00 1 632.00 2 715.00){0.00 0.00 0.00 0.00 252.80 0}{252.80 0.00 0.00 0.00 505.60 0}{505.60 632.00 684.00 715.00 758.40 3}{758.40 0.00 0.00 0.00 1011.20 0}{1011.20 0.00 0.00 0.00 1264.00 0}
1c 9999 

RANKS: 1 -1 1 2 1
EVENT5: 1113 48253a_4828ba_4829f3_482ae7
COMP 4b-0: 48253a_4828ba_4829f3_482ae7 (2 33109.00 1 24659.00 2 50009.00){0.00 0.00 0.00 0.00 9863.60 0}{9863.60 0.00 0.00 0.00 19727.20 0}{19727.20 24659.00 24659.00 24659.00 39454.40 1}{39454.40 0.00 0.00 0.00 49318.00 0}{49318.00 50009.00 50009.00 50009.00 50700.00 1}
COMP 4b-1: 48b495_48b719_48b7ed_48b8a6 (2 328.67 2 302.00 1 342.00){0.00 0.00 0.00 0.00 136.80 0}{136.80 0.00 0.00 0.00 273.60 0}{273.60 302.00 322.00 342.00 410.40 2}{410.40 0.00 0.00 0.00 547.20 0}{547.20 0.00 0.00 0.00 684.00 0}
COMP 4c-0: 48253a_4828ba_4829f3_482ae7 (2 129155.33 1 93910.00 2 199646.00){0.00 0.00 0.00 0.00 37564.00 0}{37564.00 0.00 0.00 0.00 75128.00 0}{75128.00 93910.00 93910.00 93910.00 150256.00 1}{150256.00 0.00 0.00 0.00 187820.00 0}{187820.00 199646.00 199646.00 199646.00 211472.00 1}
COMP 4c-1: 48b495_48b719_48b7ed_48b8a6 (2 383.33 1 383.00 2 384.00){0.00 0.00 0.00 0.00 153.20 0}{153.20 0.00 0.00 0.00 306.40 0}{306.40 383.00 383.50 384.00 459.60 2}{459.60 0.00 0.00 0.00 612.80 0}{612.80 0.00 0.00 0.00 766.00 0}
COMM 4b-0: 48253a_4828ba_4829f3_482ae7 (2 247.00 1 247.00 1 247.00){0.00 0.00 0.00 0.00 98.80 0}{98.80 0.00 0.00 0.00 197.60 0}{197.60 247.00 247.00 247.00 296.40 2}{296.40 0.00 0.00 0.00 395.20 0}{395.20 0.00 0.00 0.00 494.00 0}
COMM 4b-1: 48b495_48b719_48b7ed_48b8a6 (2 381.00 2 235.00 1 454.00){0.00 0.00 0.00 0.00 181.60 0}{181.60 235.00 235.00 235.00 363.20 1}{363.20 454.00 454.00 454.00 544.80 1}{544.80 0.00 0.00 0.00 726.40 0}{726.40 0.00 0.00 0.00 908.00 0}
LOOP0: iter: ( 2 )[ 1 -1 1 2 1 ] mem: ( 1 )[ 1 -1 1 2 1 ]
10 2 
12 52020 
14 16 
1a ( 3 2 )[ 1 -1 1 1 0 ]
1a ( 2 1 )[ 1 -1 2 1 0 ]
1b 0 

RANKS: 1 -1 1 3 1
EVENT6: 1090 47a406_47a7db_47a946_47aa67
COMP 4b-0: 46d7e9_46db18_46dc33_46dd1f (1 140417.00 3 140417.00 3 140417.00){0.00 0.00 0.00 0.00 56166.80 0}{56166.80 0.00 0.00 0.00 112333.60 0}{112333.60 140417.00 140417.00 140417.00 168500.40 1}{168500.40 0.00 0.00 0.00 224667.20 0}{224667.20 0.00 0.00 0.00 280834.00 0}
COMP 4b-1: 48253a_4828ba_4829f3_482ae7 (5 15959.83 1 11.00 3 49926.00){0.00 0.00 0.00 0.00 4.40 0}{4.40 0.00 0.00 0.00 8.80 0}{8.80 11.00 11.50 12.00 22.00 2}{22.00 21239.00 22899.50 24560.00 42456.00 2}{42456.00 49926.00 49926.00 49926.00 57396.00 1}
COMP 4b-2: 48b495_48b719_48b7ed_48b8a6 (2 40418.67 2 21328.00 1 49964.00){0.00 0.00 0.00 0.00 19985.60 0}{19985.60 21328.00 21328.00 21328.00 39971.20 1}{39971.20 49964.00 49964.00 49964.00 59956.80 1}{59956.80 0.00 0.00 0.00 79942.40 0}{79942.40 0.00 0.00 0.00 99928.00 0}
COMP 4c-0: 46d7e9_46db18_46dc33_46dd1f (1 633306.00 3 633306.00 3 633306.00){0.00 0.00 0.00 0.00 253322.40 0}{253322.40 0.00 0.00 0.00 506644.80 0}{506644.80 633306.00 633306.00 633306.00 759967.20 1}{759967.20 0.00 0.00 0.00 1013289.60 0}{1013289.60 0.00 0.00 0.00 1266612.00 0}
COMP 4c-1: 48253a_4828ba_4829f3_482ae7 (5 64461.33 1 27.00 3 199463.00){0.00 0.00 0.00 0.00 10.80 0}{10.80 0.00 0.00 0.00 21.60 0}{21.60 27.00 27.00 27.00 54.00 2}{54.00 93498.00 93612.00 93726.00 186942.00 2}{186942.00 199463.00 199463.00 199463.00 211984.00 1}
COMP 4c-2: 48b495_48b719_48b7ed_48b8a6 (2 164259.33 2 93606.00 1 199586.00){0.00 0.00 0.00 0.00 79834.40 0}{79834.40 93606.00 93606.00 93606.00 159668.80 1}{159668.80 199586.00 199586.00 199586.00 239503.20 1}{239503.20 0.00 0.00 0.00 319337.60 0}{319337.60 0.00 0.00 0.00 399172.00 0}
COMM 4b-0: 46d7e9_46db18_46dc33_46dd1f (1 6.00 3 6.00 3 6.00){0.00 0.00 0.00 0.00 2.40 0}{2.40 0.00 0.00 0.00 4.80 0}{4.80 6.00 6.00 6.00 7.20 1}{7.20 0.00 0.00 0.00 9.60 0}{9.60 0.00 0.00 0.00 12.00 0}
COMM 4b-1: 48253a_4828ba_4829f3_482ae7 (5 2.33 1 2.00 3 3.00){0.00 0.00 0.00 0.00 0.80 0}{0.80 0.00 0.00 0.00 1.60 0}{1.60 2.00 2.00 2.00 2.40 3}{2.40 3.00 3.00 3.00 3.20 2}{3.20 0.00 0.00 0.00 4.00 0}
COMM 4b-2: 48b495_48b719_48b7ed_48b8a6 (2 2.67 2 2.00 1 3.00){0.00 0.00 0.00 0.00 1.20 0}{1.20 2.00 2.00 2.00 2.40 1}{2.40 3.00 3.00 3.00 3.60 1}{3.60 0.00 0.00 0.00 4.80 0}{4.80 0.00 0.00 0.00 6.00 0}
LOOP0: iter: ( 2 )[ 1 -1 1 2 1 ]( 4 )[ 1 -1 3 1 0 ] mem: ( 2 )[ 1 -1 1 2 1 ]( 3 )[ 1 -1 3 1 0 ]
10 2 
12 52020 
14 16 
1b 0 
2b 2147483647 

RANKS: 1 -1 1 3 1
EVENT7: 1148 48b495_48b719_48b7ed_48b8a6
COMP 4b-0: 47a406_47a7db_47a946_47aa67 (8 11.89 1 9.00 3 16.00){0.00 0.00 0.00 0.00 5.60 0}{5.60 9.00 10.00 11.00 11.20 5}{11.20 13.00 14.33 16.00 16.80 3}{16.80 0.00 0.00 0.00 22.40 0}{22.40 0.00 0.00 0.00 28.00 0}
COMP 4c-0: 47a406_47a7db_47a946_47aa67 (8 25.89 3 25.00 3 27.00){0.00 0.00 0.00 0.00 10.40 0}{10.40 0.00 0.00 0.00 20.80 0}{20.80 25.00 25.88 27.00 31.20 8}{31.20 0.00 0.00 0.00 41.60 0}{41.60 0.00 0.00 0.00 52.00 0}
COMM 4b-0: 47a406_47a7db_47a946_47aa67 (8 678.89 3 360.00 3 2042.00){0.00 0.00 0.00 0.00 174.40 0}{174.40 0.00 0.00 0.00 348.80 0}{348.80 360.00 437.50 508.00 523.20 4}{523.20 590.00 627.33 695.00 872.00 3}{872.00 2042.00 2042.00 2042.00 3212.00 1}
1c 9999 

RANKS: 1 -1 0 4 1
EVENT8: 1113 48253a_4828ba_4829f3_482ae7
COMP 4b-0: 46d7e9_46db18_46dc33_46dd1f (1 142539.00 0 142539.00 0 142539.00){0.00 0.00 0.00 0.00 57015.60 0}{57015.60 0.00 0.00 0.00 114031.20 0}{114031.20 142539.00 142539.00 142539.00 171046.80 1}{171046.80 0.00 0.00 0.00 228062.40 0}{228062.40 0.00 0.00 0.00 285078.00 0}
COMP 4b-1: 48253a_4828ba_4829f3_482ae7 (1 21332.00 1 21332.00 1 21332.00){0.00 0.00 0.00 0.00 8532.80 0}{8532.80 0.00 0.00 0.00 17065.60 0}{17065.60 21332.00 21332.00 21332.00 25598.40 1}{25598.40 0.00 0.00 0.00 34131.20 0}{34131.20 0.00 0.00 0.00 42664.00 0}
COMP 4b-2: 48b495_48b719_48b7ed_48b8a6 (9 12317.40 2 305.00 0 50208.00){0.00 305.00 324.50 352.00 9911.60 6}{9911.60 0.00 0.00 0.00 19823.20 0}{19823.20 21461.00 23120.00 24779.00 39646.40 2}{39646.40 0.00 0.00 0.00 49558.00 0}{49558.00 50208.00 50208.00 50208.00 50858.00 1}
COMP 4c-0: 46d7e9_46db18_46dc33_46dd1f (1 633447.00 0 633447.00 0 633447.00){0.00 0.00 0.00 0.00 253378.80 0}{253378.80 0.00 0.00 0.00 506757.60 0}{506757.60 633447.00 633447.00 633447.00 760136.40 1}{760136.40 0.00 0.00 0.00 1013515.20 0}{1013515.20 0.00 0.00 0.00 1266894.00 0}
COMP 4c-1: 48253a_4828ba_4829f3_482ae7 (1 93675.00 1 93675.00 1 93675.00){0.00 0.00 0.00 0.00 37470.00 0}{37470.00 0.00 0.00 0.00 74940.00 0}{74940.00 93675.00 93675.00 93675.00 112410.00 1}{112410.00 0.00 0.00 0.00 149880.00 0}{149880.00 0.00 0.00 0.00 187350.00 0}
COMP 4c-2: 48b495_48b719_48b7ed_48b8a6 (9 48390.70 3 381.00 0 199779.00){0.00 381.00 382.50 384.00 37607.60 6}{37607.60 0.00 0.00 0.00 75215.20 0}{75215.20 93795.00 93907.00 94019.00 150430.40 2}{150430.40 0.00 0.00 0.00 188038.00 0}{188038.00 199779.00 199779.00 199779.00 211520.00 1}
COMM 4b-0: 46d7e9_46db18_46dc33_46dd1f (1 493.00 0 493.00 0 493.00){0.00 0.00 0.00 0.00 197.20 0}{197.20 0.00 0.00 0.00 394.40 0}{394.40 493.00 493.00 493.00 591.60 1}{591.60 0.00 0.00 0.00 788.80 0}{788.80 0.00 0.00 0.00 986.00 0}
COMM 4b-1: 48253a_4828ba_4829f3_482ae7 (1 247.00 1 247.00 1 247.00){0.00 0.00 0.00 0.00 98.80 0}{98.80 0.00 0.00 0.00 197.60 0}{197.60 247.00 247.00 247.00 296.40 1}{296.40 0.00 0.00 0.00 395.20 0}{395.20 0.00 0.00 0.00 494.00 0}
COMM 4b-2: 48b495_48b719_48b7ed_48b8a6 (9 259.90 2 232.00 3 454.00){0.00 0.00 0.00 0.00 97.60 0}{97.60 0.00 0.00 0.00 195.20 0}{195.20 232.00 237.62 244.00 292.80 8}{292.80 0.00 0.00 0.00 390.40 0}{390.40 454.00 454.00 454.00 488.00 1}
LOOP0: iter: ( 4 )[ 1 -1 0 1 0 ]( 2 )[ 1 -1 1 1 0 ] mem: ( 3 )[ 1 -1 0 1 0 ]( 1 )[ 1 -1 1 1 0 ]
10 2 
12 52020 
14 16 
1a ( 1 2 )[ 1 -1 0 1 0 ]
1a ( 3 2 )[ 1 -1 1 2 2 ]
1a ( 2 )[ 1 -1 2 1 0 ]
1b 0 

RANKS: 1 -1 0 2 1
EVENT9: 1090 47a406_47a7db_47a946_47aa67
COMP 4b-0: 48253a_4828ba_4829f3_482ae7 (5 12.17 0 10.00 0 16.00){0.00 0.00 0.00 0.00 6.40 0}{6.40 10.00 10.25 11.00 12.80 4}{12.80 16.00 16.00 16.00 19.20 1}{19.20 0.00 0.00 0.00 25.60 0}{25.60 0.00 0.00 0.00 32.00 0}
COMP 4c-0: 48253a_4828ba_4829f3_482ae7 (5 26.17 0 25.00 0 27.00){0.00 0.00 0.00 0.00 10.80 0}{10.80 0.00 0.00 0.00 21.60 0}{21.60 25.00 26.00 27.00 32.40 5}{32.40 0.00 0.00 0.00 43.20 0}{43.20 0.00 0.00 0.00 54.00 0}
COMM 4b-0: 48253a_4828ba_4829f3_482ae7 (5 2.67 0 2.00 0 4.00){0.00 0.00 0.00 0.00 1.60 0}{1.60 2.00 2.00 2.00 3.20 4}{3.20 4.00 4.00 4.00 4.80 1}{4.80 0.00 0.00 0.00 6.40 0}{6.40 0.00 0.00 0.00 8.00 0}
10 2 
12 52020 
14 16 
1b 0 
2b 2147483647 

RANKS: 1 -1 0 2 1
EVENT10: 1148 48b495_48b719_48b7ed_48b8a6
COMP 4b-0: 47a406_47a7db_47a946_47aa67 (5 11.33 0 9.00 0 15.00){0.00 0.00 0.00 0.00 6.00 0}{6.00 9.00 9.50 11.00 12.00 4}{12.00 15.00 15.00 15.00 18.00 1}{18.00 0.00 0.00 0.00 24.00 0}{24.00 0.00 0.00 0.00 30.00 0}
COMP 4c-0: 47a406_47a7db_47a946_47aa67 (5 26.00 0 25.00 0 27.00){0.00 0.00 0.00 0.00 10.80 0}{10.80 0.00 0.00 0.00 21.60 0}{21.60 25.00 25.80 27.00 32.40 5}{32.40 0.00 0.00 0.00 43.20 0}{43.20 0.00 0.00 0.00 54.00 0}
COMM 4b-0: 47a406_47a7db_47a946_47aa67 (5 558.17 1 432.00 0 700.00){0.00 0.00 0.00 0.00 280.00 0}{280.00 432.00 487.25 533.00 560.00 4}{560.00 700.00 700.00 700.00 840.00 1}{840.00 0.00 0.00 0.00 1120.00 0}{1120.00 0.00 0.00 0.00 1400.00 0}
1c 9999 

RANKS: 1 -1 0 4 1
EVENT11: 1004 46a96f_46accf_46ae12_46af04
COMP 4b-0: 48253a_4828ba_4829f3_482ae7 (2 45579.00 3 45493.00 2 45751.00){0.00 0.00 0.00 0.00 18197.20 0}{18197.20 0.00 0.00 0.00 36394.40 0}{36394.40 45493.00 45622.00 45751.00 54591.60 2}{54591.60 0.00 0.00 0.00 72788.80 0}{72788.80 0.00 0.00 0.00 90986.00 0}
COMP 4b-1: 48b495_48b719_48b7ed_48b8a6 (2 45595.33 1 45486.00 0 45650.00){0.00 0.00 0.00 0.00 18260.00 0}{18260.00 0.00 0.00 0.00 36520.00 0}{36520.00 45486.00 45568.00 45650.00 54780.00 2}{54780.00 0.00 0.00 0.00 73040.00 0}{73040.00 0.00 0.00 0.00 91300.00 0}
COMP 4c-0: 48253a_4828ba_4829f3_482ae7 (2 194756.00 2 194752.00 3 194758.00){0.00 0.00 0.00 0.00 77903.20 0}{77903.20 0.00 0.00 0.00 155806.40 0}{155806.40 194752.00 194755.00 194758.00 233709.60 2}{233709.60 0.00 0.00 0.00 311612.80 0}{311612.80 0.00 0.00 0.00 389516.00 0}
COMP 4c-1: 48b495_48b719_48b7ed_48b8a6 (2 194884.33 1 194881.00 0 194886.00){0.00 0.00 0.00 0.00 77954.40 0}{77954.40 0.00 0.00 0.00 155908.80 0}{155908.80 194881.00 194883.50 194886.00 233863.20 2}{233863.20 0.00 0.00 0.00 311817.60 0}{311817.60 0.00 0.00 0.00 389772.00 0}
COMM 4b-0: 48253a_4828ba_4829f3_482ae7 (2 294.00 2 36.00 3 423.00){0.00 36.00 36.00 36.00 169.20 1}{169.20 0.00 0.00 0.00 338.40 0}{338.40 423.00 423.00 423.00 507.60 1}{507.60 0.00 0.00 0.00 676.80 0}{676.80 0.00 0.00 0.00 846.00 0}
COMM 4b-1: 48b495_48b719_48b7ed_48b8a6 (2 236.67 0 119.00 1 472.00){0.00 0.00 0.00 0.00 47.60 0}{47.60 0.00 0.00 0.00 95.20 0}{95.20 119.00 119.00 119.00 190.40 1}{190.40 0.00 0.00 0.00 238.00 0}{238.00 472.00 472.00 472.00 706.00 1}
10 2 
12 5 
14 16 
18 3 

RANKS: 1 -1 0 4 1
EVENT12: 1010 46d300_46d535_46d5d9_46d655
COMP 4b-0: 46a96f_46accf_46ae12_46af04 (4 10.00 0 10.00 0 10.00){0.00 0.00 0.00 0.00 4.00 0}{4.00 0.00 0.00 0.00 8.00 0}{8.00 10.00 10.00 10.00 12.00 4}{12.00 0.00 0.00 0.00 16.00 0}{16.00 0.00 0.00 0.00 20.00 0}
COMP 4c-0: 46a96f_46accf_46ae12_46af04 (4 25.40 0 25.00 3 26.00){0.00 0.00 0.00 0.00 10.00 0}{10.00 0.00 0.00 0.00 20.00 0}{20.00 25.00 25.50 26.00 30.00 4}{30.00 0.00 0.00 0.00 40.00 0}{40.00 0.00 0.00 0.00 50.00 0}
COMM 4b-0: 46a96f_46accf_46ae12_46af04 (4 182.00 1 137.00 3 283.00){0.00 0.00 0.00 0.00 66.40 0}{66.40 0.00 0.00 0.00 132.80 0}{132.80 137.00 153.67 166.00 199.20 3}{199.20 0.00 0.00 0.00 265.60 0}{265.60 283.00 283.00 283.00 332.00 1}
10 2 

RANKS: 1 -1 1 3 1
EVENT13: 1102 47da79_47de3e_47dfa8_47e0c7
COMP 4b-0: 46d300_46d535_46d5d9_46d655 (3 2160.00 3 2103.00 1 2197.00){0.00 0.00 0.00 0.00 878.80 0}{878.80 0.00 0.00 0.00 1757.60 0}{1757.60 2103.00 2147.67 2197.00 2636.40 3}{2636.40 0.00 0.00 0.00 3515.20 0}{3515.20 0.00 0.00 0.00 4394.00 0}
COMP 4b-1: 47da79_47de3e_47dfa8_47e0c7 (199 438.12 3 10.00 3 898.00){0.00 0.00 0.00 0.00 4.00 0}{4.00 0.00 0.00 0.00 8.00 0}{8.00 10.00 11.16 13.00 16.00 100}{16.00 0.00 0.00 0.00 20.00 0}{20.00 870.00 873.71 898.00 1776.00 99}
COMP 4b-2: 48253a_4828ba_4829f3_482ae7 (398 373.99 1 357.00 2 481.00){0.00 0.00 0.00 0.00 153.20 0}{153.20 0.00 0.00 0.00 306.40 0}{306.40 357.00 373.70 422.00 459.60 397}{459.60 481.00 481.00 481.00 612.80 1}{612.80 0.00 0.00 0.00 766.00 0}
COMP 4c-0: 46d300_46d535_46d5d9_46d655 (3 12722.00 1 12722.00 1 12722.00){0.00 0.00 0.00 0.00 5088.80 0}{5088.80 0.00 0.00 0.00 10177.60 0}{10177.60 12722.00 12722.00 12722.00 15266.40 3}{15266.40 0.00 0.00 0.00 20355.20 0}{20355.20 0.00 0.00 0.00 25444.00 0}
COMP 4c-1: 47da79_47de3e_47dfa8_47e0c7 (199 1802.57 3 27.00 3 3612.00){0.00 0.00 0.00 0.00 10.80 0}{10.80 0.00 0.00 0.00 21.60 0}{21.60 27.00 28.98 29.00 43.20 100}{43.20 0.00 0.00 0.00 54.00 0}{54.00 3612.00 3612.00 3612.00 7170.00 99}
COMP 4c-2: 48253a_4828ba_4829f3_482ae7 (398 1875.06 1 1823.00 1 1926.00){0.00 0.00 0.00 0.00 768.80 0}{768.80 0.00 0.00 0.00 1537.60 0}{1537.60 1823.00 1874.94 1926.00 2306.40 398}{2306.40 0.00 0.00 0.00 3075.20 0}{3075.20 0.00 0.00 0.00 3844.00 0}
COMM 4b-0: 46d300_46d535_46d5d9_46d655 (3 655.75 1 497.00 3 1086.00){0.00 0.00 0.00 0.00 198.80 0}{198.80 0.00 0.00 0.00 397.60 0}{397.60 497.00 520.00 543.00 795.20 2}{795.20 0.00 0.00 0.00 994.00 0}{994.00 1086.00 1086.00 1086.00 1178.00 1}
COMM 4b-1: 47da79_47de3e_47dfa8_47e0c7 (199 5.10 3 1.00 3 135.00){0.00 1.00 1.00 1.00 1.60 62}{1.60 2.00 2.67 4.00 4.00 57}{4.00 5.00 5.05 6.00 6.00 61}{6.00 7.00 14.47 45.00 84.00 17}{84.00 115.00 125.00 135.00 186.00 2}
COMM 4b-2: 48253a_4828ba_4829f3_482ae7 (398 11.27 1 2.00 1 1397.00){0.00 2.00 2.00 2.00 2.40 8}{2.40 3.00 3.50 4.00 4.80 332}{4.80 5.00 5.32 6.00 6.00 47}{6.00 7.00 26.14 63.00 120.00 7}{120.00 144.00 720.25 1397.00 2674.00 4}
LOOP0: iter: ( 200 )[ 1 -1 1 3 1 ] mem: ( 2 )[ 1 -1 1 2 1 ]( 1 )[ 1 -1 3 1 0 ]
10 2 
12 250 
14 16 
1b 0 
2b ( 3 3 3 3 3 3 3 3 3 3 3 3 3 3 3 3 3 3 3 3 3 3 3 3 3 3 3 3 3 3 3 3 3 3 3 3 3 3 3 3 3 3 3 3 3 3 3 3 3 3 3 3 3 3 3 3 3 3 3 3 3 3 3 3 3 3 3 3 3 3 3 3 3 3 3 3 3 3 3 3 3 3 3 3 3 3 3 3 3 3 3 3 3 3 3 3 3 3 3 3 2 2 2 2 2 2 2 2 2 2 2 2 2 2 2 2 2 2 2 2 2 2 2 2 2 2 2 2 2 2 2 2 2 2 2 2 2 2 2 2 2 2 2 2 2 2 2 2 2 2 2 2 2 2 2 2 2 2 2 2 2 2 2 2 2 2 2 2 2 2 2 2 2 2 2 2 2 2 2 2 2 2 2 2 2 2 2 2 2 2 2 2 2 2 2 2 2 2 2 2 )[ 1 -1 1 1 0 ]
2b ( 3 2 )[ 1 -1 3 1 0 ]
2b ( 2 2 2 2 2 2 2 2 2 2 2 2 2 2 2 2 2 2 2 2 2 2 2 2 2 2 2 2 2 2 2 2 2 2 2 2 2 2 2 2 2 2 2 2 2 2 2 2 2 2 2 2 2 2 2 2 2 2 2 2 2 2 2 2 2 2 2 2 2 2 2 2 2 2 2 2 2 2 2 2 2 2 2 2 2 2 2 2 2 2 2 2 2 2 2 2 2 2 2 2 1 1 1 1 1 1 1 1 1 1 1 1 1 1 1 1 1 1 1 1 1 1 1 1 1 1 1 1 1 1 1 1 1 1 1 1 1 1 1 1 1 1 1 1 1 1 1 1 1 1 1 1 1 1 1 1 1 1 1 1 1 1 1 1 1 1 1 1 1 1 1 1 1 1 1 1 1 1 1 1 1 1 1 1 1 1 1 1 1 1 1 1 1 1 1 1 1 1 1 1 )[ 1 -1 2 1 0 ]

RANKS: 1 -1 2 1 0
EVENT14: 1113 48253a_4828ba_4829f3_482ae7
COMP 4b-0: 47da79_47de3e_47dfa8_47e0c7 (200 486.81 2 468.00 2 628.00){0.00 0.00 0.00 0.00 211.20 0}{211.20 0.00 0.00 0.00 422.40 0}{422.40 468.00 486.61 628.00 633.60 200}{633.60 0.00 0.00 0.00 844.80 0}{844.80 0.00 0.00 0.00 1056.00 0}
COMP 4c-0: 47da79_47de3e_47dfa8_47e0c7 (200 1702.66 2 1690.00 2 1716.00){0.00 0.00 0.00 0.00 686.40 0}{686.40 0.00 0.00 0.00 1372.80 0}{1372.80 1690.00 1702.59 1716.00 2059.20 200}{2059.20 0.00 0.00 0.00 2745.60 0}{2745.60 0.00 0.00 0.00 3432.00 0}
COMM 4b-0: 47da79_47de3e_47dfa8_47e0c7 (200 3.52 2 2.00 2 95.00){0.00 2.00 2.00 2.00 2.80 49}{2.80 3.00 3.02 4.00 5.60 144}{5.60 7.00 8.50 10.00 11.20 2}{11.20 12.00 12.67 14.00 14.00 3}{14.00 17.00 56.00 95.00 176.00 2}
10 2 
12 250 
14 16 
1a 1 1 1 1 1 1 1 1 1 1 1 1 1 1 1 1 1 1 1 1 1 1 1 1 1 1 1 1 1 1 1 1 1 1 1 1 1 1 1 1 1 1 1 1 1 1 1 1 1 1 1 1 1 1 1 1 1 1 1 1 1 1 1 1 1 1 1 1 1 1 1 1 1 1 1 1 1 1 1 1 1 1 1 1 1 1 1 1 1 1 1 1 1 1 1 1 1 1 1 1 2 2 2 2 2 2 2 2 2 2 2 2 2 2 2 2 2 2 2 2 2 2 2 2 2 2 2 2 2 2 2 2 2 2 2 2 2 2 2 2 2 2 2 2 2 2 2 2 2 2 2 2 2 2 2 2 2 2 2 2 2 2 2 2 2 2 2 2 2 2 2 2 2 2 2 2 2 2 2 2 2 2 2 2 2 2 2 2 2 2 2 2 2 2 2 2 2 2 2 2 
1b 0 

RANKS: 1 -1 0 4 1
EVENT15: 1113 48253a_4828ba_4829f3_482ae7
COMP 4b-0: 46a96f_46accf_46ae12_46af04 (1 117938.00 2 117938.00 2 117938.00){0.00 0.00 0.00 0.00 47175.20 0}{47175.20 0.00 0.00 0.00 94350.40 0}{94350.40 117938.00 117938.00 117938.00 141525.60 1}{141525.60 0.00 0.00 0.00 188700.80 0}{188700.80 0.00 0.00 0.00 235876.00 0}
COMP 4b-1: 46d300_46d535_46d5d9_46d655 (1 2644.00 0 2644.00 0 2644.00){0.00 0.00 0.00 0.00 1057.60 0}{1057.60 0.00 0.00 0.00 2115.20 0}{2115.20 2644.00 2644.00 2644.00 3172.80 1}{3172.80 0.00 0.00 0.00 4230.40 0}{4230.40 0.00 0.00 0.00 5288.00 0}
COMP 4b-2: 47da79_47de3e_47dfa8_47e0c7 (201 490.44 1 468.00 3 1345.00){0.00 0.00 0.00 0.00 203.20 0}{203.20 0.00 0.00 0.00 406.40 0}{406.40 468.00 486.08 510.00 812.80 200}{812.80 0.00 0.00 0.00 1016.00 0}{1016.00 1345.00 1345.00 1345.00 1674.00 1}
COMP 4b-3: 48253a_4828ba_4829f3_482ae7 (399 436.69 0 9.00 2 5304.00){0.00 0.00 0.00 0.00 7.20 0}{7.20 9.00 10.13 13.00 14.40 198}{14.40 18.00 18.00 18.00 18.00 2}{18.00 811.00 845.06 891.00 1726.00 198}{1726.00 5304.00 5304.00 5304.00 8882.00 1}
COMP 4c-0: 46a96f_46accf_46ae12_46af04 (1 555451.00 2 555451.00 2 555451.00){0.00 0.00 0.00 0.00 222180.40 0}{222180.40 0.00 0.00 0.00 444360.80 0}{444360.80 555451.00 555451.00 555451.00 666541.20 1}{666541.20 0.00 0.00 0.00 888721.60 0}{888721.60 0.00 0.00 0.00 1110902.00 0}
COMP 4c-1: 46d300_46d535_46d5d9_46d655 (1 14410.00 0 14410.00 0 14410.00){0.00 0.00 0.00 0.00 5764.00 0}{5764.00 0.00 0.00 0.00 11528.00 0}{11528.00 14410.00 14410.00 14410.00 17292.00 1}{17292.00 0.00 0.00 0.00 23056.00 0}{23056.00 0.00 0.00 0.00 28820.00 0}
COMP 4c-2: 47da79_47de3e_47dfa8_47e0c7 (201 1719.79 1 1690.00 3 5175.00){0.00 0.00 0.00 0.00 686.40 0}{686.40 0.00 0.00 0.00 1372.80 0}{1372.80 1690.00 1702.53 1716.00 2745.60 200}{2745.60 0.00 0.00 0.00 3432.00 0}{3432.00 5175.00 5175.00 5175.00 6918.00 1}
COMP 4c-3: 48253a_4828ba_4829f3_482ae7 (399 1830.96 0 27.00 2 23720.00){0.00 0.00 0.00 0.00 10.80 0}{10.80 0.00 0.00 0.00 21.60 0}{21.60 27.00 28.98 29.00 54.00 200}{54.00 3486.00 3549.70 3613.00 7170.00 198}{7170.00 23720.00 23720.00 23720.00 40270.00 1}
COMM 4b-0: 46a96f_46accf_46ae12_46af04 (1 244.00 2 244.00 2 244.00){0.00 0.00 0.00 0.00 97.60 0}{97.60 0.00 0.00 0.00 195.20 0}{195.20 244.00 244.00 244.00 292.80 1}{292.80 0.00 0.00 0.00 390.40 0}{390.40 0.00 0.00 0.00 488.00 0}
COMM 4b-1: 46d300_46d535_46d5d9_46d655 (1 10.00 0 10.00 0 10.00){0.00 0.00 0.00 0.00 4.00 0}{4.00 0.00 0.00 0.00 8.00 0}{8.00 10.00 10.00 10.00 12.00 1}{12.00 0.00 0.00 0.00 16.00 0}{16.00 0.00 0.00 0.00 20.00 0}
COMM 4b-2: 47da79_47de3e_47dfa8_47e0c7 (201 3.69 1 2.00 1 111.00){0.00 2.00 2.00 2.00 2.80 31}{2.80 3.00 3.01 4.00 5.60 162}{5.60 6.00 7.67 10.00 11.20 3}{11.20 12.00 12.67 14.00 14.00 3}{14.00 18.00 64.50 111.00 208.00 2}
COMM 4b-3: 48253a_4828ba_4829f3_482ae7 (399 4.20 0 1.00 2 247.00){0.00 1.00 1.85 2.00 2.40 234}{2.40 3.00 3.00 3.00 3.60 151}{3.60 4.00 4.00 4.00 6.00 3}{6.00 17.00 53.10 106.00 190.00 10}{190.00 247.00 247.00 247.00 304.00 1}
LOOP0: iter: ( 200 )[ 1 -1 0 2 3 ]( 2 )[ 1 -1 2 1 0 ] mem: ( 1 )[ 1 -1 0 2 3 ]( 5 )[ 1 -1 2 1 0 ]
10 2 
12 ( 250 )[ 2 -1 0 2 1 -1 3 1 0 ]
12 ( 52020 )[ 1 -1 2 1 0 ]
14 16 
1a ( 1 2 )[ 1 -1 0 1 0 ]
1a ( 2 2 2 2 2 2 2 2 2 2 2 2 2 2 2 2 2 2 2 2 2 2 2 2 2 2 2 2 2 2 2 2 2 2 2 2 2 2 2 2 2 2 2 2 2 2 2 2 2 2 2 2 2 2 2 2 2 2 2 2 2 2 2 2 2 2 2 2 2 2 2 2 2 2 2 2 2 2 2 2 2 2 2 2 2 2 2 2 2 2 2 2 2 2 2 2 2 2 2 2 3 3 3 3 3 3 3 3 3 3 3 3 3 3 3 3 3 3 3 3 3 3 3 3 3 3 3 3 3 3 3 3 3 3 3 3 3 3 3 3 3 3 3 3 3 3 3 3 3 3 3 3 3 3 3 3 3 3 3 3 3 3 3 3 3 3 3 3 3 3 3 3 3 3 3 3 3 3 3 3 3 3 3 3 3 3 3 3 3 3 3 3 3 3 3 3 3 3 3 3 )[ 1 -1 1 1 0 ]
1a ( 3 2 )[ 1 -1 3 1 0 ]
1a ( 1 )[ 1 -1 2 1 0 ]
1b 0 

RANKS: 1 -1 0 1 0
EVENT16: 1102 47da79_47de3e_47dfa8_47e0c7
COMP 4b-0: 47da79_47de3e_47dfa8_47e0c7 (199 409.94 0 10.00 0 846.00){0.00 0.00 0.00 0.00 4.40 0}{4.40 0.00 0.00 0.00 8.80 0}{8.80 10.00 11.09 13.00 17.60 100}{17.60 0.00 0.00 0.00 22.00 0}{22.00 812.00 816.85 846.00 1670.00 99}
COMP 4b-1: 48253a_4828ba_4829f3_482ae7 (1 369.00 0 369.00 0 369.00){0.00 0.00 0.00 0.00 147.60 0}{147.60 0.00 0.00 0.00 295.20 0}{295.20 369.00 369.00 369.00 442.80 1}{442.80 0.00 0.00 0.00 590.40 0}{590.40 0.00 0.00 0.00 738.00 0}
COMP 4c-0: 47da79_47de3e_47dfa8_47e0c7 (199 1740.64 0 27.00 0 3487.00){0.00 0.00 0.00 0.00 10.80 0}{10.80 0.00 0.00 0.00 21.60 0}{21.60 27.00 28.98 29.00 43.20 100}{43.20 0.00 0.00 0.00 54.00 0}{54.00 3486.00 3486.90 3487.00 6918.00 99}
COMP 4c-1: 48253a_4828ba_4829f3_482ae7 (1 1823.00 0 1823.00 0 1823.00){0.00 0.00 0.00 0.00 729.20 0}{729.20 0.00 0.00 0.00 1458.40 0}{1458.40 1823.00 1823.00 1823.00 2187.60 1}{2187.60 0.00 0.00 0.00 2916.80 0}{2916.80 0.00 0.00 0.00 3646.00 0}
COMM 4b-0: 47da79_47de3e_47dfa8_47e0c7 (199 7.65 0 1.00 0 346.00){0.00 1.00 2.24 3.00 3.20 97}{3.20 4.00 4.00 4.00 4.00 28}{4.00 5.00 5.40 6.00 6.00 15}{6.00 7.00 9.76 12.00 12.00 33}{12.00 13.00 30.58 346.00 680.00 26}
COMM 4b-1: 48253a_4828ba_4829f3_482ae7 (1 2630.00 0 2630.00 0 2630.00){0.00 0.00 0.00 0.00 1052.00 0}{1052.00 0.00 0.00 0.00 2104.00 0}{2104.00 2630.00 2630.00 2630.00 3156.00 1}{3156.00 0.00 0.00 0.00 4208.00 0}{4208.00 0.00 0.00 0.00 5260.00 0}
LOOP0: iter: ( 200 )[ 1 -1 0 1 0 ] mem: ( 1 )[ 1 -1 0 1 0 ]
10 2 
12 250 
14 16 
1b 0 
2b 1 2 

RANKS: 1 -1 1 3 1
EVENT17: 1090 47a406_47a7db_47a946_47aa67
COMP 4b-0: 46a96f_46accf_46ae12_46af04 (2 117551.00 1 117541.00 3 117571.00){0.00 0.00 0.00 0.00 47016.40 0}{47016.40 0.00 0.00 0.00 94032.80 0}{94032.80 117541.00 117556.00 117571.00 141049.20 2}{141049.20 0.00 0.00 0.00 188065.60 0}{188065.60 0.00 0.00 0.00 235082.00 0}
COMP 4b-1: 48253a_4828ba_4829f3_482ae7 (6 8251.57 2 10.00 3 21224.00){0.00 10.00 10.00 10.00 2030.00 2}{2030.00 0.00 0.00 0.00 4060.00 0}{4060.00 5075.00 5117.50 5160.00 8120.00 2}{8120.00 0.00 0.00 0.00 10150.00 0}{10150.00 21207.00 21215.50 21224.00 32298.00 2}
COMP 4b-2: 48b495_48b719_48b7ed_48b8a6 (2 21326.33 2 21325.00 2 21329.00){0.00 0.00 0.00 0.00 8530.00 0}{8530.00 0.00 0.00 0.00 17060.00 0}{17060.00 21325.00 21327.00 21329.00 25590.00 2}{25590.00 0.00 0.00 0.00 34120.00 0}{34120.00 0.00 0.00 0.00 42650.00 0}
COMP 4c-0: 46a96f_46accf_46ae12_46af04 (2 555282.33 1 555277.00 3 555293.00){0.00 0.00 0.00 0.00 222110.80 0}{222110.80 0.00 0.00 0.00 444221.60 0}{444221.60 555277.00 555285.00 555293.00 666332.40 2}{666332.40 0.00 0.00 0.00 888443.20 0}{888443.20 0.00 0.00 0.00 1110554.00 0}
COMP 4c-1: 48253a_4828ba_4829f3_482ae7 (6 36804.29 2 26.00 3 93493.00){0.00 26.00 26.00 26.00 9412.40 2}{9412.40 0.00 0.00 0.00 18824.80 0}{18824.80 23530.00 23530.50 23531.00 37649.60 2}{37649.60 0.00 0.00 0.00 47062.00 0}{47062.00 93493.00 93493.00 93493.00 139924.00 2}
COMP 4c-2: 48b495_48b719_48b7ed_48b8a6 (2 93606.00 2 93606.00 2 93606.00){0.00 0.00 0.00 0.00 37442.40 0}{37442.40 0.00 0.00 0.00 74884.80 0}{74884.80 93606.00 93606.00 93606.00 112327.20 2}{112327.20 0.00 0.00 0.00 149769.60 0}{149769.60 0.00 0.00 0.00 187212.00 0}
COMM 4b-0: 46a96f_46accf_46ae12_46af04 (2 3.00 1 3.00 1 3.00){0.00 0.00 0.00 0.00 1.20 0}{1.20 0.00 0.00 0.00 2.40 0}{2.40 3.00 3.00 3.00 3.60 2}{3.60 0.00 0.00 0.00 4.80 0}{4.80 0.00 0.00 0.00 6.00 0}
COMM 4b-1: 48253a_4828ba_4829f3_482ae7 (6 2.86 2 2.00 3 4.00){0.00 0.00 0.00 0.00 1.20 0}{1.20 2.00 2.00 2.00 2.40 2}{2.40 3.00 3.00 3.00 3.60 3}{3.60 4.00 4.00 4.00 4.80 1}{4.80 0.00 0.00 0.00 6.00 0}
COMM 4b-2: 48b495_48b719_48b7ed_48b8a6 (2 2.00 2 2.00 2 2.00){0.00 0.00 0.00 0.00 0.80 0}{0.80 0.00 0.00 0.00 1.60 0}{1.60 2.00 2.00 2.00 2.40 2}{2.40 0.00 0.00 0.00 3.20 0}{3.20 0.00 0.00 0.00 4.00 0}
LOOP0: iter: ( 2 )[ 1 -1 1 3 1 ] mem: ( 6 )[ 1 -1 1 1 0 ]( 4 )[ 1 -1 3 1 0 ]( 2 )[ 1 -1 2 1 0 ]
LOOP1: iter: ( 2 )[ 1 -1 3 1 0 ] mem: ( 3 )[ 1 -1 3 1 0 ]
10 2 
12 52020 
14 16 
1b 0 
2b 2147483647 

RANKS: 1 -1 1 3 1
EVENT18: 1148 48b495_48b719_48b7ed_48b8a6
COMP 4b-0: 47a406_47a7db_47a946_47aa67 (10 9.64 1 9.00 2 11.00){0.00 0.00 0.00 0.00 3.60 0}{3.60 0.00 0.00 0.00 7.20 0}{7.20 9.00 9.56 10.00 10.80 9}{10.80 11.00 11.00 11.00 14.40 1}{14.40 0.00 0.00 0.00 18.00 0}
COMP 4c-0: 47a406_47a7db_47a946_47aa67 (10 25.55 1 25.00 1 26.00){0.00 0.00 0.00 0.00 10.00 0}{10.00 0.00 0.00 0.00 20.00 0}{20.00 25.00 25.60 26.00 30.00 10}{30.00 0.00 0.00 0.00 40.00 0}{40.00 0.00 0.00 0.00 50.00 0}
COMM 4b-0: 47a406_47a7db_47a946_47aa67 (10 694.82 2 235.00 3 1899.00){0.00 235.00 242.33 254.00 390.80 3}{390.80 484.00 612.60 761.00 781.60 5}{781.60 977.00 977.00 977.00 1172.40 1}{1172.40 0.00 0.00 0.00 1563.20 0}{1563.20 1899.00 1899.00 1899.00 1954.00 1}
1c 9999 

RANKS: 1 -1 0 4 1
EVENT19: 1113 48253a_4828ba_4829f3_482ae7
COMP 4b-0: 46a96f_46accf_46ae12_46af04 (1 117621.00 0 117621.00 0 117621.00){0.00 0.00 0.00 0.00 47048.40 0}{47048.40 0.00 0.00 0.00 94096.80 0}{94096.80 117621.00 117621.00 117621.00 141145.20 1}{141145.20 0.00 0.00 0.00 188193.60 0}{188193.60 0.00 0.00 0.00 235242.00 0}
COMP 4b-1: 47da79_47de3e_47dfa8_47e0c7 (1 5794.00 0 5794.00 0 5794.00){0.00 0.00 0.00 0.00 2317.60 0}{2317.60 0.00 0.00 0.00 4635.20 0}{4635.20 5794.00 5794.00 5794.00 6952.80 1}{6952.80 0.00 0.00 0.00 9270.40 0}{9270.40 0.00 0.00 0.00 11588.00 0}
COMP 4b-2: 48253a_4828ba_4829f3_482ae7 (2 21331.67 1 21330.00 1 21335.00){0.00 0.00 0.00 0.00 8532.00 0}{8532.00 0.00 0.00 0.00 17064.00 0}{17064.00 21330.00 21332.50 21335.00 25596.00 2}{25596.00 0.00 0.00 0.00 34128.00 0}{34128.00 0.00 0.00 0.00 42660.00 0}
COMP 4b-3: 48b495_48b719_48b7ed_48b8a6 (10 6051.00 3 225.00 0 21448.00){0.00 225.00 278.50 332.00 8579.20 8}{8579.20 0.00 0.00 0.00 17158.40 0}{17158.40 21437.00 21442.50 21448.00 25737.60 2}{25737.60 0.00 0.00 0.00 34316.80 0}{34316.80 0.00 0.00 0.00 42896.00 0}
COMP 4c-0: 46a96f_46accf_46ae12_46af04 (1 555434.00 0 555434.00 0 555434.00){0.00 0.00 0.00 0.00 222173.60 0}{222173.60 0.00 0.00 0.00 444347.20 0}{444347.20 555434.00 555434.00 555434.00 666520.80 1}{666520.80 0.00 0.00 0.00 888694.40 0}{888694.40 0.00 0.00 0.00 1110868.00 0}
COMP 4c-1: 47da79_47de3e_47dfa8_47e0c7 (1 25381.00 0 25381.00 0 25381.00){0.00 0.00 0.00 0.00 10152.40 0}{10152.40 0.00 0.00 0.00 20304.80 0}{20304.80 25381.00 25381.00 25381.00 30457.20 1}{30457.20 0.00 0.00 0.00 40609.60 0}{40609.60 0.00 0.00 0.00 50762.00 0}
COMP 4c-2: 48253a_4828ba_4829f3_482ae7 (2 93676.00 1 93676.00 1 93676.00){0.00 0.00 0.00 0.00 37470.40 0}{37470.40 0.00 0.00 0.00 74940.80 0}{74940.80 93676.00 93676.00 93676.00 112411.20 2}{112411.20 0.00 0.00 0.00 149881.60 0}{149881.60 0.00 0.00 0.00 187352.00 0}
COMP 4c-3: 48b495_48b719_48b7ed_48b8a6 (10 25856.91 1 381.00 0 93789.00){0.00 381.00 382.38 384.00 37515.60 8}{37515.60 0.00 0.00 0.00 75031.20 0}{75031.20 93789.00 93789.00 93789.00 112546.80 2}{112546.80 0.00 0.00 0.00 150062.40 0}{150062.40 0.00 0.00 0.00 187578.00 0}
COMM 4b-0: 46a96f_46accf_46ae12_46af04 (1 241.00 0 241.00 0 241.00){0.00 0.00 0.00 0.00 96.40 0}{96.40 0.00 0.00 0.00 192.80 0}{192.80 241.00 241.00 241.00 289.20 1}{289.20 0.00 0.00 0.00 385.60 0}{385.60 0.00 0.00 0.00 482.00 0}
COMM 4b-1: 47da79_47de3e_47dfa8_47e0c7 (1 240.00 0 240.00 0 240.00){0.00 0.00 0.00 0.00 96.00 0}{96.00 0.00 0.00 0.00 192.00 0}{192.00 240.00 240.00 240.00 288.00 1}{288.00 0.00 0.00 0.00 384.00 0}{384.00 0.00 0.00 0.00 480.00 0}
COMM 4b-2: 48253a_4828ba_4829f3_482ae7 (2 329.67 1 249.00 1 491.00){0.00 0.00 0.00 0.00 99.60 0}{99.60 0.00 0.00 0.00 199.20 0}{199.20 249.00 249.00 249.00 298.80 1}{298.80 0.00 0.00 0.00 398.40 0}{398.40 491.00 491.00 491.00 498.00 1}
COMM 4b-3: 48b495_48b719_48b7ed_48b8a6 (10 260.18 1 231.00 0 500.00){0.00 0.00 0.00 0.00 95.20 0}{95.20 0.00 0.00 0.00 190.40 0}{190.40 231.00 236.00 254.00 380.80 9}{380.80 0.00 0.00 0.00 476.00 0}{476.00 500.00 500.00 500.00 524.00 1}
LOOP0: iter: ( 2 )[ 1 -1 0 2 1 ] mem: ( 4 )[ 1 -1 0 1 0 ]( 1 )[ 1 -1 1 1 0 ]
LOOP1: iter: ( 2 )[ 1 -1 0 1 0 ] mem: ( 3 )[ 1 -1 0 1 0 ]
10 2 
12 52020 
14 16 
1a ( 1 2 )[ 1 -1 0 1 0 ]
1a ( 3 2 )[ 1 -1 1 2 2 ]
1a ( 2 )[ 1 -1 2 1 0 ]
1b 0 

RANKS: 1 -1 0 2 1
EVENT20: 1090 47a406_47a7db_47a946_47aa67
COMP 4b-0: 48253a_4828ba_4829f3_482ae7 (6 10.43 0 10.00 1 12.00){0.00 0.00 0.00 0.00 4.00 0}{4.00 0.00 0.00 0.00 8.00 0}{8.00 10.00 10.50 12.00 12.00 6}{12.00 0.00 0.00 0.00 16.00 0}{16.00 0.00 0.00 0.00 20.00 0}
COMP 4c-0: 48253a_4828ba_4829f3_482ae7 (6 26.14 0 25.00 1 27.00){0.00 0.00 0.00 0.00 10.40 0}{10.40 0.00 0.00 0.00 20.80 0}{20.80 25.00 26.17 27.00 31.20 6}{31.20 0.00 0.00 0.00 41.60 0}{41.60 0.00 0.00 0.00 52.00 0}
COMM 4b-0: 48253a_4828ba_4829f3_482ae7 (6 1.86 1 1.00 0 2.00){0.00 0.00 0.00 0.00 0.80 0}{0.80 1.00 1.00 1.00 1.60 1}{1.60 2.00 2.00 2.00 2.40 5}{2.40 0.00 0.00 0.00 3.20 0}{3.20 0.00 0.00 0.00 4.00 0}
10 2 
12 52020 
14 16 
1b 0 
2b 2147483647 

RANKS: 1 -1 0 2 1
EVENT21: 1148 48b495_48b719_48b7ed_48b8a6
COMP 4b-0: 47a406_47a7db_47a946_47aa67 (6 10.43 0 9.00 0 17.00){0.00 0.00 0.00 0.00 4.00 0}{4.00 0.00 0.00 0.00 8.00 0}{8.00 9.00 9.20 10.00 12.00 5}{12.00 0.00 0.00 0.00 16.00 0}{16.00 17.00 17.00 17.00 20.00 1}
COMP 4c-0: 47a406_47a7db_47a946_47aa67 (6 26.00 0 26.00 0 26.00){0.00 0.00 0.00 0.00 10.40 0}{10.40 0.00 0.00 0.00 20.80 0}{20.80 26.00 26.00 26.00 31.20 6}{31.20 0.00 0.00 0.00 41.60 0}{41.60 0.00 0.00 0.00 52.00 0}
COMM 4b-0: 47a406_47a7db_47a946_47aa67 (6 429.29 1 355.00 0 490.00){0.00 0.00 0.00 0.00 194.80 0}{194.80 355.00 361.00 367.00 389.60 2}{389.60 404.00 449.00 490.00 584.40 4}{584.40 0.00 0.00 0.00 779.20 0}{779.20 0.00 0.00 0.00 974.00 0}
1c 9999 

RANKS: 1 -1 0 4 1
EVENT22: 1004 46a96f_46accf_46ae12_46af04
COMP 4b-0: 48253a_4828ba_4829f3_482ae7 (4 44441.40 3 43705.00 2 45538.00){0.00 0.00 0.00 0.00 17482.00 0}{17482.00 0.00 0.00 0.00 34964.00 0}{34964.00 43705.00 44625.50 45538.00 52446.00 4}{52446.00 0.00 0.00 0.00 69928.00 0}{69928.00 0.00 0.00 0.00 87410.00 0}
COMP 4b-1: 48b495_48b719_48b7ed_48b8a6 (4 44508.80 0 43800.00 0 45529.00){0.00 0.00 0.00 0.00 17520.00 0}{17520.00 0.00 0.00 0.00 35040.00 0}{35040.00 43800.00 44686.00 45529.00 52560.00 4}{52560.00 0.00 0.00 0.00 70080.00 0}{70080.00 0.00 0.00 0.00 87600.00 0}
COMP 4c-0: 48253a_4828ba_4829f3_482ae7 (4 188276.80 2 183955.00 3 194757.00){0.00 0.00 0.00 0.00 73584.00 0}{73584.00 0.00 0.00 0.00 147168.00 0}{147168.00 183955.00 189356.00 194757.00 220752.00 4}{220752.00 0.00 0.00 0.00 294336.00 0}{294336.00 0.00 0.00 0.00 367920.00 0}
COMP 4c-1: 48b495_48b719_48b7ed_48b8a6 (4 188404.80 1 184084.00 0 194884.00){0.00 0.00 0.00 0.00 73635.20 0}{73635.20 0.00 0.00 0.00 147270.40 0}{147270.40 184084.00 189484.00 194884.00 220905.60 4}{220905.60 0.00 0.00 0.00 294540.80 0}{294540.80 0.00 0.00 0.00 368176.00 0}
COMM 4b-0: 48253a_4828ba_4829f3_482ae7 (4 167.40 2 28.00 3 266.00){0.00 28.00 61.50 95.00 106.40 2}{106.40 182.00 182.00 182.00 212.80 1}{212.80 266.00 266.00 266.00 319.20 1}{319.20 0.00 0.00 0.00 425.60 0}{425.60 0.00 0.00 0.00 532.00 0}
COMM 4b-1: 48b495_48b719_48b7ed_48b8a6 (4 91.40 0 24.00 1 286.00){0.00 24.00 24.00 24.00 24.00 1}{24.00 27.00 27.00 27.00 48.00 1}{48.00 60.00 60.00 60.00 96.00 1}{96.00 0.00 0.00 0.00 120.00 0}{120.00 286.00 286.00 286.00 452.00 1}
10 2 
12 1 5 
14 16 
18 1 3 

RANKS: 1 -1 0 4 1
EVENT23: 1010 46d300_46d535_46d5d9_46d655
COMP 4b-0: 46a96f_46accf_46ae12_46af04 (4 14.40 0 14.00 3 15.00){0.00 0.00 0.00 0.00 5.60 0}{5.60 0.00 0.00 0.00 11.20 0}{11.20 14.00 14.50 15.00 16.80 4}{16.80 0.00 0.00 0.00 22.40 0}{22.40 0.00 0.00 0.00 28.00 0}
COMP 4c-0: 46a96f_46accf_46ae12_46af04 (4 34.00 0 33.00 3 36.00){0.00 0.00 0.00 0.00 13.20 0}{13.20 0.00 0.00 0.00 26.40 0}{26.40 33.00 34.25 36.00 39.60 4}{39.60 0.00 0.00 0.00 52.80 0}{52.80 0.00 0.00 0.00 66.00 0}
COMM 4b-0: 46a96f_46accf_46ae12_46af04 (4 24.80 1 5.00 3 37.00){0.00 5.00 5.00 5.00 12.80 1}{12.80 18.00 18.00 18.00 25.60 1}{25.60 32.00 34.50 37.00 38.40 2}{38.40 0.00 0.00 0.00 51.20 0}{51.20 0.00 0.00 0.00 64.00 0}
10 2 

RANKS: 1 -1 2 1 0
EVENT24: 1102 47da79_47de3e_47dfa8_47e0c7
COMP 4b-0: 46d300_46d535_46d5d9_46d655 (1 2072.00 2 2072.00 2 2072.00){0.00 0.00 0.00 0.00 828.80 0}{828.80 0.00 0.00 0.00 1657.60 0}{1657.60 2072.00 2072.00 2072.00 2486.40 1}{2486.40 0.00 0.00 0.00 3315.20 0}{3315.20 0.00 0.00 0.00 4144.00 0}
COMP 4b-1: 48253a_4828ba_4829f3_482ae7 (199 374.30 2 358.00 2 531.00){0.00 0.00 0.00 0.00 153.20 0}{153.20 0.00 0.00 0.00 306.40 0}{306.40 358.00 373.46 396.00 459.60 198}{459.60 531.00 531.00 531.00 612.80 1}{612.80 0.00 0.00 0.00 766.00 0}
COMP 4c-0: 46d300_46d535_46d5d9_46d655 (1 12717.00 2 12717.00 2 12717.00){0.00 0.00 0.00 0.00 5086.80 0}{5086.80 0.00 0.00 0.00 10173.60 0}{10173.60 12717.00 12717.00 12717.00 15260.40 1}{15260.40 0.00 0.00 0.00 20347.20 0}{20347.20 0.00 0.00 0.00 25434.00 0}
COMP 4c-1: 48253a_4828ba_4829f3_482ae7 (199 1875.06 2 1823.00 2 1926.00){0.00 0.00 0.00 0.00 768.40 0}{768.40 0.00 0.00 0.00 1536.80 0}{1536.80 1823.00 1874.82 1926.00 2305.20 199}{2305.20 0.00 0.00 0.00 3073.60 0}{3073.60 0.00 0.00 0.00 3842.00 0}
COMM 4b-0: 46d300_46d535_46d5d9_46d655 (1 790.00 2 790.00 2 790.00){0.00 0.00 0.00 0.00 316.00 0}{316.00 0.00 0.00 0.00 632.00 0}{632.00 790.00 790.00 790.00 948.00 1}{948.00 0.00 0.00 0.00 1264.00 0}{1264.00 0.00 0.00 0.00 1580.00 0}
COMM 4b-1: 48253a_4828ba_4829f3_482ae7 (199 9.15 2 2.00 2 1044.00){0.00 2.00 3.65 5.00 5.60 184}{5.60 6.00 6.62 11.00 11.20 13}{11.20 14.00 14.00 14.00 22.40 1}{22.40 0.00 0.00 0.00 28.00 0}{28.00 1044.00 1044.00 1044.00 2060.00 1}
LOOP0: iter: ( 200 )[ 1 -1 2 1 0 ] mem: ( 2 )[ 1 -1 2 1 0 ]
10 2 
12 250 
14 16 
1b 0 
2b 2 2 2 2 2 2 2 2 2 2 2 2 2 2 2 2 2 2 2 2 2 2 2 2 2 2 2 2 2 2 2 2 2 2 2 2 2 2 2 2 2 2 2 2 2 2 2 2 2 2 2 2 2 2 2 2 2 2 2 2 2 2 2 2 2 2 2 2 2 2 2 2 2 2 2 2 2 2 2 2 2 2 2 2 2 2 2 2 2 2 2 2 2 2 2 2 2 2 2 2 1 1 1 1 1 1 1 1 1 1 1 1 1 1 1 1 1 1 1 1 1 1 1 1 1 1 1 1 1 1 1 1 1 1 1 1 1 1 1 1 1 1 1 1 1 1 1 1 1 1 1 1 1 1 1 1 1 1 1 1 1 1 1 1 1 1 1 1 1 1 1 1 1 1 1 1 1 1 1 1 1 1 1 1 1 1 1 1 1 1 1 1 1 1 1 1 1 1 1 1 

RANKS: 1 -1 0 2 2
EVENT25: 1113 48253a_4828ba_4829f3_482ae7
COMP 4b-0: 46d300_46d535_46d5d9_46d655 (1 2802.00 0 2802.00 0 2802.00){0.00 0.00 0.00 0.00 1120.80 0}{1120.80 0.00 0.00 0.00 2241.60 0}{2241.60 2802.00 2802.00 2802.00 3362.40 1}{3362.40 0.00 0.00 0.00 4483.20 0}{4483.20 0.00 0.00 0.00 5604.00 0}
COMP 4b-1: 47da79_47de3e_47dfa8_47e0c7 (200 485.93 2 468.00 2 510.00){0.00 0.00 0.00 0.00 202.40 0}{202.40 0.00 0.00 0.00 404.80 0}{404.80 468.00 485.82 510.00 607.20 200}{607.20 0.00 0.00 0.00 809.60 0}{809.60 0.00 0.00 0.00 1012.00 0}
COMP 4b-2: 48253a_4828ba_4829f3_482ae7 (49551 440.30 0 8.00 0 1052.00){0.00 0.00 0.00 0.00 3.60 0}{3.60 0.00 0.00 0.00 7.20 0}{7.20 8.00 10.18 14.00 14.40 24833}{14.40 15.00 17.50 18.00 18.00 46}{18.00 19.00 874.03 1052.00 1726.00 24672}
COMP 4b-3: 48b495_48b719_48b7ed_48b8a6 (248 46478.40 0 46407.00 0 46904.00){0.00 0.00 0.00 0.00 18579.20 0}{18579.20 0.00 0.00 0.00 37158.40 0}{37158.40 46407.00 46478.52 46904.00 55737.60 248}{55737.60 0.00 0.00 0.00 74316.80 0}{74316.80 0.00 0.00 0.00 92896.00 0}
COMP 4c-0: 46d300_46d535_46d5d9_46d655 (1 14410.00 0 14410.00 0 14410.00){0.00 0.00 0.00 0.00 5764.00 0}{5764.00 0.00 0.00 0.00 11528.00 0}{11528.00 14410.00 14410.00 14410.00 17292.00 1}{17292.00 0.00 0.00 0.00 23056.00 0}{23056.00 0.00 0.00 0.00 28820.00 0}
COMP 4c-1: 47da79_47de3e_47dfa8_47e0c7 (200 1703.00 2 1690.00 2 1716.00){0.00 0.00 0.00 0.00 686.00 0}{686.00 0.00 0.00 0.00 1372.00 0}{1372.00 1690.00 1702.94 1716.00 2058.00 200}{2058.00 0.00 0.00 0.00 2744.00 0}{2744.00 0.00 0.00 0.00 3430.00 0}
COMP 4c-2: 48253a_4828ba_4829f3_482ae7 (49551 1811.76 0 25.00 0 3613.00){0.00 0.00 0.00 0.00 10.40 0}{10.40 0.00 0.00 0.00 20.80 0}{20.80 25.00 28.98 30.00 41.60 24900}{41.60 0.00 0.00 0.00 52.00 0}{52.00 3611.00 3612.62 3613.00 7172.00 24651}
COMP 4c-3: 48b495_48b719_48b7ed_48b8a6 (248 198484.52 0 198468.00 0 198490.00){0.00 0.00 0.00 0.00 79387.20 0}{79387.20 0.00 0.00 0.00 158774.40 0}{158774.40 198468.00 198484.59 198490.00 238161.60 248}{238161.60 0.00 0.00 0.00 317548.80 0}{317548.80 0.00 0.00 0.00 396936.00 0}
COMM 4b-0: 46d300_46d535_46d5d9_46d655 (1 10.00 0 10.00 0 10.00){0.00 0.00 0.00 0.00 4.00 0}{4.00 0.00 0.00 0.00 8.00 0}{8.00 10.00 10.00 10.00 12.00 1}{12.00 0.00 0.00 0.00 16.00 0}{16.00 0.00 0.00 0.00 20.00 0}
COMM 4b-1: 47da79_47de3e_47dfa8_47e0c7 (200 3.06 2 2.00 2 14.00){0.00 2.00 2.75 3.00 3.20 193}{3.20 4.00 4.00 4.00 6.40 1}{6.40 8.00 8.00 8.00 9.60 1}{9.60 11.00 11.50 12.00 12.80 2}{12.80 13.00 13.67 14.00 16.00 3}
COMM 4b-2: 48253a_4828ba_4829f3_482ae7 (49551 2.74 0 1.00 0 42.00){0.00 1.00 1.00 1.00 1.20 2574}{1.20 1.86 2.00 2.00 2.40 22609}{2.40 2.49 3.00 3.05 3.60 22295}{3.60 4.00 4.00 6.00 6.00 1302}{6.00 7.00 20.64 42.00 42.00 771}
COMM 4b-3: 48b495_48b719_48b7ed_48b8a6 (248 9.84 0 9.00 0 11.00){0.00 0.00 0.00 0.00 4.00 0}{4.00 0.00 0.00 0.00 8.00 0}{8.00 9.00 9.84 11.00 12.00 248}{12.00 0.00 0.00 0.00 16.00 0}{16.00 0.00 0.00 0.00 20.00 0}
LOOP0: iter: ( 249 )[ 1 -1 0 1 0 ] mem: ( 5 )[ 1 -1 0 1 0 ]
LOOP1: iter: ( 200 )[ 1 -1 0 1 0 ] mem: ( 1 )[ 1 -1 0 1 0 ]
10 2 
12 250 
14 16 
1a ( 1 2 )[ 1 -1 0 1 0 ]
1a ( 1 1 1 1 1 1 1 1 1 1 1 1 1 1 1 1 1 1 1 1 1 1 1 1 1 1 1 1 1 1 1 1 1 1 1 1 1 1 1 1 1 1 1 1 1 1 1 1 1 1 1 1 1 1 1 1 1 1 1 1 1 1 1 1 1 1 1 1 1 1 1 1 1 1 1 1 1 1 1 1 1 1 1 1 1 1 1 1 1 1 1 1 1 1 1 1 1 1 1 1 2 2 2 2 2 2 2 2 2 2 2 2 2 2 2 2 2 2 2 2 2 2 2 2 2 2 2 2 2 2 2 2 2 2 2 2 2 2 2 2 2 2 2 2 2 2 2 2 2 2 2 2 2 2 2 2 2 2 2 2 2 2 2 2 2 2 2 2 2 2 2 2 2 2 2 2 2 2 2 2 2 2 2 2 2 2 2 2 2 2 2 2 2 2 2 2 2 2 2 2 )[ 1 -1 2 1 0 ]
1b 0 

RANKS: 2 -1 0 2 1 -1 3 1 0
EVENT26: 1102 47da79_47de3e_47dfa8_47e0c7
COMP 4b-0: 46d300_46d535_46d5d9_46d655 (2 2125.00 3 2063.00 1 2156.00){0.00 0.00 0.00 0.00 862.40 0}{862.40 0.00 0.00 0.00 1724.80 0}{1724.80 2063.00 2109.50 2156.00 2587.20 2}{2587.20 0.00 0.00 0.00 3449.60 0}{3449.60 0.00 0.00 0.00 4312.00 0}
COMP 4b-1: 47da79_47de3e_47dfa8_47e0c7 (99102 426.44 0 9.00 3 1137.00){0.00 0.00 0.00 0.00 4.00 0}{4.00 0.00 0.00 0.00 8.00 0}{8.00 9.00 11.23 16.00 16.00 49661}{16.00 17.00 19.11 20.00 20.00 128}{20.00 22.00 845.66 1137.00 1612.00 49313}
COMP 4b-2: 48253a_4828ba_4829f3_482ae7 (50048 599.57 1 357.00 3 46251.00){0.00 0.00 0.00 0.00 288.00 0}{288.00 357.00 373.74 394.00 432.00 49680}{432.00 459.00 506.97 507.77 576.00 119}{576.00 578.00 578.00 578.00 720.00 1}{720.00 45825.00 45883.83 46251.00 91782.00 248}
COMP 4b-3: 48b495_48b719_48b7ed_48b8a6 (248 45943.72 1 45851.00 1 47146.00){0.00 0.00 0.00 0.00 18858.40 0}{18858.40 0.00 0.00 0.00 37716.80 0}{37716.80 45851.00 45938.87 47146.00 56575.20 248}{56575.20 0.00 0.00 0.00 75433.60 0}{75433.60 0.00 0.00 0.00 94292.00 0}
COMP 4c-0: 46d300_46d535_46d5d9_46d655 (2 12717.00 1 12717.00 1 12717.00){0.00 0.00 0.00 0.00 5086.80 0}{5086.80 0.00 0.00 0.00 10173.60 0}{10173.60 12717.00 12717.00 12717.00 15260.40 2}{15260.40 0.00 0.00 0.00 20347.20 0}{20347.20 0.00 0.00 0.00 25434.00 0}
COMP 4c-1: 47da79_47de3e_47dfa8_47e0c7 (99102 1780.87 0 26.00 3 3613.00){0.00 0.00 0.00 0.00 10.40 0}{10.40 0.00 0.00 0.00 20.80 0}{20.80 26.00 29.50 30.00 41.60 49800}{41.60 0.00 0.00 0.00 52.00 0}{52.00 3485.00 3549.96 3613.00 6920.00 49302}
COMP 4c-2: 48253a_4828ba_4829f3_482ae7 (50048 2840.11 0 1823.00 3 196670.00){0.00 0.00 0.00 0.00 729.20 0}{729.20 0.00 0.00 0.00 1458.40 0}{1458.40 1823.00 1874.88 1926.00 2916.80 49800}{2916.80 0.00 0.00 0.00 3646.00 0}{3646.00 196652.00 196668.56 196670.00 389694.00 248}
COMP 4c-3: 48b495_48b719_48b7ed_48b8a6 (248 196791.19 1 196775.00 1 196793.00){0.00 0.00 0.00 0.00 78710.00 0}{78710.00 0.00 0.00 0.00 157420.00 0}{157420.00 196775.00 196791.26 196793.00 236130.00 248}{236130.00 0.00 0.00 0.00 314840.00 0}{314840.00 0.00 0.00 0.00 393550.00 0}
COMM 4b-0: 46d300_46d535_46d5d9_46d655 (2 892.33 1 663.00 3 1351.00){0.00 0.00 0.00 0.00 265.20 0}{265.20 0.00 0.00 0.00 530.40 0}{530.40 663.00 663.00 663.00 1060.80 1}{1060.80 0.00 0.00 0.00 1326.00 0}{1326.00 1351.00 1351.00 1351.00 1376.00 1}
COMM 4b-1: 47da79_47de3e_47dfa8_47e0c7 (99102 8.42 0 1.00 3 1155.00){0.00 1.00 1.43 1.44 1.60 25591}{1.60 1.81 3.04 4.00 4.00 24147}{4.00 4.03 12.76 40.00 40.00 48460}{40.00 40.50 115.12 259.00 264.00 898}{264.00 270.00 471.67 1155.00 2046.00 6}
COMM 4b-2: 48253a_4828ba_4829f3_482ae7 (50048 35.16 1 1.00 0 7099.00){0.00 1.00 18.84 1088.93 2069.60 49786}{2069.60 2333.00 3071.91 4044.00 4139.20 255}{4139.20 4224.00 4427.75 4929.00 5174.00 4}{5174.00 5233.00 5233.00 5233.00 5292.00 1}{5292.00 6093.00 6596.00 7099.00 8906.00 2}
COMM 4b-3: 48b495_48b719_48b7ed_48b8a6 (248 751.18 1 15.00 1 1778.00){0.00 0.00 0.00 0.00 6.40 0}{6.40 0.00 0.00 0.00 12.80 0}{12.80 15.00 15.75 16.00 32.00 12}{32.00 499.00 787.49 1416.00 1456.00 235}{1456.00 1778.00 1778.00 1778.00 2100.00 1}
LOOP0: iter: ( 200 )[ 1 -1 0 1 0 ]( 249 )[ 1 -1 1 2 2 ] mem: ( 1 )[ 1 -1 0 1 0 ]( 7 )[ 1 -1 1 1 0 ]( 5 )[ 1 -1 3 1 0 ]
LOOP1: iter: ( 200 )[ 1 -1 1 2 2 ] mem: ( 2 )[ 1 -1 1 1 0 ]( 1 )[ 1 -1 3 1 0 ]
10 2 
12 250 
14 16 
1b 0 
2b ( 1 2 )[ 1 -1 0 1 0 ]
2b ( 3 3 3 3 3 3 3 3 3 3 3 3 3 3 3 3 3 3 3 3 3 3 3 3 3 3 3 3 3 3 3 3 3 3 3 3 3 3 3 3 3 3 3 3 3 3 3 3 3 3 3 3 3 3 3 3 3 3 3 3 3 3 3 3 3 3 3 3 3 3 3 3 3 3 3 3 3 3 3 3 3 3 3 3 3 3 3 3 3 3 3 3 3 3 3 3 3 3 3 3 2 2 2 2 2 2 2 2 2 2 2 2 2 2 2 2 2 2 2 2 2 2 2 2 2 2 2 2 2 2 2 2 2 2 2 2 2 2 2 2 2 2 2 2 2 2 2 2 2 2 2 2 2 2 2 2 2 2 2 2 2 2 2 2 2 2 2 2 2 2 2 2 2 2 2 2 2 2 2 2 2 2 2 2 2 2 2 2 2 2 2 2 2 2 2 2 2 2 2 2 )[ 1 -1 1 1 0 ]
2b ( 3 2 )[ 1 -1 3 1 0 ]

RANKS: 1 -1 0 4 1
EVENT27: 1113 48253a_4828ba_4829f3_482ae7
COMP 4b-0: 47da79_47de3e_47dfa8_47e0c7 (50298 517.24 1 467.00 0 5986.00){0.00 467.00 490.89 1381.00 2316.80 50049}{2316.80 0.00 0.00 0.00 4633.60 0}{4633.60 5768.00 5793.16 5986.00 6950.40 249}{6950.40 0.00 0.00 0.00 9267.20 0}{9267.20 0.00 0.00 0.00 11584.00 0}
COMP 4b-1: 48253a_4828ba_4829f3_482ae7 (49552 411.79 3 8.00 2 5289.00){0.00 0.00 0.00 0.00 6.40 0}{6.40 8.00 10.19 12.00 12.80 24829}{12.80 13.00 14.47 16.00 16.00 15}{16.00 17.00 815.44 990.00 1608.00 24707}{1608.00 5289.00 5289.00 5289.00 8970.00 1}
COMP 4b-2: 48b495_48b719_48b7ed_48b8a6 (249 21453.06 0 21418.00 0 21963.00){0.00 0.00 0.00 0.00 8593.60 0}{8593.60 0.00 0.00 0.00 17187.20 0}{17187.20 21418.00 21452.94 21963.00 25780.80 249}{25780.80 0.00 0.00 0.00 34374.40 0}{34374.40 0.00 0.00 0.00 42968.00 0}
COMP 4c-0: 47da79_47de3e_47dfa8_47e0c7 (50298 1837.43 1 1690.00 0 25382.00){0.00 1690.00 1719.82 5176.00 10152.80 50049}{10152.80 0.00 0.00 0.00 20305.60 0}{20305.60 25381.00 25381.94 25382.00 30458.40 249}{30458.40 0.00 0.00 0.00 40611.20 0}{40611.20 0.00 0.00 0.00 50764.00 0}
COMP 4c-1: 48253a_4828ba_4829f3_482ae7 (49552 1749.78 3 26.00 2 23720.00){0.00 0.00 0.00 0.00 10.80 0}{10.80 0.00 0.00 0.00 21.60 0}{21.60 26.00 29.15 30.00 54.00 24900}{54.00 3485.00 3486.97 3488.00 6918.00 24651}{6918.00 23720.00 23720.00 23720.00 40522.00 1}
COMP 4c-2: 48b495_48b719_48b7ed_48b8a6 (249 93789.04 0 93789.00 0 93790.00){0.00 0.00 0.00 0.00 37515.60 0}{37515.60 0.00 0.00 0.00 75031.20 0}{75031.20 93789.00 93789.04 93790.00 112546.80 249}{112546.80 0.00 0.00 0.00 150062.40 0}{150062.40 0.00 0.00 0.00 187578.00 0}
COMM 4b-0: 47da79_47de3e_47dfa8_47e0c7 (50298 4.37 1 2.00 0 258.00){0.00 2.00 3.19 22.00 96.00 50048}{96.00 106.00 106.00 106.00 192.00 1}{192.00 239.00 240.71 258.00 288.00 249}{288.00 0.00 0.00 0.00 384.00 0}{384.00 0.00 0.00 0.00 480.00 0}
COMM 4b-1: 48253a_4828ba_4829f3_482ae7 (49552 2.63 3 1.00 2 243.00){0.00 1.00 1.88 2.00 2.40 28472}{2.40 3.00 3.01 4.00 4.00 20294}{4.00 5.00 19.38 28.00 36.00 784}{36.00 64.00 64.00 64.00 92.00 1}{92.00 243.00 243.00 243.00 394.00 1}
COMM 4b-2: 48b495_48b719_48b7ed_48b8a6 (249 241.02 0 238.00 0 383.00){0.00 0.00 0.00 0.00 96.40 0}{96.40 0.00 0.00 0.00 192.80 0}{192.80 238.00 240.24 252.00 289.20 247}{289.20 293.00 338.00 383.00 385.60 2}{385.60 0.00 0.00 0.00 482.00 0}
LOOP0: iter: ( 2 )[ 1 -1 0 1 0 ]( 200 )[ 1 -1 3 1 0 ] mem: ( 3 )[ 1 -1 0 1 0 ]( 1 )[ 1 -1 3 1 0 ]
10 2 
12 ( 52020 )[ 1 -1 0 2 2 ]
12 ( 250 )[ 1 -1 1 2 2 ]
14 16 
1a ( 1 2 )[ 1 -1 0 1 0 ]
1a ( 2 2 2 2 2 2 2 2 2 2 2 2 2 2 2 2 2 2 2 2 2 2 2 2 2 2 2 2 2 2 2 2 2 2 2 2 2 2 2 2 2 2 2 2 2 2 2 2 2 2 2 2 2 2 2 2 2 2 2 2 2 2 2 2 2 2 2 2 2 2 2 2 2 2 2 2 2 2 2 2 2 2 2 2 2 2 2 2 2 2 2 2 2 2 2 2 2 2 2 2 3 3 3 3 3 3 3 3 3 3 3 3 3 3 3 3 3 3 3 3 3 3 3 3 3 3 3 3 3 3 3 3 3 3 3 3 3 3 3 3 3 3 3 3 3 3 3 3 3 3 3 3 3 3 3 3 3 3 3 3 3 3 3 3 3 3 3 3 3 3 3 3 3 3 3 3 3 3 3 3 3 3 3 3 3 3 3 3 3 3 3 3 3 3 3 3 3 3 3 3 )[ 1 -1 1 1 0 ]
1a ( 3 2 )[ 1 -1 3 1 0 ]
1a ( 1 )[ 1 -1 2 1 0 ]
1b 0 

RANKS: 1 -1 0 4 1
EVENT28: 1090 47a406_47a7db_47a946_47aa67
COMP 4b-0: 48253a_4828ba_4829f3_482ae7 (1493 5246.37 0 9.00 3 21553.00){0.00 0.00 0.00 0.00 8.80 0}{8.80 9.00 12.58 22.00 22.00 744}{22.00 29.00 29.00 29.00 36.00 1}{36.00 37.00 5101.86 5237.00 10054.00 499}{10054.00 21192.00 21216.29 21553.00 33052.00 249}
COMP 4b-1: 48b495_48b719_48b7ed_48b8a6 (248 21357.05 2 21308.00 2 21916.00){0.00 0.00 0.00 0.00 8728.40 0}{8728.40 0.00 0.00 0.00 17456.80 0}{17456.80 21308.00 21355.18 21916.00 26185.20 248}{26185.20 0.00 0.00 0.00 34913.60 0}{34913.60 0.00 0.00 0.00 43642.00 0}
COMP 4c-0: 48253a_4828ba_4829f3_482ae7 (1493 23440.54 0 25.00 3 93493.00){0.00 0.00 0.00 0.00 10.40 0}{10.40 0.00 0.00 0.00 20.80 0}{20.80 25.00 29.87 43.00 52.00 746}{52.00 23529.00 23530.82 23532.00 47006.00 498}{47006.00 93492.00 93492.05 93493.00 139980.00 249}
COMP 4c-1: 48b495_48b719_48b7ed_48b8a6 (248 93606.00 2 93606.00 2 93606.00){0.00 0.00 0.00 0.00 37442.40 0}{37442.40 0.00 0.00 0.00 74884.80 0}{74884.80 93606.00 93606.00 93606.00 112327.20 248}{112327.20 0.00 0.00 0.00 149769.60 0}{149769.60 0.00 0.00 0.00 187212.00 0}
COMM 4b-0: 48253a_4828ba_4829f3_482ae7 (1493 2.34 0 1.00 3 23.00){0.00 1.00 1.00 1.00 1.60 79}{1.60 2.00 2.00 2.00 2.40 853}{2.40 3.00 3.00 3.00 3.20 555}{3.20 4.00 4.00 4.00 4.00 5}{4.00 23.00 23.00 23.00 42.00 1}
COMM 4b-1: 48b495_48b719_48b7ed_48b8a6 (248 2.74 2 2.00 2 4.00){0.00 0.00 0.00 0.00 1.20 0}{1.20 2.00 2.00 2.00 2.40 71}{2.40 3.00 3.00 3.00 3.60 171}{3.60 4.00 4.00 4.00 4.80 6}{4.80 0.00 0.00 0.00 6.00 0}
LOOP0: iter: ( 2 )[ 1 -1 3 1 0 ]( 248 )[ 1 -1 2 1 0 ] mem: ( 3 )[ 1 -1 3 1 0 ]( 5 )[ 1 -1 2 1 0 ]
LOOP1: iter: ( 2 )[ 1 -1 2 1 0 ] mem: ( 2 )[ 1 -1 2 1 0 ]
10 2 
12 52020 
14 16 
1b 0 
2b 2147483647 

RANKS: 1 -1 0 4 1
EVENT29: 1148 48b495_48b719_48b7ed_48b8a6
COMP 4b-0: 47a406_47a7db_47a946_47aa67 (1741 9.58 0 8.00 0 28.00){0.00 0.00 0.00 0.00 3.60 0}{3.60 0.00 0.00 0.00 7.20 0}{7.20 8.00 9.49 12.00 14.40 1732}{14.40 0.00 0.00 0.00 18.00 0}{18.00 21.00 25.33 28.00 38.00 9}
COMP 4c-0: 47a406_47a7db_47a946_47aa67 (1741 25.62 0 25.00 0 26.00){0.00 0.00 0.00 0.00 10.40 0}{10.40 0.00 0.00 0.00 20.80 0}{20.80 25.00 25.62 26.00 31.20 1741}{31.20 0.00 0.00 0.00 41.60 0}{41.60 0.00 0.00 0.00 52.00 0}
COMM 4b-0: 47a406_47a7db_47a946_47aa67 (1741 926.21 2 235.00 3 4737.00){0.00 235.00 285.87 286.07 385.60 255}{385.60 403.00 640.77 1251.00 1302.00 992}{1302.00 1447.40 1782.07 2427.00 2462.00 482}{2462.00 3147.00 3601.00 3716.14 3832.00 9}{3832.00 3934.00 4358.33 4737.00 4976.00 3}
1c 9999 

RANKS: 1 -1 2 1 0
EVENT30: 1113 48253a_4828ba_4829f3_482ae7
COMP 4b-0: 47da79_47de3e_47dfa8_47e0c7 (49352 489.76 2 470.00 2 773.00){0.00 0.00 0.00 0.00 201.60 0}{201.60 0.00 0.00 0.00 403.20 0}{403.20 470.00 489.24 604.00 604.80 49174}{604.80 605.00 634.03 773.00 806.40 178}{806.40 0.00 0.00 0.00 1008.00 0}
COMP 4b-1: 48b495_48b719_48b7ed_48b8a6 (248 230.64 2 227.00 2 371.00){0.00 0.00 0.00 0.00 92.00 0}{92.00 0.00 0.00 0.00 184.00 0}{184.00 227.00 230.07 260.00 276.00 247}{276.00 0.00 0.00 0.00 368.00 0}{368.00 371.00 371.00 371.00 460.00 1}
COMP 4c-0: 47da79_47de3e_47dfa8_47e0c7 (49352 1707.22 2 1691.00 2 1721.00){0.00 0.00 0.00 0.00 686.40 0}{686.40 0.00 0.00 0.00 1372.80 0}{1372.80 1691.00 1707.22 1721.00 2059.20 49352}{2059.20 0.00 0.00 0.00 2745.60 0}{2745.60 0.00 0.00 0.00 3432.00 0}
COMP 4c-1: 48b495_48b719_48b7ed_48b8a6 (248 384.90 2 384.00 2 386.00){0.00 0.00 0.00 0.00 153.60 0}{153.60 0.00 0.00 0.00 307.20 0}{307.20 384.00 384.90 386.00 460.80 248}{460.80 0.00 0.00 0.00 614.40 0}{614.40 0.00 0.00 0.00 768.00 0}
COMM 4b-0: 47da79_47de3e_47dfa8_47e0c7 (49352 3.21 2 2.00 2 26.00){0.00 2.00 2.89 7.00 7.20 47738}{7.20 8.00 8.55 10.00 10.80 152}{10.80 11.00 12.75 14.33 14.40 1173}{14.40 14.50 15.11 18.00 18.00 279}{18.00 19.00 21.90 26.00 32.00 10}
COMM 4b-1: 48b495_48b719_48b7ed_48b8a6 (248 231.74 2 231.00 2 242.00){0.00 0.00 0.00 0.00 92.80 0}{92.80 0.00 0.00 0.00 185.60 0}{185.60 231.00 231.74 242.00 278.40 248}{278.40 0.00 0.00 0.00 371.20 0}{371.20 0.00 0.00 0.00 464.00 0}
LOOP0: iter: ( 200 )[ 1 -1 2 1 0 ] mem: ( 2 )[ 1 -1 2 1 0 ]
10 2 
12 52020 250 250 250 250 250 250 250 250 250 250 250 250 250 250 250 250 250 250 250 250 250 250 250 250 250 250 250 250 250 250 250 250 250 250 250 250 250 250 250 250 250 250 250 250 250 250 250 250 250 250 250 250 250 250 250 250 250 250 250 250 250 250 250 250 250 250 250 250 250 250 250 250 250 250 250 250 250 250 250 250 250 250 250 250 250 250 250 250 250 250 250 250 250 250 250 250 250 250 250 250 250 250 250 250 250 250 250 250 250 250 250 250 250 250 250 250 250 250 250 250 250 250 250 250 250 250 250 250 250 250 250 250 250 250 250 250 250 250 250 250 250 250 250 250 250 250 250 250 250 250 250 250 250 250 250 250 250 250 250 250 250 250 250 250 250 250 250 250 250 250 250 250 250 250 250 250 250 250 250 250 250 250 250 250 250 250 250 250 250 250 250 250 250 250 250 250 250 250 250 
14 16 
1a 2 1 1 1 1 1 1 1 1 1 1 1 1 1 1 1 1 1 1 1 1 1 1 1 1 1 1 1 1 1 1 1 1 1 1 1 1 1 1 1 1 1 1 1 1 1 1 1 1 1 1 1 1 1 1 1 1 1 1 1 1 1 1 1 1 1 1 1 1 1 1 1 1 1 1 1 1 1 1 1 1 1 1 1 1 1 1 1 1 1 1 1 1 1 1 1 1 1 1 1 1 2 2 2 2 2 2 2 2 2 2 2 2 2 2 2 2 2 2 2 2 2 2 2 2 2 2 2 2 2 2 2 2 2 2 2 2 2 2 2 2 2 2 2 2 2 2 2 2 2 2 2 2 2 2 2 2 2 2 2 2 2 2 2 2 2 2 2 2 2 2 2 2 2 2 2 2 2 2 2 2 2 2 2 2 2 2 2 2 2 2 2 2 2 2 2 2 2 2 2 
1b 0 

RANKS: 1 -1 2 1 0
EVENT31: 1102 47da79_47de3e_47dfa8_47e0c7
COMP 4b-0: 48253a_4828ba_4829f3_482ae7 (49600 599.96 2 354.00 2 46911.00){0.00 354.00 371.18 662.00 18606.40 49352}{18606.40 0.00 0.00 0.00 37212.80 0}{37212.80 45863.00 45942.42 46911.00 55819.20 248}{55819.20 0.00 0.00 0.00 74425.60 0}{74425.60 0.00 0.00 0.00 93032.00 0}
COMP 4c-0: 48253a_4828ba_4829f3_482ae7 (49600 2848.26 2 1820.00 2 196648.00){0.00 1820.00 1870.47 1922.00 78658.80 49352}{78658.80 0.00 0.00 0.00 157317.60 0}{157317.60 196647.00 196647.05 196648.00 235976.40 248}{235976.40 0.00 0.00 0.00 314635.20 0}{314635.20 0.00 0.00 0.00 393294.00 0}
COMM 4b-0: 48253a_4828ba_4829f3_482ae7 (49600 13.28 2 1.00 2 3198.00){0.00 1.00 3.83 6.00 6.40 48649}{6.40 6.60 8.20 12.00 12.80 344}{12.80 13.00 14.76 25.00 25.60 46}{25.60 26.00 29.31 32.00 32.00 55}{32.00 33.00 923.54 3198.00 4640.00 506}
10 2 
12 250 
14 16 
1b 0 
2b 2 2 2 2 2 2 2 2 2 2 2 2 2 2 2 2 2 2 2 2 2 2 2 2 2 2 2 2 2 2 2 2 2 2 2 2 2 2 2 2 2 2 2 2 2 2 2 2 2 2 2 2 2 2 2 2 2 2 2 2 2 2 2 2 2 2 2 2 2 2 2 2 2 2 2 2 2 2 2 2 2 2 2 2 2 2 2 2 2 2 2 2 2 2 2 2 2 2 2 2 1 1 1 1 1 1 1 1 1 1 1 1 1 1 1 1 1 1 1 1 1 1 1 1 1 1 1 1 1 1 1 1 1 1 1 1 1 1 1 1 1 1 1 1 1 1 1 1 1 1 1 1 1 1 1 1 1 1 1 1 1 1 1 1 1 1 1 1 1 1 1 1 1 1 1 1 1 1 1 1 1 1 1 1 1 1 1 1 1 1 1 1 1 1 1 1 1 1 1 1 

RANKS: 1 -1 0 4 1
EVENT32: 1113 48253a_4828ba_4829f3_482ae7
COMP 4b-0: 47da79_47de3e_47dfa8_47e0c7 (248 474.61 2 471.00 2 616.00){0.00 0.00 0.00 0.00 189.20 0}{189.20 0.00 0.00 0.00 378.40 0}{378.40 471.00 474.05 489.00 567.60 247}{567.60 616.00 616.00 616.00 756.80 1}{756.80 0.00 0.00 0.00 946.00 0}
COMP 4b-1: 48253a_4828ba_4829f3_482ae7 (696 9631.36 0 10.00 1 22074.00){0.00 0.00 0.00 0.00 4.00 0}{4.00 0.00 0.00 0.00 8.00 0}{8.00 10.00 10.32 11.00 20.00 100}{20.00 871.00 874.39 893.00 1766.00 99}{1766.00 5269.00 13330.89 22074.00 40810.00 497}
COMP 4b-2: 48b495_48b719_48b7ed_48b8a6 (748 419.92 3 223.00 0 46663.00){0.00 223.00 296.11 357.00 18665.20 747}{18665.20 0.00 0.00 0.00 37330.40 0}{37330.40 46663.00 46663.00 46663.00 55995.60 1}{55995.60 0.00 0.00 0.00 74660.80 0}{74660.80 0.00 0.00 0.00 93326.00 0}
COMP 4c-0: 47da79_47de3e_47dfa8_47e0c7 (248 1694.52 2 1691.00 2 1695.00){0.00 0.00 0.00 0.00 677.60 0}{677.60 0.00 0.00 0.00 1355.20 0}{1355.20 1691.00 1694.52 1695.00 2032.80 248}{2032.80 0.00 0.00 0.00 2710.40 0}{2710.40 0.00 0.00 0.00 3388.00 0}
COMP 4c-1: 48253a_4828ba_4829f3_482ae7 (696 42420.51 0 25.00 1 93676.00){0.00 0.00 0.00 0.00 10.00 0}{10.00 0.00 0.00 0.00 20.00 0}{20.00 25.00 28.96 29.00 50.00 100}{50.00 3611.00 3612.49 3613.00 7172.00 99}{7172.00 23715.00 58765.67 93676.00 180178.00 497}
COMP 4c-2: 48b495_48b719_48b7ed_48b8a6 (748 910.52 1 381.00 0 198490.00){0.00 381.00 381.52 382.00 79396.00 747}{79396.00 0.00 0.00 0.00 158792.00 0}{158792.00 198490.00 198490.00 198490.00 238188.00 1}{238188.00 0.00 0.00 0.00 317584.00 0}{317584.00 0.00 0.00 0.00 396980.00 0}
COMM 4b-0: 47da79_47de3e_47dfa8_47e0c7 (248 2.96 2 2.00 2 11.00){0.00 0.00 0.00 0.00 1.20 0}{1.20 2.00 2.00 2.00 2.40 45}{2.40 3.00 3.00 3.00 3.60 196}{3.60 4.00 4.67 6.00 6.00 3}{6.00 10.00 10.75 11.00 16.00 4}
COMM 4b-1: 48253a_4828ba_4829f3_482ae7 (696 174.67 0 1.00 2 260.00){0.00 1.00 1.96 2.00 2.40 95}{2.40 3.00 3.00 3.00 3.60 95}{3.60 4.00 4.00 4.00 6.00 6}{6.00 15.00 20.67 24.00 42.00 3}{42.00 241.00 243.83 260.00 440.00 497}
COMM 4b-2: 48b495_48b719_48b7ed_48b8a6 (748 233.01 0 11.00 1 253.00){0.00 0.00 0.00 0.00 4.40 0}{4.40 0.00 0.00 0.00 8.80 0}{8.80 11.00 11.00 11.00 17.60 1}{17.60 0.00 0.00 0.00 22.00 0}{22.00 230.00 233.60 253.00 438.00 747}
LOOP0: iter: ( 200 )[ 1 -1 0 1 0 ]( 2 )[ 1 -1 1 2 1 ] mem: ( 1 )[ 1 -1 0 3 1 ]
10 2 
12 ( 250 )[ 1 -1 0 1 0 ]
12 ( 52020 )[ 1 -1 1 2 2 ]
12 ( 250 52020 )[ 1 -1 2 1 0 ]
14 16 
1a ( 1 2 )[ 1 -1 0 1 0 ]
1a ( 3 2 )[ 1 -1 1 2 2 ]
1a ( 2 1 )[ 1 -1 2 1 0 ]
1b 0 

RANKS: 1 -1 1 2 1
EVENT33: 1090 47a406_47a7db_47a946_47aa67
COMP 4b-0: 48253a_4828ba_4829f3_482ae7 (250 11.43 1 11.00 1 24.00){0.00 0.00 0.00 0.00 4.40 0}{4.40 0.00 0.00 0.00 8.80 0}{8.80 11.00 11.38 17.00 17.60 249}{17.60 0.00 0.00 0.00 22.00 0}{22.00 24.00 24.00 24.00 26.00 1}
COMP 4b-1: 48b495_48b719_48b7ed_48b8a6 (1 21476.00 2 21476.00 2 21476.00){0.00 0.00 0.00 0.00 8590.40 0}{8590.40 0.00 0.00 0.00 17180.80 0}{17180.80 21476.00 21476.00 21476.00 25771.20 1}{25771.20 0.00 0.00 0.00 34361.60 0}{34361.60 0.00 0.00 0.00 42952.00 0}
COMP 4c-0: 48253a_4828ba_4829f3_482ae7 (250 27.09 1 27.00 2 37.00){0.00 0.00 0.00 0.00 10.80 0}{10.80 0.00 0.00 0.00 21.60 0}{21.60 27.00 27.05 28.00 32.40 249}{32.40 37.00 37.00 37.00 43.20 1}{43.20 0.00 0.00 0.00 54.00 0}
COMP 4c-1: 48b495_48b719_48b7ed_48b8a6 (1 93606.00 2 93606.00 2 93606.00){0.00 0.00 0.00 0.00 37442.40 0}{37442.40 0.00 0.00 0.00 74884.80 0}{74884.80 93606.00 93606.00 93606.00 112327.20 1}{112327.20 0.00 0.00 0.00 149769.60 0}{149769.60 0.00 0.00 0.00 187212.00 0}
COMM 4b-0: 48253a_4828ba_4829f3_482ae7 (250 1.88 1 1.00 1 3.00){0.00 0.00 0.00 0.00 0.80 0}{0.80 1.00 1.00 1.00 1.60 31}{1.60 2.00 2.00 2.00 2.40 218}{2.40 3.00 3.00 3.00 3.20 1}{3.20 0.00 0.00 0.00 4.00 0}
COMM 4b-1: 48b495_48b719_48b7ed_48b8a6 (1 3.00 2 3.00 2 3.00){0.00 0.00 0.00 0.00 1.20 0}{1.20 0.00 0.00 0.00 2.40 0}{2.40 3.00 3.00 3.00 3.60 1}{3.60 0.00 0.00 0.00 4.80 0}{4.80 0.00 0.00 0.00 6.00 0}
LOOP0: iter: ( 2 )[ 1 -1 2 1 0 ] mem: ( 2 )[ 1 -1 2 1 0 ]
10 2 
12 52020 
14 16 
1b 0 
2b 2147483647 

RANKS: 1 -1 1 2 1
EVENT34: 1148 48b495_48b719_48b7ed_48b8a6
COMP 4b-0: 47a406_47a7db_47a946_47aa67 (251 9.44 1 9.00 1 25.00){0.00 0.00 0.00 0.00 4.00 0}{4.00 0.00 0.00 0.00 8.00 0}{8.00 9.00 9.28 12.00 16.00 248}{16.00 0.00 0.00 0.00 20.00 0}{20.00 21.00 22.67 25.00 30.00 3}
COMP 4c-0: 47a406_47a7db_47a946_47aa67 (251 25.62 1 25.00 1 27.00){0.00 0.00 0.00 0.00 10.40 0}{10.40 0.00 0.00 0.00 20.80 0}{20.80 25.00 25.62 27.00 31.20 251}{31.20 0.00 0.00 0.00 41.60 0}{41.60 0.00 0.00 0.00 52.00 0}
COMM 4b-0: 47a406_47a7db_47a946_47aa67 (251 359.03 2 277.00 2 650.00){0.00 0.00 0.00 0.00 143.20 0}{143.20 277.00 277.00 277.00 286.40 1}{286.40 337.00 358.19 384.00 429.60 249}{429.60 0.00 0.00 0.00 572.80 0}{572.80 650.00 650.00 650.00 716.00 1}
1c 9999 

RANKS: 1 -1 2 1 0
EVENT35: 1113 48253a_4828ba_4829f3_482ae7
COMP 4b-0: 47da79_47de3e_47dfa8_47e0c7 (199 489.21 2 470.00 2 512.00){0.00 0.00 0.00 0.00 201.60 0}{201.60 0.00 0.00 0.00 403.20 0}{403.20 470.00 489.14 512.00 604.80 199}{604.80 0.00 0.00 0.00 806.40 0}{806.40 0.00 0.00 0.00 1008.00 0}
COMP 4b-1: 48b495_48b719_48b7ed_48b8a6 (1 228.00 2 228.00 2 228.00){0.00 0.00 0.00 0.00 91.20 0}{91.20 0.00 0.00 0.00 182.40 0}{182.40 228.00 228.00 228.00 273.60 1}{273.60 0.00 0.00 0.00 364.80 0}{364.80 0.00 0.00 0.00 456.00 0}
COMP 4c-0: 47da79_47de3e_47dfa8_47e0c7 (199 1707.56 2 1694.00 2 1720.00){0.00 0.00 0.00 0.00 686.40 0}{686.40 0.00 0.00 0.00 1372.80 0}{1372.80 1694.00 1707.51 1720.00 2059.20 199}{2059.20 0.00 0.00 0.00 2745.60 0}{2745.60 0.00 0.00 0.00 3432.00 0}
COMP 4c-1: 48b495_48b719_48b7ed_48b8a6 (1 385.00 2 385.00 2 385.00){0.00 0.00 0.00 0.00 154.00 0}{154.00 0.00 0.00 0.00 308.00 0}{308.00 385.00 385.00 385.00 462.00 1}{462.00 0.00 0.00 0.00 616.00 0}{616.00 0.00 0.00 0.00 770.00 0}
COMM 4b-0: 47da79_47de3e_47dfa8_47e0c7 (199 3.23 2 2.00 2 15.00){0.00 2.00 2.00 2.00 2.80 27}{2.80 3.00 3.02 4.00 5.60 165}{5.60 7.00 7.00 7.00 11.20 1}{11.20 12.00 12.25 13.00 14.00 4}{14.00 15.00 15.00 15.00 16.00 2}
COMM 4b-1: 48b495_48b719_48b7ed_48b8a6 (1 232.00 2 232.00 2 232.00){0.00 0.00 0.00 0.00 92.80 0}{92.80 0.00 0.00 0.00 185.60 0}{185.60 232.00 232.00 232.00 278.40 1}{278.40 0.00 0.00 0.00 371.20 0}{371.20 0.00 0.00 0.00 464.00 0}
LOOP0: iter: ( 200 )[ 1 -1 2 1 0 ] mem: ( 2 )[ 1 -1 2 1 0 ]
10 2 
12 52020 250 250 250 250 250 250 250 250 250 250 250 250 250 250 250 250 250 250 250 250 250 250 250 250 250 250 250 250 250 250 250 250 250 250 250 250 250 250 250 250 250 250 250 250 250 250 250 250 250 250 250 250 250 250 250 250 250 250 250 250 250 250 250 250 250 250 250 250 250 250 250 250 250 250 250 250 250 250 250 250 250 250 250 250 250 250 250 250 250 250 250 250 250 250 250 250 250 250 250 250 250 250 250 250 250 250 250 250 250 250 250 250 250 250 250 250 250 250 250 250 250 250 250 250 250 250 250 250 250 250 250 250 250 250 250 250 250 250 250 250 250 250 250 250 250 250 250 250 250 250 250 250 250 250 250 250 250 250 250 250 250 250 250 250 250 250 250 250 250 250 250 250 250 250 250 250 250 250 250 250 250 250 250 250 250 250 250 250 250 250 250 250 250 250 250 250 250 250 250 
14 16 
1a 2 1 1 1 1 1 1 1 1 1 1 1 1 1 1 1 1 1 1 1 1 1 1 1 1 1 1 1 1 1 1 1 1 1 1 1 1 1 1 1 1 1 1 1 1 1 1 1 1 1 1 1 1 1 1 1 1 1 1 1 1 1 1 1 1 1 1 1 1 1 1 1 1 1 1 1 1 1 1 1 1 1 1 1 1 1 1 1 1 1 1 1 1 1 1 1 1 1 1 1 1 2 2 2 2 2 2 2 2 2 2 2 2 2 2 2 2 2 2 2 2 2 2 2 2 2 2 2 2 2 2 2 2 2 2 2 2 2 2 2 2 2 2 2 2 2 2 2 2 2 2 2 2 2 2 2 2 2 2 2 2 2 2 2 2 2 2 2 2 2 2 2 2 2 2 2 2 2 2 2 2 2 2 2 2 2 2 2 2 2 2 2 2 2 2 2 2 2 2 2 
1b 0 

RANKS: 1 -1 0 4 1
EVENT36: 1102 47da79_47de3e_47dfa8_47e0c7
COMP 4b-0: 47da79_47de3e_47dfa8_47e0c7 (398 425.47 0 10.00 0 895.00){0.00 0.00 0.00 0.00 4.00 0}{4.00 0.00 0.00 0.00 8.00 0}{8.00 10.00 11.22 12.00 16.00 200}{16.00 0.00 0.00 0.00 20.00 0}{20.00 812.00 845.99 895.00 1614.00 198}
COMP 4b-1: 48253a_4828ba_4829f3_482ae7 (401 599.31 2 355.00 2 46089.00){0.00 0.00 0.00 0.00 148.00 0}{148.00 0.00 0.00 0.00 296.00 0}{296.00 355.00 372.34 398.00 592.00 399}{592.00 0.00 0.00 0.00 740.00 0}{740.00 45901.00 45995.00 46089.00 91062.00 2}
COMP 4b-2: 48b495_48b719_48b7ed_48b8a6 (1 45893.00 1 45893.00 1 45893.00){0.00 0.00 0.00 0.00 18357.20 0}{18357.20 0.00 0.00 0.00 36714.40 0}{36714.40 45893.00 45893.00 45893.00 55071.60 1}{55071.60 0.00 0.00 0.00 73428.80 0}{73428.80 0.00 0.00 0.00 91786.00 0}
COMP 4c-0: 47da79_47de3e_47dfa8_47e0c7 (398 1776.52 3 26.00 3 3613.00){0.00 0.00 0.00 0.00 10.80 0}{10.80 0.00 0.00 0.00 21.60 0}{21.60 26.00 29.54 30.00 43.20 200}{43.20 0.00 0.00 0.00 54.00 0}{54.00 3486.00 3549.99 3613.00 6918.00 198}
COMP 4c-1: 48253a_4828ba_4829f3_482ae7 (401 2841.44 2 1820.00 3 196670.00){0.00 0.00 0.00 0.00 729.20 0}{729.20 0.00 0.00 0.00 1458.40 0}{1458.40 1820.00 1872.47 1925.00 2916.80 399}{2916.80 0.00 0.00 0.00 3646.00 0}{3646.00 196647.00 196658.50 196670.00 389694.00 2}
COMP 4c-2: 48b495_48b719_48b7ed_48b8a6 (1 196793.00 1 196793.00 1 196793.00){0.00 0.00 0.00 0.00 78717.20 0}{78717.20 0.00 0.00 0.00 157434.40 0}{157434.40 196793.00 196793.00 196793.00 236151.60 1}{236151.60 0.00 0.00 0.00 314868.80 0}{314868.80 0.00 0.00 0.00 393586.00 0}
COMM 4b-0: 47da79_47de3e_47dfa8_47e0c7 (398 7.56 0 1.00 3 53.00){0.00 1.00 1.00 1.00 1.60 60}{1.60 2.00 2.43 3.00 3.20 129}{3.20 4.00 4.00 4.00 4.00 25}{4.00 5.00 13.60 30.00 42.00 183}{42.00 53.00 53.00 53.00 64.00 1}
COMM 4b-1: 48253a_4828ba_4829f3_482ae7 (401 31.68 1 2.00 0 3002.00){0.00 2.00 8.61 1022.00 1200.80 398}{1200.80 1493.00 1653.00 1813.00 2401.60 2}{2401.60 3002.00 3002.00 3002.00 3602.40 1}{3602.40 0.00 0.00 0.00 4803.20 0}{4803.20 0.00 0.00 0.00 6004.00 0}
COMM 4b-2: 48b495_48b719_48b7ed_48b8a6 (1 967.00 1 967.00 1 967.00){0.00 0.00 0.00 0.00 386.80 0}{386.80 0.00 0.00 0.00 773.60 0}{773.60 967.00 967.00 967.00 1160.40 1}{1160.40 0.00 0.00 0.00 1547.20 0}{1547.20 0.00 0.00 0.00 1934.00 0}
LOOP0: iter: ( 200 )[ 2 -1 0 2 1 -1 3 1 0 ] mem: ( 1 )[ 1 -1 0 2 3 ]( 2 )[ 1 -1 1 1 0 ]
10 2 
12 250 
14 16 
1b 0 
2b ( 1 2 )[ 1 -1 0 1 0 ]
2b ( 3 3 3 3 3 3 3 3 3 3 3 3 3 3 3 3 3 3 3 3 3 3 3 3 3 3 3 3 3 3 3 3 3 3 3 3 3 3 3 3 3 3 3 3 3 3 3 3 3 3 3 3 3 3 3 3 3 3 3 3 3 3 3 3 3 3 3 3 3 3 3 3 3 3 3 3 3 3 3 3 3 3 3 3 3 3 3 3 3 3 3 3 3 3 3 3 3 3 3 3 2 2 2 2 2 2 2 2 2 2 2 2 2 2 2 2 2 2 2 2 2 2 2 2 2 2 2 2 2 2 2 2 2 2 2 2 2 2 2 2 2 2 2 2 2 2 2 2 2 2 2 2 2 2 2 2 2 2 2 2 2 2 2 2 2 2 2 2 2 2 2 2 2 2 2 2 2 2 2 2 2 2 2 2 2 2 2 2 2 2 2 2 2 2 2 2 2 2 2 2 )[ 1 -1 1 1 0 ]
2b ( 3 2 )[ 1 -1 3 1 0 ]
2b ( 2 2 2 2 2 2 2 2 2 2 2 2 2 2 2 2 2 2 2 2 2 2 2 2 2 2 2 2 2 2 2 2 2 2 2 2 2 2 2 2 2 2 2 2 2 2 2 2 2 2 2 2 2 2 2 2 2 2 2 2 2 2 2 2 2 2 2 2 2 2 2 2 2 2 2 2 2 2 2 2 2 2 2 2 2 2 2 2 2 2 2 2 2 2 2 2 2 2 2 2 1 1 1 1 1 1 1 1 1 1 1 1 1 1 1 1 1 1 1 1 1 1 1 1 1 1 1 1 1 1 1 1 1 1 1 1 1 1 1 1 1 1 1 1 1 1 1 1 1 1 1 1 1 1 1 1 1 1 1 1 1 1 1 1 1 1 1 1 1 1 1 1 1 1 1 1 1 1 1 1 1 1 1 1 1 1 1 1 1 1 1 1 1 1 1 1 1 1 1 1 )[ 1 -1 2 1 0 ]

RANKS: 1 -1 1 3 1
EVENT37: 1113 48253a_4828ba_4829f3_482ae7
COMP 4b-0: 47da79_47de3e_47dfa8_47e0c7 (202 490.19 1 468.00 3 1307.00){0.00 0.00 0.00 0.00 202.80 0}{202.80 0.00 0.00 0.00 405.60 0}{405.60 468.00 486.04 511.00 811.20 201}{811.20 0.00 0.00 0.00 1014.00 0}{1014.00 1307.00 1307.00 1307.00 1600.00 1}
COMP 4b-1: 48253a_4828ba_4829f3_482ae7 (199 409.53 3 8.00 3 828.00){0.00 0.00 0.00 0.00 3.20 0}{3.20 0.00 0.00 0.00 6.40 0}{6.40 8.00 10.16 11.00 12.80 100}{12.80 0.00 0.00 0.00 16.00 0}{16.00 811.00 816.99 828.00 1626.00 99}
COMP 4c-0: 47da79_47de3e_47dfa8_47e0c7 (202 1719.63 1 1690.00 3 5176.00){0.00 0.00 0.00 0.00 685.60 0}{685.60 0.00 0.00 0.00 1371.20 0}{1371.20 1690.00 1702.46 1715.00 2742.40 201}{2742.40 0.00 0.00 0.00 3428.00 0}{3428.00 5176.00 5176.00 5176.00 6924.00 1}
COMP 4c-1: 48253a_4828ba_4829f3_482ae7 (199 1740.68 3 27.00 3 3487.00){0.00 0.00 0.00 0.00 10.80 0}{10.80 0.00 0.00 0.00 21.60 0}{21.60 27.00 28.98 29.00 43.20 100}{43.20 0.00 0.00 0.00 54.00 0}{54.00 3486.00 3486.99 3487.00 6918.00 99}
COMM 4b-0: 47da79_47de3e_47dfa8_47e0c7 (202 3.23 1 2.00 1 14.00){0.00 2.00 2.00 2.00 2.80 25}{2.80 3.00 3.02 4.00 5.60 169}{5.60 6.00 6.50 7.00 8.40 2}{8.40 11.00 11.00 11.00 11.20 1}{11.20 12.00 12.80 14.00 14.00 5}
COMM 4b-1: 48253a_4828ba_4829f3_482ae7 (199 2.68 3 1.00 3 21.00){0.00 1.00 1.00 1.00 1.60 5}{1.60 2.00 2.00 2.00 2.40 104}{2.40 3.00 3.00 3.00 3.20 86}{3.20 4.00 4.00 4.00 4.00 1}{4.00 17.00 19.67 21.00 38.00 3}
LOOP0: iter: ( 200 )[ 1 -1 3 1 0 ] mem: ( 1 )[ 1 -1 3 1 0 ]
10 2 
12 250 
14 16 
1a ( 2 2 2 2 2 2 2 2 2 2 2 2 2 2 2 2 2 2 2 2 2 2 2 2 2 2 2 2 2 2 2 2 2 2 2 2 2 2 2 2 2 2 2 2 2 2 2 2 2 2 2 2 2 2 2 2 2 2 2 2 2 2 2 2 2 2 2 2 2 2 2 2 2 2 2 2 2 2 2 2 2 2 2 2 2 2 2 2 2 2 2 2 2 2 2 2 2 2 2 2 3 3 3 3 3 3 3 3 3 3 3 3 3 3 3 3 3 3 3 3 3 3 3 3 3 3 3 3 3 3 3 3 3 3 3 3 3 3 3 3 3 3 3 3 3 3 3 3 3 3 3 3 3 3 3 3 3 3 3 3 3 3 3 3 3 3 3 3 3 3 3 3 3 3 3 3 3 3 3 3 3 3 3 3 3 3 3 3 3 3 3 3 3 3 3 3 3 3 3 3 )[ 1 -1 1 1 0 ]
1a ( 3 2 )[ 1 -1 3 1 0 ]
1a ( 2 )[ 1 -1 2 1 0 ]
1b 0 

RANKS: 1 -1 0 4 1
EVENT38: 1004 46a96f_46accf_46ae12_46af04
COMP 4b-0: 47da79_47de3e_47dfa8_47e0c7 (1 4819.00 0 4819.00 0 4819.00){0.00 0.00 0.00 0.00 1927.60 0}{1927.60 0.00 0.00 0.00 3855.20 0}{3855.20 4819.00 4819.00 4819.00 5782.80 1}{5782.80 0.00 0.00 0.00 7710.40 0}{7710.40 0.00 0.00 0.00 9638.00 0}
COMP 4b-1: 48253a_4828ba_4829f3_482ae7 (3 4402.25 2 4364.00 1 4440.00){0.00 0.00 0.00 0.00 1776.00 0}{1776.00 0.00 0.00 0.00 3552.00 0}{3552.00 4364.00 4389.67 4440.00 5328.00 3}{5328.00 0.00 0.00 0.00 7104.00 0}{7104.00 0.00 0.00 0.00 8880.00 0}
COMP 4c-0: 47da79_47de3e_47dfa8_47e0c7 (1 24534.00 0 24534.00 0 24534.00){0.00 0.00 0.00 0.00 9813.60 0}{9813.60 0.00 0.00 0.00 19627.20 0}{19627.20 24534.00 24534.00 24534.00 29440.80 1}{29440.80 0.00 0.00 0.00 39254.40 0}{39254.40 0.00 0.00 0.00 49068.00 0}
COMP 4c-1: 48253a_4828ba_4829f3_482ae7 (3 22870.75 2 22868.00 1 22872.00){0.00 0.00 0.00 0.00 9148.80 0}{9148.80 0.00 0.00 0.00 18297.60 0}{18297.60 22868.00 22870.33 22872.00 27446.40 3}{27446.40 0.00 0.00 0.00 36595.20 0}{36595.20 0.00 0.00 0.00 45744.00 0}
COMM 4b-0: 47da79_47de3e_47dfa8_47e0c7 (1 19.00 0 19.00 0 19.00){0.00 0.00 0.00 0.00 7.60 0}{7.60 0.00 0.00 0.00 15.20 0}{15.20 19.00 19.00 19.00 22.80 1}{22.80 0.00 0.00 0.00 30.40 0}{30.40 0.00 0.00 0.00 38.00 0}
COMM 4b-1: 48253a_4828ba_4829f3_482ae7 (3 1090.00 2 487.00 3 2239.00){0.00 0.00 0.00 0.00 326.80 0}{326.80 487.00 487.00 487.00 653.60 1}{653.60 817.00 817.00 817.00 1307.20 1}{1307.20 0.00 0.00 0.00 1634.00 0}{1634.00 2239.00 2239.00 2239.00 2844.00 1}
10 2 
12 5 
14 16 
18 3 

RANKS: 1 -1 0 2 2
EVENT39: 1113 48253a_4828ba_4829f3_482ae7
COMP 4b-0: 46a96f_46accf_46ae12_46af04 (2 2600.67 2 2590.00 0 2606.00){0.00 0.00 0.00 0.00 1042.40 0}{1042.40 0.00 0.00 0.00 2084.80 0}{2084.80 2590.00 2598.00 2606.00 3127.20 2}{3127.20 0.00 0.00 0.00 4169.60 0}{4169.60 0.00 0.00 0.00 5212.00 0}
COMP 4b-1: 48b495_48b719_48b7ed_48b8a6 (1 21455.00 0 21455.00 0 21455.00){0.00 0.00 0.00 0.00 8582.00 0}{8582.00 0.00 0.00 0.00 17164.00 0}{17164.00 21455.00 21455.00 21455.00 25746.00 1}{25746.00 0.00 0.00 0.00 34328.00 0}{34328.00 0.00 0.00 0.00 42910.00 0}
COMP 4c-0: 46a96f_46accf_46ae12_46af04 (2 11669.33 0 11669.00 2 11670.00){0.00 0.00 0.00 0.00 4667.60 0}{4667.60 0.00 0.00 0.00 9335.20 0}{9335.20 11669.00 11669.50 11670.00 14002.80 2}{14002.80 0.00 0.00 0.00 18670.40 0}{18670.40 0.00 0.00 0.00 23338.00 0}
COMP 4c-1: 48b495_48b719_48b7ed_48b8a6 (1 93789.00 0 93789.00 0 93789.00){0.00 0.00 0.00 0.00 37515.60 0}{37515.60 0.00 0.00 0.00 75031.20 0}{75031.20 93789.00 93789.00 93789.00 112546.80 1}{112546.80 0.00 0.00 0.00 150062.40 0}{150062.40 0.00 0.00 0.00 187578.00 0}
COMM 4b-0: 46a96f_46accf_46ae12_46af04 (2 240.67 0 239.00 2 244.00){0.00 0.00 0.00 0.00 95.60 0}{95.60 0.00 0.00 0.00 191.20 0}{191.20 239.00 241.50 244.00 286.80 2}{286.80 0.00 0.00 0.00 382.40 0}{382.40 0.00 0.00 0.00 478.00 0}
COMM 4b-1: 48b495_48b719_48b7ed_48b8a6 (1 242.00 0 242.00 0 242.00){0.00 0.00 0.00 0.00 96.80 0}{96.80 0.00 0.00 0.00 193.60 0}{193.60 242.00 242.00 242.00 290.40 1}{290.40 0.00 0.00 0.00 387.20 0}{387.20 0.00 0.00 0.00 484.00 0}
LOOP0: iter: ( 2 )[ 1 -1 0 1 0 ] mem: ( 3 )[ 1 -1 0 1 0 ]
10 2 
12 52020 
14 16 
1a ( 1 2 )[ 1 -1 0 1 0 ]
1a ( 1 )[ 1 -1 2 1 0 ]
1b 0 

RANKS: 1 -1 0 4 1
EVENT40: 1090 47a406_47a7db_47a946_47aa67
COMP 4b-0: 46a96f_46accf_46ae12_46af04 (2 2384.00 1 2375.00 3 2402.00){0.00 0.00 0.00 0.00 950.00 0}{950.00 0.00 0.00 0.00 1900.00 0}{1900.00 2375.00 2388.50 2402.00 2850.00 2}{2850.00 0.00 0.00 0.00 3800.00 0}{3800.00 0.00 0.00 0.00 4750.00 0}
COMP 4b-1: 48253a_4828ba_4829f3_482ae7 (4 4250.80 0 10.00 3 21206.00){0.00 0.00 0.00 0.00 4.00 0}{4.00 0.00 0.00 0.00 8.00 0}{8.00 10.00 10.00 10.00 16.00 2}{16.00 18.00 18.00 18.00 20.00 1}{20.00 21206.00 21206.00 21206.00 42392.00 1}
COMP 4b-2: 48b495_48b719_48b7ed_48b8a6 (1 21331.00 2 21331.00 2 21331.00){0.00 0.00 0.00 0.00 8532.40 0}{8532.40 0.00 0.00 0.00 17064.80 0}{17064.80 21331.00 21331.00 21331.00 25597.20 1}{25597.20 0.00 0.00 0.00 34129.60 0}{34129.60 0.00 0.00 0.00 42662.00 0}
COMP 4c-0: 46a96f_46accf_46ae12_46af04 (2 11481.00 1 11481.00 1 11481.00){0.00 0.00 0.00 0.00 4592.40 0}{4592.40 0.00 0.00 0.00 9184.80 0}{9184.80 11481.00 11481.00 11481.00 13777.20 2}{13777.20 0.00 0.00 0.00 18369.60 0}{18369.60 0.00 0.00 0.00 22962.00 0}
COMP 4c-1: 48253a_4828ba_4829f3_482ae7 (4 18718.80 0 25.00 3 93492.00){0.00 0.00 0.00 0.00 10.00 0}{10.00 0.00 0.00 0.00 20.00 0}{20.00 25.00 25.67 26.00 40.00 3}{40.00 0.00 0.00 0.00 50.00 0}{50.00 93492.00 93492.00 93492.00 186934.00 1}
COMP 4c-2: 48b495_48b719_48b7ed_48b8a6 (1 93606.00 2 93606.00 2 93606.00){0.00 0.00 0.00 0.00 37442.40 0}{37442.40 0.00 0.00 0.00 74884.80 0}{74884.80 93606.00 93606.00 93606.00 112327.20 1}{112327.20 0.00 0.00 0.00 149769.60 0}{149769.60 0.00 0.00 0.00 187212.00 0}
COMM 4b-0: 46a96f_46accf_46ae12_46af04 (2 2.67 3 2.00 1 3.00){0.00 0.00 0.00 0.00 1.20 0}{1.20 2.00 2.00 2.00 2.40 1}{2.40 3.00 3.00 3.00 3.60 1}{3.60 0.00 0.00 0.00 4.80 0}{4.80 0.00 0.00 0.00 6.00 0}
COMM 4b-1: 48253a_4828ba_4829f3_482ae7 (4 2.20 0 2.00 3 3.00){0.00 0.00 0.00 0.00 0.80 0}{0.80 0.00 0.00 0.00 1.60 0}{1.60 2.00 2.00 2.00 2.40 3}{2.40 3.00 3.00 3.00 3.20 1}{3.20 0.00 0.00 0.00 4.00 0}
COMM 4b-2: 48b495_48b719_48b7ed_48b8a6 (1 3.00 2 3.00 2 3.00){0.00 0.00 0.00 0.00 1.20 0}{1.20 0.00 0.00 0.00 2.40 0}{2.40 3.00 3.00 3.00 3.60 1}{3.60 0.00 0.00 0.00 4.80 0}{4.80 0.00 0.00 0.00 6.00 0}
LOOP0: iter: ( 2 )[ 1 -1 2 2 1 ] mem: ( 3 )[ 1 -1 3 1 0 ]( 2 )[ 1 -1 2 1 0 ]
10 2 
12 52020 
14 16 
1b 0 
2b 2147483647 

RANKS: 1 -1 0 4 1
EVENT41: 1148 48b495_48b719_48b7ed_48b8a6
COMP 4b-0: 47a406_47a7db_47a946_47aa67 (7 9.88 0 9.00 2 14.00){0.00 0.00 0.00 0.00 3.60 0}{3.60 0.00 0.00 0.00 7.20 0}{7.20 9.00 9.33 10.00 10.80 6}{10.80 14.00 14.00 14.00 14.40 1}{14.40 0.00 0.00 0.00 18.00 0}
COMP 4c-0: 47a406_47a7db_47a946_47aa67 (7 25.50 0 25.00 0 26.00){0.00 0.00 0.00 0.00 10.00 0}{10.00 0.00 0.00 0.00 20.00 0}{20.00 25.00 25.57 26.00 30.00 7}{30.00 0.00 0.00 0.00 40.00 0}{40.00 0.00 0.00 0.00 50.00 0}
COMM 4b-0: 47a406_47a7db_47a946_47aa67 (7 404.62 3 286.00 0 487.00){0.00 0.00 0.00 0.00 194.80 0}{194.80 286.00 319.33 384.00 389.60 3}{389.60 407.00 448.00 487.00 584.40 4}{584.40 0.00 0.00 0.00 779.20 0}{779.20 0.00 0.00 0.00 974.00 0}
1c 9999 

RANKS: 1 -1 2 2 1
EVENT42: 1113 48253a_4828ba_4829f3_482ae7
COMP 4b-0: 48b495_48b719_48b7ed_48b8a6 (3 286.00 3 222.00 3 346.00){0.00 0.00 0.00 0.00 138.40 0}{138.40 222.00 226.00 230.00 276.80 2}{276.80 346.00 346.00 346.00 415.20 1}{415.20 0.00 0.00 0.00 553.60 0}{553.60 0.00 0.00 0.00 692.00 0}
COMP 4c-0: 48b495_48b719_48b7ed_48b8a6 (3 382.00 3 381.00 2 384.00){0.00 0.00 0.00 0.00 152.40 0}{152.40 0.00 0.00 0.00 304.80 0}{304.80 381.00 382.33 384.00 457.20 3}{457.20 0.00 0.00 0.00 609.60 0}{609.60 0.00 0.00 0.00 762.00 0}
COMM 4b-0: 48b495_48b719_48b7ed_48b8a6 (3 233.75 2 232.00 3 235.00){0.00 0.00 0.00 0.00 93.60 0}{93.60 0.00 0.00 0.00 187.20 0}{187.20 232.00 233.67 235.00 280.80 3}{280.80 0.00 0.00 0.00 374.40 0}{374.40 0.00 0.00 0.00 468.00 0}
10 2 
12 52020 
14 16 
1a ( 3 2 )[ 1 -1 3 1 0 ]
1a ( 2 )[ 1 -1 2 1 0 ]
1b 0 

RANKS: 2 -1 0 2 2 -1 3 1 0
EVENT43: 1004 46a96f_46accf_46ae12_46af04
COMP 4b-0: 46a96f_46accf_46ae12_46af04 (6 8651.86 0 10.00 2 20397.00){0.00 0.00 0.00 0.00 4.00 0}{4.00 0.00 0.00 0.00 8.00 0}{8.00 10.00 10.67 11.00 16.00 3}{16.00 0.00 0.00 0.00 20.00 0}{20.00 20041.00 20173.67 20397.00 40062.00 3}
COMP 4b-1: 48253a_4828ba_4829f3_482ae7 (2 45614.00 2 45534.00 3 45654.00){0.00 0.00 0.00 0.00 18261.60 0}{18261.60 0.00 0.00 0.00 36523.20 0}{36523.20 45534.00 45594.00 45654.00 54784.80 2}{54784.80 0.00 0.00 0.00 73046.40 0}{73046.40 0.00 0.00 0.00 91308.00 0}
COMP 4b-2: 48b495_48b719_48b7ed_48b8a6 (1 45539.00 0 45539.00 0 45539.00){0.00 0.00 0.00 0.00 18215.60 0}{18215.60 0.00 0.00 0.00 36431.20 0}{36431.20 45539.00 45539.00 45539.00 54646.80 1}{54646.80 0.00 0.00 0.00 72862.40 0}{72862.40 0.00 0.00 0.00 91078.00 0}
COMP 4c-0: 46a96f_46accf_46ae12_46af04 (6 40661.57 0 25.00 0 94843.00){0.00 0.00 0.00 0.00 10.00 0}{10.00 0.00 0.00 0.00 20.00 0}{20.00 25.00 25.67 26.00 40.00 3}{40.00 0.00 0.00 0.00 50.00 0}{50.00 94843.00 94843.00 94843.00 189636.00 3}
COMP 4c-1: 48253a_4828ba_4829f3_482ae7 (2 194755.33 2 194752.00 3 194757.00){0.00 0.00 0.00 0.00 77902.80 0}{77902.80 0.00 0.00 0.00 155805.60 0}{155805.60 194752.00 194754.50 194757.00 233708.40 2}{233708.40 0.00 0.00 0.00 311611.20 0}{311611.20 0.00 0.00 0.00 389514.00 0}
COMP 4c-2: 48b495_48b719_48b7ed_48b8a6 (1 194885.00 0 194885.00 0 194885.00){0.00 0.00 0.00 0.00 77954.00 0}{77954.00 0.00 0.00 0.00 155908.00 0}{155908.00 194885.00 194885.00 194885.00 233862.00 1}{233862.00 0.00 0.00 0.00 311816.00 0}{311816.00 0.00 0.00 0.00 389770.00 0}
COMM 4b-0: 46a96f_46accf_46ae12_46af04 (6 116.00 2 5.00 0 384.00){0.00 5.00 5.00 5.00 8.00 1}{8.00 0.00 0.00 0.00 16.00 0}{16.00 20.00 22.67 26.00 32.00 3}{32.00 0.00 0.00 0.00 40.00 0}{40.00 335.00 359.50 384.00 728.00 2}
COMM 4b-1: 48253a_4828ba_4829f3_482ae7 (2 42.00 3 39.00 2 48.00){0.00 0.00 0.00 0.00 15.60 0}{15.60 0.00 0.00 0.00 31.20 0}{31.20 39.00 39.00 39.00 46.80 1}{46.80 48.00 48.00 48.00 62.40 1}{62.40 0.00 0.00 0.00 78.00 0}
COMM 4b-2: 48b495_48b719_48b7ed_48b8a6 (1 25.00 0 25.00 0 25.00){0.00 0.00 0.00 0.00 10.00 0}{10.00 0.00 0.00 0.00 20.00 0}{20.00 25.00 25.00 25.00 30.00 1}{30.00 0.00 0.00 0.00 40.00 0}{40.00 0.00 0.00 0.00 50.00 0}
LOOP0: iter: ( 3 )[ 2 -1 0 2 2 -1 3 1 0 ] mem: ( 1 )[ 2 -1 0 2 2 -1 3 1 0 ]
10 2 
12 5 1 5 
14 16 
18 3 1 3 

RANKS: 1 -1 1 3 1
EVENT44: 1113 48253a_4828ba_4829f3_482ae7
COMP 4b-0: 46a96f_46accf_46ae12_46af04 (2 100.00 2 98.00 3 101.00){0.00 0.00 0.00 0.00 40.40 0}{40.40 0.00 0.00 0.00 80.80 0}{80.80 98.00 99.50 101.00 121.20 2}{121.20 0.00 0.00 0.00 161.60 0}{161.60 0.00 0.00 0.00 202.00 0}
COMP 4b-1: 48253a_4828ba_4829f3_482ae7 (2 14209.00 3 9.00 1 21309.00){0.00 9.00 9.00 9.00 8523.60 1}{8523.60 0.00 0.00 0.00 17047.20 0}{17047.20 21309.00 21309.00 21309.00 25570.80 1}{25570.80 0.00 0.00 0.00 34094.40 0}{34094.40 0.00 0.00 0.00 42618.00 0}
COMP 4b-2: 48b495_48b719_48b7ed_48b8a6 (1 329.00 1 329.00 1 329.00){0.00 0.00 0.00 0.00 131.60 0}{131.60 0.00 0.00 0.00 263.20 0}{263.20 329.00 329.00 329.00 394.80 1}{394.80 0.00 0.00 0.00 526.40 0}{526.40 0.00 0.00 0.00 658.00 0}
COMP 4c-0: 46a96f_46accf_46ae12_46af04 (2 145.00 3 145.00 3 145.00){0.00 0.00 0.00 0.00 58.00 0}{58.00 0.00 0.00 0.00 116.00 0}{116.00 145.00 145.00 145.00 174.00 2}{174.00 0.00 0.00 0.00 232.00 0}{232.00 0.00 0.00 0.00 290.00 0}
COMP 4c-1: 48253a_4828ba_4829f3_482ae7 (2 62459.00 3 27.00 1 93675.00){0.00 27.00 27.00 27.00 37470.00 1}{37470.00 0.00 0.00 0.00 74940.00 0}{74940.00 93675.00 93675.00 93675.00 112410.00 1}{112410.00 0.00 0.00 0.00 149880.00 0}{149880.00 0.00 0.00 0.00 187350.00 0}
COMP 4c-2: 48b495_48b719_48b7ed_48b8a6 (1 381.00 1 381.00 1 381.00){0.00 0.00 0.00 0.00 152.40 0}{152.40 0.00 0.00 0.00 304.80 0}{304.80 381.00 381.00 381.00 457.20 1}{457.20 0.00 0.00 0.00 609.60 0}{609.60 0.00 0.00 0.00 762.00 0}
COMM 4b-0: 46a96f_46accf_46ae12_46af04 (2 4.67 2 4.00 3 5.00){0.00 0.00 0.00 0.00 2.00 0}{2.00 4.00 4.00 4.00 4.00 1}{4.00 5.00 5.00 5.00 6.00 1}{6.00 0.00 0.00 0.00 8.00 0}{8.00 0.00 0.00 0.00 10.00 0}
COMM 4b-1: 48253a_4828ba_4829f3_482ae7 (2 164.67 3 2.00 1 246.00){0.00 2.00 2.00 2.00 98.40 1}{98.40 0.00 0.00 0.00 196.80 0}{196.80 246.00 246.00 246.00 295.20 1}{295.20 0.00 0.00 0.00 393.60 0}{393.60 0.00 0.00 0.00 492.00 0}
COMM 4b-2: 48b495_48b719_48b7ed_48b8a6 (1 230.00 1 230.00 1 230.00){0.00 0.00 0.00 0.00 92.00 0}{92.00 0.00 0.00 0.00 184.00 0}{184.00 230.00 230.00 230.00 276.00 1}{276.00 0.00 0.00 0.00 368.00 0}{368.00 0.00 0.00 0.00 460.00 0}
LOOP0: iter: ( 2 )[ 1 -1 1 2 2 ] mem: ( 1 )[ 1 -1 1 2 2 ]
10 2 
12 ( 52020 )[ 1 -1 1 1 0 ]
12 ( 102 106 )[ 1 -1 3 1 0 ]
12 ( 102 )[ 1 -1 2 1 0 ]
14 16 
1a ( 3 2 )[ 1 -1 1 1 0 ]
1a ( 2 3 )[ 1 -1 3 1 0 ]
1a ( 2 )[ 1 -1 2 1 0 ]
1b 0 

RANKS: 1 -1 0 2 1
EVENT45: 1090 47a406_47a7db_47a946_47aa67
COMP 4b-0: 46a96f_46accf_46ae12_46af04 (1 94.00 0 94.00 0 94.00){0.00 0.00 0.00 0.00 37.60 0}{37.60 0.00 0.00 0.00 75.20 0}{75.20 94.00 94.00 94.00 112.80 1}{112.80 0.00 0.00 0.00 150.40 0}{150.40 0.00 0.00 0.00 188.00 0}
COMP 4b-1: 48253a_4828ba_4829f3_482ae7 (1 11.00 1 11.00 1 11.00){0.00 0.00 0.00 0.00 4.40 0}{4.40 0.00 0.00 0.00 8.80 0}{8.80 11.00 11.00 11.00 13.20 1}{13.20 0.00 0.00 0.00 17.60 0}{17.60 0.00 0.00 0.00 22.00 0}
COMP 4b-2: 48b495_48b719_48b7ed_48b8a6 (1 13.00 0 13.00 0 13.00){0.00 0.00 0.00 0.00 5.20 0}{5.20 0.00 0.00 0.00 10.40 0}{10.40 13.00 13.00 13.00 15.60 1}{15.60 0.00 0.00 0.00 20.80 0}{20.80 0.00 0.00 0.00 26.00 0}
COMP 4c-0: 46a96f_46accf_46ae12_46af04 (1 146.00 0 146.00 0 146.00){0.00 0.00 0.00 0.00 58.40 0}{58.40 0.00 0.00 0.00 116.80 0}{116.80 146.00 146.00 146.00 175.20 1}{175.20 0.00 0.00 0.00 233.60 0}{233.60 0.00 0.00 0.00 292.00 0}
COMP 4c-1: 48253a_4828ba_4829f3_482ae7 (1 27.00 1 27.00 1 27.00){0.00 0.00 0.00 0.00 10.80 0}{10.80 0.00 0.00 0.00 21.60 0}{21.60 27.00 27.00 27.00 32.40 1}{32.40 0.00 0.00 0.00 43.20 0}{43.20 0.00 0.00 0.00 54.00 0}
COMP 4c-2: 48b495_48b719_48b7ed_48b8a6 (1 26.00 0 26.00 0 26.00){0.00 0.00 0.00 0.00 10.40 0}{10.40 0.00 0.00 0.00 20.80 0}{20.80 26.00 26.00 26.00 31.20 1}{31.20 0.00 0.00 0.00 41.60 0}{41.60 0.00 0.00 0.00 52.00 0}
COMM 4b-0: 46a96f_46accf_46ae12_46af04 (1 2.00 0 2.00 0 2.00){0.00 0.00 0.00 0.00 0.80 0}{0.80 0.00 0.00 0.00 1.60 0}{1.60 2.00 2.00 2.00 2.40 1}{2.40 0.00 0.00 0.00 3.20 0}{3.20 0.00 0.00 0.00 4.00 0}
COMM 4b-1: 48253a_4828ba_4829f3_482ae7 (1 3.00 1 3.00 1 3.00){0.00 0.00 0.00 0.00 1.20 0}{1.20 0.00 0.00 0.00 2.40 0}{2.40 3.00 3.00 3.00 3.60 1}{3.60 0.00 0.00 0.00 4.80 0}{4.80 0.00 0.00 0.00 6.00 0}
COMM 4b-2: 48b495_48b719_48b7ed_48b8a6 (1 0.00 0 0.00 0 0.00){0.00 0.00 0.00 0.00 1.00 1}{1.00 0.00 0.00 0.00 2.00 0}{2.00 0.00 0.00 0.00 3.00 0}{3.00 0.00 0.00 0.00 4.00 0}{4.00 0.00 0.00 0.00 5.00 0}
LOOP0: iter: ( 2 )[ 1 -1 0 1 0 ] mem: ( 2 )[ 1 -1 0 1 0 ]
10 2 
12 ( 102 106 )[ 1 -1 0 1 0 ]
12 ( 52020 )[ 1 -1 1 1 0 ]
14 16 
1b 0 
2b 2147483647 

RANKS: 1 -1 0 2 1
EVENT46: 1148 48b495_48b719_48b7ed_48b8a6
COMP 4b-0: 47a406_47a7db_47a946_47aa67 (3 12.00 0 10.00 1 17.00){0.00 0.00 0.00 0.00 4.00 0}{4.00 0.00 0.00 0.00 8.00 0}{8.00 10.00 10.50 11.00 12.00 2}{12.00 0.00 0.00 0.00 16.00 0}{16.00 17.00 17.00 17.00 20.00 1}
COMP 4c-0: 47a406_47a7db_47a946_47aa67 (3 26.00 0 26.00 0 26.00){0.00 0.00 0.00 0.00 10.40 0}{10.40 0.00 0.00 0.00 20.80 0}{20.80 26.00 26.00 26.00 31.20 3}{31.20 0.00 0.00 0.00 41.60 0}{41.60 0.00 0.00 0.00 52.00 0}
COMM 4b-0: 47a406_47a7db_47a946_47aa67 (3 88.50 0 3.00 1 345.00){0.00 0.00 0.00 0.00 1.20 0}{1.20 0.00 0.00 0.00 2.40 0}{2.40 3.00 3.00 3.00 4.80 2}{4.80 0.00 0.00 0.00 6.00 0}{6.00 345.00 345.00 345.00 684.00 1}
1c 9999 

RANKS: 2 -1 0 2 1 -1 3 1 0
EVENT47: 1004 46a96f_46accf_46ae12_46af04
COMP 4b-0: 46a96f_46accf_46ae12_46af04 (2 6683.33 1 11.00 1 20028.00){0.00 0.00 0.00 0.00 4.40 0}{4.40 0.00 0.00 0.00 8.80 0}{8.80 11.00 11.00 11.00 17.60 1}{17.60 0.00 0.00 0.00 22.00 0}{22.00 20028.00 20028.00 20028.00 40034.00 1}
COMP 4b-1: 48253a_4828ba_4829f3_482ae7 (1 22.00 3 22.00 3 22.00){0.00 0.00 0.00 0.00 8.80 0}{8.80 0.00 0.00 0.00 17.60 0}{17.60 22.00 22.00 22.00 26.40 1}{26.40 0.00 0.00 0.00 35.20 0}{35.20 0.00 0.00 0.00 44.00 0}
COMP 4b-2: 48b495_48b719_48b7ed_48b8a6 (2 15163.33 0 23.00 1 45444.00){0.00 0.00 0.00 0.00 9.20 0}{9.20 0.00 0.00 0.00 18.40 0}{18.40 23.00 23.00 23.00 36.80 1}{36.80 0.00 0.00 0.00 46.00 0}{46.00 45444.00 45444.00 45444.00 90842.00 1}
COMP 4c-0: 46a96f_46accf_46ae12_46af04 (2 31631.67 1 26.00 1 94843.00){0.00 0.00 0.00 0.00 10.40 0}{10.40 0.00 0.00 0.00 20.80 0}{20.80 26.00 26.00 26.00 41.60 1}{41.60 0.00 0.00 0.00 52.00 0}{52.00 94843.00 94843.00 94843.00 189634.00 1}
COMP 4c-1: 48253a_4828ba_4829f3_482ae7 (1 70.00 3 70.00 3 70.00){0.00 0.00 0.00 0.00 28.00 0}{28.00 0.00 0.00 0.00 56.00 0}{56.00 70.00 70.00 70.00 84.00 1}{84.00 0.00 0.00 0.00 112.00 0}{112.00 0.00 0.00 0.00 140.00 0}
COMP 4c-2: 48b495_48b719_48b7ed_48b8a6 (2 65010.00 0 75.00 1 194880.00){0.00 0.00 0.00 0.00 30.00 0}{30.00 0.00 0.00 0.00 60.00 0}{60.00 75.00 75.00 75.00 120.00 1}{120.00 0.00 0.00 0.00 150.00 0}{150.00 194880.00 194880.00 194880.00 389610.00 1}
COMM 4b-0: 46a96f_46accf_46ae12_46af04 (2 141.00 1 18.00 1 387.00){0.00 0.00 0.00 0.00 7.20 0}{7.20 0.00 0.00 0.00 14.40 0}{14.40 18.00 18.00 18.00 28.80 1}{28.80 0.00 0.00 0.00 36.00 0}{36.00 387.00 387.00 387.00 738.00 1}
COMM 4b-1: 48253a_4828ba_4829f3_482ae7 (1 89.00 3 89.00 3 89.00){0.00 0.00 0.00 0.00 35.60 0}{35.60 0.00 0.00 0.00 71.20 0}{71.20 89.00 89.00 89.00 106.80 1}{106.80 0.00 0.00 0.00 142.40 0}{142.40 0.00 0.00 0.00 178.00 0}
COMM 4b-2: 48b495_48b719_48b7ed_48b8a6 (2 107.33 0 6.00 1 310.00){0.00 0.00 0.00 0.00 2.40 0}{2.40 0.00 0.00 0.00 4.80 0}{4.80 6.00 6.00 6.00 9.60 1}{9.60 0.00 0.00 0.00 12.00 0}{12.00 310.00 310.00 310.00 608.00 1}
LOOP0: iter: ( 3 )[ 1 -1 1 1 0 ] mem: ( 1 )[ 1 -1 1 1 0 ]
10 2 
12 ( 1 )[ 1 -1 0 2 3 ]
12 ( 5 1 5 )[ 1 -1 1 1 0 ]
14 16 
18 ( 3 )[ 1 -1 0 2 3 ]
18 ( 3 1 3 )[ 1 -1 1 1 0 ]

RANKS: 1 -1 0 3 1
EVENT48: 1090 47a406_47a7db_47a946_47aa67
COMP 4b-0: 46a96f_46accf_46ae12_46af04 (3 77.75 0 72.00 1 95.00){0.00 0.00 0.00 0.00 28.80 0}{28.80 0.00 0.00 0.00 57.60 0}{57.60 72.00 72.00 72.00 86.40 2}{86.40 95.00 95.00 95.00 115.20 1}{115.20 0.00 0.00 0.00 144.00 0}
COMP 4b-1: 48253a_4828ba_4829f3_482ae7 (1 13.00 2 13.00 2 13.00){0.00 0.00 0.00 0.00 5.20 0}{5.20 0.00 0.00 0.00 10.40 0}{10.40 13.00 13.00 13.00 15.60 1}{15.60 0.00 0.00 0.00 20.80 0}{20.80 0.00 0.00 0.00 26.00 0}
COMP 4c-0: 46a96f_46accf_46ae12_46af04 (3 155.25 1 146.00 2 159.00){0.00 0.00 0.00 0.00 63.20 0}{63.20 0.00 0.00 0.00 126.40 0}{126.40 146.00 154.33 159.00 189.60 3}{189.60 0.00 0.00 0.00 252.80 0}{252.80 0.00 0.00 0.00 316.00 0}
COMP 4c-1: 48253a_4828ba_4829f3_482ae7 (1 26.00 2 26.00 2 26.00){0.00 0.00 0.00 0.00 10.40 0}{10.40 0.00 0.00 0.00 20.80 0}{20.80 26.00 26.00 26.00 31.20 1}{31.20 0.00 0.00 0.00 41.60 0}{41.60 0.00 0.00 0.00 52.00 0}
COMM 4b-0: 46a96f_46accf_46ae12_46af04 (3 1.25 0 1.00 1 2.00){0.00 0.00 0.00 0.00 0.40 0}{0.40 0.00 0.00 0.00 0.80 0}{0.80 1.00 1.00 1.00 1.20 2}{1.20 0.00 0.00 0.00 1.60 0}{1.60 2.00 2.00 2.00 2.00 1}
COMM 4b-1: 48253a_4828ba_4829f3_482ae7 (1 2.00 2 2.00 2 2.00){0.00 0.00 0.00 0.00 0.80 0}{0.80 0.00 0.00 0.00 1.60 0}{1.60 2.00 2.00 2.00 2.40 1}{2.40 0.00 0.00 0.00 3.20 0}{3.20 0.00 0.00 0.00 4.00 0}
LOOP0: iter: ( 2 )[ 1 -1 2 1 0 ] mem: ( 3 )[ 1 -1 2 1 0 ]
10 2 
12 ( 102 )[ 1 -1 0 2 1 ]
12 ( 106 102 )[ 1 -1 2 1 0 ]
14 16 
1b 0 
2b 2147483647 

RANKS: 1 -1 0 3 1
EVENT49: 1148 48b495_48b719_48b7ed_48b8a6
COMP 4b-0: 47a406_47a7db_47a946_47aa67 (4 9.60 0 9.00 2 11.00){0.00 0.00 0.00 0.00 3.60 0}{3.60 0.00 0.00 0.00 7.20 0}{7.20 9.00 9.33 10.00 10.80 3}{10.80 11.00 11.00 11.00 14.40 1}{14.40 0.00 0.00 0.00 18.00 0}
COMP 4c-0: 47a406_47a7db_47a946_47aa67 (4 26.00 0 26.00 0 26.00){0.00 0.00 0.00 0.00 10.40 0}{10.40 0.00 0.00 0.00 20.80 0}{20.80 26.00 26.00 26.00 31.20 4}{31.20 0.00 0.00 0.00 41.60 0}{41.60 0.00 0.00 0.00 52.00 0}
COMM 4b-0: 47a406_47a7db_47a946_47aa67 (4 3.00 0 3.00 0 3.00){0.00 0.00 0.00 0.00 1.20 0}{1.20 0.00 0.00 0.00 2.40 0}{2.40 3.00 3.00 3.00 3.60 4}{3.60 0.00 0.00 0.00 4.80 0}{4.80 0.00 0.00 0.00 6.00 0}
1c 9999 

RANKS: 1 -1 1 2 2
EVENT50: 1113 48253a_4828ba_4829f3_482ae7
COMP 4b-0: 46a96f_46accf_46ae12_46af04 (2 74.00 1 74.00 1 74.00){0.00 0.00 0.00 0.00 29.60 0}{29.60 0.00 0.00 0.00 59.20 0}{59.20 74.00 74.00 74.00 88.80 2}{88.80 0.00 0.00 0.00 118.40 0}{118.40 0.00 0.00 0.00 148.00 0}
COMP 4b-1: 48b495_48b719_48b7ed_48b8a6 (1 14.00 1 14.00 1 14.00){0.00 0.00 0.00 0.00 5.60 0}{5.60 0.00 0.00 0.00 11.20 0}{11.20 14.00 14.00 14.00 16.80 1}{16.80 0.00 0.00 0.00 22.40 0}{22.40 0.00 0.00 0.00 28.00 0}
COMP 4c-0: 46a96f_46accf_46ae12_46af04 (2 160.00 1 160.00 1 160.00){0.00 0.00 0.00 0.00 64.00 0}{64.00 0.00 0.00 0.00 128.00 0}{128.00 160.00 160.00 160.00 192.00 2}{192.00 0.00 0.00 0.00 256.00 0}{256.00 0.00 0.00 0.00 320.00 0}
COMP 4c-1: 48b495_48b719_48b7ed_48b8a6 (1 27.00 1 27.00 1 27.00){0.00 0.00 0.00 0.00 10.80 0}{10.80 0.00 0.00 0.00 21.60 0}{21.60 27.00 27.00 27.00 32.40 1}{32.40 0.00 0.00 0.00 43.20 0}{43.20 0.00 0.00 0.00 54.00 0}
COMM 4b-0: 46a96f_46accf_46ae12_46af04 (2 2.00 1 2.00 1 2.00){0.00 0.00 0.00 0.00 0.80 0}{0.80 0.00 0.00 0.00 1.60 0}{1.60 2.00 2.00 2.00 2.40 2}{2.40 0.00 0.00 0.00 3.20 0}{3.20 0.00 0.00 0.00 4.00 0}
COMM 4b-1: 48b495_48b719_48b7ed_48b8a6 (1 4.00 1 4.00 1 4.00){0.00 0.00 0.00 0.00 1.60 0}{1.60 0.00 0.00 0.00 3.20 0}{3.20 4.00 4.00 4.00 4.80 1}{4.80 0.00 0.00 0.00 6.40 0}{6.40 0.00 0.00 0.00 8.00 0}
LOOP0: iter: ( 2 )[ 1 -1 1 1 0 ] mem: ( 2 )[ 1 -1 1 1 0 ]
10 2 
12 ( 106 102 )[ 1 -1 1 1 0 ]
12 ( 102 )[ 1 -1 3 1 0 ]
14 16 
1a 3 
1b 0 

RANKS: 1 -1 0 4 1
EVENT51: 1004 46a96f_46accf_46ae12_46af04
COMP 4b-0: 48253a_4828ba_4829f3_482ae7 (3 27.00 1 22.00 1 33.00){0.00 0.00 0.00 0.00 8.80 0}{8.80 0.00 0.00 0.00 17.60 0}{17.60 22.00 22.00 22.00 26.40 1}{26.40 31.00 32.00 33.00 35.20 2}{35.20 0.00 0.00 0.00 44.00 0}
COMP 4b-1: 48b495_48b719_48b7ed_48b8a6 (3 29.75 2 23.00 0 32.00){0.00 0.00 0.00 0.00 12.80 0}{12.80 23.00 23.00 23.00 25.60 1}{25.60 32.00 32.00 32.00 38.40 2}{38.40 0.00 0.00 0.00 51.20 0}{51.20 0.00 0.00 0.00 64.00 0}
COMP 4c-0: 48253a_4828ba_4829f3_482ae7 (3 92.50 1 71.00 1 114.00){0.00 0.00 0.00 0.00 28.40 0}{28.40 0.00 0.00 0.00 56.80 0}{56.80 71.00 71.00 71.00 85.20 1}{85.20 0.00 0.00 0.00 113.60 0}{113.60 114.00 114.00 114.00 142.00 2}
COMP 4c-1: 48b495_48b719_48b7ed_48b8a6 (3 105.50 2 71.00 0 117.00){0.00 0.00 0.00 0.00 46.80 0}{46.80 71.00 71.00 71.00 93.60 1}{93.60 117.00 117.00 117.00 140.40 2}{140.40 0.00 0.00 0.00 187.20 0}{187.20 0.00 0.00 0.00 234.00 0}
COMM 4b-0: 48253a_4828ba_4829f3_482ae7 (3 52.25 1 41.00 1 62.00){0.00 0.00 0.00 0.00 24.80 0}{24.80 41.00 42.50 44.00 49.60 2}{49.60 62.00 62.00 62.00 74.40 1}{74.40 0.00 0.00 0.00 99.20 0}{99.20 0.00 0.00 0.00 124.00 0}
COMM 4b-1: 48b495_48b719_48b7ed_48b8a6 (3 25.00 2 5.00 2 57.00){0.00 5.00 5.00 5.00 7.60 1}{7.60 0.00 0.00 0.00 15.20 0}{15.20 19.00 19.00 19.00 30.40 1}{30.40 0.00 0.00 0.00 38.00 0}{38.00 57.00 57.00 57.00 76.00 1}
10 2 
12 1 
14 16 
18 3 

RANKS: 1 -1 0 2 1
EVENT52: 1090 47a406_47a7db_47a946_47aa67_45f344
COMP 4b-0: 46a96f_46accf_46ae12_46af04 (2 106.00 0 106.00 0 106.00){0.00 0.00 0.00 0.00 42.40 0}{42.40 0.00 0.00 0.00 84.80 0}{84.80 106.00 106.00 106.00 127.20 2}{127.20 0.00 0.00 0.00 169.60 0}{169.60 0.00 0.00 0.00 212.00 0}
COMP 4c-0: 46a96f_46accf_46ae12_46af04 (2 166.00 0 165.00 1 168.00){0.00 0.00 0.00 0.00 66.00 0}{66.00 0.00 0.00 0.00 132.00 0}{132.00 165.00 166.50 168.00 198.00 2}{198.00 0.00 0.00 0.00 264.00 0}{264.00 0.00 0.00 0.00 330.00 0}
COMM 4b-0: 46a96f_46accf_46ae12_46af04 (2 1.00 0 1.00 0 1.00){0.00 0.00 0.00 0.00 0.40 0}{0.40 0.00 0.00 0.00 0.80 0}{0.80 1.00 1.00 1.00 1.20 2}{1.20 0.00 0.00 0.00 1.60 0}{1.60 0.00 0.00 0.00 2.00 0}
10 2 
12 102 
14 16 
1b 0 
2b 2147483647 

RANKS: 1 -1 0 2 1
EVENT53: 1148 48b495_48b719_48b7ed_48b8a6_45f359
COMP 4b-0: 47a406_47a7db_47a946_47aa67_45f344 (2 9.00 0 9.00 0 9.00){0.00 0.00 0.00 0.00 3.60 0}{3.60 0.00 0.00 0.00 7.20 0}{7.20 9.00 9.00 9.00 10.80 2}{10.80 0.00 0.00 0.00 14.40 0}{14.40 0.00 0.00 0.00 18.00 0}
COMP 4c-0: 47a406_47a7db_47a946_47aa67_45f344 (2 27.00 0 27.00 0 27.00){0.00 0.00 0.00 0.00 10.80 0}{10.80 0.00 0.00 0.00 21.60 0}{21.60 27.00 27.00 27.00 32.40 2}{32.40 0.00 0.00 0.00 43.20 0}{43.20 0.00 0.00 0.00 54.00 0}
COMM 4b-0: 47a406_47a7db_47a946_47aa67_45f344 (2 3.00 0 3.00 0 3.00){0.00 0.00 0.00 0.00 1.20 0}{1.20 0.00 0.00 0.00 2.40 0}{2.40 3.00 3.00 3.00 3.60 2}{3.60 0.00 0.00 0.00 4.80 0}{4.80 0.00 0.00 0.00 6.00 0}
1c 9999 

RANKS: 1 -1 2 2 1
EVENT54: 1113 48253a_4828ba_4829f3_482ae7_45f408
COMP 4b-0: 46a96f_46accf_46ae12_46af04 (2 103.33 3 102.00 2 106.00){0.00 0.00 0.00 0.00 40.80 0}{40.80 0.00 0.00 0.00 81.60 0}{81.60 102.00 104.00 106.00 122.40 2}{122.40 0.00 0.00 0.00 163.20 0}{163.20 0.00 0.00 0.00 204.00 0}
COMP 4c-0: 46a96f_46accf_46ae12_46af04 (2 165.33 3 164.00 2 168.00){0.00 0.00 0.00 0.00 65.60 0}{65.60 0.00 0.00 0.00 131.20 0}{131.20 164.00 166.00 168.00 196.80 2}{196.80 0.00 0.00 0.00 262.40 0}{262.40 0.00 0.00 0.00 328.00 0}
COMM 4b-0: 46a96f_46accf_46ae12_46af04 (2 3.00 3 3.00 3 3.00){0.00 0.00 0.00 0.00 1.20 0}{1.20 0.00 0.00 0.00 2.40 0}{2.40 3.00 3.00 3.00 3.60 2}{3.60 0.00 0.00 0.00 4.80 0}{4.80 0.00 0.00 0.00 6.00 0}
10 2 
12 102 
14 16 
1a 2 
1b 0 

RANKS: 1 -1 0 4 1
EVENT55: 1004 46a96f_46accf_46ae12_46af04
COMP 4b-0: 48253a_4828ba_4829f3_482ae7_45f408 (2 30.33 3 30.00 2 31.00){0.00 0.00 0.00 0.00 12.00 0}{12.00 0.00 0.00 0.00 24.00 0}{24.00 30.00 30.50 31.00 36.00 2}{36.00 0.00 0.00 0.00 48.00 0}{48.00 0.00 0.00 0.00 60.00 0}
COMP 4b-1: 48b495_48b719_48b7ed_48b8a6_45f359 (2 34.00 1 32.00 0 35.00){0.00 0.00 0.00 0.00 14.00 0}{14.00 0.00 0.00 0.00 28.00 0}{28.00 32.00 33.50 35.00 42.00 2}{42.00 0.00 0.00 0.00 56.00 0}{56.00 0.00 0.00 0.00 70.00 0}
COMP 4c-0: 48253a_4828ba_4829f3_482ae7_45f408 (2 112.00 3 112.00 3 112.00){0.00 0.00 0.00 0.00 44.80 0}{44.80 0.00 0.00 0.00 89.60 0}{89.60 112.00 112.00 112.00 134.40 2}{134.40 0.00 0.00 0.00 179.20 0}{179.20 0.00 0.00 0.00 224.00 0}
COMP 4c-1: 48b495_48b719_48b7ed_48b8a6_45f359 (2 117.00 0 117.00 0 117.00){0.00 0.00 0.00 0.00 46.80 0}{46.80 0.00 0.00 0.00 93.60 0}{93.60 117.00 117.00 117.00 140.40 2}{140.40 0.00 0.00 0.00 187.20 0}{187.20 0.00 0.00 0.00 234.00 0}
COMM 4b-0: 48253a_4828ba_4829f3_482ae7_45f408 (2 53.67 2 27.00 3 67.00){0.00 0.00 0.00 0.00 26.80 0}{26.80 27.00 27.00 27.00 53.60 1}{53.60 67.00 67.00 67.00 80.40 1}{80.40 0.00 0.00 0.00 107.20 0}{107.20 0.00 0.00 0.00 134.00 0}
COMM 4b-1: 48b495_48b719_48b7ed_48b8a6_45f359 (2 22.33 1 5.00 0 31.00){0.00 5.00 5.00 5.00 12.40 1}{12.40 0.00 0.00 0.00 24.80 0}{24.80 31.00 31.00 31.00 37.20 1}{37.20 0.00 0.00 0.00 49.60 0}{49.60 0.00 0.00 0.00 62.00 0}
10 2 
12 1 
14 16 
18 3 

RANKS: 1 -1 0 4 1
EVENT56: 1045 4732cf_473343_4733a9_473404
COMP 4b-0: 46a96f_46accf_46ae12_46af04 (4 901.20 0 837.00 2 974.00){0.00 0.00 0.00 0.00 334.80 0}{334.80 0.00 0.00 0.00 669.60 0}{669.60 837.00 917.25 974.00 1004.40 4}{1004.40 0.00 0.00 0.00 1339.20 0}{1339.20 0.00 0.00 0.00 1674.00 0}
COMP 4c-0: 46a96f_46accf_46ae12_46af04 (4 2763.80 0 591.00 3 4282.00){0.00 0.00 0.00 0.00 236.40 0}{236.40 0.00 0.00 0.00 472.80 0}{472.80 591.00 591.00 591.00 945.60 1}{945.60 0.00 0.00 0.00 1182.00 0}{1182.00 4075.00 4212.33 4282.00 7378.00 3}

