RANKS: 1 -1 0 8 1
EVENT0: 1084 4792f0_4793af_479445_4794a0
33 2 
34 0 

RANKS: 1 -1 0 8 1
EVENT1: 1011 46d4cd_46d7fc_46d917_46da03
COMP 4c-0: 46d4cd_46d7fc_46d917_46da03 (64 15.85 1 14.00 1 17.00){0.00 0.00 0.00 0.00 6.00 0}{6.00 0.00 0.00 0.00 12.00 0}{12.00 14.00 15.86 17.00 18.00 64}{18.00 0.00 0.00 0.00 24.00 0}{24.00 0.00 0.00 0.00 30.00 0}
COMP 4c-1: 4792f0_4793af_479445_4794a0 (8 41.11 1 24.00 0 101.00){0.00 24.00 24.00 24.00 40.40 7}{40.40 0.00 0.00 0.00 80.80 0}{80.80 101.00 101.00 101.00 121.20 1}{121.20 0.00 0.00 0.00 161.60 0}{161.60 0.00 0.00 0.00 202.00 0}
COMM 4b-0: 46d4cd_46d7fc_46d917_46da03 (64 17.45 0 2.00 1 78.00){0.00 0.00 0.00 0.00 1.60 0}{1.60 2.00 2.60 3.00 3.20 10}{3.20 3.33 3.79 6.00 6.40 33}{6.40 7.00 7.00 7.00 8.00 2}{8.00 9.00 50.79 78.00 134.00 19}
COMM 4b-1: 4792f0_4793af_479445_4794a0 (8 408.33 0 20.00 4 587.00){0.00 0.00 0.00 0.00 8.00 0}{8.00 0.00 0.00 0.00 16.00 0}{16.00 20.00 20.00 20.00 32.00 1}{32.00 0.00 0.00 0.00 40.00 0}{40.00 473.00 519.29 587.00 906.00 7}
LOOP0: iter: ( 9 )[ 1 -1 0 8 1 ] mem: ( 1 )[ 1 -1 0 8 1 ]
10 2 
12 1 1 1 1 1 5 1 1 1 
14 14 14 14 16 16 16 14 14 14 
19 0 

RANKS: 1 -1 4 1 0
EVENT2: 1113 48221e_48259e_4826d7_4827cb
COMP 4c-0: 46d4cd_46d7fc_46d917_46da03 (1 74531.00 4 74531.00 4 74531.00){0.00 0.00 0.00 0.00 29812.40 0}{29812.40 0.00 0.00 0.00 59624.80 0}{59624.80 74531.00 74531.00 74531.00 89437.20 1}{89437.20 0.00 0.00 0.00 119249.60 0}{119249.60 0.00 0.00 0.00 149062.00 0}
COMM 4b-0: 46d4cd_46d7fc_46d917_46da03 (1 3169.00 4 3169.00 4 3169.00){0.00 0.00 0.00 0.00 1267.60 0}{1267.60 0.00 0.00 0.00 2535.20 0}{2535.20 3169.00 3169.00 3169.00 3802.80 1}{3802.80 0.00 0.00 0.00 5070.40 0}{5070.40 0.00 0.00 0.00 6338.00 0}
10 2 
12 20480 
14 16 
1a 1 
1b 0 

RANKS: 1 -1 1 6 1
EVENT3: 1090 47a0ea_47a4bf_47a62a_47a74b
COMP 4c-0: 46d4cd_46d7fc_46d917_46da03 (5 77308.50 3 74463.00 5 77880.00){0.00 0.00 0.00 0.00 31150.40 0}{31150.40 0.00 0.00 0.00 62300.80 0}{62300.80 74463.00 77195.00 77880.00 93451.20 5}{93451.20 0.00 0.00 0.00 124601.60 0}{124601.60 0.00 0.00 0.00 155752.00 0}
COMP 4c-1: 48221e_48259e_4826d7_4827cb (3 17727.00 4 15.00 5 23631.00){0.00 15.00 15.00 15.00 9452.40 1}{9452.40 0.00 0.00 0.00 18904.80 0}{18904.80 23631.00 23631.00 23631.00 28357.20 2}{28357.20 0.00 0.00 0.00 37809.60 0}{37809.60 0.00 0.00 0.00 47262.00 0}
COMP 4c-2: 48b179_48b3fd_48b4d1_48b58a (7 1397.12 5 87.00 4 10563.00){0.00 0.00 0.00 0.00 35.20 0}{35.20 0.00 0.00 0.00 70.40 0}{70.40 87.00 87.67 88.00 140.80 6}{140.80 0.00 0.00 0.00 176.00 0}{176.00 10563.00 10563.00 10563.00 20950.00 1}
COMM 4b-0: 46d4cd_46d7fc_46d917_46da03 (5 4.00 6 3.00 5 5.00){0.00 0.00 0.00 0.00 1.60 0}{1.60 3.00 3.00 3.00 3.20 1}{3.20 4.00 4.00 4.00 4.80 3}{4.80 5.00 5.00 5.00 6.40 1}{6.40 0.00 0.00 0.00 8.00 0}
COMM 4b-1: 48221e_48259e_4826d7_4827cb (3 1.50 5 1.00 4 3.00){0.00 0.00 0.00 0.00 0.40 0}{0.40 0.00 0.00 0.00 0.80 0}{0.80 1.00 1.00 1.00 1.60 2}{1.60 0.00 0.00 0.00 2.00 0}{2.00 3.00 3.00 3.00 4.00 1}
COMM 4b-2: 48b179_48b3fd_48b4d1_48b58a (7 1.88 5 1.00 2 4.00){0.00 0.00 0.00 0.00 0.80 0}{0.80 1.00 1.00 1.00 1.60 4}{1.60 2.00 2.00 2.00 2.40 1}{2.40 3.00 3.00 3.00 3.20 1}{3.20 4.00 4.00 4.00 4.00 1}
LOOP0: iter: ( 2 )[ 2 -2 1 2 3 2 1 -1 6 1 0 ] mem: ( 3 )[ 1 -1 1 2 1 ]( 6 )[ 1 -1 5 2 1 ]( 2 )[ 1 -1 4 1 0 ]
LOOP1: iter: ( 2 )[ 1 -1 5 2 1 ] mem: ( 3 )[ 1 -1 5 2 1 ]
10 2 
12 ( 20480 )[ 2 -1 1 3 1 -1 5 2 1 ]
12 ( 20480 10240 )[ 1 -1 4 1 0 ]
14 16 
1b 0 
2b 2147483647 

RANKS: 1 -1 1 2 1
EVENT4: 1113 48221e_48259e_4826d7_4827cb
COMP 4c-0: 47a0ea_47a4bf_47a62a_47a74b (4 90.00 1 87.00 1 92.00){0.00 0.00 0.00 0.00 36.80 0}{36.80 0.00 0.00 0.00 73.60 0}{73.60 87.00 89.50 92.00 110.40 4}{110.40 0.00 0.00 0.00 147.20 0}{147.20 0.00 0.00 0.00 184.00 0}
COMM 4b-0: 47a0ea_47a4bf_47a62a_47a74b (4 5619.20 2 177.00 1 13722.00){0.00 177.00 217.33 288.00 5488.80 3}{5488.80 0.00 0.00 0.00 10977.60 0}{10977.60 13722.00 13722.00 13722.00 16466.40 1}{16466.40 0.00 0.00 0.00 21955.20 0}{21955.20 0.00 0.00 0.00 27444.00 0}
10 2 
12 20480 
14 16 
1a 1 7 
1b 0 

RANKS: 1 -1 1 4 1
EVENT5: 1148 48b179_48b3fd_48b4d1_48b58a
COMP 4c-0: 47a0ea_47a4bf_47a62a_47a74b (3 15.75 4 15.00 3 16.00){0.00 0.00 0.00 0.00 6.40 0}{6.40 0.00 0.00 0.00 12.80 0}{12.80 15.00 15.67 16.00 19.20 3}{19.20 0.00 0.00 0.00 25.60 0}{25.60 0.00 0.00 0.00 32.00 0}
COMP 4c-1: 48221e_48259e_4826d7_4827cb (4 15.00 1 15.00 1 15.00){0.00 0.00 0.00 0.00 6.00 0}{6.00 0.00 0.00 0.00 12.00 0}{12.00 15.00 15.00 15.00 18.00 4}{18.00 0.00 0.00 0.00 24.00 0}{24.00 0.00 0.00 0.00 30.00 0}
COMM 4b-0: 47a0ea_47a4bf_47a62a_47a74b (3 3431.00 4 512.00 4 11232.00){0.00 0.00 0.00 0.00 396.00 0}{396.00 512.00 512.00 512.00 792.00 1}{792.00 990.00 990.00 990.00 1584.00 1}{1584.00 0.00 0.00 0.00 1980.00 0}{1980.00 11232.00 11232.00 11232.00 20484.00 1}
COMM 4b-1: 48221e_48259e_4826d7_4827cb (4 2694.60 2 0.00 2 13460.00){0.00 0.00 0.50 1.00 2.40 2}{2.40 0.00 0.00 0.00 4.80 0}{4.80 6.00 6.00 6.00 9.60 1}{9.60 0.00 0.00 0.00 12.00 0}{12.00 13460.00 13460.00 13460.00 26908.00 1}
1c 9999 

RANKS: 1 -1 1 6 1
EVENT6: 1113 48221e_48259e_4826d7_4827cb
COMP 4c-0: 47a0ea_47a4bf_47a62a_47a74b (8 89.56 5 87.00 5 92.00){0.00 0.00 0.00 0.00 36.80 0}{36.80 0.00 0.00 0.00 73.60 0}{73.60 87.00 89.25 92.00 110.40 8}{110.40 0.00 0.00 0.00 147.20 0}{147.20 0.00 0.00 0.00 184.00 0}
COMP 4c-1: 48221e_48259e_4826d7_4827cb (2 14487.67 3 10555.00 4 22353.00){0.00 0.00 0.00 0.00 4222.00 0}{4222.00 0.00 0.00 0.00 8444.00 0}{8444.00 10555.00 10555.00 10555.00 16888.00 1}{16888.00 0.00 0.00 0.00 21110.00 0}{21110.00 22353.00 22353.00 22353.00 23596.00 1}
COMP 4c-2: 48b179_48b3fd_48b4d1_48b58a (4 6902.80 4 88.00 1 11422.00){0.00 88.00 124.00 160.00 4568.80 2}{4568.80 0.00 0.00 0.00 9137.60 0}{9137.60 11422.00 11422.00 11422.00 13706.40 2}{13706.40 0.00 0.00 0.00 18275.20 0}{18275.20 0.00 0.00 0.00 22844.00 0}
COMM 4b-0: 47a0ea_47a4bf_47a62a_47a74b (8 3069.11 5 99.00 5 13248.00){0.00 99.00 160.86 287.00 5299.20 7}{5299.20 0.00 0.00 0.00 10598.40 0}{10598.40 13248.00 13248.00 13248.00 15897.60 1}{15897.60 0.00 0.00 0.00 21196.80 0}{21196.80 0.00 0.00 0.00 26496.00 0}
COMM 4b-1: 48221e_48259e_4826d7_4827cb (2 257.67 3 63.00 4 647.00){0.00 0.00 0.00 0.00 25.20 0}{25.20 0.00 0.00 0.00 50.40 0}{50.40 63.00 63.00 63.00 100.80 1}{100.80 0.00 0.00 0.00 126.00 0}{126.00 647.00 647.00 647.00 1168.00 1}
COMM 4b-2: 48b179_48b3fd_48b4d1_48b58a (4 2760.20 4 61.00 3 13553.00){0.00 0.00 0.00 0.00 24.80 0}{24.80 0.00 0.00 0.00 49.60 0}{49.60 61.00 62.00 63.00 99.20 3}{99.20 0.00 0.00 0.00 124.00 0}{124.00 13553.00 13553.00 13553.00 26982.00 1}
LOOP0: iter: ( 2 )[ 1 -1 3 2 1 ] mem: ( 1 )[ 1 -1 3 2 1 ]
10 2 
12 ( 10240 )[ 1 -1 1 2 1 ]
12 ( 20480 10240 )[ 1 -1 3 1 0 ]
12 ( 20480 )[ 1 -1 5 2 1 ]
12 ( 10240 20480 )[ 1 -1 4 1 0 ]
14 16 
1a ( 4 )[ 1 -1 1 2 1 ]
1a ( 7 4 )[ 1 -1 3 1 0 ]
1a ( 1 7 )[ 1 -1 5 2 1 ]
1a ( 4 1 )[ 1 -1 4 1 0 ]
1b 0 

RANKS: 1 -1 1 2 1
EVENT7: 1090 47a0ea_47a4bf_47a62a_47a74b
COMP 4c-0: 48221e_48259e_4826d7_4827cb (2 14.00 1 14.00 1 14.00){0.00 0.00 0.00 0.00 5.60 0}{5.60 0.00 0.00 0.00 11.20 0}{11.20 14.00 14.00 14.00 16.80 2}{16.80 0.00 0.00 0.00 22.40 0}{22.40 0.00 0.00 0.00 28.00 0}
COMM 4b-0: 48221e_48259e_4826d7_4827cb (2 1.00 1 1.00 1 1.00){0.00 0.00 0.00 0.00 0.40 0}{0.40 0.00 0.00 0.00 0.80 0}{0.80 1.00 1.00 1.00 1.20 2}{1.20 0.00 0.00 0.00 1.60 0}{1.60 0.00 0.00 0.00 2.00 0}
10 2 
12 10240 
14 16 
1b 0 
2b 2147483647 

RANKS: 1 -2 1 2 4 2 1
EVENT8: 1148 48b179_48b3fd_48b4d1_48b58a
COMP 4c-0: 47a0ea_47a4bf_47a62a_47a74b (2 15.00 1 15.00 1 15.00){0.00 0.00 0.00 0.00 6.00 0}{6.00 0.00 0.00 0.00 12.00 0}{12.00 15.00 15.00 15.00 18.00 2}{18.00 0.00 0.00 0.00 24.00 0}{24.00 0.00 0.00 0.00 30.00 0}
COMP 4c-1: 48221e_48259e_4826d7_4827cb (10 15.00 1 15.00 1 15.00){0.00 0.00 0.00 0.00 6.00 0}{6.00 0.00 0.00 0.00 12.00 0}{12.00 15.00 15.00 15.00 18.00 10}{18.00 0.00 0.00 0.00 24.00 0}{24.00 0.00 0.00 0.00 30.00 0}
COMM 4b-0: 47a0ea_47a4bf_47a62a_47a74b (2 51.67 2 51.00 1 52.00){0.00 0.00 0.00 0.00 20.80 0}{20.80 0.00 0.00 0.00 41.60 0}{41.60 51.00 51.50 52.00 62.40 2}{62.40 0.00 0.00 0.00 83.20 0}{83.20 0.00 0.00 0.00 104.00 0}
COMM 4b-1: 48221e_48259e_4826d7_4827cb (10 1190.36 1 1.00 6 13014.00){0.00 1.00 1.00 1.00 1.60 5}{1.60 2.00 2.00 2.00 2.00 1}{2.00 6.00 6.00 6.00 10.00 1}{10.00 29.00 33.00 37.00 48.00 2}{48.00 13014.00 13014.00 13014.00 25980.00 1}
LOOP0: iter: ( 2 )[ 1 -1 1 2 1 ] mem: ( 3 )[ 1 -1 1 2 1 ]
1c 9999 

RANKS: 1 -1 1 7 1
EVENT9: 1090 47a0ea_47a4bf_47a62a_47a74b
COMP 4c-0: 46d4cd_46d7fc_46d917_46da03 (1 74467.00 7 74467.00 7 74467.00){0.00 0.00 0.00 0.00 29786.80 0}{29786.80 0.00 0.00 0.00 59573.60 0}{59573.60 74467.00 74467.00 74467.00 89360.40 1}{89360.40 0.00 0.00 0.00 119147.20 0}{119147.20 0.00 0.00 0.00 148934.00 0}
COMP 4c-1: 48221e_48259e_4826d7_4827cb (5 7229.17 3 16.00 7 22280.00){0.00 0.00 0.00 0.00 6.40 0}{6.40 0.00 0.00 0.00 12.80 0}{12.80 16.00 16.00 16.00 32.00 2}{32.00 10518.00 10523.50 10529.00 21004.00 2}{21004.00 22280.00 22280.00 22280.00 23556.00 1}
COMP 4c-2: 48b179_48b3fd_48b4d1_48b58a (10 13597.45 1 87.00 1 23657.00){0.00 87.00 87.00 87.00 9462.80 2}{9462.80 10571.00 11225.00 11392.00 18925.60 5}{18925.60 22302.00 23205.33 23657.00 28388.40 3}{28388.40 0.00 0.00 0.00 37851.20 0}{37851.20 0.00 0.00 0.00 47314.00 0}
COMM 4b-0: 46d4cd_46d7fc_46d917_46da03 (1 4.00 7 4.00 7 4.00){0.00 0.00 0.00 0.00 1.60 0}{1.60 0.00 0.00 0.00 3.20 0}{3.20 4.00 4.00 4.00 4.80 1}{4.80 0.00 0.00 0.00 6.40 0}{6.40 0.00 0.00 0.00 8.00 0}
COMM 4b-1: 48221e_48259e_4826d7_4827cb (5 1.00 3 1.00 3 1.00){0.00 0.00 0.00 0.00 0.40 0}{0.40 0.00 0.00 0.00 0.80 0}{0.80 1.00 1.00 1.00 1.20 5}{1.20 0.00 0.00 0.00 1.60 0}{1.60 0.00 0.00 0.00 2.00 0}
COMM 4b-2: 48b179_48b3fd_48b4d1_48b58a (10 1.09 1 1.00 6 2.00){0.00 0.00 0.00 0.00 0.40 0}{0.40 0.00 0.00 0.00 0.80 0}{0.80 1.00 1.00 1.00 1.20 9}{1.20 0.00 0.00 0.00 1.60 0}{1.60 2.00 2.00 2.00 2.00 1}
LOOP0: iter: ( 2 )[ 1 -1 3 2 1 ]( 4 )[ 1 -1 7 1 0 ] mem: ( 2 )[ 1 -1 3 2 1 ]( 3 )[ 1 -1 7 1 0 ]
10 2 
12 ( 20480 )[ 1 -1 1 2 1 ]
12 ( 10240 20480 )[ 1 -1 3 1 0 ]
12 ( 20480 10240 )[ 1 -1 4 2 3 ]
12 ( 10240 )[ 1 -1 5 2 1 ]
14 16 
1b 0 
2b 2147483647 

RANKS: 1 -1 1 2 1
EVENT10: 1113 48221e_48259e_4826d7_4827cb
COMP 4c-0: 47a0ea_47a4bf_47a62a_47a74b (4 89.40 1 87.00 1 91.00){0.00 0.00 0.00 0.00 36.40 0}{36.40 0.00 0.00 0.00 72.80 0}{72.80 87.00 89.00 91.00 109.20 4}{109.20 0.00 0.00 0.00 145.60 0}{145.60 0.00 0.00 0.00 182.00 0}
COMM 4b-0: 47a0ea_47a4bf_47a62a_47a74b (4 118.60 2 102.00 2 140.00){0.00 0.00 0.00 0.00 49.60 0}{49.60 0.00 0.00 0.00 99.20 0}{99.20 102.00 117.25 140.00 148.80 4}{148.80 0.00 0.00 0.00 198.40 0}{198.40 0.00 0.00 0.00 248.00 0}
10 2 
12 20480 
14 16 
1a 1 7 
1b 0 

RANKS: 1 -1 1 7 1
EVENT11: 1148 48b179_48b3fd_48b4d1_48b58a
COMP 4c-0: 47a0ea_47a4bf_47a62a_47a74b (12 14.69 7 14.00 7 16.00){0.00 0.00 0.00 0.00 6.00 0}{6.00 0.00 0.00 0.00 12.00 0}{12.00 14.00 14.67 16.00 18.00 12}{18.00 0.00 0.00 0.00 24.00 0}{24.00 0.00 0.00 0.00 30.00 0}
COMP 4c-1: 48221e_48259e_4826d7_4827cb (2 18.67 2 18.00 1 19.00){0.00 0.00 0.00 0.00 7.60 0}{7.60 0.00 0.00 0.00 15.20 0}{15.20 18.00 18.50 19.00 22.80 2}{22.80 0.00 0.00 0.00 30.40 0}{30.40 0.00 0.00 0.00 38.00 0}
COMM 4b-0: 47a0ea_47a4bf_47a62a_47a74b (12 366.08 5 52.00 7 972.00){0.00 0.00 0.00 0.00 21.20 0}{21.20 0.00 0.00 0.00 42.40 0}{42.40 52.00 56.20 71.00 84.80 5}{84.80 0.00 0.00 0.00 106.00 0}{106.00 222.00 632.14 972.00 1622.00 7}
COMM 4b-1: 48221e_48259e_4826d7_4827cb (2 1.00 1 1.00 1 1.00){0.00 0.00 0.00 0.00 0.40 0}{0.40 0.00 0.00 0.00 0.80 0}{0.80 1.00 1.00 1.00 1.20 2}{1.20 0.00 0.00 0.00 1.60 0}{1.60 0.00 0.00 0.00 2.00 0}
1c 9999 

RANKS: 1 -1 0 8 1
EVENT12: 1113 48221e_48259e_4826d7_4827cb
COMP 4c-0: 46d4cd_46d7fc_46d917_46da03 (1 74527.00 0 74527.00 0 74527.00){0.00 0.00 0.00 0.00 29810.80 0}{29810.80 0.00 0.00 0.00 59621.60 0}{59621.60 74527.00 74527.00 74527.00 89432.40 1}{89432.40 0.00 0.00 0.00 119243.20 0}{119243.20 0.00 0.00 0.00 149054.00 0}
COMP 4c-1: 48221e_48259e_4826d7_4827cb (1 10562.00 3 10562.00 3 10562.00){0.00 0.00 0.00 0.00 4224.80 0}{4224.80 0.00 0.00 0.00 8449.60 0}{8449.60 10562.00 10562.00 10562.00 12674.40 1}{12674.40 0.00 0.00 0.00 16899.20 0}{16899.20 0.00 0.00 0.00 21124.00 0}
COMP 4c-2: 48b179_48b3fd_48b4d1_48b58a (15 4883.00 7 86.00 0 22383.00){0.00 86.00 108.50 162.00 4240.00 10}{4240.00 0.00 0.00 0.00 8480.00 0}{8480.00 10600.00 11015.00 11424.00 16960.00 4}{16960.00 0.00 0.00 0.00 21200.00 0}{21200.00 22383.00 22383.00 22383.00 23566.00 1}
COMM 4b-0: 46d4cd_46d7fc_46d917_46da03 (1 3577.00 0 3577.00 0 3577.00){0.00 0.00 0.00 0.00 1430.80 0}{1430.80 0.00 0.00 0.00 2861.60 0}{2861.60 3577.00 3577.00 3577.00 4292.40 1}{4292.40 0.00 0.00 0.00 5723.20 0}{5723.20 0.00 0.00 0.00 7154.00 0}
COMM 4b-1: 48221e_48259e_4826d7_4827cb (1 109.00 3 109.00 3 109.00){0.00 0.00 0.00 0.00 43.60 0}{43.60 0.00 0.00 0.00 87.20 0}{87.20 109.00 109.00 109.00 130.80 1}{130.80 0.00 0.00 0.00 174.40 0}{174.40 0.00 0.00 0.00 218.00 0}
COMM 4b-2: 48b179_48b3fd_48b4d1_48b58a (15 933.25 0 58.00 7 13106.00){0.00 0.00 0.00 0.00 24.40 0}{24.40 0.00 0.00 0.00 48.80 0}{48.80 58.00 69.36 93.00 122.00 11}{122.00 183.00 334.00 601.00 1080.00 3}{1080.00 13106.00 13106.00 13106.00 25132.00 1}
LOOP0: iter: ( 4 )[ 1 -1 0 1 0 ]( 2 )[ 1 -1 3 1 0 ] mem: ( 3 )[ 1 -1 0 1 0 ]( 1 )[ 1 -1 3 1 0 ]
10 2 
12 ( 20480 10240 )[ 2 -1 0 2 3 -1 7 1 0 ]
12 ( 10240 )[ 2 -2 1 2 3 2 1 -1 6 1 0 ]
14 16 
1a ( 1 4 )[ 1 -1 0 1 0 ]
1a ( 4 )[ 2 -2 1 2 3 2 1 -1 6 1 0 ]
1a ( 7 4 )[ 1 -1 3 2 4 ]
1b 0 

RANKS: 1 -1 0 4 1
EVENT13: 1090 47a0ea_47a4bf_47a62a_47a74b
COMP 4c-0: 48221e_48259e_4826d7_4827cb (7 14.88 0 14.00 1 16.00){0.00 0.00 0.00 0.00 6.00 0}{6.00 0.00 0.00 0.00 12.00 0}{12.00 14.00 14.86 16.00 18.00 7}{18.00 0.00 0.00 0.00 24.00 0}{24.00 0.00 0.00 0.00 30.00 0}
COMM 4b-0: 48221e_48259e_4826d7_4827cb (7 1.50 0 1.00 0 3.00){0.00 1.00 1.00 1.00 1.20 6}{1.20 0.00 0.00 0.00 2.40 0}{2.40 3.00 3.00 3.00 3.60 1}{3.60 0.00 0.00 0.00 4.80 0}{4.80 0.00 0.00 0.00 6.00 0}
10 2 
12 ( 20480 10240 )[ 1 -1 0 1 0 ]
12 ( 10240 )[ 1 -1 1 3 1 ]
14 16 
1b 0 
2b 2147483647 

RANKS: 1 -1 0 4 1
EVENT14: 1148 48b179_48b3fd_48b4d1_48b58a
COMP 4c-0: 47a0ea_47a4bf_47a62a_47a74b (7 15.25 0 15.00 0 16.00){0.00 0.00 0.00 0.00 6.40 0}{6.40 0.00 0.00 0.00 12.80 0}{12.80 15.00 15.14 16.00 19.20 7}{19.20 0.00 0.00 0.00 25.60 0}{25.60 0.00 0.00 0.00 32.00 0}
COMM 4b-0: 47a0ea_47a4bf_47a62a_47a74b (7 2849.38 1 51.00 0 11114.00){0.00 51.00 94.50 251.00 4445.60 6}{4445.60 0.00 0.00 0.00 8891.20 0}{8891.20 11114.00 11114.00 11114.00 13336.80 1}{13336.80 0.00 0.00 0.00 17782.40 0}{17782.40 0.00 0.00 0.00 22228.00 0}
1c 9999 

RANKS: 1 -1 0 8 1
EVENT15: 1004 46a653_46a9b3_46aaf6_46abe8
COMP 4c-0: 48221e_48259e_4826d7_4827cb (4 22379.60 4 21805.00 5 23238.00){0.00 0.00 0.00 0.00 8723.60 0}{8723.60 0.00 0.00 0.00 17447.20 0}{17447.20 21805.00 22522.25 23238.00 26170.80 4}{26170.80 0.00 0.00 0.00 34894.40 0}{34894.40 0.00 0.00 0.00 43618.00 0}
COMP 4c-1: 48b179_48b3fd_48b4d1_48b58a (4 22401.80 3 21831.00 3 23254.00){0.00 0.00 0.00 0.00 8734.00 0}{8734.00 0.00 0.00 0.00 17468.00 0}{17468.00 21831.00 22543.50 23254.00 26202.00 4}{26202.00 0.00 0.00 0.00 34936.00 0}{34936.00 0.00 0.00 0.00 43670.00 0}
COMM 4b-0: 48221e_48259e_4826d7_4827cb (4 390.20 5 28.00 7 643.00){0.00 28.00 29.00 30.00 257.20 2}{257.20 0.00 0.00 0.00 514.40 0}{514.40 607.00 625.00 643.00 771.60 2}{771.60 0.00 0.00 0.00 1028.80 0}{1028.80 0.00 0.00 0.00 1286.00 0}
COMM 4b-1: 48b179_48b3fd_48b4d1_48b58a (4 395.80 2 80.00 3 657.00){0.00 80.00 86.00 92.00 230.00 2}{230.00 0.00 0.00 0.00 460.00 0}{460.00 575.00 616.00 657.00 690.00 2}{690.00 0.00 0.00 0.00 920.00 0}{920.00 0.00 0.00 0.00 1150.00 0}
10 2 
12 5 
14 16 
18 3 

RANKS: 1 -1 0 8 1
EVENT16: 1010 46cfe4_46d219_46d2bd_46d339
COMP 4c-0: 46a653_46a9b3_46aaf6_46abe8 (8 14.56 0 14.00 7 15.00){0.00 0.00 0.00 0.00 5.60 0}{5.60 0.00 0.00 0.00 11.20 0}{11.20 14.00 14.62 15.00 16.80 8}{16.80 0.00 0.00 0.00 22.40 0}{22.40 0.00 0.00 0.00 28.00 0}
COMM 4b-0: 46a653_46a9b3_46aaf6_46abe8 (8 126.00 2 15.00 5 260.00){0.00 0.00 0.00 0.00 10.40 0}{10.40 15.00 15.00 15.00 20.80 1}{20.80 26.00 26.00 26.00 52.00 1}{52.00 132.00 139.75 154.00 212.00 4}{212.00 248.00 254.00 260.00 308.00 2}
10 2 

RANKS: 2 -2 1 2 3 2 1 -1 6 1 0
EVENT17: 1102 47d75d_47db22_47dc8c_47ddab
COMP 4c-0: 46cfe4_46d219_46d2bd_46d339 (5 1725.33 4 1637.00 1 1743.00){0.00 0.00 0.00 0.00 697.20 0}{697.20 0.00 0.00 0.00 1394.40 0}{1394.40 1637.00 1721.80 1743.00 2091.60 5}{2091.60 0.00 0.00 0.00 2788.80 0}{2788.80 0.00 0.00 0.00 3486.00 0}
COMP 4c-1: 47d75d_47db22_47dc8c_47ddab (124 15.06 5 15.00 5 16.00){0.00 0.00 0.00 0.00 6.00 0}{6.00 0.00 0.00 0.00 12.00 0}{12.00 15.00 15.06 16.00 18.00 124}{18.00 0.00 0.00 0.00 24.00 0}{24.00 0.00 0.00 0.00 30.00 0}
COMP 4c-2: 48221e_48259e_4826d7_4827cb (367 389.92 4 357.00 1 402.00){0.00 0.00 0.00 0.00 159.20 0}{159.20 0.00 0.00 0.00 318.40 0}{318.40 357.00 389.90 402.00 477.60 367}{477.60 0.00 0.00 0.00 636.80 0}{636.80 0.00 0.00 0.00 796.00 0}
COMM 4b-0: 46cfe4_46d219_46d2bd_46d339 (5 119.00 1 8.00 6 362.00){0.00 0.00 0.00 0.00 3.20 0}{3.20 0.00 0.00 0.00 6.40 0}{6.40 8.00 8.00 8.00 16.00 2}{16.00 35.00 35.00 35.00 54.00 1}{54.00 293.00 327.50 362.00 532.00 2}
COMM 4b-1: 47d75d_47db22_47dc8c_47ddab (124 6.34 6 1.00 5 114.00){0.00 1.00 2.06 3.00 3.60 71}{3.60 4.00 4.68 7.00 7.20 22}{7.20 7.82 8.12 14.00 14.40 25}{14.40 18.00 18.00 18.00 18.00 1}{18.00 19.00 62.80 114.00 178.00 5}
COMM 4b-2: 48221e_48259e_4826d7_4827cb (367 27.48 1 1.00 4 5096.00){0.00 1.00 2.92 6.00 6.40 288}{6.40 7.00 7.00 7.00 8.00 7}{8.00 11.00 17.67 26.00 44.00 3}{44.00 53.97 56.87 170.00 220.00 67}{220.00 260.00 2678.00 5096.00 9972.00 2}
LOOP0: iter: ( 62 )[ 1 -2 1 2 4 2 1 ]( 124 )[ 1 -1 4 1 0 ] mem: ( 2 )[ 2 -2 1 2 3 2 1 -1 6 1 0 ]
LOOP1: iter: ( 2 )[ 1 -1 5 2 1 ] mem: ( 1 )[ 1 -1 5 2 1 ]
10 2 
12 ( 155 )[ 1 -1 1 2 1 ]
12 ( 155 80 )[ 1 -1 5 2 1 ]
12 ( 75 75 75 75 75 75 75 75 75 75 75 75 75 75 75 75 75 75 75 75 75 75 75 75 75 75 75 75 75 75 75 75 75 75 75 75 75 75 75 75 75 75 75 75 75 75 75 75 75 75 75 75 75 75 75 75 75 75 75 75 75 75 155 155 155 155 155 155 155 155 155 155 155 155 155 155 155 155 155 155 155 155 155 155 155 155 155 155 155 155 155 155 155 155 155 155 155 155 155 155 155 155 155 155 155 155 155 155 155 155 155 155 155 155 155 155 155 155 155 155 155 155 155 155 )[ 1 -1 4 1 0 ]
14 16 
1b 0 
2b ( 7 )[ 1 -1 1 2 1 ]
2b ( 7 4 )[ 1 -1 5 2 1 ]
2b ( 4 4 4 4 4 4 4 4 4 4 4 4 4 4 4 4 4 4 4 4 4 4 4 4 4 4 4 4 4 4 4 4 4 4 4 4 4 4 4 4 4 4 4 4 4 4 4 4 4 4 4 4 4 4 4 4 4 4 4 4 4 4 1 1 1 1 1 1 1 1 1 1 1 1 1 1 1 1 1 1 1 1 1 1 1 1 1 1 1 1 1 1 1 1 1 1 1 1 1 1 1 1 1 1 1 1 1 1 1 1 1 1 1 1 1 1 1 1 1 1 1 1 1 1 )[ 1 -1 4 1 0 ]

RANKS: 1 -2 0 2 4 3 1
EVENT18: 1113 48221e_48259e_4826d7_4827cb
COMP 4c-0: 46cfe4_46d219_46d2bd_46d339 (1 1952.00 0 1952.00 0 1952.00){0.00 0.00 0.00 0.00 780.80 0}{780.80 0.00 0.00 0.00 1561.60 0}{1561.60 1952.00 1952.00 1952.00 2342.40 1}{2342.40 0.00 0.00 0.00 3123.20 0}{3123.20 0.00 0.00 0.00 3904.00 0}
COMP 4c-1: 47d75d_47db22_47dc8c_47ddab (372 344.52 4 326.00 5 353.00){0.00 0.00 0.00 0.00 140.80 0}{140.80 0.00 0.00 0.00 281.60 0}{281.60 326.00 344.50 353.00 422.40 372}{422.40 0.00 0.00 0.00 563.20 0}{563.20 0.00 0.00 0.00 704.00 0}
COMP 4c-2: 48221e_48259e_4826d7_4827cb (247 181.52 0 15.00 0 691.00){0.00 0.00 0.00 0.00 6.00 0}{6.00 0.00 0.00 0.00 12.00 0}{12.00 15.00 15.58 17.00 24.00 186}{24.00 0.00 0.00 0.00 30.00 0}{30.00 690.00 690.25 691.00 1350.00 61}
COMM 4b-0: 46cfe4_46d219_46d2bd_46d339 (1 4.00 0 4.00 0 4.00){0.00 0.00 0.00 0.00 1.60 0}{1.60 0.00 0.00 0.00 3.20 0}{3.20 4.00 4.00 4.00 4.80 1}{4.80 0.00 0.00 0.00 6.40 0}{6.40 0.00 0.00 0.00 8.00 0}
COMM 4b-1: 47d75d_47db22_47dc8c_47ddab (372 4.08 1 2.00 5 88.00){0.00 0.00 0.00 0.00 1.20 0}{1.20 2.00 2.18 2.34 2.40 221}{2.40 2.40 2.77 4.00 4.80 140}{4.80 0.00 0.00 0.00 6.00 0}{6.00 10.00 58.91 88.00 168.00 11}
COMM 4b-2: 48221e_48259e_4826d7_4827cb (247 2.59 0 1.00 0 101.00){0.00 0.00 0.00 0.00 0.80 0}{0.80 1.00 1.00 1.00 1.60 85}{1.60 2.00 2.00 2.00 2.40 137}{2.40 3.00 3.00 3.00 4.00 20}{4.00 9.00 44.40 101.00 198.00 5}
LOOP0: iter: ( 124 )[ 1 -1 0 1 0 ]( 2 )[ 1 -1 1 2 1 ] mem: ( 1 )[ 1 -1 0 3 1 ]
10 2 
12 ( 155 75 )[ 1 -1 0 1 0 ]
12 ( 155 80 )[ 1 -1 1 2 1 ]
12 ( 155 )[ 1 -1 5 2 1 ]
12 ( 155 155 155 155 155 155 155 155 155 155 155 155 155 155 155 155 155 155 155 155 155 155 155 155 155 155 155 155 155 155 155 155 155 155 155 155 155 155 155 155 155 155 155 155 155 155 155 155 155 155 155 155 155 155 155 155 155 155 155 155 155 155 75 75 75 75 75 75 75 75 75 75 75 75 75 75 75 75 75 75 75 75 75 75 75 75 75 75 75 75 75 75 75 75 75 75 75 75 75 75 75 75 75 75 75 75 75 75 75 75 75 75 75 75 75 75 75 75 75 75 75 75 75 75 )[ 1 -1 4 1 0 ]
14 16 
1a ( 1 4 )[ 1 -1 0 3 1 ]
1a ( 1 )[ 1 -1 5 2 1 ]
1a ( 1 1 1 1 1 1 1 1 1 1 1 1 1 1 1 1 1 1 1 1 1 1 1 1 1 1 1 1 1 1 1 1 1 1 1 1 1 1 1 1 1 1 1 1 1 1 1 1 1 1 1 1 1 1 1 1 1 1 1 1 1 1 4 4 4 4 4 4 4 4 4 4 4 4 4 4 4 4 4 4 4 4 4 4 4 4 4 4 4 4 4 4 4 4 4 4 4 4 4 4 4 4 4 4 4 4 4 4 4 4 4 4 4 4 4 4 4 4 4 4 4 4 4 4 )[ 1 -1 4 1 0 ]
1b 0 

RANKS: 2 -1 0 4 1 -1 5 3 1
EVENT19: 1102 47d75d_47db22_47dc8c_47ddab
COMP 4c-0: 46cfe4_46d219_46d2bd_46d339 (2 1637.00 3 1637.00 3 1637.00){0.00 0.00 0.00 0.00 654.80 0}{654.80 0.00 0.00 0.00 1309.60 0}{1309.60 1637.00 1637.00 1637.00 1964.40 2}{1964.40 0.00 0.00 0.00 2619.20 0}{2619.20 0.00 0.00 0.00 3274.00 0}
COMP 4c-1: 47d75d_47db22_47dc8c_47ddab (370 233.82 1 15.00 7 691.00){0.00 0.00 0.00 0.00 6.40 0}{6.40 0.00 0.00 0.00 12.80 0}{12.80 15.00 16.02 17.00 25.60 248}{25.60 0.00 0.00 0.00 32.00 0}{32.00 666.00 678.35 691.00 1300.00 122}
COMP 4c-2: 48221e_48259e_4826d7_4827cb (372 376.08 0 356.00 3 382.00){0.00 0.00 0.00 0.00 142.40 0}{142.40 0.00 0.00 0.00 284.80 0}{284.80 356.00 376.14 382.00 427.20 372}{427.20 0.00 0.00 0.00 569.60 0}{569.60 0.00 0.00 0.00 712.00 0}
COMM 4b-0: 46cfe4_46d219_46d2bd_46d339 (2 379.00 3 340.00 7 457.00){0.00 0.00 0.00 0.00 136.00 0}{136.00 0.00 0.00 0.00 272.00 0}{272.00 340.00 340.00 340.00 408.00 1}{408.00 457.00 457.00 457.00 544.00 1}{544.00 0.00 0.00 0.00 680.00 0}
COMM 4b-1: 47d75d_47db22_47dc8c_47ddab (370 25.01 0 1.00 0 405.00){0.00 0.00 0.00 0.00 0.80 0}{0.80 1.00 1.05 1.54 1.60 146}{1.60 2.00 2.52 4.00 4.00 96}{4.00 5.00 60.52 84.00 92.00 119}{92.00 102.00 186.67 405.00 718.00 9}
COMM 4b-2: 48221e_48259e_4826d7_4827cb (372 54.38 3 1.00 0 5491.00){0.00 1.00 25.08 1052.00 2196.40 371}{2196.40 0.00 0.00 0.00 4392.80 0}{4392.80 5491.00 5491.00 5491.00 6589.20 1}{6589.20 0.00 0.00 0.00 8785.60 0}{8785.60 0.00 0.00 0.00 10982.00 0}
LOOP0: iter: ( 124 )[ 2 -1 0 2 3 -1 7 1 0 ]( 62 )[ 1 -2 1 2 4 2 1 ] mem: ( 1 )[ 1 -1 0 2 7 ]( 2 )[ 2 -1 1 3 1 -1 5 2 1 ]
LOOP1: iter: ( 2 )[ 1 -1 1 2 1 ] mem: ( 1 )[ 1 -1 1 2 1 ]
10 2 
12 ( 155 75 )[ 1 -1 0 2 7 ]
12 ( 155 80 )[ 1 -1 1 2 1 ]
12 ( 155 155 155 155 155 155 155 155 155 155 155 155 155 155 155 155 155 155 155 155 155 155 155 155 155 155 155 155 155 155 155 155 155 155 155 155 155 155 155 155 155 155 155 155 155 155 155 155 155 155 155 155 155 155 155 155 155 155 155 155 155 155 75 75 75 75 75 75 75 75 75 75 75 75 75 75 75 75 75 75 75 75 75 75 75 75 75 75 75 75 75 75 75 75 75 75 75 75 75 75 75 75 75 75 75 75 75 75 75 75 75 75 75 75 75 75 75 75 75 75 75 75 75 75 )[ 1 -1 3 1 0 ]
12 ( 155 )[ 1 -1 5 2 1 ]
14 16 
1b 0 
2b ( 1 4 )[ 1 -1 0 3 1 ]
2b ( 7 7 7 7 7 7 7 7 7 7 7 7 7 7 7 7 7 7 7 7 7 7 7 7 7 7 7 7 7 7 7 7 7 7 7 7 7 7 7 7 7 7 7 7 7 7 7 7 7 7 7 7 7 7 7 7 7 7 7 7 7 7 4 4 4 4 4 4 4 4 4 4 4 4 4 4 4 4 4 4 4 4 4 4 4 4 4 4 4 4 4 4 4 4 4 4 4 4 4 4 4 4 4 4 4 4 4 4 4 4 4 4 4 4 4 4 4 4 4 4 4 4 4 4 )[ 1 -1 3 1 0 ]
2b ( 7 4 )[ 1 -1 7 1 0 ]
2b ( 1 )[ 1 -1 5 2 1 ]

RANKS: 1 -1 1 7 1
EVENT20: 1113 48221e_48259e_4826d7_4827cb
COMP 4c-0: 46a653_46a9b3_46aaf6_46abe8 (1 65107.00 4 65107.00 4 65107.00){0.00 0.00 0.00 0.00 26042.80 0}{26042.80 0.00 0.00 0.00 52085.60 0}{52085.60 65107.00 65107.00 65107.00 78128.40 1}{78128.40 0.00 0.00 0.00 104171.20 0}{104171.20 0.00 0.00 0.00 130214.00 0}
COMP 4c-1: 47d75d_47db22_47dc8c_47ddab (373 342.73 3 326.00 7 982.00){0.00 0.00 0.00 0.00 139.20 0}{139.20 0.00 0.00 0.00 278.40 0}{278.40 326.00 341.00 348.00 556.80 372}{556.80 0.00 0.00 0.00 696.00 0}{696.00 982.00 982.00 982.00 1268.00 1}
COMP 4c-2: 48221e_48259e_4826d7_4827cb (248 186.81 7 15.00 4 2929.00){0.00 0.00 0.00 0.00 6.00 0}{6.00 0.00 0.00 0.00 12.00 0}{12.00 15.00 15.54 17.00 30.00 186}{30.00 666.00 666.90 667.00 1302.00 61}{1302.00 2929.00 2929.00 2929.00 4556.00 1}
COMM 4b-0: 46a653_46a9b3_46aaf6_46abe8 (1 883.00 4 883.00 4 883.00){0.00 0.00 0.00 0.00 353.20 0}{353.20 0.00 0.00 0.00 706.40 0}{706.40 883.00 883.00 883.00 1059.60 1}{1059.60 0.00 0.00 0.00 1412.80 0}{1412.80 0.00 0.00 0.00 1766.00 0}
COMM 4b-1: 47d75d_47db22_47dc8c_47ddab (373 3.29 1 2.00 3 89.00){0.00 0.00 0.00 0.00 1.60 0}{1.60 2.00 2.00 2.00 2.40 132}{2.40 2.51 2.75 4.00 4.00 232}{4.00 10.00 11.67 15.00 16.00 6}{16.00 84.00 85.67 89.00 162.00 3}
COMM 4b-2: 48221e_48259e_4826d7_4827cb (248 2.96 7 1.00 4 122.00){0.00 0.00 0.00 0.00 0.80 0}{0.80 1.00 1.17 1.35 1.60 123}{1.60 2.00 2.00 2.00 2.00 91}{2.00 3.00 3.00 3.00 4.00 29}{4.00 13.00 64.60 122.00 174.00 5}
LOOP0: iter: ( 124 )[ 1 -1 7 1 0 ]( 2 )[ 1 -1 4 3 1 ] mem: ( 1 )[ 1 -1 5 3 1 ]( 5 )[ 1 -1 4 1 0 ]
10 2 
12 ( 155 )[ 1 -1 1 2 1 ]
12 ( 75 75 75 75 75 75 75 75 75 75 75 75 75 75 75 75 75 75 75 75 75 75 75 75 75 75 75 75 75 75 75 75 75 75 75 75 75 75 75 75 75 75 75 75 75 75 75 75 75 75 75 75 75 75 75 75 75 75 75 75 75 75 155 155 155 155 155 155 155 155 155 155 155 155 155 155 155 155 155 155 155 155 155 155 155 155 155 155 155 155 155 155 155 155 155 155 155 155 155 155 155 155 155 155 155 155 155 155 155 155 155 155 155 155 155 155 155 155 155 155 155 155 155 155 )[ 1 -1 3 1 0 ]
12 ( 155 75 )[ 1 -1 7 1 0 ]
12 ( 155 80 )[ 1 -1 5 2 1 ]
12 ( 20480 )[ 1 -1 4 1 0 ]
14 16 
1a ( 7 )[ 1 -1 1 2 1 ]
1a ( 4 4 4 4 4 4 4 4 4 4 4 4 4 4 4 4 4 4 4 4 4 4 4 4 4 4 4 4 4 4 4 4 4 4 4 4 4 4 4 4 4 4 4 4 4 4 4 4 4 4 4 4 4 4 4 4 4 4 4 4 4 4 7 7 7 7 7 7 7 7 7 7 7 7 7 7 7 7 7 7 7 7 7 7 7 7 7 7 7 7 7 7 7 7 7 7 7 7 7 7 7 7 7 7 7 7 7 7 7 7 7 7 7 7 7 7 7 7 7 7 7 7 7 7 )[ 1 -1 3 1 0 ]
1a ( 7 4 )[ 1 -1 5 3 1 ]
1a ( 1 )[ 1 -1 4 1 0 ]
1b 0 

RANKS: 1 -1 1 7 1
EVENT21: 1090 47a0ea_47a4bf_47a62a_47a74b
COMP 4c-0: 46a653_46a9b3_46aaf6_46abe8 (6 67477.71 3 65038.00 5 68455.00){0.00 0.00 0.00 0.00 27380.40 0}{27380.40 0.00 0.00 0.00 54760.80 0}{54760.80 65038.00 67315.50 68455.00 82141.20 6}{82141.20 0.00 0.00 0.00 109521.60 0}{109521.60 0.00 0.00 0.00 136902.00 0}
COMP 4c-1: 48221e_48259e_4826d7_4827cb (10 3773.55 4 15.00 7 10525.00){0.00 15.00 15.00 15.00 1178.00 2}{1178.00 0.00 0.00 0.00 2356.00 0}{2356.00 2850.00 2914.00 2946.00 4712.00 6}{4712.00 0.00 0.00 0.00 5890.00 0}{5890.00 10525.00 10525.00 10525.00 15160.00 2}
COMP 4c-2: 48b179_48b3fd_48b4d1_48b58a (10 1993.18 1 87.00 4 10571.00){0.00 0.00 0.00 0.00 34.80 0}{34.80 0.00 0.00 0.00 69.60 0}{69.60 87.00 87.00 87.00 139.20 8}{139.20 0.00 0.00 0.00 174.00 0}{174.00 10571.00 10571.00 10571.00 20968.00 2}
COMM 4b-0: 46a653_46a9b3_46aaf6_46abe8 (6 1.14 1 1.00 3 2.00){0.00 0.00 0.00 0.00 0.40 0}{0.40 0.00 0.00 0.00 0.80 0}{0.80 1.00 1.00 1.00 1.20 5}{1.20 0.00 0.00 0.00 1.60 0}{1.60 2.00 2.00 2.00 2.00 1}
COMM 4b-1: 48221e_48259e_4826d7_4827cb (10 2.27 2 1.00 3 9.00){0.00 0.00 0.00 0.00 0.80 0}{0.80 1.00 1.00 1.00 1.60 4}{1.60 2.00 2.00 2.00 3.20 5}{3.20 0.00 0.00 0.00 4.00 0}{4.00 9.00 9.00 9.00 14.00 1}
COMM 4b-2: 48b179_48b3fd_48b4d1_48b58a (10 1.36 1 1.00 2 3.00){0.00 0.00 0.00 0.00 0.40 0}{0.40 0.00 0.00 0.00 0.80 0}{0.80 1.00 1.00 1.00 1.60 8}{1.60 0.00 0.00 0.00 2.00 0}{2.00 3.00 3.00 3.00 4.00 2}
LOOP0: iter: ( 2 )[ 1 -1 1 7 1 ] mem: ( 7 )[ 1 -2 1 2 4 2 1 ]( 6 )[ 1 -1 3 1 0 ]( 4 )[ 1 -1 7 1 0 ]( 2 )[ 1 -1 4 1 0 ]
LOOP1: iter: ( 2 )[ 2 -2 1 2 4 2 1 -1 7 1 0 ] mem: ( 3 )[ 2 -2 1 2 4 2 1 -1 7 1 0 ]
10 2 
12 ( 20480 )[ 2 -1 1 3 1 -1 5 2 1 ]
12 ( 20480 10240 )[ 1 -1 4 2 3 ]
14 16 
1b 0 
2b 2147483647 

RANKS: 1 -2 1 2 4 2 1
EVENT22: 1113 48221e_48259e_4826d7_4827cb
COMP 4c-0: 47a0ea_47a4bf_47a62a_47a74b (16 89.12 1 87.00 1 91.00){0.00 0.00 0.00 0.00 36.40 0}{36.40 0.00 0.00 0.00 72.80 0}{72.80 87.00 89.00 91.00 109.20 16}{109.20 0.00 0.00 0.00 145.60 0}{145.60 0.00 0.00 0.00 182.00 0}
COMM 4b-0: 47a0ea_47a4bf_47a62a_47a74b (16 116.24 5 97.00 2 162.00){0.00 0.00 0.00 0.00 40.40 0}{40.40 0.00 0.00 0.00 80.80 0}{80.80 97.00 100.80 103.00 121.20 10}{121.20 129.00 141.00 148.00 161.60 5}{161.60 162.00 162.00 162.00 202.00 1}
10 2 
12 20480 
14 16 
1a 1 7 
1b 0 

RANKS: 1 -1 1 7 1
EVENT23: 1148 48b179_48b3fd_48b4d1_48b58a
COMP 4c-0: 47a0ea_47a4bf_47a62a_47a74b (10 14.91 7 14.00 3 15.00){0.00 0.00 0.00 0.00 6.00 0}{6.00 0.00 0.00 0.00 12.00 0}{12.00 14.00 14.90 15.00 18.00 10}{18.00 0.00 0.00 0.00 24.00 0}{24.00 0.00 0.00 0.00 30.00 0}
COMP 4c-1: 48221e_48259e_4826d7_4827cb (16 14.88 5 14.00 1 15.00){0.00 0.00 0.00 0.00 6.00 0}{6.00 0.00 0.00 0.00 12.00 0}{12.00 14.00 14.88 15.00 18.00 16}{18.00 0.00 0.00 0.00 24.00 0}{24.00 0.00 0.00 0.00 30.00 0}
COMM 4b-0: 47a0ea_47a4bf_47a62a_47a74b (10 1329.00 7 51.00 7 3993.00){0.00 51.00 419.75 863.00 1453.60 8}{1453.60 0.00 0.00 0.00 2907.20 0}{2907.20 3634.00 3813.50 3993.00 4360.80 2}{4360.80 0.00 0.00 0.00 5814.40 0}{5814.40 0.00 0.00 0.00 7268.00 0}
COMM 4b-1: 48221e_48259e_4826d7_4827cb (16 28.12 1 0.00 6 252.00){0.00 0.00 1.38 4.00 10.00 13}{10.00 0.00 0.00 0.00 20.00 0}{20.00 25.00 25.00 25.00 40.00 1}{40.00 0.00 0.00 0.00 50.00 0}{50.00 158.00 205.00 252.00 266.00 2}
1c 9999 

RANKS: 2 -1 0 5 1 -1 7 1 0
EVENT24: 1113 48221e_48259e_4826d7_4827cb
COMP 4c-0: 46a653_46a9b3_46aaf6_46abe8 (1 65103.00 0 65103.00 0 65103.00){0.00 0.00 0.00 0.00 26041.20 0}{26041.20 0.00 0.00 0.00 52082.40 0}{52082.40 65103.00 65103.00 65103.00 78123.60 1}{78123.60 0.00 0.00 0.00 104164.80 0}{104164.80 0.00 0.00 0.00 130206.00 0}
COMP 4c-1: 47d75d_47db22_47dc8c_47ddab (1 3237.00 0 3237.00 0 3237.00){0.00 0.00 0.00 0.00 1294.80 0}{1294.80 0.00 0.00 0.00 2589.60 0}{2589.60 3237.00 3237.00 3237.00 3884.40 1}{3884.40 0.00 0.00 0.00 5179.20 0}{5179.20 0.00 0.00 0.00 6474.00 0}
COMP 4c-2: 48221e_48259e_4826d7_4827cb (2 10562.00 3 10562.00 3 10562.00){0.00 0.00 0.00 0.00 4224.80 0}{4224.80 0.00 0.00 0.00 8449.60 0}{8449.60 10562.00 10562.00 10562.00 12674.40 2}{12674.40 0.00 0.00 0.00 16899.20 0}{16899.20 0.00 0.00 0.00 21124.00 0}
COMP 4c-3: 48b179_48b3fd_48b4d1_48b58a (14 5234.80 7 86.00 1 11428.00){0.00 86.00 123.25 160.00 4243.20 8}{4243.20 0.00 0.00 0.00 8486.40 0}{8486.40 10608.00 11154.67 11428.00 12729.60 6}{12729.60 0.00 0.00 0.00 16972.80 0}{16972.80 0.00 0.00 0.00 21216.00 0}
COMM 4b-0: 46a653_46a9b3_46aaf6_46abe8 (1 716.00 0 716.00 0 716.00){0.00 0.00 0.00 0.00 286.40 0}{286.40 0.00 0.00 0.00 572.80 0}{572.80 716.00 716.00 716.00 859.20 1}{859.20 0.00 0.00 0.00 1145.60 0}{1145.60 0.00 0.00 0.00 1432.00 0}
COMM 4b-1: 47d75d_47db22_47dc8c_47ddab (1 111.00 0 111.00 0 111.00){0.00 0.00 0.00 0.00 44.40 0}{44.40 0.00 0.00 0.00 88.80 0}{88.80 111.00 111.00 111.00 133.20 1}{133.20 0.00 0.00 0.00 177.60 0}{177.60 0.00 0.00 0.00 222.00 0}
COMM 4b-2: 48221e_48259e_4826d7_4827cb (2 58.33 3 57.00 3 59.00){0.00 0.00 0.00 0.00 23.60 0}{23.60 0.00 0.00 0.00 47.20 0}{47.20 57.00 58.00 59.00 70.80 2}{70.80 0.00 0.00 0.00 94.40 0}{94.40 0.00 0.00 0.00 118.00 0}
COMM 4b-3: 48b179_48b3fd_48b4d1_48b58a (14 112.60 1 57.00 7 350.00){0.00 0.00 0.00 0.00 46.40 0}{46.40 57.00 57.75 60.00 69.60 8}{69.60 83.00 87.00 91.00 116.00 2}{116.00 192.00 215.00 259.00 268.00 3}{268.00 350.00 350.00 350.00 432.00 1}
LOOP0: iter: ( 2 )[ 1 -1 0 2 3 ] mem: ( 4 )[ 1 -1 0 1 0 ]( 1 )[ 1 -1 3 1 0 ]
LOOP1: iter: ( 2 )[ 1 -1 0 1 0 ] mem: ( 3 )[ 1 -1 0 1 0 ]
10 2 
12 ( 20480 10240 )[ 2 -1 0 2 3 -1 7 1 0 ]
12 ( 10240 )[ 2 -1 1 2 1 -1 4 1 0 ]
14 16 
1a ( 1 4 )[ 1 -1 0 1 0 ]
1a ( 4 )[ 2 -1 1 2 1 -1 4 1 0 ]
1a ( 7 4 )[ 1 -1 3 2 4 ]
1b 0 

RANKS: 2 -1 0 4 1 -1 5 2 1
EVENT25: 1090 47a0ea_47a4bf_47a62a_47a74b
COMP 4c-0: 48221e_48259e_4826d7_4827cb (10 14.55 0 14.00 1 16.00){0.00 0.00 0.00 0.00 5.60 0}{5.60 0.00 0.00 0.00 11.20 0}{11.20 14.00 14.60 16.00 16.80 10}{16.80 0.00 0.00 0.00 22.40 0}{22.40 0.00 0.00 0.00 28.00 0}
COMP 4c-1: 48b179_48b3fd_48b4d1_48b58a (4 11392.00 5 11392.00 5 11392.00){0.00 0.00 0.00 0.00 4556.80 0}{4556.80 0.00 0.00 0.00 9113.60 0}{9113.60 11392.00 11392.00 11392.00 13670.40 4}{13670.40 0.00 0.00 0.00 18227.20 0}{18227.20 0.00 0.00 0.00 22784.00 0}
COMM 4b-0: 48221e_48259e_4826d7_4827cb (10 1.00 0 1.00 0 1.00){0.00 0.00 0.00 0.00 0.40 0}{0.40 0.00 0.00 0.00 0.80 0}{0.80 1.00 1.00 1.00 1.20 10}{1.20 0.00 0.00 0.00 1.60 0}{1.60 0.00 0.00 0.00 2.00 0}
COMM 4b-1: 48b179_48b3fd_48b4d1_48b58a (4 1.00 5 1.00 5 1.00){0.00 0.00 0.00 0.00 0.40 0}{0.40 0.00 0.00 0.00 0.80 0}{0.80 1.00 1.00 1.00 1.20 4}{1.20 0.00 0.00 0.00 1.60 0}{1.60 0.00 0.00 0.00 2.00 0}
10 2 
12 ( 20480 10240 )[ 1 -1 0 1 0 ]
12 ( 10240 )[ 2 -1 1 3 1 -1 5 2 1 ]
14 16 
1b 0 
2b 2147483647 

RANKS: 2 -1 0 4 1 -1 5 2 1
EVENT26: 1148 48b179_48b3fd_48b4d1_48b58a
COMP 4c-0: 47a0ea_47a4bf_47a62a_47a74b (14 14.73 5 14.00 0 15.00){0.00 0.00 0.00 0.00 6.00 0}{6.00 0.00 0.00 0.00 12.00 0}{12.00 14.00 14.71 15.00 18.00 14}{18.00 0.00 0.00 0.00 24.00 0}{24.00 0.00 0.00 0.00 30.00 0}
COMM 4b-0: 47a0ea_47a4bf_47a62a_47a74b (14 158.00 1 50.00 6 614.00){0.00 50.00 56.10 67.00 68.00 10}{68.00 0.00 0.00 0.00 136.00 0}{136.00 170.00 170.00 170.00 204.00 1}{204.00 260.00 260.00 260.00 340.00 1}{340.00 595.00 604.50 614.00 850.00 2}
1c 9999 

RANKS: 1 -1 5 2 1
EVENT27: 1113 48221e_48259e_4826d7_4827cb
COMP 4c-0: 48b179_48b3fd_48b4d1_48b58a (4 86.00 5 86.00 5 86.00){0.00 0.00 0.00 0.00 34.40 0}{34.40 0.00 0.00 0.00 68.80 0}{68.80 86.00 86.00 86.00 103.20 4}{103.20 0.00 0.00 0.00 137.60 0}{137.60 0.00 0.00 0.00 172.00 0}
COMM 4b-0: 48b179_48b3fd_48b4d1_48b58a (4 69.20 6 67.00 5 72.00){0.00 0.00 0.00 0.00 27.20 0}{27.20 0.00 0.00 0.00 54.40 0}{54.40 67.00 69.50 72.00 81.60 4}{81.60 0.00 0.00 0.00 108.80 0}{108.80 0.00 0.00 0.00 136.00 0}
10 2 
12 10240 
14 16 
1a 4 
1b 0 

RANKS: 1 -1 0 8 1
EVENT28: 1004 46a653_46a9b3_46aaf6_46abe8
COMP 4c-0: 48221e_48259e_4826d7_4827cb (8 21721.22 4 20547.00 5 23228.00){0.00 0.00 0.00 0.00 8220.00 0}{8220.00 0.00 0.00 0.00 16440.00 0}{16440.00 20547.00 21867.62 23228.00 24660.00 8}{24660.00 0.00 0.00 0.00 32880.00 0}{32880.00 0.00 0.00 0.00 41100.00 0}
COMP 4c-1: 48b179_48b3fd_48b4d1_48b58a (8 21746.78 3 20573.00 3 23253.00){0.00 0.00 0.00 0.00 8230.40 0}{8230.40 0.00 0.00 0.00 16460.80 0}{16460.80 20573.00 21893.12 23253.00 24691.20 8}{24691.20 0.00 0.00 0.00 32921.60 0}{32921.60 0.00 0.00 0.00 41152.00 0}
COMM 4b-0: 48221e_48259e_4826d7_4827cb (8 371.89 5 19.00 7 725.00){0.00 19.00 31.75 45.00 290.00 4}{290.00 579.00 579.00 579.00 580.00 1}{580.00 581.00 638.67 725.00 870.00 3}{870.00 0.00 0.00 0.00 1160.00 0}{1160.00 0.00 0.00 0.00 1450.00 0}
COMM 4b-1: 48b179_48b3fd_48b4d1_48b58a (8 342.78 1 9.00 3 750.00){0.00 9.00 18.75 34.00 215.60 4}{215.60 0.00 0.00 0.00 431.20 0}{431.20 539.00 573.67 631.00 646.80 3}{646.80 750.00 750.00 750.00 862.40 1}{862.40 0.00 0.00 0.00 1078.00 0}
10 2 
12 1 5 
14 16 
18 1 3 

RANKS: 1 -1 0 8 1
EVENT29: 1010 46cfe4_46d219_46d2bd_46d339
COMP 4c-0: 46a653_46a9b3_46aaf6_46abe8 (8 23.00 7 20.00 1 25.00){0.00 0.00 0.00 0.00 8.40 0}{8.40 0.00 0.00 0.00 16.80 0}{16.80 20.00 23.25 25.00 25.20 8}{25.20 0.00 0.00 0.00 33.60 0}{33.60 0.00 0.00 0.00 42.00 0}
COMM 4b-0: 46a653_46a9b3_46aaf6_46abe8 (8 22.11 6 8.00 0 39.00){0.00 8.00 12.20 15.00 15.60 5}{15.60 28.00 28.00 28.00 31.20 1}{31.20 32.00 35.50 39.00 46.80 2}{46.80 0.00 0.00 0.00 62.40 0}{62.40 0.00 0.00 0.00 78.00 0}
10 2 

RANKS: 2 -2 1 2 3 2 1 -1 6 1 0
EVENT30: 1102 47d75d_47db22_47dc8c_47ddab
COMP 4c-0: 46cfe4_46d219_46d2bd_46d339 (5 1720.50 4 1633.00 1 1738.00){0.00 0.00 0.00 0.00 695.20 0}{695.20 0.00 0.00 0.00 1390.40 0}{1390.40 1633.00 1717.00 1738.00 2085.60 5}{2085.60 0.00 0.00 0.00 2780.80 0}{2780.80 0.00 0.00 0.00 3476.00 0}
COMP 4c-1: 47d75d_47db22_47dc8c_47ddab (124 15.23 5 15.00 5 16.00){0.00 0.00 0.00 0.00 6.00 0}{6.00 0.00 0.00 0.00 12.00 0}{12.00 15.00 15.23 16.00 18.00 124}{18.00 0.00 0.00 0.00 24.00 0}{24.00 0.00 0.00 0.00 30.00 0}
COMP 4c-2: 48221e_48259e_4826d7_4827cb (30623 402.44 4 357.00 4 404.00){0.00 0.00 0.00 0.00 159.20 0}{159.20 0.00 0.00 0.00 318.40 0}{318.40 357.00 402.44 404.00 477.60 30623}{477.60 0.00 0.00 0.00 636.80 0}{636.80 0.00 0.00 0.00 796.00 0}
COMP 4c-3: 48b179_48b3fd_48b4d1_48b58a (496 23658.88 1 23637.00 2 23661.00){0.00 0.00 0.00 0.00 9454.80 0}{9454.80 0.00 0.00 0.00 18909.60 0}{18909.60 23637.00 23658.93 23661.00 28364.40 496}{28364.40 0.00 0.00 0.00 37819.20 0}{37819.20 0.00 0.00 0.00 47274.00 0}
COMM 4b-0: 46cfe4_46d219_46d2bd_46d339 (5 357.67 1 239.00 6 596.00){0.00 0.00 0.00 0.00 191.20 0}{191.20 239.00 239.00 239.00 286.80 1}{286.80 288.00 334.00 380.00 382.40 2}{382.40 404.00 404.00 404.00 478.00 1}{478.00 596.00 596.00 596.00 714.00 1}
COMM 4b-1: 47d75d_47db22_47dc8c_47ddab (124 4.94 6 1.00 5 24.00){0.00 1.00 1.00 1.00 1.60 52}{1.60 2.00 2.59 4.00 4.00 22}{4.00 5.00 9.62 19.00 20.00 48}{20.00 21.00 21.00 21.00 22.00 1}{22.00 24.00 24.00 24.00 26.00 1}
COMM 4b-2: 48221e_48259e_4826d7_4827cb (30623 3.38 1 1.00 4 5009.00){0.00 1.00 3.00 8.00 8.00 30264}{8.00 8.50 10.22 16.00 16.00 221}{16.00 17.64 21.33 51.00 52.00 78}{52.00 61.07 63.15 184.00 316.00 59}{316.00 5009.00 5009.00 5009.00 9702.00 1}
COMM 4b-3: 48b179_48b3fd_48b4d1_48b58a (496 76.31 1 3.00 2 353.00){0.00 0.00 0.00 0.00 2.40 0}{2.40 3.00 3.66 7.00 8.00 251}{8.00 103.00 149.93 180.86 198.00 243}{198.00 219.00 219.00 219.00 240.00 1}{240.00 353.00 353.00 353.00 466.00 1}
LOOP0: iter: ( 249 )[ 1 -1 1 2 1 ]( 62 )[ 1 -1 5 2 1 ]( 124 )[ 1 -1 4 1 0 ] mem: ( 10 )[ 1 -1 1 2 1 ]( 2 )[ 1 -1 4 3 1 ]
LOOP1: iter: ( 62 )[ 1 -1 1 2 1 ]( 2 )[ 1 -1 5 2 1 ] mem: ( 2 )[ 1 -1 1 2 1 ]( 1 )[ 1 -1 5 2 1 ]
10 2 
12 ( 155 )[ 1 -1 1 2 1 ]
12 ( 155 80 )[ 1 -1 5 2 1 ]
12 ( 75 75 75 75 75 75 75 75 75 75 75 75 75 75 75 75 75 75 75 75 75 75 75 75 75 75 75 75 75 75 75 75 75 75 75 75 75 75 75 75 75 75 75 75 75 75 75 75 75 75 75 75 75 75 75 75 75 75 75 75 75 75 155 155 155 155 155 155 155 155 155 155 155 155 155 155 155 155 155 155 155 155 155 155 155 155 155 155 155 155 155 155 155 155 155 155 155 155 155 155 155 155 155 155 155 155 155 155 155 155 155 155 155 155 155 155 155 155 155 155 155 155 155 155 )[ 1 -1 4 1 0 ]
14 16 
1b 0 
2b ( 7 )[ 1 -1 1 2 1 ]
2b ( 7 4 )[ 1 -1 5 2 1 ]
2b ( 4 4 4 4 4 4 4 4 4 4 4 4 4 4 4 4 4 4 4 4 4 4 4 4 4 4 4 4 4 4 4 4 4 4 4 4 4 4 4 4 4 4 4 4 4 4 4 4 4 4 4 4 4 4 4 4 4 4 4 4 4 4 1 1 1 1 1 1 1 1 1 1 1 1 1 1 1 1 1 1 1 1 1 1 1 1 1 1 1 1 1 1 1 1 1 1 1 1 1 1 1 1 1 1 1 1 1 1 1 1 1 1 1 1 1 1 1 1 1 1 1 1 1 1 )[ 1 -1 4 1 0 ]

RANKS: 1 -2 0 2 4 3 1
EVENT31: 1113 48221e_48259e_4826d7_4827cb
COMP 4c-0: 46cfe4_46d219_46d2bd_46d339 (1 1952.00 0 1952.00 0 1952.00){0.00 0.00 0.00 0.00 780.80 0}{780.80 0.00 0.00 0.00 1561.60 0}{1561.60 1952.00 1952.00 1952.00 2342.40 1}{2342.40 0.00 0.00 0.00 3123.20 0}{3123.20 0.00 0.00 0.00 3904.00 0}
COMP 4c-1: 47d75d_47db22_47dc8c_47ddab (31124 351.90 4 326.00 5 353.00){0.00 0.00 0.00 0.00 140.80 0}{140.80 0.00 0.00 0.00 281.60 0}{281.60 326.00 351.90 353.00 422.40 31124}{422.40 0.00 0.00 0.00 563.20 0}{563.20 0.00 0.00 0.00 704.00 0}
COMP 4c-2: 48221e_48259e_4826d7_4827cb (61503 182.43 0 14.00 0 691.00){0.00 0.00 0.00 0.00 6.00 0}{6.00 0.00 0.00 0.00 12.00 0}{12.00 14.00 15.65 17.00 24.00 46314}{24.00 0.00 0.00 0.00 30.00 0}{30.00 690.00 690.98 691.00 1350.00 15189}
COMP 4c-3: 48b179_48b3fd_48b4d1_48b58a (248 22522.88 0 22510.00 0 22528.00){0.00 0.00 0.00 0.00 9004.00 0}{9004.00 0.00 0.00 0.00 18008.00 0}{18008.00 22510.00 22522.93 22528.00 27012.00 248}{27012.00 0.00 0.00 0.00 36016.00 0}{36016.00 0.00 0.00 0.00 45020.00 0}
COMM 4b-0: 46cfe4_46d219_46d2bd_46d339 (1 4.00 0 4.00 0 4.00){0.00 0.00 0.00 0.00 1.60 0}{1.60 0.00 0.00 0.00 3.20 0}{3.20 4.00 4.00 4.00 4.80 1}{4.80 0.00 0.00 0.00 6.40 0}{6.40 0.00 0.00 0.00 8.00 0}
COMM 4b-1: 47d75d_47db22_47dc8c_47ddab (31124 2.69 1 2.00 1 24.00){0.00 0.00 0.00 0.00 1.20 0}{1.20 2.00 2.01 2.40 2.40 13233}{2.40 2.43 2.94 4.00 6.00 17477}{6.00 8.00 14.08 22.00 22.00 411}{22.00 23.00 23.33 24.00 26.00 3}
COMM 4b-2: 48221e_48259e_4826d7_4827cb (61503 1.85 0 1.00 0 27.00){0.00 1.00 1.00 1.49 1.60 21350}{1.60 2.00 2.00 2.00 2.40 32638}{2.40 3.00 3.00 4.00 4.00 6987}{4.00 8.00 12.16 21.00 24.00 527}{24.00 27.00 27.00 27.00 30.00 1}
COMM 4b-3: 48b179_48b3fd_48b4d1_48b58a (248 3.34 0 3.00 0 5.00){0.00 0.00 0.00 0.00 1.60 0}{1.60 3.00 3.00 3.00 3.20 166}{3.20 4.00 4.00 4.00 4.80 81}{4.80 5.00 5.00 5.00 6.40 1}{6.40 0.00 0.00 0.00 8.00 0}
LOOP0: iter: ( 249 )[ 1 -1 0 1 0 ]( 2 )[ 1 -1 1 2 1 ] mem: ( 5 )[ 1 -1 0 1 0 ]( 1 )[ 1 -1 1 2 1 ]
LOOP1: iter: ( 124 )[ 1 -1 0 1 0 ] mem: ( 1 )[ 1 -1 0 1 0 ]
10 2 
12 ( 155 75 )[ 1 -1 0 1 0 ]
12 ( 155 80 )[ 1 -1 1 2 1 ]
12 ( 155 )[ 1 -1 5 2 1 ]
12 ( 155 155 155 155 155 155 155 155 155 155 155 155 155 155 155 155 155 155 155 155 155 155 155 155 155 155 155 155 155 155 155 155 155 155 155 155 155 155 155 155 155 155 155 155 155 155 155 155 155 155 155 155 155 155 155 155 155 155 155 155 155 155 75 75 75 75 75 75 75 75 75 75 75 75 75 75 75 75 75 75 75 75 75 75 75 75 75 75 75 75 75 75 75 75 75 75 75 75 75 75 75 75 75 75 75 75 75 75 75 75 75 75 75 75 75 75 75 75 75 75 75 75 75 75 )[ 1 -1 4 1 0 ]
14 16 
1a ( 1 4 )[ 1 -1 0 3 1 ]
1a ( 1 )[ 1 -1 5 2 1 ]
1a ( 1 1 1 1 1 1 1 1 1 1 1 1 1 1 1 1 1 1 1 1 1 1 1 1 1 1 1 1 1 1 1 1 1 1 1 1 1 1 1 1 1 1 1 1 1 1 1 1 1 1 1 1 1 1 1 1 1 1 1 1 1 1 4 4 4 4 4 4 4 4 4 4 4 4 4 4 4 4 4 4 4 4 4 4 4 4 4 4 4 4 4 4 4 4 4 4 4 4 4 4 4 4 4 4 4 4 4 4 4 4 4 4 4 4 4 4 4 4 4 4 4 4 4 4 )[ 1 -1 4 1 0 ]
1b 0 

RANKS: 2 -1 0 4 1 -1 5 3 1
EVENT32: 1102 47d75d_47db22_47dc8c_47ddab
COMP 4c-0: 46cfe4_46d219_46d2bd_46d339 (2 1632.67 7 1632.00 3 1633.00){0.00 0.00 0.00 0.00 653.20 0}{653.20 0.00 0.00 0.00 1306.40 0}{1306.40 1632.00 1632.50 1633.00 1959.60 2}{1959.60 0.00 0.00 0.00 2612.80 0}{2612.80 0.00 0.00 0.00 3266.00 0}
COMP 4c-1: 47d75d_47db22_47dc8c_47ddab (92130 234.80 0 15.00 7 691.00){0.00 0.00 0.00 0.00 6.00 0}{6.00 0.00 0.00 0.00 12.00 0}{12.00 15.00 16.33 18.00 24.00 61752}{24.00 0.00 0.00 0.00 30.00 0}{30.00 666.00 678.91 691.00 1302.00 30378}
COMP 4c-2: 48221e_48259e_4826d7_4827cb (92876 435.80 0 356.00 7 22183.00){0.00 0.00 0.00 0.00 142.40 0}{142.40 0.00 0.00 0.00 284.80 0}{284.80 356.00 377.58 412.00 569.60 92628}{569.60 0.00 0.00 0.00 712.00 0}{712.00 22168.00 22181.92 22183.00 43654.00 248}
COMP 4c-3: 48b179_48b3fd_48b4d1_48b58a (248 22203.55 3 22190.00 3 22204.00){0.00 0.00 0.00 0.00 8876.00 0}{8876.00 0.00 0.00 0.00 17752.00 0}{17752.00 22190.00 22203.60 22204.00 26628.00 248}{26628.00 0.00 0.00 0.00 35504.00 0}{35504.00 0.00 0.00 0.00 44380.00 0}
COMM 4b-0: 46cfe4_46d219_46d2bd_46d339 (2 623.33 3 536.00 7 798.00){0.00 0.00 0.00 0.00 214.40 0}{214.40 0.00 0.00 0.00 428.80 0}{428.80 536.00 536.00 536.00 643.20 1}{643.20 798.00 798.00 798.00 857.60 1}{857.60 0.00 0.00 0.00 1072.00 0}
COMM 4b-1: 47d75d_47db22_47dc8c_47ddab (92130 25.56 0 1.00 0 1696.00){0.00 1.00 1.23 1.32 1.60 39510}{1.60 2.00 2.69 4.00 4.00 19186}{4.00 4.15 67.24 116.00 120.00 33412}{120.00 128.00 213.00 313.00 392.00 20}{392.00 1630.00 1663.00 1696.00 3000.00 2}
COMM 4b-2: 48221e_48259e_4826d7_4827cb (92876 44.11 1 1.00 0 9306.00){0.00 1.00 26.86 1778.00 2181.20 92625}{2181.20 2505.00 2505.00 2505.00 4362.40 1}{4362.40 4379.00 6381.19 6510.00 6543.60 240}{6543.60 6573.00 6669.00 7007.00 8724.80 9}{8724.80 9306.00 9306.00 9306.00 10906.00 1}
COMM 4b-3: 48b179_48b3fd_48b4d1_48b58a (248 1107.25 3 929.00 3 2510.00){0.00 0.00 0.00 0.00 385.60 0}{385.60 0.00 0.00 0.00 771.20 0}{771.20 929.00 1102.15 1233.00 1542.40 247}{1542.40 0.00 0.00 0.00 1928.00 0}{1928.00 2510.00 2510.00 2510.00 3092.00 1}
LOOP0: iter: ( 124 )[ 1 -1 0 1 0 ]( 62 )[ 1 -1 1 2 1 ]( 249 )[ 2 -1 3 2 2 -1 6 2 1 ] mem: ( 1 )[ 1 -1 0 1 0 ]( 2 )[ 1 -1 1 2 1 ]( 7 )[ 1 -1 3 1 0 ]( 5 )[ 1 -1 7 1 0 ]( 10 )[ 1 -1 5 2 1 ]
LOOP1: iter: ( 2 )[ 1 -1 1 2 1 ]( 124 )[ 1 -1 3 2 4 ]( 62 )[ 1 -1 5 2 1 ] mem: ( 1 )[ 2 -1 1 2 1 -1 7 1 0 ]( 2 )[ 2 -1 3 2 2 -1 6 1 0 ]
10 2 
12 ( 155 75 )[ 1 -1 0 2 7 ]
12 ( 155 80 )[ 1 -1 1 2 1 ]
12 ( 155 155 155 155 155 155 155 155 155 155 155 155 155 155 155 155 155 155 155 155 155 155 155 155 155 155 155 155 155 155 155 155 155 155 155 155 155 155 155 155 155 155 155 155 155 155 155 155 155 155 155 155 155 155 155 155 155 155 155 155 155 155 75 75 75 75 75 75 75 75 75 75 75 75 75 75 75 75 75 75 75 75 75 75 75 75 75 75 75 75 75 75 75 75 75 75 75 75 75 75 75 75 75 75 75 75 75 75 75 75 75 75 75 75 75 75 75 75 75 75 75 75 75 75 )[ 1 -1 3 1 0 ]
12 ( 155 )[ 1 -1 5 2 1 ]
14 16 
1b 0 
2b ( 1 4 )[ 1 -1 0 3 1 ]
2b ( 7 7 7 7 7 7 7 7 7 7 7 7 7 7 7 7 7 7 7 7 7 7 7 7 7 7 7 7 7 7 7 7 7 7 7 7 7 7 7 7 7 7 7 7 7 7 7 7 7 7 7 7 7 7 7 7 7 7 7 7 7 7 4 4 4 4 4 4 4 4 4 4 4 4 4 4 4 4 4 4 4 4 4 4 4 4 4 4 4 4 4 4 4 4 4 4 4 4 4 4 4 4 4 4 4 4 4 4 4 4 4 4 4 4 4 4 4 4 4 4 4 4 4 4 )[ 1 -1 3 1 0 ]
2b ( 7 4 )[ 1 -1 7 1 0 ]
2b ( 1 )[ 1 -1 5 2 1 ]

RANKS: 1 -1 1 7 1
EVENT33: 1113 48221e_48259e_4826d7_4827cb
COMP 4c-0: 47d75d_47db22_47dc8c_47ddab (92877 342.37 3 326.00 7 983.00){0.00 0.00 0.00 0.00 139.20 0}{139.20 0.00 0.00 0.00 278.40 0}{278.40 326.00 340.65 349.00 556.80 92628}{556.80 0.00 0.00 0.00 696.00 0}{696.00 982.00 982.91 983.00 1270.00 249}
COMP 4c-1: 48221e_48259e_4826d7_4827cb (61504 176.09 7 14.00 4 2928.00){0.00 0.00 0.00 0.00 6.00 0}{6.00 0.00 0.00 0.00 12.00 0}{12.00 14.00 15.04 18.00 30.00 46314}{30.00 666.00 667.01 668.00 1304.00 15189}{1304.00 2928.00 2928.00 2928.00 4552.00 1}
COMM 4b-0: 47d75d_47db22_47dc8c_47ddab (92877 2.58 1 2.00 6 40.00){0.00 0.00 0.00 0.00 1.20 0}{1.20 2.00 2.48 6.00 6.00 91900}{6.00 8.00 9.80 13.00 14.00 715}{14.00 17.00 18.05 30.00 36.00 261}{36.00 40.00 40.00 40.00 44.00 1}
COMM 4b-1: 48221e_48259e_4826d7_4827cb (61504 1.80 7 1.00 4 128.00){0.00 1.00 1.54 2.00 2.40 53322}{2.40 3.00 3.00 4.00 4.00 7654}{4.00 8.00 10.81 13.00 16.00 525}{16.00 19.00 19.50 20.00 22.00 2}{22.00 128.00 128.00 128.00 234.00 1}
LOOP0: iter: ( 124 )[ 1 -1 7 1 0 ]( 2 )[ 1 -1 5 2 1 ] mem: ( 1 )[ 1 -1 5 3 1 ]
10 2 
12 ( 155 )[ 1 -1 1 2 1 ]
12 ( 75 75 75 75 75 75 75 75 75 75 75 75 75 75 75 75 75 75 75 75 75 75 75 75 75 75 75 75 75 75 75 75 75 75 75 75 75 75 75 75 75 75 75 75 75 75 75 75 75 75 75 75 75 75 75 75 75 75 75 75 75 75 155 155 155 155 155 155 155 155 155 155 155 155 155 155 155 155 155 155 155 155 155 155 155 155 155 155 155 155 155 155 155 155 155 155 155 155 155 155 155 155 155 155 155 155 155 155 155 155 155 155 155 155 155 155 155 155 155 155 155 155 155 155 )[ 1 -1 3 1 0 ]
12 ( 155 75 )[ 1 -1 7 1 0 ]
12 ( 155 80 )[ 1 -1 5 2 1 ]
12 ( 20480 )[ 1 -1 4 1 0 ]
14 16 
1a ( 7 )[ 1 -1 1 2 1 ]
1a ( 4 4 4 4 4 4 4 4 4 4 4 4 4 4 4 4 4 4 4 4 4 4 4 4 4 4 4 4 4 4 4 4 4 4 4 4 4 4 4 4 4 4 4 4 4 4 4 4 4 4 4 4 4 4 4 4 4 4 4 4 4 4 7 7 7 7 7 7 7 7 7 7 7 7 7 7 7 7 7 7 7 7 7 7 7 7 7 7 7 7 7 7 7 7 7 7 7 7 7 7 7 7 7 7 7 7 7 7 7 7 7 7 7 7 7 7 7 7 7 7 7 7 7 7 )[ 1 -1 3 1 0 ]
1a ( 7 4 )[ 1 -1 5 3 1 ]
1a ( 1 )[ 1 -1 4 1 0 ]
1b 0 

RANKS: 1 -1 1 7 1
EVENT34: 1090 47a0ea_47a4bf_47a62a_47a74b
COMP 4c-0: 48221e_48259e_4826d7_4827cb (1991 3506.82 4 15.00 7 10526.00){0.00 15.00 25.47 30.00 1178.00 248}{1178.00 0.00 0.00 0.00 2356.00 0}{2356.00 2850.00 2915.39 2951.00 4712.00 1494}{4712.00 0.00 0.00 0.00 5890.00 0}{5890.00 10525.00 10525.01 10526.00 15162.00 249}
COMP 4c-1: 48b179_48b3fd_48b4d1_48b58a (1244 2175.28 1 87.00 4 10571.00){0.00 0.00 0.00 0.00 34.80 0}{34.80 0.00 0.00 0.00 69.60 0}{69.60 87.00 87.01 88.00 139.20 996}{139.20 0.00 0.00 0.00 174.00 0}{174.00 10570.00 10570.45 10571.00 20968.00 248}
COMM 4b-0: 48221e_48259e_4826d7_4827cb (1991 1.18 1 1.00 4 8.00){0.00 0.00 0.00 0.00 0.40 0}{0.40 0.00 0.00 0.00 0.80 0}{0.80 1.00 1.00 1.00 1.60 1641}{1.60 2.00 2.00 2.00 2.00 349}{2.00 8.00 8.00 8.00 14.00 1}
COMM 4b-1: 48b179_48b3fd_48b4d1_48b58a (1244 1.77 4 0.00 2 3.00){0.00 0.00 0.00 0.00 0.40 1}{0.40 0.00 0.00 0.00 0.80 0}{0.80 0.98 0.99 1.00 1.60 672}{1.60 2.00 2.00 2.00 2.00 173}{2.00 3.00 3.00 3.00 4.00 398}
LOOP0: iter: ( 2 )[ 2 -2 1 2 4 2 1 -1 7 1 0 ]( 248 )[ 1 -1 4 1 0 ] mem: ( 3 )[ 2 -2 1 2 4 2 1 -1 7 1 0 ]( 5 )[ 1 -1 4 1 0 ]
LOOP1: iter: ( 2 )[ 1 -1 4 1 0 ] mem: ( 2 )[ 1 -1 4 1 0 ]
10 2 
12 ( 20480 )[ 2 -1 1 3 1 -1 5 2 1 ]
12 ( 20480 10240 )[ 1 -1 4 2 3 ]
14 16 
1b 0 
2b 2147483647 

RANKS: 1 -1 4 1 0
EVENT35: 1148 48b179_48b3fd_48b4d1_48b58a
COMP 4c-0: 47a0ea_47a4bf_47a62a_47a74b (496 14.53 4 14.00 4 15.00){0.00 0.00 0.00 0.00 6.00 0}{6.00 0.00 0.00 0.00 12.00 0}{12.00 14.00 14.53 15.00 18.00 496}{18.00 0.00 0.00 0.00 24.00 0}{24.00 0.00 0.00 0.00 30.00 0}
COMM 4b-0: 47a0ea_47a4bf_47a62a_47a74b (496 124.70 4 92.00 4 526.00){0.00 0.00 0.00 0.00 59.20 0}{59.20 92.00 93.92 111.00 118.40 251}{118.40 119.00 147.71 232.00 236.80 236}{236.80 246.00 261.50 277.00 296.00 2}{296.00 298.00 409.71 526.00 700.00 7}
1c 9999 

RANKS: 2 -2 1 2 3 2 1 -1 6 1 0
EVENT36: 1113 48221e_48259e_4826d7_4827cb
COMP 4c-0: 47a0ea_47a4bf_47a62a_47a74b (1992 88.82 5 86.00 1 92.00){0.00 0.00 0.00 0.00 36.40 0}{36.40 0.00 0.00 0.00 72.80 0}{72.80 86.00 88.82 92.00 109.20 1992}{109.20 0.00 0.00 0.00 145.60 0}{145.60 0.00 0.00 0.00 182.00 0}
COMP 4c-1: 47d75d_47db22_47dc8c_47ddab (30504 331.59 4 326.00 4 335.00){0.00 0.00 0.00 0.00 132.40 0}{132.40 0.00 0.00 0.00 264.80 0}{264.80 326.00 331.59 335.00 397.20 30504}{397.20 0.00 0.00 0.00 529.60 0}{529.60 0.00 0.00 0.00 662.00 0}
COMP 4c-2: 48b179_48b3fd_48b4d1_48b58a (248 88.74 4 88.00 4 89.00){0.00 0.00 0.00 0.00 35.20 0}{35.20 0.00 0.00 0.00 70.40 0}{70.40 88.00 88.75 89.00 105.60 248}{105.60 0.00 0.00 0.00 140.80 0}{140.80 0.00 0.00 0.00 176.00 0}
COMM 4b-0: 47a0ea_47a4bf_47a62a_47a74b (1992 122.92 1 96.00 2 236.00){0.00 0.00 0.00 0.00 78.40 0}{78.40 96.00 104.93 111.82 117.60 1452}{117.60 118.00 144.29 154.40 156.80 7}{156.80 158.00 171.10 190.00 196.00 528}{196.00 230.00 233.60 236.00 276.00 5}
COMM 4b-1: 47d75d_47db22_47dc8c_47ddab (30504 2.56 4 2.00 4 197.00){0.00 0.00 0.00 0.00 1.20 0}{1.20 2.00 2.00 2.00 2.40 14304}{2.40 2.44 2.94 4.00 6.00 15937}{6.00 9.00 9.85 12.00 14.00 261}{14.00 18.00 107.50 197.00 380.00 2}
COMM 4b-2: 48b179_48b3fd_48b4d1_48b58a (248 56.12 4 55.00 4 63.00){0.00 0.00 0.00 0.00 22.80 0}{22.80 0.00 0.00 0.00 45.60 0}{45.60 55.00 56.12 63.00 68.40 248}{68.40 0.00 0.00 0.00 91.20 0}{91.20 0.00 0.00 0.00 114.00 0}
LOOP0: iter: ( 124 )[ 1 -1 4 1 0 ] mem: ( 2 )[ 1 -1 4 1 0 ]
10 2 
12 ( 20480 )[ 1 -2 1 2 4 2 1 ]
12 ( 10240 155 155 155 155 155 155 155 155 155 155 155 155 155 155 155 155 155 155 155 155 155 155 155 155 155 155 155 155 155 155 155 155 155 155 155 155 155 155 155 155 155 155 155 155 155 155 155 155 155 155 155 155 155 155 155 155 155 155 155 155 155 155 75 75 75 75 75 75 75 75 75 75 75 75 75 75 75 75 75 75 75 75 75 75 75 75 75 75 75 75 75 75 75 75 75 75 75 75 75 75 75 75 75 75 75 75 75 75 75 75 75 75 75 75 75 75 75 75 75 75 75 75 75 )[ 1 -1 4 1 0 ]
14 16 
1a ( 1 7 )[ 1 -2 1 2 4 2 1 ]
1a ( 4 1 1 1 1 1 1 1 1 1 1 1 1 1 1 1 1 1 1 1 1 1 1 1 1 1 1 1 1 1 1 1 1 1 1 1 1 1 1 1 1 1 1 1 1 1 1 1 1 1 1 1 1 1 1 1 1 1 1 1 1 1 1 4 4 4 4 4 4 4 4 4 4 4 4 4 4 4 4 4 4 4 4 4 4 4 4 4 4 4 4 4 4 4 4 4 4 4 4 4 4 4 4 4 4 4 4 4 4 4 4 4 4 4 4 4 4 4 4 4 4 4 4 4 )[ 1 -1 4 1 0 ]
1b 0 

RANKS: 1 -2 1 2 4 3 1
EVENT37: 1148 48b179_48b3fd_48b4d1_48b58a
COMP 4c-0: 47a0ea_47a4bf_47a62a_47a74b (747 14.81 3 14.00 3 15.00){0.00 0.00 0.00 0.00 6.00 0}{6.00 0.00 0.00 0.00 12.00 0}{12.00 14.00 14.81 15.00 18.00 747}{18.00 0.00 0.00 0.00 24.00 0}{24.00 0.00 0.00 0.00 30.00 0}
COMP 4c-1: 48221e_48259e_4826d7_4827cb (1992 14.24 1 14.00 1 15.00){0.00 0.00 0.00 0.00 5.60 0}{5.60 0.00 0.00 0.00 11.20 0}{11.20 14.00 14.24 15.00 16.80 1992}{16.80 0.00 0.00 0.00 22.40 0}{22.40 0.00 0.00 0.00 28.00 0}
COMM 4b-0: 47a0ea_47a4bf_47a62a_47a74b (747 2737.44 7 136.00 7 4441.00){0.00 136.00 187.03 646.00 1527.60 249}{1527.60 0.00 0.00 0.00 3055.20 0}{3055.20 3443.00 4010.47 4441.00 4582.80 498}{4582.80 0.00 0.00 0.00 6110.40 0}{6110.40 0.00 0.00 0.00 7638.00 0}
COMM 4b-1: 48221e_48259e_4826d7_4827cb (1992 52.12 1 0.00 6 1954.00){0.00 0.00 7.57 42.00 72.80 1489}{72.80 91.00 92.17 96.00 109.20 6}{109.20 124.00 175.20 235.00 241.66 487}{241.66 264.00 264.00 264.00 286.34 1}{286.34 302.00 708.89 1954.00 3621.66 9}
1c 9999 

RANKS: 1 -1 4 1 0
EVENT38: 1102 47d75d_47db22_47dc8c_47ddab
COMP 4c-0: 48221e_48259e_4826d7_4827cb (30752 539.94 4 354.00 4 22165.00){0.00 354.00 363.42 374.00 8865.60 30504}{8865.60 0.00 0.00 0.00 17731.20 0}{17731.20 22164.00 22164.02 22165.00 26596.80 248}{26596.80 0.00 0.00 0.00 35462.40 0}{35462.40 0.00 0.00 0.00 44328.00 0}
COMM 4b-0: 48221e_48259e_4826d7_4827cb (30752 77.67 4 1.00 4 7039.00){0.00 1.00 30.60 126.00 153.20 30252}{153.20 198.00 274.70 306.00 306.40 234}{306.40 307.00 400.59 448.00 612.80 17}{612.80 0.00 0.00 0.00 766.00 0}{766.00 1752.00 5588.23 7039.00 10720.00 249}
10 2 
12 75 75 75 75 75 75 75 75 75 75 75 75 75 75 75 75 75 75 75 75 75 75 75 75 75 75 75 75 75 75 75 75 75 75 75 75 75 75 75 75 75 75 75 75 75 75 75 75 75 75 75 75 75 75 75 75 75 75 75 75 75 75 155 155 155 155 155 155 155 155 155 155 155 155 155 155 155 155 155 155 155 155 155 155 155 155 155 155 155 155 155 155 155 155 155 155 155 155 155 155 155 155 155 155 155 155 155 155 155 155 155 155 155 155 155 155 155 155 155 155 155 155 155 155 
14 16 
1b 0 
2b 4 4 4 4 4 4 4 4 4 4 4 4 4 4 4 4 4 4 4 4 4 4 4 4 4 4 4 4 4 4 4 4 4 4 4 4 4 4 4 4 4 4 4 4 4 4 4 4 4 4 4 4 4 4 4 4 4 4 4 4 4 4 1 1 1 1 1 1 1 1 1 1 1 1 1 1 1 1 1 1 1 1 1 1 1 1 1 1 1 1 1 1 1 1 1 1 1 1 1 1 1 1 1 1 1 1 1 1 1 1 1 1 1 1 1 1 1 1 1 1 1 1 1 1 

RANKS: 2 -1 0 5 1 -1 7 1 0
EVENT39: 1113 48221e_48259e_4826d7_4827cb
COMP 4c-0: 47d75d_47db22_47dc8c_47ddab (497 1789.29 4 326.00 0 3238.00){0.00 326.00 329.21 330.00 1295.20 248}{1295.20 0.00 0.00 0.00 2590.40 0}{2590.40 3237.00 3237.69 3238.00 3885.60 249}{3885.60 0.00 0.00 0.00 5180.80 0}{5180.80 0.00 0.00 0.00 6476.00 0}
COMP 4c-1: 48221e_48259e_4826d7_4827cb (497 6758.84 4 2925.00 3 10562.00){0.00 2925.00 2925.00 2925.00 4224.80 248}{4224.80 0.00 0.00 0.00 8449.60 0}{8449.60 10562.00 10562.00 10562.00 12674.40 249}{12674.40 0.00 0.00 0.00 16899.20 0}{16899.20 0.00 0.00 0.00 21124.00 0}
COMP 4c-2: 48b179_48b3fd_48b4d1_48b58a (1494 5648.06 7 85.00 1 11429.00){0.00 85.00 134.76 160.00 4243.20 747}{4243.20 0.00 0.00 0.00 8486.40 0}{8486.40 10608.00 11154.71 11429.00 12729.60 747}{12729.60 0.00 0.00 0.00 16972.80 0}{16972.80 0.00 0.00 0.00 21216.00 0}
COMM 4b-0: 47d75d_47db22_47dc8c_47ddab (497 54.84 4 2.00 0 144.00){0.00 2.00 2.48 3.00 54.80 248}{54.80 97.00 104.64 109.00 109.60 209}{109.60 110.00 117.25 144.00 164.40 40}{164.40 0.00 0.00 0.00 219.20 0}{219.20 0.00 0.00 0.00 274.00 0}
COMM 4b-1: 48221e_48259e_4826d7_4827cb (497 90.54 3 57.00 4 143.00){0.00 0.00 0.00 0.00 23.20 0}{23.20 0.00 0.00 0.00 46.40 0}{46.40 57.00 57.88 65.00 92.80 249}{92.80 103.00 103.00 103.00 116.00 1}{116.00 123.47 123.55 143.00 170.00 247}
COMM 4b-2: 48b179_48b3fd_48b4d1_48b58a (1494 141.74 0 56.00 7 2043.00){0.00 56.00 66.81 77.00 114.00 994}{114.00 133.00 162.50 192.00 232.00 2}{232.00 257.25 279.91 293.91 305.31 491}{305.31 473.00 493.50 514.00 640.69 2}{640.69 1009.00 1338.60 2043.00 3445.31 5}
LOOP0: iter: ( 2 )[ 2 -1 0 2 3 -1 4 1 0 ] mem: ( 3 )[ 1 -1 0 1 0 ]( 1 )[ 1 -1 3 2 1 ]
10 2 
12 ( 20480 10240 )[ 2 -1 0 2 3 -1 7 1 0 ]
12 ( 10240 )[ 1 -1 1 2 1 ]
12 ( 75 20480 )[ 1 -1 4 1 0 ]
14 16 
1a ( 1 4 )[ 1 -1 0 1 0 ]
1a ( 4 )[ 1 -1 1 2 1 ]
1a ( 7 4 )[ 1 -1 3 2 4 ]
1a ( 4 1 )[ 1 -1 4 1 0 ]
1b 0 

RANKS: 1 -1 0 7 1
EVENT40: 1090 47a0ea_47a4bf_47a62a_47a74b
COMP 4c-0: 48221e_48259e_4826d7_4827cb (1246 14.66 0 14.00 4 25.00){0.00 0.00 0.00 0.00 6.00 0}{6.00 0.00 0.00 0.00 12.00 0}{12.00 14.00 14.65 16.00 18.00 1245}{18.00 0.00 0.00 0.00 24.00 0}{24.00 25.00 25.00 25.00 30.00 1}
COMP 4c-1: 48b179_48b3fd_48b4d1_48b58a (499 11392.28 4 10571.00 5 11395.00){0.00 0.00 0.00 0.00 4556.80 0}{4556.80 0.00 0.00 0.00 9113.60 0}{9113.60 10571.00 11392.28 11395.00 13670.40 499}{13670.40 0.00 0.00 0.00 18227.20 0}{18227.20 0.00 0.00 0.00 22784.00 0}
COMM 4b-0: 48221e_48259e_4826d7_4827cb (1246 0.97 0 0.00 0 2.00){0.00 0.00 0.00 0.00 0.40 47}{0.40 0.00 0.00 0.00 0.80 0}{0.80 1.00 1.00 1.00 1.20 1193}{1.20 0.00 0.00 0.00 1.60 0}{1.60 2.00 2.00 2.00 2.00 6}
COMM 4b-1: 48b179_48b3fd_48b4d1_48b58a (499 1.20 5 1.00 5 10.00){0.00 0.00 0.00 0.00 0.40 0}{0.40 0.00 0.00 0.00 0.80 0}{0.80 1.00 1.00 1.00 1.60 407}{1.60 2.00 2.00 2.00 2.00 91}{2.00 10.00 10.00 10.00 18.00 1}
LOOP0: iter: ( 2 )[ 1 -1 4 1 0 ] mem: ( 2 )[ 1 -1 4 1 0 ]
10 2 
12 ( 20480 10240 )[ 1 -1 0 2 4 ]
12 ( 10240 )[ 2 -1 1 3 1 -1 5 2 1 ]
14 16 
1b 0 
2b 2147483647 

RANKS: 1 -1 0 7 1
EVENT41: 1148 48b179_48b3fd_48b4d1_48b58a
COMP 4c-0: 47a0ea_47a4bf_47a62a_47a74b (1745 14.64 0 14.00 0 15.00){0.00 0.00 0.00 0.00 6.00 0}{6.00 0.00 0.00 0.00 12.00 0}{12.00 14.00 14.64 15.00 18.00 1745}{18.00 0.00 0.00 0.00 24.00 0}{24.00 0.00 0.00 0.00 30.00 0}
COMM 4b-0: 47a0ea_47a4bf_47a62a_47a74b (1745 108.73 1 49.00 6 594.00){0.00 49.00 53.98 94.00 129.60 999}{129.60 135.00 178.88 234.00 259.20 738}{259.20 286.89 286.89 286.89 324.00 1}{324.00 380.00 406.33 428.00 436.00 3}{436.00 528.00 559.00 594.00 710.00 4}
1c 9999 

RANKS: 1 -1 5 2 1
EVENT42: 1113 48221e_48259e_4826d7_4827cb
COMP 4c-0: 47d75d_47db22_47dc8c_47ddab (30378 357.78 5 353.00 5 359.00){0.00 0.00 0.00 0.00 141.20 0}{141.20 0.00 0.00 0.00 282.40 0}{282.40 353.00 357.78 359.00 423.60 30378}{423.60 0.00 0.00 0.00 564.80 0}{564.80 0.00 0.00 0.00 706.00 0}
COMP 4c-1: 48b179_48b3fd_48b4d1_48b58a (498 85.06 5 85.00 5 86.00){0.00 0.00 0.00 0.00 34.40 0}{34.40 0.00 0.00 0.00 68.80 0}{68.80 85.00 85.06 86.00 103.20 498}{103.20 0.00 0.00 0.00 137.60 0}{137.60 0.00 0.00 0.00 172.00 0}
COMM 4b-0: 47d75d_47db22_47dc8c_47ddab (30378 2.62 5 2.00 5 17.00){0.00 0.00 0.00 0.00 1.20 0}{1.20 2.00 2.00 2.00 2.40 12765}{2.40 2.41 2.96 4.00 4.80 17346}{4.80 0.00 0.00 0.00 6.00 0}{6.00 8.00 9.70 17.00 20.00 267}
COMM 4b-1: 48b179_48b3fd_48b4d1_48b58a (498 75.88 5 64.00 6 95.00){0.00 0.00 0.00 0.00 30.80 0}{30.80 0.00 0.00 0.00 61.60 0}{61.60 64.00 75.80 87.00 92.40 496}{92.40 94.00 94.50 95.00 123.20 2}{123.20 0.00 0.00 0.00 154.00 0}
LOOP0: iter: ( 62 )[ 1 -1 5 2 1 ] mem: ( 2 )[ 1 -1 5 2 1 ]
10 2 
12 10240 155 155 155 155 155 155 155 155 155 155 155 155 155 155 155 155 155 155 155 155 155 155 155 155 155 155 155 155 155 155 155 155 155 155 155 155 155 155 155 155 155 155 155 155 155 155 155 155 155 155 155 155 155 155 155 155 155 155 155 155 155 
14 16 
1a 4 1 1 1 1 1 1 1 1 1 1 1 1 1 1 1 1 1 1 1 1 1 1 1 1 1 1 1 1 1 1 1 1 1 1 1 1 1 1 1 1 1 1 1 1 1 1 1 1 1 1 1 1 1 1 1 1 1 1 1 1 1 
1b 0 

RANKS: 1 -2 1 2 4 2 1
EVENT43: 1102 47d75d_47db22_47dc8c_47ddab
COMP 4c-0: 47d75d_47db22_47dc8c_47ddab (30876 15.47 5 15.00 5 16.00){0.00 0.00 0.00 0.00 6.00 0}{6.00 0.00 0.00 0.00 12.00 0}{12.00 15.00 15.47 16.00 18.00 30876}{18.00 0.00 0.00 0.00 24.00 0}{24.00 0.00 0.00 0.00 30.00 0}
COMP 4c-1: 48221e_48259e_4826d7_4827cb (30998 769.84 5 396.00 5 23612.00){0.00 0.00 0.00 0.00 159.20 0}{159.20 0.00 0.00 0.00 318.40 0}{318.40 396.00 396.90 404.00 636.80 30500}{636.80 0.00 0.00 0.00 796.00 0}{796.00 23611.00 23611.01 23612.00 46428.00 498}
COMP 4c-2: 48b179_48b3fd_48b4d1_48b58a (2 23660.33 1 23660.00 2 23661.00){0.00 0.00 0.00 0.00 9464.00 0}{9464.00 0.00 0.00 0.00 18928.00 0}{18928.00 23660.00 23660.50 23661.00 28392.00 2}{28392.00 0.00 0.00 0.00 37856.00 0}{37856.00 0.00 0.00 0.00 47320.00 0}
COMM 4b-0: 47d75d_47db22_47dc8c_47ddab (30876 5.12 5 1.00 6 2020.00){0.00 1.00 2.33 60.00 148.80 30625}{148.80 186.00 218.25 295.00 297.60 4}{297.60 300.00 337.00 371.00 372.00 243}{372.00 374.00 537.67 723.00 1074.00 3}{1074.00 2020.00 2020.00 2020.00 2966.00 1}
COMM 4b-1: 48221e_48259e_4826d7_4827cb (30998 8.36 1 1.00 5 1258.00){0.00 1.00 1.81 4.00 4.80 15278}{4.80 5.00 5.62 5.63 6.00 209}{6.00 6.25 6.25 10.00 10.00 15252}{10.00 11.00 11.00 11.00 12.00 1}{12.00 15.00 523.33 1258.00 2504.00 258}
COMM 4b-2: 48b179_48b3fd_48b4d1_48b58a (2 51.33 1 3.00 2 148.00){0.00 0.00 0.00 0.00 1.20 0}{1.20 0.00 0.00 0.00 2.40 0}{2.40 3.00 3.00 3.00 4.80 1}{4.80 0.00 0.00 0.00 6.00 0}{6.00 148.00 148.00 148.00 290.00 1}
LOOP0: iter: ( 62 )[ 1 -1 1 2 1 ]( 2 )[ 1 -1 5 2 1 ] mem: ( 2 )[ 1 -1 1 2 1 ]( 1 )[ 1 -1 5 2 1 ]
10 2 
12 ( 155 )[ 1 -1 1 2 1 ]
12 ( 155 80 )[ 1 -1 5 2 1 ]
14 16 
1b 0 
2b ( 7 )[ 1 -1 1 2 1 ]
2b ( 7 4 )[ 1 -1 5 2 1 ]

RANKS: 1 -2 0 2 4 3 1
EVENT44: 1113 48221e_48259e_4826d7_4827cb
COMP 4c-0: 47d75d_47db22_47dc8c_47ddab (745 352.42 4 328.00 5 359.00){0.00 0.00 0.00 0.00 140.40 0}{140.40 0.00 0.00 0.00 280.80 0}{280.80 328.00 352.42 359.00 421.20 745}{421.20 0.00 0.00 0.00 561.60 0}{561.60 0.00 0.00 0.00 702.00 0}
COMP 4c-1: 48221e_48259e_4826d7_4827cb (247 181.75 0 14.00 0 691.00){0.00 0.00 0.00 0.00 5.60 0}{5.60 0.00 0.00 0.00 11.20 0}{11.20 14.00 15.64 17.00 22.40 186}{22.40 0.00 0.00 0.00 28.00 0}{28.00 690.00 690.98 691.00 1352.00 61}
COMP 4c-2: 48b179_48b3fd_48b4d1_48b58a (2 15048.33 4 89.00 0 22528.00){0.00 89.00 89.00 89.00 9011.20 1}{9011.20 0.00 0.00 0.00 18022.40 0}{18022.40 22528.00 22528.00 22528.00 27033.60 1}{27033.60 0.00 0.00 0.00 36044.80 0}{36044.80 0.00 0.00 0.00 45056.00 0}
COMM 4b-0: 47d75d_47db22_47dc8c_47ddab (745 2.53 1 2.00 1 16.00){0.00 0.00 0.00 0.00 1.20 0}{1.20 2.00 2.00 2.00 2.40 380}{2.40 3.00 3.00 3.00 4.80 362}{4.80 0.00 0.00 0.00 6.00 0}{6.00 9.00 11.67 16.00 26.00 3}
COMM 4b-1: 48221e_48259e_4826d7_4827cb (247 1.85 0 1.00 0 15.00){0.00 0.00 0.00 0.00 0.80 0}{0.80 1.00 1.00 1.00 1.60 83}{1.60 2.00 2.00 2.00 2.40 137}{2.40 3.00 3.00 3.00 4.00 25}{4.00 10.00 12.50 15.00 26.00 2}
COMM 4b-2: 48b179_48b3fd_48b4d1_48b58a (2 21.33 0 4.00 4 56.00){0.00 0.00 0.00 0.00 1.60 0}{1.60 0.00 0.00 0.00 3.20 0}{3.20 4.00 4.00 4.00 6.40 1}{6.40 0.00 0.00 0.00 8.00 0}{8.00 56.00 56.00 56.00 104.00 1}
LOOP0: iter: ( 124 )[ 1 -1 0 2 4 ]( 2 )[ 1 -1 1 2 1 ] mem: ( 1 )[ 1 -1 0 3 1 ]( 2 )[ 1 -1 4 1 0 ]
10 2 
12 ( 155 75 )[ 1 -1 0 1 0 ]
12 ( 155 80 )[ 1 -1 1 2 1 ]
12 ( 155 )[ 1 -1 5 2 1 ]
12 ( 10240 155 155 155 155 155 155 155 155 155 155 155 155 155 155 155 155 155 155 155 155 155 155 155 155 155 155 155 155 155 155 155 155 155 155 155 155 155 155 155 155 155 155 155 155 155 155 155 155 155 155 155 155 155 155 155 155 155 155 155 155 155 155 75 75 75 75 75 75 75 75 75 75 75 75 75 75 75 75 75 75 75 75 75 75 75 75 75 75 75 75 75 75 75 75 75 75 75 75 75 75 75 75 75 75 75 75 75 75 75 75 75 75 75 75 75 75 75 75 75 75 75 75 75 )[ 1 -1 4 1 0 ]
14 16 
1a ( 1 4 )[ 1 -1 0 3 1 ]
1a ( 1 )[ 1 -1 5 2 1 ]
1a ( 4 1 1 1 1 1 1 1 1 1 1 1 1 1 1 1 1 1 1 1 1 1 1 1 1 1 1 1 1 1 1 1 1 1 1 1 1 1 1 1 1 1 1 1 1 1 1 1 1 1 1 1 1 1 1 1 1 1 1 1 1 1 1 4 4 4 4 4 4 4 4 4 4 4 4 4 4 4 4 4 4 4 4 4 4 4 4 4 4 4 4 4 4 4 4 4 4 4 4 4 4 4 4 4 4 4 4 4 4 4 4 4 4 4 4 4 4 4 4 4 4 4 4 4 )[ 1 -1 4 1 0 ]
1b 0 

RANKS: 1 -1 0 8 1
EVENT45: 1102 47d75d_47db22_47dc8c_47ddab
COMP 4c-0: 47d75d_47db22_47dc8c_47ddab (370 234.19 0 15.00 7 691.00){0.00 0.00 0.00 0.00 6.00 0}{6.00 0.00 0.00 0.00 12.00 0}{12.00 15.00 16.26 18.00 24.00 248}{24.00 0.00 0.00 0.00 30.00 0}{30.00 666.00 678.98 691.00 1302.00 122}
COMP 4c-1: 48221e_48259e_4826d7_4827cb (497 461.97 4 354.00 7 22183.00){0.00 0.00 0.00 0.00 142.40 0}{142.40 0.00 0.00 0.00 284.80 0}{284.80 354.00 374.46 411.00 569.60 495}{569.60 0.00 0.00 0.00 712.00 0}{712.00 22164.00 22173.50 22183.00 43654.00 2}
COMP 4c-2: 48b179_48b3fd_48b4d1_48b58a (1 22204.00 3 22204.00 3 22204.00){0.00 0.00 0.00 0.00 8881.60 0}{8881.60 0.00 0.00 0.00 17763.20 0}{17763.20 22204.00 22204.00 22204.00 26644.80 1}{26644.80 0.00 0.00 0.00 35526.40 0}{35526.40 0.00 0.00 0.00 44408.00 0}
COMM 4b-0: 47d75d_47db22_47dc8c_47ddab (370 25.32 0 1.00 7 128.00){0.00 1.00 1.00 1.00 1.60 124}{1.60 2.00 2.38 3.00 3.20 104}{3.20 3.70 3.79 4.00 4.00 14}{4.00 6.00 69.61 84.00 106.00 127}{106.00 128.00 128.00 128.00 150.00 1}
COMM 4b-1: 48221e_48259e_4826d7_4827cb (497 64.26 3 1.00 0 6247.00){0.00 1.00 28.39 1311.00 2498.80 495}{2498.80 0.00 0.00 0.00 4997.60 0}{4997.60 5452.00 5849.50 6247.00 7496.40 2}{7496.40 0.00 0.00 0.00 9995.20 0}{9995.20 0.00 0.00 0.00 12494.00 0}
COMM 4b-2: 48b179_48b3fd_48b4d1_48b58a (1 1077.00 3 1077.00 3 1077.00){0.00 0.00 0.00 0.00 430.80 0}{430.80 0.00 0.00 0.00 861.60 0}{861.60 1077.00 1077.00 1077.00 1292.40 1}{1292.40 0.00 0.00 0.00 1723.20 0}{1723.20 0.00 0.00 0.00 2154.00 0}
LOOP0: iter: ( 124 )[ 2 -1 0 2 3 -1 7 1 0 ]( 62 )[ 1 -2 1 2 4 2 1 ] mem: ( 1 )[ 1 -1 0 2 7 ]( 2 )[ 2 -1 1 3 1 -1 5 2 1 ]
LOOP1: iter: ( 2 )[ 1 -1 1 2 1 ] mem: ( 1 )[ 1 -1 1 2 1 ]
10 2 
12 ( 155 75 )[ 1 -1 0 2 7 ]
12 ( 155 80 )[ 1 -1 1 2 1 ]
12 ( 155 155 155 155 155 155 155 155 155 155 155 155 155 155 155 155 155 155 155 155 155 155 155 155 155 155 155 155 155 155 155 155 155 155 155 155 155 155 155 155 155 155 155 155 155 155 155 155 155 155 155 155 155 155 155 155 155 155 155 155 155 155 75 75 75 75 75 75 75 75 75 75 75 75 75 75 75 75 75 75 75 75 75 75 75 75 75 75 75 75 75 75 75 75 75 75 75 75 75 75 75 75 75 75 75 75 75 75 75 75 75 75 75 75 75 75 75 75 75 75 75 75 75 75 )[ 1 -1 3 1 0 ]
12 ( 155 )[ 1 -1 5 2 1 ]
12 ( 75 75 75 75 75 75 75 75 75 75 75 75 75 75 75 75 75 75 75 75 75 75 75 75 75 75 75 75 75 75 75 75 75 75 75 75 75 75 75 75 75 75 75 75 75 75 75 75 75 75 75 75 75 75 75 75 75 75 75 75 75 75 155 155 155 155 155 155 155 155 155 155 155 155 155 155 155 155 155 155 155 155 155 155 155 155 155 155 155 155 155 155 155 155 155 155 155 155 155 155 155 155 155 155 155 155 155 155 155 155 155 155 155 155 155 155 155 155 155 155 155 155 155 155 )[ 1 -1 4 1 0 ]
14 16 
1b 0 
2b ( 1 4 )[ 1 -1 0 3 1 ]
2b ( 7 7 7 7 7 7 7 7 7 7 7 7 7 7 7 7 7 7 7 7 7 7 7 7 7 7 7 7 7 7 7 7 7 7 7 7 7 7 7 7 7 7 7 7 7 7 7 7 7 7 7 7 7 7 7 7 7 7 7 7 7 7 4 4 4 4 4 4 4 4 4 4 4 4 4 4 4 4 4 4 4 4 4 4 4 4 4 4 4 4 4 4 4 4 4 4 4 4 4 4 4 4 4 4 4 4 4 4 4 4 4 4 4 4 4 4 4 4 4 4 4 4 4 4 )[ 1 -1 3 1 0 ]
2b ( 7 4 )[ 1 -1 7 1 0 ]
2b ( 1 )[ 1 -1 5 2 1 ]
2b ( 4 4 4 4 4 4 4 4 4 4 4 4 4 4 4 4 4 4 4 4 4 4 4 4 4 4 4 4 4 4 4 4 4 4 4 4 4 4 4 4 4 4 4 4 4 4 4 4 4 4 4 4 4 4 4 4 4 4 4 4 4 4 1 1 1 1 1 1 1 1 1 1 1 1 1 1 1 1 1 1 1 1 1 1 1 1 1 1 1 1 1 1 1 1 1 1 1 1 1 1 1 1 1 1 1 1 1 1 1 1 1 1 1 1 1 1 1 1 1 1 1 1 1 1 )[ 1 -1 4 1 0 ]

RANKS: 1 -1 1 7 1
EVENT46: 1113 48221e_48259e_4826d7_4827cb
COMP 4c-0: 47d75d_47db22_47dc8c_47ddab (374 342.37 3 326.00 7 983.00){0.00 0.00 0.00 0.00 139.20 0}{139.20 0.00 0.00 0.00 278.40 0}{278.40 326.00 340.64 348.00 556.80 373}{556.80 0.00 0.00 0.00 696.00 0}{696.00 983.00 983.00 983.00 1270.00 1}
COMP 4c-1: 48221e_48259e_4826d7_4827cb (247 175.36 5 14.00 7 667.00){0.00 0.00 0.00 0.00 6.00 0}{6.00 0.00 0.00 0.00 12.00 0}{12.00 14.00 14.99 17.00 24.00 186}{24.00 0.00 0.00 0.00 30.00 0}{30.00 667.00 667.00 667.00 1304.00 61}
COMM 4b-0: 47d75d_47db22_47dc8c_47ddab (374 2.55 1 2.00 6 19.00){0.00 0.00 0.00 0.00 1.20 0}{1.20 2.00 2.00 2.00 2.40 197}{2.40 3.00 3.00 3.00 6.00 174}{6.00 10.00 10.00 10.00 14.00 2}{14.00 19.00 19.00 19.00 24.00 1}
COMM 4b-1: 48221e_48259e_4826d7_4827cb (247 1.83 7 1.00 7 12.00){0.00 0.00 0.00 0.00 0.80 0}{0.80 1.00 1.00 1.00 1.60 97}{1.60 2.00 2.00 2.00 2.40 115}{2.40 3.00 3.00 3.00 4.00 32}{4.00 8.00 9.67 12.00 20.00 3}
LOOP0: iter: ( 124 )[ 1 -1 7 1 0 ]( 2 )[ 1 -1 5 2 1 ] mem: ( 1 )[ 1 -1 5 3 1 ]
10 2 
12 ( 155 )[ 1 -1 1 2 1 ]
12 ( 75 75 75 75 75 75 75 75 75 75 75 75 75 75 75 75 75 75 75 75 75 75 75 75 75 75 75 75 75 75 75 75 75 75 75 75 75 75 75 75 75 75 75 75 75 75 75 75 75 75 75 75 75 75 75 75 75 75 75 75 75 75 155 155 155 155 155 155 155 155 155 155 155 155 155 155 155 155 155 155 155 155 155 155 155 155 155 155 155 155 155 155 155 155 155 155 155 155 155 155 155 155 155 155 155 155 155 155 155 155 155 155 155 155 155 155 155 155 155 155 155 155 155 155 )[ 1 -1 3 1 0 ]
12 ( 155 75 )[ 1 -1 7 1 0 ]
12 ( 155 80 )[ 1 -1 5 2 1 ]
12 ( 75 )[ 1 -1 4 1 0 ]
14 16 
1a ( 7 )[ 1 -1 1 2 1 ]
1a ( 4 4 4 4 4 4 4 4 4 4 4 4 4 4 4 4 4 4 4 4 4 4 4 4 4 4 4 4 4 4 4 4 4 4 4 4 4 4 4 4 4 4 4 4 4 4 4 4 4 4 4 4 4 4 4 4 4 4 4 4 4 4 7 7 7 7 7 7 7 7 7 7 7 7 7 7 7 7 7 7 7 7 7 7 7 7 7 7 7 7 7 7 7 7 7 7 7 7 7 7 7 7 7 7 7 7 7 7 7 7 7 7 7 7 7 7 7 7 7 7 7 7 7 7 )[ 1 -1 3 1 0 ]
1a ( 7 4 )[ 1 -1 5 3 1 ]
1a ( 4 )[ 1 -1 4 1 0 ]
1b 0 

RANKS: 1 -1 0 8 1
EVENT47: 1004 46a653_46a9b3_46aaf6_46abe8
COMP 4c-0: 47d75d_47db22_47dc8c_47ddab (1 2989.00 0 2989.00 0 2989.00){0.00 0.00 0.00 0.00 1195.60 0}{1195.60 0.00 0.00 0.00 2391.20 0}{2391.20 2989.00 2989.00 2989.00 3586.80 1}{3586.80 0.00 0.00 0.00 4782.40 0}{4782.40 0.00 0.00 0.00 5978.00 0}
COMP 4c-1: 48221e_48259e_4826d7_4827cb (7 2790.50 4 2676.00 5 2861.00){0.00 0.00 0.00 0.00 1142.40 0}{1142.40 0.00 0.00 0.00 2284.80 0}{2284.80 2676.00 2781.14 2861.00 3427.20 7}{3427.20 0.00 0.00 0.00 4569.60 0}{4569.60 0.00 0.00 0.00 5712.00 0}
COMM 4b-0: 47d75d_47db22_47dc8c_47ddab (1 11.00 0 11.00 0 11.00){0.00 0.00 0.00 0.00 4.40 0}{4.40 0.00 0.00 0.00 8.80 0}{8.80 11.00 11.00 11.00 13.20 1}{13.20 0.00 0.00 0.00 17.60 0}{17.60 0.00 0.00 0.00 22.00 0}
COMM 4b-1: 48221e_48259e_4826d7_4827cb (7 1323.62 1 113.00 3 4752.00){0.00 0.00 0.00 0.00 45.20 0}{45.20 0.00 0.00 0.00 90.40 0}{90.40 113.00 113.00 113.00 180.80 1}{180.80 187.00 187.00 187.00 226.00 1}{226.00 246.00 2035.20 4752.00 7998.00 5}
10 2 
12 5 
14 16 
18 3 

RANKS: 1 -1 4 1 0
EVENT48: 1113 48221e_48259e_4826d7_4827cb
COMP 4c-0: 46a653_46a9b3_46aaf6_46abe8 (1 1521.00 4 1521.00 4 1521.00){0.00 0.00 0.00 0.00 608.40 0}{608.40 0.00 0.00 0.00 1216.80 0}{1216.80 1521.00 1521.00 1521.00 1825.20 1}{1825.20 0.00 0.00 0.00 2433.60 0}{2433.60 0.00 0.00 0.00 3042.00 0}
COMM 4b-0: 46a653_46a9b3_46aaf6_46abe8 (1 141.00 4 141.00 4 141.00){0.00 0.00 0.00 0.00 56.40 0}{56.40 0.00 0.00 0.00 112.80 0}{112.80 141.00 141.00 141.00 169.20 1}{169.20 0.00 0.00 0.00 225.60 0}{225.60 0.00 0.00 0.00 282.00 0}
10 2 
12 20480 
14 16 
1a 1 
1b 0 

RANKS: 1 -1 1 7 1
EVENT49: 1090 47a0ea_47a4bf_47a62a_47a74b
COMP 4c-0: 46a653_46a9b3_46aaf6_46abe8 (6 1444.57 5 1444.00 1 1445.00){0.00 0.00 0.00 0.00 578.00 0}{578.00 0.00 0.00 0.00 1156.00 0}{1156.00 1444.00 1444.50 1445.00 1734.00 6}{1734.00 0.00 0.00 0.00 2312.00 0}{2312.00 0.00 0.00 0.00 2890.00 0}
COMP 4c-1: 48221e_48259e_4826d7_4827cb (2 7021.67 4 15.00 7 10525.00){0.00 15.00 15.00 15.00 4210.00 1}{4210.00 0.00 0.00 0.00 8420.00 0}{8420.00 10525.00 10525.00 10525.00 12630.00 1}{12630.00 0.00 0.00 0.00 16840.00 0}{16840.00 0.00 0.00 0.00 21050.00 0}
COMP 4c-2: 48b179_48b3fd_48b4d1_48b58a (5 1834.33 1 87.00 4 10571.00){0.00 0.00 0.00 0.00 34.80 0}{34.80 0.00 0.00 0.00 69.60 0}{69.60 87.00 87.00 87.00 139.20 4}{139.20 0.00 0.00 0.00 174.00 0}{174.00 10571.00 10571.00 10571.00 20968.00 1}
COMM 4b-0: 46a653_46a9b3_46aaf6_46abe8 (6 1.29 1 1.00 3 2.00){0.00 0.00 0.00 0.00 0.40 0}{0.40 0.00 0.00 0.00 0.80 0}{0.80 1.00 1.00 1.00 1.20 4}{1.20 0.00 0.00 0.00 1.60 0}{1.60 2.00 2.00 2.00 2.00 2}
COMM 4b-1: 48221e_48259e_4826d7_4827cb (2 1.00 7 1.00 7 1.00){0.00 0.00 0.00 0.00 0.40 0}{0.40 0.00 0.00 0.00 0.80 0}{0.80 1.00 1.00 1.00 1.20 2}{1.20 0.00 0.00 0.00 1.60 0}{1.60 0.00 0.00 0.00 2.00 0}
COMM 4b-2: 48b179_48b3fd_48b4d1_48b58a (5 1.17 1 1.00 2 2.00){0.00 0.00 0.00 0.00 0.40 0}{0.40 0.00 0.00 0.00 0.80 0}{0.80 1.00 1.00 1.00 1.20 4}{1.20 0.00 0.00 0.00 1.60 0}{1.60 2.00 2.00 2.00 2.00 1}
LOOP0: iter: ( 2 )[ 2 -2 1 2 3 2 1 -1 6 2 1 ] mem: ( 3 )[ 2 -2 1 2 4 2 1 -1 7 1 0 ]( 2 )[ 1 -1 4 1 0 ]
10 2 
12 ( 20480 )[ 2 -1 1 3 1 -1 5 2 1 ]
12 ( 20480 10240 )[ 1 -1 4 2 3 ]
14 16 
1b 0 
2b 2147483647 

RANKS: 1 -2 1 2 4 2 1
EVENT50: 1113 48221e_48259e_4826d7_4827cb
COMP 4c-0: 47a0ea_47a4bf_47a62a_47a74b (8 89.00 5 86.00 1 91.00){0.00 0.00 0.00 0.00 36.40 0}{36.40 0.00 0.00 0.00 72.80 0}{72.80 86.00 88.75 91.00 109.20 8}{109.20 0.00 0.00 0.00 145.60 0}{145.60 0.00 0.00 0.00 182.00 0}
COMM 4b-0: 47a0ea_47a4bf_47a62a_47a74b (8 158.78 5 97.00 1 256.00){0.00 97.00 99.00 101.00 102.40 3}{102.40 103.00 129.33 143.00 204.80 3}{204.80 232.00 244.00 256.00 307.20 2}{307.20 0.00 0.00 0.00 409.60 0}{409.60 0.00 0.00 0.00 512.00 0}
10 2 
12 20480 
14 16 
1a 1 7 
1b 0 

RANKS: 1 -1 1 7 1
EVENT51: 1148 48b179_48b3fd_48b4d1_48b58a
COMP 4c-0: 47a0ea_47a4bf_47a62a_47a74b (5 14.83 7 14.00 3 15.00){0.00 0.00 0.00 0.00 6.00 0}{6.00 0.00 0.00 0.00 12.00 0}{12.00 14.00 14.80 15.00 18.00 5}{18.00 0.00 0.00 0.00 24.00 0}{24.00 0.00 0.00 0.00 30.00 0}
COMP 4c-1: 48221e_48259e_4826d7_4827cb (8 14.56 5 14.00 1 15.00){0.00 0.00 0.00 0.00 6.00 0}{6.00 0.00 0.00 0.00 12.00 0}{12.00 14.00 14.50 15.00 18.00 8}{18.00 0.00 0.00 0.00 24.00 0}{24.00 0.00 0.00 0.00 30.00 0}
COMM 4b-0: 47a0ea_47a4bf_47a62a_47a74b (5 148.17 4 61.00 4 308.00){0.00 0.00 0.00 0.00 58.00 0}{58.00 61.00 73.50 86.00 116.00 2}{116.00 144.00 144.50 145.00 232.00 2}{232.00 0.00 0.00 0.00 290.00 0}{290.00 308.00 308.00 308.00 326.00 1}
COMM 4b-1: 48221e_48259e_4826d7_4827cb (8 1.33 1 1.00 1 2.00){0.00 0.00 0.00 0.00 0.40 0}{0.40 0.00 0.00 0.00 0.80 0}{0.80 1.00 1.00 1.00 1.20 5}{1.20 0.00 0.00 0.00 1.60 0}{1.60 2.00 2.00 2.00 2.00 3}
1c 9999 

RANKS: 2 -1 0 5 1 -1 7 1 0
EVENT52: 1113 48221e_48259e_4826d7_4827cb
COMP 4c-0: 46a653_46a9b3_46aaf6_46abe8 (1 1521.00 0 1521.00 0 1521.00){0.00 0.00 0.00 0.00 608.40 0}{608.40 0.00 0.00 0.00 1216.80 0}{1216.80 1521.00 1521.00 1521.00 1825.20 1}{1825.20 0.00 0.00 0.00 2433.60 0}{2433.60 0.00 0.00 0.00 3042.00 0}
COMP 4c-1: 48221e_48259e_4826d7_4827cb (1 10562.00 3 10562.00 3 10562.00){0.00 0.00 0.00 0.00 4224.80 0}{4224.80 0.00 0.00 0.00 8449.60 0}{8449.60 10562.00 10562.00 10562.00 12674.40 1}{12674.40 0.00 0.00 0.00 16899.20 0}{16899.20 0.00 0.00 0.00 21124.00 0}
COMP 4c-2: 48b179_48b3fd_48b4d1_48b58a (7 5570.62 7 86.00 1 11428.00){0.00 86.00 123.25 160.00 4243.20 4}{4243.20 0.00 0.00 0.00 8486.40 0}{8486.40 10608.00 11154.67 11428.00 12729.60 3}{12729.60 0.00 0.00 0.00 16972.80 0}{16972.80 0.00 0.00 0.00 21216.00 0}
COMM 4b-0: 46a653_46a9b3_46aaf6_46abe8 (1 126.00 0 126.00 0 126.00){0.00 0.00 0.00 0.00 50.40 0}{50.40 0.00 0.00 0.00 100.80 0}{100.80 126.00 126.00 126.00 151.20 1}{151.20 0.00 0.00 0.00 201.60 0}{201.60 0.00 0.00 0.00 252.00 0}
COMM 4b-1: 48221e_48259e_4826d7_4827cb (1 58.00 3 58.00 3 58.00){0.00 0.00 0.00 0.00 23.20 0}{23.20 0.00 0.00 0.00 46.40 0}{46.40 58.00 58.00 58.00 69.60 1}{69.60 0.00 0.00 0.00 92.80 0}{92.80 0.00 0.00 0.00 116.00 0}
COMM 4b-2: 48b179_48b3fd_48b4d1_48b58a (7 96.12 4 56.00 3 196.00){0.00 0.00 0.00 0.00 22.80 0}{22.80 0.00 0.00 0.00 45.60 0}{45.60 56.00 56.75 57.00 91.20 4}{91.20 109.00 109.00 109.00 114.00 1}{114.00 180.00 188.00 196.00 278.00 2}
LOOP0: iter: ( 2 )[ 1 -1 0 2 3 ] mem: ( 3 )[ 1 -1 0 1 0 ]( 1 )[ 1 -1 3 1 0 ]
10 2 
12 ( 20480 10240 )[ 2 -1 0 2 3 -1 7 1 0 ]
12 ( 10240 )[ 2 -1 1 2 1 -1 4 1 0 ]
14 16 
1a ( 1 4 )[ 1 -1 0 1 0 ]
1a ( 4 )[ 2 -1 1 2 1 -1 4 1 0 ]
1a ( 7 4 )[ 1 -1 3 2 4 ]
1b 0 

RANKS: 2 -1 0 4 1 -1 5 2 1
EVENT53: 1090 47a0ea_47a4bf_47a62a_47a74b
COMP 4c-0: 48221e_48259e_4826d7_4827cb (5 14.33 0 14.00 1 16.00){0.00 0.00 0.00 0.00 5.60 0}{5.60 0.00 0.00 0.00 11.20 0}{11.20 14.00 14.40 16.00 16.80 5}{16.80 0.00 0.00 0.00 22.40 0}{22.40 0.00 0.00 0.00 28.00 0}
COMP 4c-1: 48b179_48b3fd_48b4d1_48b58a (2 11394.00 5 11394.00 5 11394.00){0.00 0.00 0.00 0.00 4557.60 0}{4557.60 0.00 0.00 0.00 9115.20 0}{9115.20 11394.00 11394.00 11394.00 13672.80 2}{13672.80 0.00 0.00 0.00 18230.40 0}{18230.40 0.00 0.00 0.00 22788.00 0}
COMM 4b-0: 48221e_48259e_4826d7_4827cb (5 1.00 0 1.00 0 1.00){0.00 0.00 0.00 0.00 0.40 0}{0.40 0.00 0.00 0.00 0.80 0}{0.80 1.00 1.00 1.00 1.20 5}{1.20 0.00 0.00 0.00 1.60 0}{1.60 0.00 0.00 0.00 2.00 0}
COMM 4b-1: 48b179_48b3fd_48b4d1_48b58a (2 1.00 5 1.00 5 1.00){0.00 0.00 0.00 0.00 0.40 0}{0.40 0.00 0.00 0.00 0.80 0}{0.80 1.00 1.00 1.00 1.20 2}{1.20 0.00 0.00 0.00 1.60 0}{1.60 0.00 0.00 0.00 2.00 0}
10 2 
12 ( 20480 10240 )[ 1 -1 0 1 0 ]
12 ( 10240 )[ 2 -1 1 3 1 -1 5 2 1 ]
14 16 
1b 0 
2b 2147483647 

RANKS: 2 -1 0 4 1 -1 5 2 1
EVENT54: 1148 48b179_48b3fd_48b4d1_48b58a
COMP 4c-0: 47a0ea_47a4bf_47a62a_47a74b (7 14.50 0 14.00 0 15.00){0.00 0.00 0.00 0.00 5.60 0}{5.60 0.00 0.00 0.00 11.20 0}{11.20 14.00 14.57 15.00 16.80 7}{16.80 0.00 0.00 0.00 22.40 0}{22.40 0.00 0.00 0.00 28.00 0}
COMM 4b-0: 47a0ea_47a4bf_47a62a_47a74b (7 139.25 1 50.00 0 367.00){0.00 50.00 63.33 84.00 146.80 6}{146.80 0.00 0.00 0.00 293.60 0}{293.60 367.00 367.00 367.00 440.40 1}{440.40 0.00 0.00 0.00 587.20 0}{587.20 0.00 0.00 0.00 734.00 0}
1c 9999 

RANKS: 1 -1 5 2 1
EVENT55: 1113 48221e_48259e_4826d7_4827cb
COMP 4c-0: 48b179_48b3fd_48b4d1_48b58a (2 85.00 5 85.00 5 85.00){0.00 0.00 0.00 0.00 34.00 0}{34.00 0.00 0.00 0.00 68.00 0}{68.00 85.00 85.00 85.00 102.00 2}{102.00 0.00 0.00 0.00 136.00 0}{136.00 0.00 0.00 0.00 170.00 0}
COMM 4b-0: 48b179_48b3fd_48b4d1_48b58a (2 76.33 5 76.00 6 77.00){0.00 0.00 0.00 0.00 30.40 0}{30.40 0.00 0.00 0.00 60.80 0}{60.80 76.00 76.50 77.00 91.20 2}{91.20 0.00 0.00 0.00 121.60 0}{121.60 0.00 0.00 0.00 152.00 0}
10 2 
12 10240 
14 16 
1a 4 
1b 0 

RANKS: 1 -1 0 8 1
EVENT56: 1004 46a653_46a9b3_46aaf6_46abe8
COMP 4c-0: 46a653_46a9b3_46aaf6_46abe8 (16 5342.53 5 14.00 5 11701.00){0.00 0.00 0.00 0.00 6.00 0}{6.00 0.00 0.00 0.00 12.00 0}{12.00 14.00 14.88 15.00 24.00 8}{24.00 0.00 0.00 0.00 30.00 0}{30.00 10971.00 11336.13 11701.00 21914.00 8}
COMP 4c-1: 48221e_48259e_4826d7_4827cb (4 22375.20 4 21804.00 5 23228.00){0.00 0.00 0.00 0.00 8723.20 0}{8723.20 0.00 0.00 0.00 17446.40 0}{17446.40 21804.00 22517.00 23228.00 26169.60 4}{26169.60 0.00 0.00 0.00 34892.80 0}{34892.80 0.00 0.00 0.00 43616.00 0}
COMP 4c-2: 48b179_48b3fd_48b4d1_48b58a (4 22401.20 3 21830.00 3 23253.00){0.00 0.00 0.00 0.00 8734.00 0}{8734.00 0.00 0.00 0.00 17468.00 0}{17468.00 21830.00 22542.75 23253.00 26202.00 4}{26202.00 0.00 0.00 0.00 34936.00 0}{34936.00 0.00 0.00 0.00 43670.00 0}
COMM 4b-0: 46a653_46a9b3_46aaf6_46abe8 (16 49.47 1 5.00 7 178.00){0.00 5.00 5.00 5.00 5.20 1}{5.20 10.00 10.00 10.00 10.40 2}{10.40 11.00 13.75 17.00 20.80 8}{20.80 22.00 22.00 22.00 26.00 1}{26.00 159.00 167.75 178.00 312.00 4}
COMM 4b-1: 48221e_48259e_4826d7_4827cb (4 378.00 6 13.00 4 643.00){0.00 13.00 40.50 68.00 233.20 2}{233.20 0.00 0.00 0.00 466.40 0}{466.40 583.00 613.00 643.00 699.60 2}{699.60 0.00 0.00 0.00 932.80 0}{932.80 0.00 0.00 0.00 1166.00 0}
COMM 4b-2: 48b179_48b3fd_48b4d1_48b58a (4 382.40 2 10.00 3 625.00){0.00 10.00 36.50 63.00 242.80 2}{242.80 0.00 0.00 0.00 485.60 0}{485.60 607.00 616.00 625.00 728.40 2}{728.40 0.00 0.00 0.00 971.20 0}{971.20 0.00 0.00 0.00 1214.00 0}
LOOP0: iter: ( 3 )[ 1 -1 0 8 1 ] mem: ( 1 )[ 1 -1 0 8 1 ]
10 2 
12 5 1 5 
14 16 
18 3 1 3 

RANKS: 1 -1 0 4 1
EVENT57: 1090 47a0ea_47a4bf_47a62a_47a74b_45ed00
COMP 4c-0: 46a653_46a9b3_46aaf6_46abe8 (4 47.20 3 46.00 3 48.00){0.00 0.00 0.00 0.00 18.80 0}{18.80 0.00 0.00 0.00 37.60 0}{37.60 46.00 47.25 48.00 56.40 4}{56.40 0.00 0.00 0.00 75.20 0}{75.20 0.00 0.00 0.00 94.00 0}
COMM 4b-0: 46a653_46a9b3_46aaf6_46abe8 (4 1.00 0 1.00 0 1.00){0.00 0.00 0.00 0.00 0.40 0}{0.40 0.00 0.00 0.00 0.80 0}{0.80 1.00 1.00 1.00 1.20 4}{1.20 0.00 0.00 0.00 1.60 0}{1.60 0.00 0.00 0.00 2.00 0}
10 2 
12 32 
14 16 
1b 0 
2b 2147483647 

RANKS: 1 -1 0 4 1
EVENT58: 1148 48b179_48b3fd_48b4d1_48b58a_45ed19
COMP 4c-0: 47a0ea_47a4bf_47a62a_47a74b_45ed00 (4 16.00 0 16.00 0 16.00){0.00 0.00 0.00 0.00 6.40 0}{6.40 0.00 0.00 0.00 12.80 0}{12.80 16.00 16.00 16.00 19.20 4}{19.20 0.00 0.00 0.00 25.60 0}{25.60 0.00 0.00 0.00 32.00 0}
COMM 4b-0: 47a0ea_47a4bf_47a62a_47a74b_45ed00 (4 2.20 0 2.00 1 3.00){0.00 0.00 0.00 0.00 0.80 0}{0.80 0.00 0.00 0.00 1.60 0}{1.60 2.00 2.00 2.00 2.40 3}{2.40 3.00 3.00 3.00 3.20 1}{3.20 0.00 0.00 0.00 4.00 0}
1c 9999 

RANKS: 1 -1 4 3 1
EVENT59: 1113 48221e_48259e_4826d7_4827cb_45edee
COMP 4c-0: 46a653_46a9b3_46aaf6_46abe8 (3 47.50 4 46.00 5 48.00){0.00 0.00 0.00 0.00 19.20 0}{19.20 0.00 0.00 0.00 38.40 0}{38.40 46.00 47.33 48.00 57.60 3}{57.60 0.00 0.00 0.00 76.80 0}{76.80 0.00 0.00 0.00 96.00 0}
COMM 4b-0: 46a653_46a9b3_46aaf6_46abe8 (3 2.75 6 2.00 5 3.00){0.00 0.00 0.00 0.00 1.20 0}{1.20 2.00 2.00 2.00 2.40 1}{2.40 3.00 3.00 3.00 3.60 2}{3.60 0.00 0.00 0.00 4.80 0}{4.80 0.00 0.00 0.00 6.00 0}
10 2 
12 32 
14 16 
1a 4 
1b 0 

RANKS: 1 -2 0 2 4 3 1
EVENT60: 1090 47a0ea_47a4bf_47a62a_47a74b_45ee4a
COMP 4c-0: 48221e_48259e_4826d7_4827cb_45edee (3 16.25 5 16.00 4 17.00){0.00 0.00 0.00 0.00 6.40 0}{6.40 0.00 0.00 0.00 12.80 0}{12.80 16.00 16.33 17.00 19.20 3}{19.20 0.00 0.00 0.00 25.60 0}{25.60 0.00 0.00 0.00 32.00 0}
COMP 4c-1: 48b179_48b3fd_48b4d1_48b58a_45ed19 (3 16.00 0 16.00 0 16.00){0.00 0.00 0.00 0.00 6.40 0}{6.40 0.00 0.00 0.00 12.80 0}{12.80 16.00 16.00 16.00 19.20 3}{19.20 0.00 0.00 0.00 25.60 0}{25.60 0.00 0.00 0.00 32.00 0}
COMM 4b-0: 48221e_48259e_4826d7_4827cb_45edee (3 1.00 5 1.00 5 1.00){0.00 0.00 0.00 0.00 0.40 0}{0.40 0.00 0.00 0.00 0.80 0}{0.80 1.00 1.00 1.00 1.20 3}{1.20 0.00 0.00 0.00 1.60 0}{1.60 0.00 0.00 0.00 2.00 0}
COMM 4b-1: 48b179_48b3fd_48b4d1_48b58a_45ed19 (3 1.00 0 1.00 0 1.00){0.00 0.00 0.00 0.00 0.40 0}{0.40 0.00 0.00 0.00 0.80 0}{0.80 1.00 1.00 1.00 1.20 3}{1.20 0.00 0.00 0.00 1.60 0}{1.60 0.00 0.00 0.00 2.00 0}
10 2 
12 68 
14 16 
1b 0 
2b 2147483647 

RANKS: 1 -2 0 2 4 3 1
EVENT61: 1148 48b179_48b3fd_48b4d1_48b58a_45ee5f
COMP 4c-0: 47a0ea_47a4bf_47a62a_47a74b_45ee4a (6 16.29 1 16.00 0 17.00){0.00 0.00 0.00 0.00 6.80 0}{6.80 0.00 0.00 0.00 13.60 0}{13.60 16.00 16.17 17.00 20.40 6}{20.40 0.00 0.00 0.00 27.20 0}{27.20 0.00 0.00 0.00 34.00 0}
COMM 4b-0: 47a0ea_47a4bf_47a62a_47a74b_45ee4a (6 26.86 2 1.00 0 45.00){0.00 1.00 2.00 3.00 18.00 2}{18.00 25.00 26.00 27.00 36.00 2}{36.00 42.00 43.50 45.00 54.00 2}{54.00 0.00 0.00 0.00 72.00 0}{72.00 0.00 0.00 0.00 90.00 0}
1c 9999 

RANKS: 1 -1 7 1 0
EVENT62: 1113 48221e_48259e_4826d7_4827cb_45edee
COMP 4c-0: 46a653_46a9b3_46aaf6_46abe8 (1 46.00 7 46.00 7 46.00){0.00 0.00 0.00 0.00 18.40 0}{18.40 0.00 0.00 0.00 36.80 0}{36.80 46.00 46.00 46.00 55.20 1}{55.20 0.00 0.00 0.00 73.60 0}{73.60 0.00 0.00 0.00 92.00 0}
COMM 4b-0: 46a653_46a9b3_46aaf6_46abe8 (1 3.00 7 3.00 7 3.00){0.00 0.00 0.00 0.00 1.20 0}{1.20 0.00 0.00 0.00 2.40 0}{2.40 3.00 3.00 3.00 3.60 1}{3.60 0.00 0.00 0.00 4.80 0}{4.80 0.00 0.00 0.00 6.00 0}
10 2 
12 32 
14 16 
1a 4 
1b 0 

RANKS: 1 -2 1 2 4 3 1
EVENT63: 1113 48221e_48259e_4826d7_4827cb_45ef5f
COMP 4c-0: 48221e_48259e_4826d7_4827cb_45edee (1 17.00 7 17.00 7 17.00){0.00 0.00 0.00 0.00 6.80 0}{6.80 0.00 0.00 0.00 13.60 0}{13.60 17.00 17.00 17.00 20.40 1}{20.40 0.00 0.00 0.00 27.20 0}{27.20 0.00 0.00 0.00 34.00 0}
COMP 4c-1: 48b179_48b3fd_48b4d1_48b58a_45ed19 (1 17.00 3 17.00 3 17.00){0.00 0.00 0.00 0.00 6.80 0}{6.80 0.00 0.00 0.00 13.60 0}{13.60 17.00 17.00 17.00 20.40 1}{20.40 0.00 0.00 0.00 27.20 0}{27.20 0.00 0.00 0.00 34.00 0}
COMP 4c-2: 48b179_48b3fd_48b4d1_48b58a_45ee5f (4 17.00 1 17.00 1 17.00){0.00 0.00 0.00 0.00 6.80 0}{6.80 0.00 0.00 0.00 13.60 0}{13.60 17.00 17.00 17.00 20.40 4}{20.40 0.00 0.00 0.00 27.20 0}{27.20 0.00 0.00 0.00 34.00 0}
COMM 4b-0: 48221e_48259e_4826d7_4827cb_45edee (1 1.00 7 1.00 7 1.00){0.00 0.00 0.00 0.00 0.40 0}{0.40 0.00 0.00 0.00 0.80 0}{0.80 1.00 1.00 1.00 1.20 1}{1.20 0.00 0.00 0.00 1.60 0}{1.60 0.00 0.00 0.00 2.00 0}
COMM 4b-1: 48b179_48b3fd_48b4d1_48b58a_45ed19 (1 2.00 3 2.00 3 2.00){0.00 0.00 0.00 0.00 0.80 0}{0.80 0.00 0.00 0.00 1.60 0}{1.60 2.00 2.00 2.00 2.40 1}{2.40 0.00 0.00 0.00 3.20 0}{3.20 0.00 0.00 0.00 4.00 0}
COMM 4b-2: 48b179_48b3fd_48b4d1_48b58a_45ee5f (4 2.00 1 2.00 1 2.00){0.00 0.00 0.00 0.00 0.80 0}{0.80 0.00 0.00 0.00 1.60 0}{1.60 2.00 2.00 2.00 2.40 4}{2.40 0.00 0.00 0.00 3.20 0}{3.20 0.00 0.00 0.00 4.00 0}
10 2 
12 68 
14 16 
1a 7 
1b 0 

RANKS: 1 -1 0 8 1
EVENT64: 1004 46a653_46a9b3_46aaf6_46abe8_4668d2
COMP 4c-0: 48221e_48259e_4826d7_4827cb_45ef5f (6 25.29 7 24.00 1 26.00){0.00 0.00 0.00 0.00 10.40 0}{10.40 0.00 0.00 0.00 20.80 0}{20.80 24.00 25.17 26.00 31.20 6}{31.20 0.00 0.00 0.00 41.60 0}{41.60 0.00 0.00 0.00 52.00 0}
COMP 4c-1: 48b179_48b3fd_48b4d1_48b58a_45ee5f (2 25.67 4 25.00 0 26.00){0.00 0.00 0.00 0.00 10.40 0}{10.40 0.00 0.00 0.00 20.80 0}{20.80 25.00 25.50 26.00 31.20 2}{31.20 0.00 0.00 0.00 41.60 0}{41.60 0.00 0.00 0.00 52.00 0}
COMM 4b-0: 48221e_48259e_4826d7_4827cb_45ef5f (6 50.57 1 6.00 7 120.00){0.00 0.00 0.00 0.00 2.40 0}{2.40 0.00 0.00 0.00 4.80 0}{4.80 6.00 6.00 6.00 9.60 1}{9.60 0.00 0.00 0.00 12.00 0}{12.00 32.00 68.40 120.00 170.00 5}
COMM 4b-1: 48b179_48b3fd_48b4d1_48b58a_45ee5f (2 25.00 0 13.00 4 49.00){0.00 0.00 0.00 0.00 5.20 0}{5.20 0.00 0.00 0.00 10.40 0}{10.40 13.00 13.00 13.00 20.80 1}{20.80 0.00 0.00 0.00 26.00 0}{26.00 49.00 49.00 49.00 72.00 1}
10 2 
12 1 
14 16 
18 3 

RANKS: 1 -2 0 2 4 3 1
EVENT65: 1090 47a0ea_47a4bf_47a62a_47a74b
COMP 4c-0: 46a653_46a9b3_46aaf6_46abe8_4668d2 (6 46.57 0 46.00 1 47.00){0.00 0.00 0.00 0.00 18.40 0}{18.40 0.00 0.00 0.00 36.80 0}{36.80 46.00 46.67 47.00 55.20 6}{55.20 0.00 0.00 0.00 73.60 0}{73.60 0.00 0.00 0.00 92.00 0}
COMM 4b-0: 46a653_46a9b3_46aaf6_46abe8_4668d2 (6 1.00 0 1.00 0 1.00){0.00 0.00 0.00 0.00 0.40 0}{0.40 0.00 0.00 0.00 0.80 0}{0.80 1.00 1.00 1.00 1.20 6}{1.20 0.00 0.00 0.00 1.60 0}{1.60 0.00 0.00 0.00 2.00 0}
10 2 
12 64 
14 16 
1b 0 
2b 2147483647 

RANKS: 1 -2 0 2 4 3 1
EVENT66: 1148 48b179_48b3fd_48b4d1_48b58a
COMP 4c-0: 47a0ea_47a4bf_47a62a_47a74b (6 15.00 0 15.00 0 15.00){0.00 0.00 0.00 0.00 6.00 0}{6.00 0.00 0.00 0.00 12.00 0}{12.00 15.00 15.00 15.00 18.00 6}{18.00 0.00 0.00 0.00 24.00 0}{24.00 0.00 0.00 0.00 30.00 0}
COMM 4b-0: 47a0ea_47a4bf_47a62a_47a74b (6 43.29 2 2.00 0 84.00){0.00 2.00 11.67 31.00 33.60 3}{33.60 40.00 50.00 60.00 67.20 2}{67.20 84.00 84.00 84.00 100.80 1}{100.80 0.00 0.00 0.00 134.40 0}{134.40 0.00 0.00 0.00 168.00 0}
1c 9999 

RANKS: 1 -2 1 2 4 3 1
EVENT67: 1113 48221e_48259e_4826d7_4827cb
COMP 4c-0: 46a653_46a9b3_46aaf6_46abe8_4668d2 (2 47.00 3 47.00 3 47.00){0.00 0.00 0.00 0.00 18.80 0}{18.80 0.00 0.00 0.00 37.60 0}{37.60 47.00 47.00 47.00 56.40 2}{56.40 0.00 0.00 0.00 75.20 0}{75.20 0.00 0.00 0.00 94.00 0}
COMP 4c-1: 48b179_48b3fd_48b4d1_48b58a (4 16.00 1 16.00 1 16.00){0.00 0.00 0.00 0.00 6.40 0}{6.40 0.00 0.00 0.00 12.80 0}{12.80 16.00 16.00 16.00 19.20 4}{19.20 0.00 0.00 0.00 25.60 0}{25.60 0.00 0.00 0.00 32.00 0}
COMM 4b-0: 46a653_46a9b3_46aaf6_46abe8_4668d2 (2 2.00 3 2.00 3 2.00){0.00 0.00 0.00 0.00 0.80 0}{0.80 0.00 0.00 0.00 1.60 0}{1.60 2.00 2.00 2.00 2.40 2}{2.40 0.00 0.00 0.00 3.20 0}{3.20 0.00 0.00 0.00 4.00 0}
COMM 4b-1: 48b179_48b3fd_48b4d1_48b58a (4 2.40 5 2.00 1 3.00){0.00 0.00 0.00 0.00 1.20 0}{1.20 2.00 2.00 2.00 2.40 3}{2.40 3.00 3.00 3.00 3.60 1}{3.60 0.00 0.00 0.00 4.80 0}{4.80 0.00 0.00 0.00 6.00 0}
10 2 
12 64 
14 16 
1a 7 
1b 0 

RANKS: 1 -1 0 8 1
EVENT68: 1004 46a653_46a9b3_46aaf6_46abe8_466caf
COMP 4c-0: 48221e_48259e_4826d7_4827cb (6 33.43 3 32.00 1 34.00){0.00 0.00 0.00 0.00 13.60 0}{13.60 0.00 0.00 0.00 27.20 0}{27.20 32.00 33.33 34.00 40.80 6}{40.80 0.00 0.00 0.00 54.40 0}{54.40 0.00 0.00 0.00 68.00 0}
COMP 4c-1: 48b179_48b3fd_48b4d1_48b58a (2 34.00 0 34.00 0 34.00){0.00 0.00 0.00 0.00 13.60 0}{13.60 0.00 0.00 0.00 27.20 0}{27.20 34.00 34.00 34.00 40.80 2}{40.80 0.00 0.00 0.00 54.40 0}{54.40 0.00 0.00 0.00 68.00 0}
COMM 4b-0: 48221e_48259e_4826d7_4827cb (6 58.86 1 6.00 3 131.00){0.00 0.00 0.00 0.00 2.40 0}{2.40 0.00 0.00 0.00 4.80 0}{4.80 6.00 6.00 6.00 9.60 1}{9.60 0.00 0.00 0.00 12.00 0}{12.00 33.00 80.00 131.00 242.00 5}
COMM 4b-1: 48b179_48b3fd_48b4d1_48b58a (2 31.33 0 25.00 4 44.00){0.00 0.00 0.00 0.00 10.00 0}{10.00 0.00 0.00 0.00 20.00 0}{20.00 25.00 25.00 25.00 30.00 1}{30.00 0.00 0.00 0.00 40.00 0}{40.00 44.00 44.00 44.00 50.00 1}
10 2 
12 1 
14 16 
18 3 

RANKS: 1 -1 0 2 3
EVENT69: 1090 47a0ea_47a4bf_47a62a_47a74b_45f138
COMP 4c-0: 46a653_46a9b3_46aaf6_46abe8_466caf (2 72.00 0 72.00 0 72.00){0.00 0.00 0.00 0.00 28.80 0}{28.80 0.00 0.00 0.00 57.60 0}{57.60 72.00 72.00 72.00 86.40 2}{86.40 0.00 0.00 0.00 115.20 0}{115.20 0.00 0.00 0.00 144.00 0}
COMM 4b-0: 46a653_46a9b3_46aaf6_46abe8_466caf (2 1.00 0 1.00 0 1.00){0.00 0.00 0.00 0.00 0.40 0}{0.40 0.00 0.00 0.00 0.80 0}{0.80 1.00 1.00 1.00 1.20 2}{1.20 0.00 0.00 0.00 1.60 0}{1.60 0.00 0.00 0.00 2.00 0}
10 2 
12 64 
14 16 
1b 0 
2b 2147483647 

RANKS: 1 -1 0 2 3
EVENT70: 1148 48b179_48b3fd_48b4d1_48b58a_45f14d
COMP 4c-0: 47a0ea_47a4bf_47a62a_47a74b_45f138 (2 16.00 0 16.00 0 16.00){0.00 0.00 0.00 0.00 6.40 0}{6.40 0.00 0.00 0.00 12.80 0}{12.80 16.00 16.00 16.00 19.20 2}{19.20 0.00 0.00 0.00 25.60 0}{25.60 0.00 0.00 0.00 32.00 0}
COMM 4b-0: 47a0ea_47a4bf_47a62a_47a74b_45f138 (2 3.00 0 3.00 0 3.00){0.00 0.00 0.00 0.00 1.20 0}{1.20 0.00 0.00 0.00 2.40 0}{2.40 3.00 3.00 3.00 3.60 2}{3.60 0.00 0.00 0.00 4.80 0}{4.80 0.00 0.00 0.00 6.00 0}
1c 9999 

RANKS: 1 -1 4 2 3
EVENT71: 1113 48221e_48259e_4826d7_4827cb_45f1fa
COMP 4c-0: 46a653_46a9b3_46aaf6_46abe8_466caf (2 71.00 7 71.00 7 71.00){0.00 0.00 0.00 0.00 28.40 0}{28.40 0.00 0.00 0.00 56.80 0}{56.80 71.00 71.00 71.00 85.20 2}{85.20 0.00 0.00 0.00 113.60 0}{113.60 0.00 0.00 0.00 142.00 0}
COMM 4b-0: 46a653_46a9b3_46aaf6_46abe8_466caf (2 2.00 7 2.00 7 2.00){0.00 0.00 0.00 0.00 0.80 0}{0.80 0.00 0.00 0.00 1.60 0}{1.60 2.00 2.00 2.00 2.40 2}{2.40 0.00 0.00 0.00 3.20 0}{3.20 0.00 0.00 0.00 4.00 0}
10 2 
12 64 
14 16 
1a 4 
1b 0 

RANKS: 1 -1 0 8 1
EVENT72: 1004 46a653_46a9b3_46aaf6_46abe8
COMP 4c-0: 46a653_46a9b3_46aaf6_46abe8_466caf (4 59.20 5 58.00 1 60.00){0.00 0.00 0.00 0.00 24.00 0}{24.00 0.00 0.00 0.00 48.00 0}{48.00 58.00 59.00 60.00 72.00 4}{72.00 0.00 0.00 0.00 96.00 0}{96.00 0.00 0.00 0.00 120.00 0}
COMP 4c-1: 48221e_48259e_4826d7_4827cb_45f1fa (2 47.00 7 47.00 7 47.00){0.00 0.00 0.00 0.00 18.80 0}{18.80 0.00 0.00 0.00 37.60 0}{37.60 47.00 47.00 47.00 56.40 2}{56.40 0.00 0.00 0.00 75.20 0}{75.20 0.00 0.00 0.00 94.00 0}
COMP 4c-2: 48b179_48b3fd_48b4d1_48b58a_45f14d (2 50.00 0 50.00 0 50.00){0.00 0.00 0.00 0.00 20.00 0}{20.00 0.00 0.00 0.00 40.00 0}{40.00 50.00 50.00 50.00 60.00 2}{60.00 0.00 0.00 0.00 80.00 0}{80.00 0.00 0.00 0.00 100.00 0}
COMM 4b-0: 46a653_46a9b3_46aaf6_46abe8_466caf (4 87.40 2 86.00 5 89.00){0.00 0.00 0.00 0.00 35.20 0}{35.20 0.00 0.00 0.00 70.40 0}{70.40 86.00 87.25 89.00 105.60 4}{105.60 0.00 0.00 0.00 140.80 0}{140.80 0.00 0.00 0.00 176.00 0}
COMM 4b-1: 48221e_48259e_4826d7_4827cb_45f1fa (2 34.67 7 34.00 4 36.00){0.00 0.00 0.00 0.00 13.60 0}{13.60 0.00 0.00 0.00 27.20 0}{27.20 34.00 35.00 36.00 40.80 2}{40.80 0.00 0.00 0.00 54.40 0}{54.40 0.00 0.00 0.00 68.00 0}
COMM 4b-2: 48b179_48b3fd_48b4d1_48b58a_45f14d (2 8.00 3 6.00 0 9.00){0.00 0.00 0.00 0.00 3.60 0}{3.60 6.00 6.00 6.00 7.20 1}{7.20 9.00 9.00 9.00 10.80 1}{10.80 0.00 0.00 0.00 14.40 0}{14.40 0.00 0.00 0.00 18.00 0}
10 2 
12 1 
14 16 
18 3 

RANKS: 1 -1 0 8 1
EVENT73: 1045 472fb3_473027_47308d_4730e8
COMP 4c-0: 46a653_46a9b3_46aaf6_46abe8 (8 15859.11 0 576.00 4 20954.00){0.00 0.00 0.00 0.00 230.40 0}{230.40 0.00 0.00 0.00 460.80 0}{460.80 576.00 576.00 576.00 921.60 1}{921.60 0.00 0.00 0.00 1152.00 0}{1152.00 18447.00 20225.71 20954.00 35742.00 7}

