RANKS: 1 -1 0 16 1
EVENT0: 1084 46bb08_46bbc7_46bc5d_46bcb8
33 2 
34 0 

RANKS: 1 -1 0 16 1
EVENT1: 1090 46c902_46ccd7_46ce42_46cf63_457e56
COMP 4c-0: 46bb08_46bbc7_46bc5d_46bcb8 (16 32741.12 13 31387.00 0 35341.00){0.00 0.00 0.00 0.00 14136.40 0}{14136.40 0.00 0.00 0.00 28272.80 0}{28272.80 31387.00 32578.62 35341.00 42409.20 16}{42409.20 0.00 0.00 0.00 56545.60 0}{56545.60 0.00 0.00 0.00 70682.00 0}
COMP 4c-1: 47d991_47dc15_47dce9_47dda2_457ea8 (16 17.00 0 17.00 0 17.00){0.00 0.00 0.00 0.00 6.80 0}{6.80 0.00 0.00 0.00 13.60 0}{13.60 17.00 17.00 17.00 20.40 16}{20.40 0.00 0.00 0.00 27.20 0}{27.20 0.00 0.00 0.00 34.00 0}
COMM 4b-0: 46bb08_46bbc7_46bc5d_46bcb8 (16 5.35 0 5.00 3 6.00){0.00 0.00 0.00 0.00 2.00 0}{2.00 0.00 0.00 0.00 4.00 0}{4.00 5.00 5.38 6.00 6.00 16}{6.00 0.00 0.00 0.00 8.00 0}{8.00 0.00 0.00 0.00 10.00 0}
COMM 4b-1: 47d991_47dc15_47dce9_47dda2_457ea8 (16 2.06 1 1.00 13 5.00){0.00 0.00 0.00 0.00 0.80 0}{0.80 1.00 1.00 1.00 1.60 5}{1.60 2.00 2.00 2.00 2.40 8}{2.40 3.00 3.50 4.00 4.00 2}{4.00 5.00 5.00 5.00 6.00 1}
LOOP0: iter: ( 2 )[ 1 -1 0 16 1 ] mem: ( 3 )[ 1 -1 0 16 1 ]
10 2 
12 1 
14 16 
1b 0 
2b ( 2 1 )[ 1 -1 0 4 4 ]
2b ( 2 15 )[ 1 -1 1 4 4 ]
2b ( 14 15 )[ 1 -1 3 4 4 ]
2b ( 14 1 )[ 1 -1 2 4 4 ]

RANKS: 1 -1 0 16 1
EVENT2: 1113 474a36_474db6_474eef_474fe3_457e8e
COMP 4c-0: 46c902_46ccd7_46ce42_46cf63_457e56 (32 16.52 0 16.00 0 17.00){0.00 0.00 0.00 0.00 6.80 0}{6.80 0.00 0.00 0.00 13.60 0}{13.60 16.00 16.50 17.00 20.40 32}{20.40 0.00 0.00 0.00 27.20 0}{27.20 0.00 0.00 0.00 34.00 0}
COMM 4b-0: 46c902_46ccd7_46ce42_46cf63_457e56 (32 9.79 1 3.00 1 22.00){0.00 3.00 3.88 7.00 8.00 16}{8.00 11.00 12.82 14.00 16.00 11}{16.00 17.00 20.00 22.00 24.00 5}{24.00 0.00 0.00 0.00 32.00 0}{32.00 0.00 0.00 0.00 40.00 0}
10 2 
12 1 
14 16 
1a ( 2 1 )[ 1 -1 0 4 4 ]
1a ( 2 15 )[ 1 -1 1 4 4 ]
1a ( 14 15 )[ 1 -1 3 4 4 ]
1a ( 14 1 )[ 1 -1 2 4 4 ]
1b 0 

RANKS: 1 -1 0 16 1
EVENT3: 1148 47d991_47dc15_47dce9_47dda2_457ea8
COMP 4c-0: 474a36_474db6_474eef_474fe3_457e8e (32 16.52 0 16.00 0 17.00){0.00 0.00 0.00 0.00 6.80 0}{6.80 0.00 0.00 0.00 13.60 0}{13.60 16.00 16.50 17.00 20.40 32}{20.40 0.00 0.00 0.00 27.20 0}{27.20 0.00 0.00 0.00 34.00 0}
COMM 4b-0: 474a36_474db6_474eef_474fe3_457e8e (32 1053.48 6 1.00 12 3450.00){0.00 1.00 4.00 4.75 11.60 10}{11.60 13.00 17.00 23.00 23.20 4}{23.20 25.00 27.00 29.00 46.40 2}{46.40 0.00 0.00 0.00 58.00 0}{58.00 282.00 2160.88 3450.00 5604.00 16}
1c 9999 

RANKS: 1 -1 0 16 1
EVENT4: 1090 46c902_46ccd7_46ce42_46cf63_45800a
COMP 4c-0: 47d991_47dc15_47dce9_47dda2_457ea8 (16 1113.94 7 1091.00 0 1150.00){0.00 0.00 0.00 0.00 460.00 0}{460.00 0.00 0.00 0.00 920.00 0}{920.00 1091.00 1111.69 1150.00 1380.00 16}{1380.00 0.00 0.00 0.00 1840.00 0}{1840.00 0.00 0.00 0.00 2300.00 0}
COMP 4c-1: 47d991_47dc15_47dce9_47dda2_458071 (400 44.26 0 44.00 0 45.00){0.00 0.00 0.00 0.00 17.60 0}{17.60 0.00 0.00 0.00 35.20 0}{35.20 44.00 44.26 45.00 52.80 400}{52.80 0.00 0.00 0.00 70.40 0}{70.40 0.00 0.00 0.00 88.00 0}
COMP 4c-2: 47d991_47dc15_47dce9_47dda2_458469 (384 1161.98 7 1122.00 0 1201.00){0.00 0.00 0.00 0.00 472.40 0}{472.40 0.00 0.00 0.00 944.80 0}{944.80 1122.00 1161.93 1201.00 1417.20 384}{1417.20 0.00 0.00 0.00 1889.60 0}{1889.60 0.00 0.00 0.00 2362.00 0}
COMM 4b-0: 47d991_47dc15_47dce9_47dda2_457ea8 (16 2.24 0 1.00 5 4.00){0.00 0.00 0.00 0.00 0.40 0}{0.40 0.00 0.00 0.00 0.80 0}{0.80 1.00 1.00 1.00 1.60 3}{1.60 2.00 2.00 2.00 2.00 9}{2.00 4.00 4.00 4.00 6.00 4}
COMM 4b-1: 47d991_47dc15_47dce9_47dda2_458071 (400 1.56 0 1.00 3 6.00){0.00 0.00 0.00 0.00 0.80 0}{0.80 1.00 1.13 1.26 1.60 277}{1.60 2.00 2.00 2.10 2.40 34}{2.40 2.40 2.60 3.00 4.00 86}{4.00 5.00 5.67 6.00 8.00 3}
COMM 4b-2: 47d991_47dc15_47dce9_47dda2_458469 (384 1.68 0 1.00 5 4.00){0.00 0.00 0.00 0.00 0.80 0}{0.80 1.00 1.00 1.00 1.60 174}{1.60 2.00 2.06 2.37 2.40 183}{2.40 3.00 3.00 3.00 3.20 8}{3.20 3.33 3.58 4.00 4.00 19}
LOOP0: iter: ( 25 )[ 1 -1 0 16 1 ] mem: ( 12 )[ 1 -1 0 16 1 ]
LOOP1: iter: ( 2 )[ 1 -1 0 16 1 ] mem: ( 3 )[ 1 -1 0 16 1 ]
10 2 
12 3500 
14 16 
1b 0 
2b ( 1 2 )[ 1 -1 0 4 4 ]
2b ( 15 2 )[ 1 -1 1 4 4 ]
2b ( 15 14 )[ 1 -1 3 4 4 ]
2b ( 1 14 )[ 1 -1 2 4 4 ]

RANKS: 1 -1 0 16 1
EVENT5: 1113 474a36_474db6_474eef_474fe3_45805c
COMP 4c-0: 46c902_46ccd7_46ce42_46cf63_45800a (800 16.24 0 16.00 0 17.00){0.00 0.00 0.00 0.00 6.40 0}{6.40 0.00 0.00 0.00 12.80 0}{12.80 16.00 16.24 17.00 19.20 800}{19.20 0.00 0.00 0.00 25.60 0}{25.60 0.00 0.00 0.00 32.00 0}
COMM 4b-0: 46c902_46ccd7_46ce42_46cf63_45800a (800 108.69 1 26.00 11 514.00){0.00 26.00 42.43 63.00 65.60 7}{65.60 66.76 74.45 130.00 131.20 593}{131.20 132.00 197.22 324.00 328.00 185}{328.00 333.00 376.75 419.00 440.00 12}{440.00 445.00 480.00 514.00 522.00 3}
10 2 
12 3500 
14 16 
1a ( 1 2 )[ 1 -1 0 4 4 ]
1a ( 15 2 )[ 1 -1 1 4 4 ]
1a ( 15 14 )[ 1 -1 3 4 4 ]
1a ( 1 14 )[ 1 -1 2 4 4 ]
1b 0 

RANKS: 1 -1 0 16 1
EVENT6: 1148 47d991_47dc15_47dce9_47dda2_458071
COMP 4c-0: 474a36_474db6_474eef_474fe3_45805c (800 16.10 0 16.00 0 17.00){0.00 0.00 0.00 0.00 6.80 0}{6.80 0.00 0.00 0.00 13.60 0}{13.60 16.00 16.10 17.00 20.40 800}{20.40 0.00 0.00 0.00 27.20 0}{27.20 0.00 0.00 0.00 34.00 0}
COMM 4b-0: 474a36_474db6_474eef_474fe3_45805c (800 2.12 0 1.00 2 12.00){0.00 1.00 1.05 1.30 1.60 394}{1.60 2.00 2.00 2.00 2.00 87}{2.00 2.83 3.37 4.00 4.00 313}{4.00 6.00 7.00 8.00 8.00 2}{8.00 9.00 10.00 12.00 12.00 4}
1c 9999 

RANKS: 1 -1 0 16 1
EVENT7: 1090 46c902_46ccd7_46ce42_46cf63_458110
COMP 4c-0: 47d991_47dc15_47dce9_47dda2_458071 (400 48.02 0 48.00 1 49.00){0.00 0.00 0.00 0.00 19.20 0}{19.20 0.00 0.00 0.00 38.40 0}{38.40 48.00 48.02 49.00 57.60 400}{57.60 0.00 0.00 0.00 76.80 0}{76.80 0.00 0.00 0.00 96.00 0}
COMM 4b-0: 47d991_47dc15_47dce9_47dda2_458071 (400 1.91 0 1.00 7 9.00){0.00 0.00 0.00 0.00 0.80 0}{0.80 1.00 1.33 2.25 2.40 291}{2.40 2.69 2.99 4.00 4.00 95}{4.00 6.00 6.23 8.00 8.00 13}{8.00 9.00 9.00 9.00 10.00 1}
10 2 
12 3500 
14 16 
1b 0 
2b ( 0 )[ 1 -1 0 4 5 ]
2b ( 3 )[ 1 -1 1 3 5 ]
2b ( 9 )[ 1 -1 3 1 0 ]
2b ( 6 )[ 1 -1 2 2 5 ]
2b ( 13 )[ 1 -1 4 3 5 ]
2b ( 10 )[ 1 -1 8 2 5 ]
2b ( 7 )[ 1 -1 12 1 0 ]

RANKS: 1 -1 0 16 1
EVENT8: 1113 474a36_474db6_474eef_474fe3_458145
COMP 4c-0: 46c902_46ccd7_46ce42_46cf63_458110 (400 16.19 0 16.00 0 17.00){0.00 0.00 0.00 0.00 6.40 0}{6.40 0.00 0.00 0.00 12.80 0}{12.80 16.00 16.19 17.00 19.20 400}{19.20 0.00 0.00 0.00 25.60 0}{25.60 0.00 0.00 0.00 32.00 0}
COMM 4b-0: 46c902_46ccd7_46ce42_46cf63_458110 (400 263.12 0 7.00 1 6256.00){0.00 7.00 10.33 76.00 121.60 27}{121.60 131.35 138.59 144.89 152.00 359}{152.00 867.00 928.00 989.00 1826.00 2}{1826.00 3473.00 4299.18 5467.00 5468.00 11}{5468.00 6256.00 6256.00 6256.00 7044.00 1}
10 2 
12 3500 
14 16 
1a ( 0 )[ 1 -1 0 4 5 ]
1a ( 3 )[ 1 -1 1 3 5 ]
1a ( 9 )[ 1 -1 3 1 0 ]
1a ( 6 )[ 1 -1 2 2 5 ]
1a ( 13 )[ 1 -1 4 3 5 ]
1a ( 10 )[ 1 -1 8 2 5 ]
1a ( 7 )[ 1 -1 12 1 0 ]
1b 0 

RANKS: 1 -1 0 16 1
EVENT9: 1148 47d991_47dc15_47dce9_47dda2_45815a
COMP 4c-0: 474a36_474db6_474eef_474fe3_458145 (400 16.02 0 16.00 1 17.00){0.00 0.00 0.00 0.00 6.40 0}{6.40 0.00 0.00 0.00 12.80 0}{12.80 16.00 16.02 17.00 19.20 400}{19.20 0.00 0.00 0.00 25.60 0}{25.60 0.00 0.00 0.00 32.00 0}
COMM 4b-0: 474a36_474db6_474eef_474fe3_458145 (400 2.10 0 1.00 13 11.00){0.00 1.00 1.06 2.00 2.00 211}{2.00 2.66 3.03 4.00 4.00 177}{4.00 5.00 5.00 5.00 6.00 3}{6.00 6.67 6.87 8.00 10.00 8}{10.00 11.00 11.00 11.00 12.00 1}
1c 9999 

RANKS: 1 -1 0 16 1
EVENT10: 1090 46c902_46ccd7_46ce42_46cf63_458276
COMP 4c-0: 47d991_47dc15_47dce9_47dda2_45815a (400 58.16 0 58.00 1 59.00){0.00 0.00 0.00 0.00 23.20 0}{23.20 0.00 0.00 0.00 46.40 0}{46.40 58.00 58.16 59.00 69.60 400}{69.60 0.00 0.00 0.00 92.80 0}{92.80 0.00 0.00 0.00 116.00 0}
COMP 4c-1: 47d991_47dc15_47dce9_47dda2_4582c3 (400 16.15 0 16.00 0 17.00){0.00 0.00 0.00 0.00 6.40 0}{6.40 0.00 0.00 0.00 12.80 0}{12.80 16.00 16.15 17.00 19.20 400}{19.20 0.00 0.00 0.00 25.60 0}{25.60 0.00 0.00 0.00 32.00 0}
COMM 4b-0: 47d991_47dc15_47dce9_47dda2_45815a (400 1.37 0 1.00 3 5.00){0.00 0.00 0.00 0.00 0.80 0}{0.80 1.00 1.07 1.28 1.60 285}{1.60 2.00 2.00 2.00 2.00 108}{2.00 3.00 3.20 3.33 4.00 5}{4.00 5.00 5.00 5.00 6.00 2}
COMM 4b-1: 47d991_47dc15_47dce9_47dda2_4582c3 (400 1.40 0 1.00 7 5.00){0.00 1.00 1.00 1.00 1.60 279}{1.60 2.00 2.00 2.00 2.40 90}{2.40 3.00 3.00 3.00 3.20 17}{3.20 3.36 3.46 4.00 4.00 13}{4.00 5.00 5.00 5.00 6.00 1}
LOOP0: iter: ( 2 )[ 1 -1 0 16 1 ] mem: ( 3 )[ 1 -1 0 16 1 ]
10 2 
12 1 
14 16 
1b 0 
2b ( 2 1 )[ 1 -1 0 4 4 ]
2b ( 2 15 )[ 1 -1 1 4 4 ]
2b ( 14 15 )[ 1 -1 3 4 4 ]
2b ( 14 1 )[ 1 -1 2 4 4 ]

RANKS: 1 -1 0 16 1
EVENT11: 1113 474a36_474db6_474eef_474fe3_4582ae
COMP 4c-0: 46c902_46ccd7_46ce42_46cf63_458276 (800 16.04 10 16.00 0 17.00){0.00 0.00 0.00 0.00 6.40 0}{6.40 0.00 0.00 0.00 12.80 0}{12.80 16.00 16.05 17.00 19.20 800}{19.20 0.00 0.00 0.00 25.60 0}{25.60 0.00 0.00 0.00 32.00 0}
COMM 4b-0: 46c902_46ccd7_46ce42_46cf63_458276 (800 3.04 0 2.00 5 9.00){0.00 0.00 0.00 0.00 1.20 0}{1.20 2.00 2.00 2.00 2.40 246}{2.40 3.00 3.03 3.14 4.80 459}{4.80 5.00 5.72 6.00 6.00 93}{6.00 7.00 8.00 9.00 12.00 2}
10 2 
12 1 
14 16 
1a ( 2 1 )[ 1 -1 0 4 4 ]
1a ( 2 15 )[ 1 -1 1 4 4 ]
1a ( 14 15 )[ 1 -1 3 4 4 ]
1a ( 14 1 )[ 1 -1 2 4 4 ]
1b 0 

RANKS: 1 -1 0 16 1
EVENT12: 1148 47d991_47dc15_47dce9_47dda2_4582c3
COMP 4c-0: 474a36_474db6_474eef_474fe3_4582ae (800 16.01 7 16.00 7 17.00){0.00 0.00 0.00 0.00 6.40 0}{6.40 0.00 0.00 0.00 12.80 0}{12.80 16.00 16.01 17.00 19.20 800}{19.20 0.00 0.00 0.00 25.60 0}{25.60 0.00 0.00 0.00 32.00 0}
COMM 4b-0: 474a36_474db6_474eef_474fe3_4582ae (800 117.41 0 1.00 0 4790.00){0.00 1.00 89.23 1736.00 1916.00 795}{1916.00 1945.00 2966.67 3598.00 3832.00 3}{3832.00 4623.00 4706.50 4790.00 5748.00 2}{5748.00 0.00 0.00 0.00 7664.00 0}{7664.00 0.00 0.00 0.00 9580.00 0}
1c 9999 

RANKS: 1 -1 0 16 1
EVENT13: 1090 46c902_46ccd7_46ce42_46cf63_45841c
COMP 4c-0: 47d991_47dc15_47dce9_47dda2_4582c3 (400 93.99 11 93.00 8 94.00){0.00 0.00 0.00 0.00 37.60 0}{37.60 0.00 0.00 0.00 75.20 0}{75.20 93.00 93.99 94.00 112.80 400}{112.80 0.00 0.00 0.00 150.40 0}{150.40 0.00 0.00 0.00 188.00 0}
COMP 4c-1: 47d991_47dc15_47dce9_47dda2_458469 (400 16.00 0 16.00 0 16.00){0.00 0.00 0.00 0.00 6.40 0}{6.40 0.00 0.00 0.00 12.80 0}{12.80 16.00 16.00 16.00 19.20 400}{19.20 0.00 0.00 0.00 25.60 0}{25.60 0.00 0.00 0.00 32.00 0}
COMM 4b-0: 47d991_47dc15_47dce9_47dda2_4582c3 (400 1.57 0 1.00 6 5.00){0.00 0.00 0.00 0.00 0.80 0}{0.80 1.00 1.00 1.00 1.60 224}{1.60 2.00 2.26 3.00 3.20 173}{3.20 4.00 4.00 4.00 4.00 2}{4.00 5.00 5.00 5.00 6.00 1}
COMM 4b-1: 47d991_47dc15_47dce9_47dda2_458469 (400 1.26 0 1.00 15 3.00){0.00 0.00 0.00 0.00 0.80 0}{0.80 1.00 1.00 1.00 1.60 307}{1.60 2.00 2.00 2.00 2.40 84}{2.40 3.00 3.00 3.00 3.20 9}{3.20 0.00 0.00 0.00 4.00 0}
LOOP0: iter: ( 2 )[ 1 -1 0 16 1 ] mem: ( 3 )[ 1 -1 0 16 1 ]
10 2 
12 1 
14 16 
1b 0 
2b ( 2 1 )[ 1 -1 0 4 4 ]
2b ( 2 15 )[ 1 -1 1 4 4 ]
2b ( 14 15 )[ 1 -1 3 4 4 ]
2b ( 14 1 )[ 1 -1 2 4 4 ]

RANKS: 1 -1 0 16 1
EVENT14: 1113 474a36_474db6_474eef_474fe3_458454
COMP 4c-0: 46c902_46ccd7_46ce42_46cf63_45841c (800 16.02 0 16.00 1 17.00){0.00 0.00 0.00 0.00 6.40 0}{6.40 0.00 0.00 0.00 12.80 0}{12.80 16.00 16.02 17.00 19.20 800}{19.20 0.00 0.00 0.00 25.60 0}{25.60 0.00 0.00 0.00 32.00 0}
COMM 4b-0: 46c902_46ccd7_46ce42_46cf63_45841c (800 2.77 0 2.00 1 6.00){0.00 0.00 0.00 0.00 1.20 0}{1.20 2.00 2.00 2.00 2.40 201}{2.40 2.60 2.92 3.00 3.60 573}{3.60 4.00 4.00 4.00 4.80 3}{4.80 5.00 5.61 6.00 6.00 23}
10 2 
12 1 
14 16 
1a ( 2 1 )[ 1 -1 0 4 4 ]
1a ( 2 15 )[ 1 -1 1 4 4 ]
1a ( 14 15 )[ 1 -1 3 4 4 ]
1a ( 14 1 )[ 1 -1 2 4 4 ]
1b 0 

RANKS: 1 -1 0 16 1
EVENT15: 1148 47d991_47dc15_47dce9_47dda2_458469
COMP 4c-0: 474a36_474db6_474eef_474fe3_458454 (800 16.00 0 16.00 1 17.00){0.00 0.00 0.00 0.00 6.40 0}{6.40 0.00 0.00 0.00 12.80 0}{12.80 16.00 16.00 17.00 19.20 800}{19.20 0.00 0.00 0.00 25.60 0}{25.60 0.00 0.00 0.00 32.00 0}
COMM 4b-0: 474a36_474db6_474eef_474fe3_458454 (800 26.84 0 0.00 11 425.00){0.00 0.00 0.67 1.00 1.20 6}{1.20 1.85 2.03 2.07 2.40 150}{2.40 2.86 3.62 5.00 6.00 313}{6.00 7.00 58.55 285.00 300.00 329}{300.00 368.00 396.50 425.00 550.00 2}
1c 9999 

RANKS: 1 -1 0 16 1
EVENT16: 1090 46c902_46ccd7_46ce42_46cf63_45861a
COMP 4c-0: 47d991_47dc15_47dce9_47dda2_458469 (16 1165.29 7 1142.00 0 1201.00){0.00 0.00 0.00 0.00 480.40 0}{480.40 0.00 0.00 0.00 960.80 0}{960.80 1142.00 1163.06 1201.00 1441.20 16}{1441.20 0.00 0.00 0.00 1921.60 0}{1921.60 0.00 0.00 0.00 2402.00 0}
COMP 4c-1: 47d991_47dc15_47dce9_47dda2_458681 (16 44.06 0 44.00 2 45.00){0.00 0.00 0.00 0.00 17.60 0}{17.60 0.00 0.00 0.00 35.20 0}{35.20 44.00 44.06 45.00 52.80 16}{52.80 0.00 0.00 0.00 70.40 0}{70.40 0.00 0.00 0.00 88.00 0}
COMM 4b-0: 47d991_47dc15_47dce9_47dda2_458469 (16 1.35 0 1.00 15 2.00){0.00 0.00 0.00 0.00 0.40 0}{0.40 0.00 0.00 0.00 0.80 0}{0.80 1.00 1.00 1.00 1.20 10}{1.20 0.00 0.00 0.00 1.60 0}{1.60 2.00 2.00 2.00 2.00 6}
COMM 4b-1: 47d991_47dc15_47dce9_47dda2_458681 (16 1.88 1 1.00 7 3.00){0.00 0.00 0.00 0.00 0.80 0}{0.80 1.00 1.00 1.00 1.60 5}{1.60 2.00 2.00 2.00 2.40 8}{2.40 3.00 3.00 3.00 3.20 3}{3.20 0.00 0.00 0.00 4.00 0}
LOOP0: iter: ( 2 )[ 1 -1 0 16 1 ] mem: ( 3 )[ 1 -1 0 16 1 ]
10 2 
12 3500 
14 16 
1b 0 
2b ( 1 2 )[ 1 -1 0 4 4 ]
2b ( 15 2 )[ 1 -1 1 4 4 ]
2b ( 15 14 )[ 1 -1 3 4 4 ]
2b ( 1 14 )[ 1 -1 2 4 4 ]

RANKS: 1 -1 0 16 1
EVENT17: 1113 474a36_474db6_474eef_474fe3_45866c
COMP 4c-0: 46c902_46ccd7_46ce42_46cf63_45861a (32 16.21 0 16.00 1 17.00){0.00 0.00 0.00 0.00 6.40 0}{6.40 0.00 0.00 0.00 12.80 0}{12.80 16.00 16.22 17.00 19.20 32}{19.20 0.00 0.00 0.00 25.60 0}{25.60 0.00 0.00 0.00 32.00 0}
COMM 4b-0: 46c902_46ccd7_46ce42_46cf63_45861a (32 135.39 8 29.00 14 272.00){0.00 29.00 51.40 66.00 76.40 5}{76.40 85.11 112.72 148.00 152.80 18}{152.80 178.00 203.00 227.00 229.20 6}{229.20 242.00 257.67 272.00 305.60 3}{305.60 0.00 0.00 0.00 382.00 0}
10 2 
12 3500 
14 16 
1a ( 1 2 )[ 1 -1 0 4 4 ]
1a ( 15 2 )[ 1 -1 1 4 4 ]
1a ( 15 14 )[ 1 -1 3 4 4 ]
1a ( 1 14 )[ 1 -1 2 4 4 ]
1b 0 

RANKS: 1 -1 0 16 1
EVENT18: 1148 47d991_47dc15_47dce9_47dda2_458681
COMP 4c-0: 474a36_474db6_474eef_474fe3_45866c (32 16.03 0 16.00 1 17.00){0.00 0.00 0.00 0.00 6.40 0}{6.40 0.00 0.00 0.00 12.80 0}{12.80 16.00 16.03 17.00 19.20 32}{19.20 0.00 0.00 0.00 25.60 0}{25.60 0.00 0.00 0.00 32.00 0}
COMM 4b-0: 474a36_474db6_474eef_474fe3_45866c (32 2.03 0 1.00 3 5.00){0.00 0.00 0.00 0.00 0.80 0}{0.80 1.00 1.00 1.00 1.60 18}{1.60 2.00 2.00 2.00 2.00 2}{2.00 3.00 3.40 4.00 4.00 10}{4.00 5.00 5.00 5.00 6.00 2}
1c 9999 

RANKS: 1 -1 0 16 1
EVENT19: 1090 46c902_46ccd7_46ce42_46cf63_458722
COMP 4c-0: 47d991_47dc15_47dce9_47dda2_458681 (16 48.00 0 48.00 0 48.00){0.00 0.00 0.00 0.00 19.20 0}{19.20 0.00 0.00 0.00 38.40 0}{38.40 48.00 48.00 48.00 57.60 16}{57.60 0.00 0.00 0.00 76.80 0}{76.80 0.00 0.00 0.00 96.00 0}
COMM 4b-0: 47d991_47dc15_47dce9_47dda2_458681 (16 1.47 0 1.00 7 3.00){0.00 0.00 0.00 0.00 0.40 0}{0.40 0.00 0.00 0.00 0.80 0}{0.80 1.00 1.00 1.00 1.60 10}{1.60 2.00 2.00 2.00 2.00 4}{2.00 3.00 3.00 3.00 4.00 2}
10 2 
12 3500 
14 16 
1b 0 
2b ( 0 )[ 1 -1 0 4 5 ]
2b ( 3 )[ 1 -1 1 3 5 ]
2b ( 9 )[ 1 -1 3 1 0 ]
2b ( 6 )[ 1 -1 2 2 5 ]
2b ( 13 )[ 1 -1 4 3 5 ]
2b ( 10 )[ 1 -1 8 2 5 ]
2b ( 7 )[ 1 -1 12 1 0 ]

RANKS: 1 -1 0 16 1
EVENT20: 1113 474a36_474db6_474eef_474fe3_458757
COMP 4c-0: 46c902_46ccd7_46ce42_46cf63_458722 (16 16.29 1 16.00 0 17.00){0.00 0.00 0.00 0.00 6.80 0}{6.80 0.00 0.00 0.00 13.60 0}{13.60 16.00 16.25 17.00 20.40 16}{20.40 0.00 0.00 0.00 27.20 0}{27.20 0.00 0.00 0.00 34.00 0}
COMM 4b-0: 46c902_46ccd7_46ce42_46cf63_458722 (16 99.94 0 7.00 13 291.00){0.00 0.00 0.00 0.00 5.60 0}{5.60 7.00 7.50 8.00 14.00 4}{14.00 62.00 86.57 105.00 110.00 7}{110.00 128.00 134.50 141.00 146.00 2}{146.00 243.00 262.33 291.00 360.00 3}
10 2 
12 3500 
14 16 
1a ( 0 )[ 1 -1 0 4 5 ]
1a ( 3 )[ 1 -1 1 3 5 ]
1a ( 9 )[ 1 -1 3 1 0 ]
1a ( 6 )[ 1 -1 2 2 5 ]
1a ( 13 )[ 1 -1 4 3 5 ]
1a ( 10 )[ 1 -1 8 2 5 ]
1a ( 7 )[ 1 -1 12 1 0 ]
1b 0 

RANKS: 1 -1 0 16 1
EVENT21: 1148 47d991_47dc15_47dce9_47dda2_45876c
COMP 4c-0: 474a36_474db6_474eef_474fe3_458757 (16 16.12 1 16.00 0 17.00){0.00 0.00 0.00 0.00 6.80 0}{6.80 0.00 0.00 0.00 13.60 0}{13.60 16.00 16.06 17.00 20.40 16}{20.40 0.00 0.00 0.00 27.20 0}{27.20 0.00 0.00 0.00 34.00 0}
COMM 4b-0: 474a36_474db6_474eef_474fe3_458757 (16 2.12 0 1.00 12 4.00){0.00 0.00 0.00 0.00 0.40 0}{0.40 0.00 0.00 0.00 0.80 0}{0.80 1.00 1.00 1.00 1.60 5}{1.60 2.00 2.00 2.00 2.00 4}{2.00 3.00 3.14 4.00 4.00 7}
1c 9999 

RANKS: 1 -1 0 16 1
EVENT22: 1090 46c902_46ccd7_46ce42_46cf63
COMP 4c-0: 47d991_47dc15_47dce9_47dda2 (48 29.06 0 15.00 0 54.00){0.00 0.00 0.00 0.00 6.00 0}{6.00 0.00 0.00 0.00 12.00 0}{12.00 15.00 17.03 20.00 24.00 32}{24.00 0.00 0.00 0.00 30.00 0}{30.00 54.00 54.00 54.00 78.00 16}
COMP 4c-1: 47d991_47dc15_47dce9_47dda2_45876c (16 46.18 1 46.00 0 47.00){0.00 0.00 0.00 0.00 18.80 0}{18.80 0.00 0.00 0.00 37.60 0}{37.60 46.00 46.12 47.00 56.40 16}{56.40 0.00 0.00 0.00 75.20 0}{75.20 0.00 0.00 0.00 94.00 0}
COMM 4b-0: 47d991_47dc15_47dce9_47dda2 (48 1.37 0 1.00 15 3.00){0.00 0.00 0.00 0.00 0.80 0}{0.80 1.00 1.00 1.00 1.60 33}{1.60 2.00 2.00 2.00 2.40 13}{2.40 3.00 3.00 3.00 3.20 2}{3.20 0.00 0.00 0.00 4.00 0}
COMM 4b-1: 47d991_47dc15_47dce9_47dda2_45876c (16 1.29 0 1.00 7 2.00){0.00 0.00 0.00 0.00 0.40 0}{0.40 0.00 0.00 0.00 0.80 0}{0.80 1.00 1.00 1.00 1.20 11}{1.20 0.00 0.00 0.00 1.60 0}{1.60 2.00 2.00 2.00 2.00 5}
LOOP0: iter: ( 4 )[ 1 -1 0 16 1 ] mem: ( 3 )[ 1 -1 0 16 1 ]
10 2 
12 1 1 2 2 
14 16 
1b 0 
2b ( 2 1 )[ 1 -1 0 4 4 ]
2b ( 2 15 )[ 1 -1 1 4 4 ]
2b ( 14 15 )[ 1 -1 3 4 4 ]
2b ( 14 1 )[ 1 -1 2 4 4 ]

RANKS: 1 -1 0 16 1
EVENT23: 1113 474a36_474db6_474eef_474fe3
COMP 4c-0: 46c902_46ccd7_46ce42_46cf63 (64 14.83 1 14.00 0 15.00){0.00 0.00 0.00 0.00 6.00 0}{6.00 0.00 0.00 0.00 12.00 0}{12.00 14.00 14.83 15.00 18.00 64}{18.00 0.00 0.00 0.00 24.00 0}{24.00 0.00 0.00 0.00 30.00 0}
COMM 4b-0: 46c902_46ccd7_46ce42_46cf63 (64 2.97 0 2.00 6 8.00){0.00 0.00 0.00 0.00 1.20 0}{1.20 2.00 2.00 2.00 2.40 15}{2.40 2.67 2.93 3.00 4.80 44}{4.80 5.00 5.75 6.00 6.00 4}{6.00 8.00 8.00 8.00 10.00 1}
10 2 
12 1 1 2 2 
14 16 
1a ( 2 1 )[ 1 -1 0 4 4 ]
1a ( 2 15 )[ 1 -1 1 4 4 ]
1a ( 14 15 )[ 1 -1 3 4 4 ]
1a ( 14 1 )[ 1 -1 2 4 4 ]
1b 0 

RANKS: 1 -1 0 16 1
EVENT24: 1148 47d991_47dc15_47dce9_47dda2
COMP 4c-0: 474a36_474db6_474eef_474fe3 (64 14.69 0 14.00 0 15.00){0.00 0.00 0.00 0.00 6.00 0}{6.00 0.00 0.00 0.00 12.00 0}{12.00 14.00 14.69 15.00 18.00 64}{18.00 0.00 0.00 0.00 24.00 0}{24.00 0.00 0.00 0.00 30.00 0}
COMM 4b-0: 474a36_474db6_474eef_474fe3 (64 37.15 7 1.00 0 200.00){0.00 1.00 6.84 35.00 80.00 51}{80.00 84.00 116.12 155.00 160.00 8}{160.00 175.00 187.40 200.00 240.00 5}{240.00 0.00 0.00 0.00 320.00 0}{320.00 0.00 0.00 0.00 400.00 0}
1c 9999 

RANKS: 1 -1 0 16 1
EVENT25: 1010 45f7fc_45fa31_45fad5_45fb51
COMP 4c-0: 47d991_47dc15_47dce9_47dda2 (16 61.00 0 61.00 0 61.00){0.00 0.00 0.00 0.00 24.40 0}{24.40 0.00 0.00 0.00 48.80 0}{48.80 61.00 61.00 61.00 73.20 16}{73.20 0.00 0.00 0.00 97.60 0}{97.60 0.00 0.00 0.00 122.00 0}
COMM 4b-0: 47d991_47dc15_47dce9_47dda2 (16 477.29 2 16.00 10 724.00){0.00 16.00 16.00 16.00 176.80 1}{176.80 195.00 221.00 247.00 353.60 2}{353.60 372.00 421.00 475.00 530.40 5}{530.40 605.00 626.43 691.00 707.20 7}{707.20 724.00 724.00 724.00 884.00 1}
10 2 

RANKS: 1 -1 0 16 1
EVENT26: 1090 46c902_46ccd7_46ce42_46cf63_457e56
COMP 4c-0: 45f7fc_45fa31_45fad5_45fb51 (16 83.88 15 83.00 0 84.00){0.00 0.00 0.00 0.00 33.60 0}{33.60 0.00 0.00 0.00 67.20 0}{67.20 83.00 83.88 84.00 100.80 16}{100.80 0.00 0.00 0.00 134.40 0}{134.40 0.00 0.00 0.00 168.00 0}
COMP 4c-1: 47d991_47dc15_47dce9_47dda2 (224 125.28 1 108.00 0 177.00){0.00 0.00 0.00 0.00 54.40 0}{54.40 108.00 108.00 108.00 108.80 2}{108.80 115.63 124.68 163.00 163.20 219}{163.20 176.00 176.67 177.00 217.60 3}{217.60 0.00 0.00 0.00 272.00 0}
COMP 4c-2: 47d991_47dc15_47dce9_47dda2_457ea8 (240 16.19 0 16.00 0 17.00){0.00 0.00 0.00 0.00 6.40 0}{6.40 0.00 0.00 0.00 12.80 0}{12.80 16.00 16.19 17.00 19.20 240}{19.20 0.00 0.00 0.00 25.60 0}{25.60 0.00 0.00 0.00 32.00 0}
COMM 4b-0: 45f7fc_45fa31_45fad5_45fb51 (16 1.59 1 1.00 3 3.00){0.00 0.00 0.00 0.00 0.80 0}{0.80 1.00 1.00 1.00 1.60 9}{1.60 2.00 2.00 2.00 2.40 5}{2.40 3.00 3.00 3.00 3.20 2}{3.20 0.00 0.00 0.00 4.00 0}
COMM 4b-1: 47d991_47dc15_47dce9_47dda2 (224 1.55 0 1.00 9 4.00){0.00 0.00 0.00 0.00 0.40 0}{0.40 0.00 0.00 0.00 0.80 0}{0.80 1.00 1.00 1.00 1.60 108}{1.60 2.00 2.00 2.00 2.00 109}{2.00 3.00 3.14 4.00 4.00 7}
COMM 4b-2: 47d991_47dc15_47dce9_47dda2_457ea8 (240 1.22 0 1.00 4 4.00){0.00 0.00 0.00 0.00 0.80 0}{0.80 1.00 1.00 1.00 1.60 194}{1.60 2.00 2.00 2.00 2.40 40}{2.40 3.00 3.00 3.00 3.20 5}{3.20 4.00 4.00 4.00 4.00 1}
LOOP0: iter: ( 15 )[ 1 -1 0 16 1 ] mem: ( 24 )[ 1 -1 0 16 1 ]
LOOP1: iter: ( 2 )[ 1 -1 0 16 1 ] mem: ( 3 )[ 1 -1 0 16 1 ]
10 2 
12 1 
14 16 
1b 0 
2b ( 2 1 )[ 1 -1 0 4 4 ]
2b ( 2 15 )[ 1 -1 1 4 4 ]
2b ( 14 15 )[ 1 -1 3 4 4 ]
2b ( 14 1 )[ 1 -1 2 4 4 ]

RANKS: 1 -1 0 16 1
EVENT27: 1113 474a36_474db6_474eef_474fe3_457e8e
COMP 4c-0: 46c902_46ccd7_46ce42_46cf63_457e56 (480 16.14 0 16.00 0 17.00){0.00 0.00 0.00 0.00 6.40 0}{6.40 0.00 0.00 0.00 12.80 0}{12.80 16.00 16.14 17.00 19.20 480}{19.20 0.00 0.00 0.00 25.60 0}{25.60 0.00 0.00 0.00 32.00 0}
COMM 4b-0: 46c902_46ccd7_46ce42_46cf63_457e56 (480 2.83 0 2.00 0 10.00){0.00 0.00 0.00 0.00 1.20 0}{1.20 2.00 2.00 2.00 2.40 97}{2.40 2.68 2.87 4.00 4.80 363}{4.80 5.00 5.82 6.00 6.00 17}{6.00 7.00 8.00 10.00 14.00 3}
10 2 
12 1 
14 16 
1a ( 2 1 )[ 1 -1 0 4 4 ]
1a ( 2 15 )[ 1 -1 1 4 4 ]
1a ( 14 15 )[ 1 -1 3 4 4 ]
1a ( 14 1 )[ 1 -1 2 4 4 ]
1b 0 

RANKS: 1 -1 0 16 1
EVENT28: 1148 47d991_47dc15_47dce9_47dda2_457ea8
COMP 4c-0: 474a36_474db6_474eef_474fe3_457e8e (480 16.09 0 16.00 0 17.00){0.00 0.00 0.00 0.00 6.40 0}{6.40 0.00 0.00 0.00 12.80 0}{12.80 16.00 16.09 17.00 19.20 480}{19.20 0.00 0.00 0.00 25.60 0}{25.60 0.00 0.00 0.00 32.00 0}
COMM 4b-0: 474a36_474db6_474eef_474fe3_457e8e (480 20.26 11 0.00 11 358.00){0.00 0.00 3.08 31.00 34.00 377}{34.00 44.00 67.96 92.00 102.00 87}{102.00 110.67 132.22 156.00 170.00 12}{170.00 182.00 214.00 248.00 254.00 3}{254.00 358.00 358.00 358.00 462.00 1}
1c 9999 

RANKS: 1 -1 0 16 1
EVENT29: 1090 46c902_46ccd7_46ce42_46cf63_45800a
COMP 4c-0: 47d991_47dc15_47dce9_47dda2_457ea8 (240 1112.45 7 1091.00 0 1151.00){0.00 0.00 0.00 0.00 460.00 0}{460.00 0.00 0.00 0.00 920.00 0}{920.00 1091.00 1112.29 1151.00 1380.00 240}{1380.00 0.00 0.00 0.00 1840.00 0}{1840.00 0.00 0.00 0.00 2300.00 0}
COMP 4c-1: 47d991_47dc15_47dce9_47dda2_458071 (6000 44.42 0 44.00 0 45.00){0.00 0.00 0.00 0.00 17.60 0}{17.60 0.00 0.00 0.00 35.20 0}{35.20 44.00 44.42 45.00 52.80 6000}{52.80 0.00 0.00 0.00 70.40 0}{70.40 0.00 0.00 0.00 88.00 0}
COMP 4c-2: 47d991_47dc15_47dce9_47dda2_458469 (5760 1162.91 7 1122.00 0 1203.00){0.00 0.00 0.00 0.00 472.40 0}{472.40 0.00 0.00 0.00 944.80 0}{944.80 1122.00 1162.91 1203.00 1417.20 5760}{1417.20 0.00 0.00 0.00 1889.60 0}{1889.60 0.00 0.00 0.00 2362.00 0}
COMM 4b-0: 47d991_47dc15_47dce9_47dda2_457ea8 (240 1.52 0 1.00 3 4.00){0.00 0.00 0.00 0.00 0.80 0}{0.80 1.00 1.00 1.00 1.60 129}{1.60 2.00 2.01 2.04 2.09 98}{2.09 3.00 3.00 3.00 3.91 12}{3.91 4.00 4.00 4.00 4.09 1}
COMM 4b-1: 47d991_47dc15_47dce9_47dda2_458071 (6000 1.53 0 1.00 9 9.00){0.00 1.00 1.14 1.44 1.60 4528}{1.60 2.00 2.18 2.20 2.40 946}{2.40 3.00 3.63 4.00 4.00 512}{4.00 5.00 5.88 6.00 6.00 8}{6.00 7.00 8.33 9.00 12.00 6}
COMM 4b-2: 47d991_47dc15_47dce9_47dda2_458469 (5760 1.53 0 1.00 4 14.00){0.00 0.00 0.00 0.00 0.80 0}{0.80 1.00 1.00 1.00 1.60 2962}{1.60 2.00 2.08 4.00 4.00 2795}{4.00 5.00 5.00 5.00 6.00 1}{6.00 8.00 11.00 14.00 22.00 2}
LOOP0: iter: ( 25 )[ 1 -1 0 16 1 ] mem: ( 12 )[ 1 -1 0 16 1 ]
LOOP1: iter: ( 2 )[ 1 -1 0 16 1 ] mem: ( 3 )[ 1 -1 0 16 1 ]
10 2 
12 3500 
14 16 
1b 0 
2b ( 1 2 )[ 1 -1 0 4 4 ]
2b ( 15 2 )[ 1 -1 1 4 4 ]
2b ( 15 14 )[ 1 -1 3 4 4 ]
2b ( 1 14 )[ 1 -1 2 4 4 ]

RANKS: 1 -1 0 16 1
EVENT30: 1113 474a36_474db6_474eef_474fe3_45805c
COMP 4c-0: 46c902_46ccd7_46ce42_46cf63_45800a (12000 16.28 0 16.00 0 17.00){0.00 0.00 0.00 0.00 6.40 0}{6.40 0.00 0.00 0.00 12.80 0}{12.80 16.00 16.28 17.00 19.20 12000}{19.20 0.00 0.00 0.00 25.60 0}{25.60 0.00 0.00 0.00 32.00 0}
COMM 4b-0: 46c902_46ccd7_46ce42_46cf63_45800a (12000 100.31 8 25.00 13 749.00){0.00 25.00 42.30 68.00 68.80 920}{68.80 69.00 85.26 137.00 137.60 9669}{137.60 138.67 151.93 170.00 172.00 40}{172.00 174.00 243.49 660.00 676.00 1370}{676.00 749.00 749.00 749.00 822.00 1}
10 2 
12 3500 
14 16 
1a ( 1 2 )[ 1 -1 0 4 4 ]
1a ( 15 2 )[ 1 -1 1 4 4 ]
1a ( 15 14 )[ 1 -1 3 4 4 ]
1a ( 1 14 )[ 1 -1 2 4 4 ]
1b 0 

RANKS: 1 -1 0 16 1
EVENT31: 1148 47d991_47dc15_47dce9_47dda2_458071
COMP 4c-0: 474a36_474db6_474eef_474fe3_45805c (12000 16.11 13 16.00 0 17.00){0.00 0.00 0.00 0.00 6.40 0}{6.40 0.00 0.00 0.00 12.80 0}{12.80 16.00 16.11 17.00 19.20 12000}{19.20 0.00 0.00 0.00 25.60 0}{25.60 0.00 0.00 0.00 32.00 0}
COMM 4b-0: 474a36_474db6_474eef_474fe3_45805c (12000 2.09 12 0.00 9 12.00){0.00 0.00 0.00 0.00 0.80 2}{0.80 1.00 1.10 2.00 2.00 6541}{2.00 2.62 3.25 6.00 6.00 5431}{6.00 7.00 7.86 7.94 8.80 18}{8.80 10.00 10.38 12.00 15.20 8}
1c 9999 

RANKS: 1 -1 0 16 1
EVENT32: 1090 46c902_46ccd7_46ce42_46cf63_458110
COMP 4c-0: 47d991_47dc15_47dce9_47dda2_458071 (6000 48.37 0 48.00 1 50.00){0.00 0.00 0.00 0.00 19.20 0}{19.20 0.00 0.00 0.00 38.40 0}{38.40 48.00 48.37 50.00 57.60 6000}{57.60 0.00 0.00 0.00 76.80 0}{76.80 0.00 0.00 0.00 96.00 0}
COMM 4b-0: 47d991_47dc15_47dce9_47dda2_458071 (6000 1.79 0 1.00 4 10.00){0.00 1.00 1.32 2.17 2.33 4578}{2.33 2.83 3.02 3.05 3.32 1292}{3.32 4.00 4.50 5.00 5.32 4}{5.32 6.01 6.07 7.00 7.40 121}{7.40 8.00 8.80 10.00 10.60 5}
10 2 
12 3500 
14 16 
1b 0 
2b ( 0 )[ 1 -1 0 4 5 ]
2b ( 3 )[ 1 -1 1 3 5 ]
2b ( 9 )[ 1 -1 3 1 0 ]
2b ( 6 )[ 1 -1 2 2 5 ]
2b ( 13 )[ 1 -1 4 3 5 ]
2b ( 10 )[ 1 -1 8 2 5 ]
2b ( 7 )[ 1 -1 12 1 0 ]

RANKS: 1 -1 0 16 1
EVENT33: 1113 474a36_474db6_474eef_474fe3_458145
COMP 4c-0: 46c902_46ccd7_46ce42_46cf63_458110 (6000 16.22 0 16.00 0 17.00){0.00 0.00 0.00 0.00 6.40 0}{6.40 0.00 0.00 0.00 12.80 0}{12.80 16.00 16.22 17.00 19.20 6000}{19.20 0.00 0.00 0.00 25.60 0}{25.60 0.00 0.00 0.00 32.00 0}
COMM 4b-0: 46c902_46ccd7_46ce42_46cf63_458110 (6000 167.99 0 7.00 2 1291.00){0.00 0.00 0.00 0.00 6.40 0}{6.40 7.00 7.75 8.00 16.00 377}{16.00 58.19 68.73 229.00 236.00 4144}{236.00 419.86 486.50 1143.33 1158.00 1478}{1158.00 1291.00 1291.00 1291.00 1424.00 1}
10 2 
12 3500 
14 16 
1a ( 0 )[ 1 -1 0 4 5 ]
1a ( 3 )[ 1 -1 1 3 5 ]
1a ( 9 )[ 1 -1 3 1 0 ]
1a ( 6 )[ 1 -1 2 2 5 ]
1a ( 13 )[ 1 -1 4 3 5 ]
1a ( 10 )[ 1 -1 8 2 5 ]
1a ( 7 )[ 1 -1 12 1 0 ]
1b 0 

RANKS: 1 -1 0 16 1
EVENT34: 1148 47d991_47dc15_47dce9_47dda2_45815a
COMP 4c-0: 474a36_474db6_474eef_474fe3_458145 (6000 16.10 0 16.00 0 17.00){0.00 0.00 0.00 0.00 6.40 0}{6.40 0.00 0.00 0.00 12.80 0}{12.80 16.00 16.10 17.00 19.20 6000}{19.20 0.00 0.00 0.00 25.60 0}{25.60 0.00 0.00 0.00 32.00 0}
COMM 4b-0: 474a36_474db6_474eef_474fe3_458145 (6000 2.00 10 0.00 6 12.00){0.00 0.00 1.03 1.14 1.60 3297}{1.60 2.00 2.52 3.22 3.33 894}{3.33 3.35 3.43 4.17 4.67 1745}{4.67 5.00 5.41 6.00 6.67 54}{6.67 7.00 9.80 12.00 15.33 10}
1c 9999 

RANKS: 1 -1 0 16 1
EVENT35: 1090 46c902_46ccd7_46ce42_46cf63_458276
COMP 4c-0: 47d991_47dc15_47dce9_47dda2_45815a (6000 58.39 0 58.00 0 59.00){0.00 0.00 0.00 0.00 23.20 0}{23.20 0.00 0.00 0.00 46.40 0}{46.40 58.00 58.39 59.00 69.60 6000}{69.60 0.00 0.00 0.00 92.80 0}{92.80 0.00 0.00 0.00 116.00 0}
COMP 4c-1: 47d991_47dc15_47dce9_47dda2_4582c3 (6000 16.32 0 16.00 0 17.00){0.00 0.00 0.00 0.00 6.40 0}{6.40 0.00 0.00 0.00 12.80 0}{12.80 16.00 16.32 17.00 19.20 6000}{19.20 0.00 0.00 0.00 25.60 0}{25.60 0.00 0.00 0.00 32.00 0}
COMM 4b-0: 47d991_47dc15_47dce9_47dda2_45815a (6000 1.46 0 1.00 0 9.00){0.00 0.00 0.00 0.00 0.40 0}{0.40 0.00 0.00 0.00 0.80 0}{0.80 1.00 1.00 1.00 1.60 3761}{1.60 2.00 2.00 2.00 2.00 1081}{2.00 2.00 2.47 9.00 16.00 1158}
COMM 4b-1: 47d991_47dc15_47dce9_47dda2_4582c3 (6000 1.30 7 0.00 11 9.00){0.00 0.00 0.00 0.00 0.40 2}{0.40 0.00 0.00 0.00 0.80 0}{0.80 1.00 1.00 1.00 1.60 4364}{1.60 2.00 2.00 2.00 2.00 1491}{2.00 3.00 3.32 9.00 14.00 143}
LOOP0: iter: ( 2 )[ 1 -1 0 16 1 ] mem: ( 3 )[ 1 -1 0 16 1 ]
10 2 
12 1 
14 16 
1b 0 
2b ( 2 1 )[ 1 -1 0 4 4 ]
2b ( 2 15 )[ 1 -1 1 4 4 ]
2b ( 14 15 )[ 1 -1 3 4 4 ]
2b ( 14 1 )[ 1 -1 2 4 4 ]

RANKS: 1 -1 0 16 1
EVENT36: 1113 474a36_474db6_474eef_474fe3_4582ae
COMP 4c-0: 46c902_46ccd7_46ce42_46cf63_458276 (12000 16.16 14 16.00 0 17.00){0.00 0.00 0.00 0.00 6.40 0}{6.40 0.00 0.00 0.00 12.80 0}{12.80 16.00 16.16 17.00 19.20 12000}{19.20 0.00 0.00 0.00 25.60 0}{25.60 0.00 0.00 0.00 32.00 0}
COMM 4b-0: 46c902_46ccd7_46ce42_46cf63_458276 (12000 2.76 0 2.00 1 11.00){0.00 0.00 0.00 0.00 1.20 0}{1.20 2.00 2.00 2.00 2.40 313}{2.40 2.62 2.65 4.00 4.80 11197}{4.80 5.00 5.71 6.00 6.00 463}{6.00 7.00 8.37 11.00 14.00 27}
10 2 
12 1 
14 16 
1a ( 2 1 )[ 1 -1 0 4 4 ]
1a ( 2 15 )[ 1 -1 1 4 4 ]
1a ( 14 15 )[ 1 -1 3 4 4 ]
1a ( 14 1 )[ 1 -1 2 4 4 ]
1b 0 

RANKS: 1 -1 0 16 1
EVENT37: 1148 47d991_47dc15_47dce9_47dda2_4582c3
COMP 4c-0: 474a36_474db6_474eef_474fe3_4582ae (12000 16.07 0 16.00 0 17.00){0.00 0.00 0.00 0.00 6.40 0}{6.40 0.00 0.00 0.00 12.80 0}{12.80 16.00 16.07 17.00 19.20 12000}{19.20 0.00 0.00 0.00 25.60 0}{25.60 0.00 0.00 0.00 32.00 0}
COMM 4b-0: 474a36_474db6_474eef_474fe3_4582ae (12000 123.00 1 0.00 0 1346.00){0.00 0.00 43.20 343.00 346.40 9465}{346.40 350.00 386.49 500.00 519.60 2269}{519.60 523.57 684.50 861.00 866.00 241}{866.00 868.00 979.08 1201.00 1244.00 24}{1244.00 1346.00 1346.00 1346.00 1448.00 1}
1c 9999 

RANKS: 1 -1 0 16 1
EVENT38: 1090 46c902_46ccd7_46ce42_46cf63_45841c
COMP 4c-0: 47d991_47dc15_47dce9_47dda2_4582c3 (6000 93.99 0 93.00 1 95.00){0.00 0.00 0.00 0.00 37.60 0}{37.60 0.00 0.00 0.00 75.20 0}{75.20 93.00 93.99 95.00 112.80 6000}{112.80 0.00 0.00 0.00 150.40 0}{150.40 0.00 0.00 0.00 188.00 0}
COMP 4c-1: 47d991_47dc15_47dce9_47dda2_458469 (6000 16.23 0 16.00 0 17.00){0.00 0.00 0.00 0.00 6.40 0}{6.40 0.00 0.00 0.00 12.80 0}{12.80 16.00 16.23 17.00 19.20 6000}{19.20 0.00 0.00 0.00 25.60 0}{25.60 0.00 0.00 0.00 32.00 0}
COMM 4b-0: 47d991_47dc15_47dce9_47dda2_4582c3 (6000 1.41 0 1.00 1 15.00){0.00 1.00 1.00 1.00 1.60 3783}{1.60 2.00 2.11 3.09 3.20 2211}{3.20 4.00 4.00 4.00 4.00 3}{4.00 8.00 8.00 8.00 12.00 2}{12.00 15.00 15.00 15.00 18.00 1}
COMM 4b-1: 47d991_47dc15_47dce9_47dda2_458469 (6000 1.24 0 1.00 8 15.00){0.00 1.00 1.19 2.00 2.40 5858}{2.40 3.00 3.11 4.00 4.00 135}{4.00 5.00 5.00 5.00 6.00 2}{6.00 6.50 7.00 8.00 10.00 4}{10.00 15.00 15.00 15.00 20.00 1}
LOOP0: iter: ( 2 )[ 1 -1 0 16 1 ] mem: ( 3 )[ 1 -1 0 16 1 ]
10 2 
12 1 
14 16 
1b 0 
2b ( 2 1 )[ 1 -1 0 4 4 ]
2b ( 2 15 )[ 1 -1 1 4 4 ]
2b ( 14 15 )[ 1 -1 3 4 4 ]
2b ( 14 1 )[ 1 -1 2 4 4 ]

RANKS: 1 -1 0 16 1
EVENT39: 1113 474a36_474db6_474eef_474fe3_458454
COMP 4c-0: 46c902_46ccd7_46ce42_46cf63_45841c (12000 16.11 1 16.00 0 17.00){0.00 0.00 0.00 0.00 6.40 0}{6.40 0.00 0.00 0.00 12.80 0}{12.80 16.00 16.11 17.00 19.20 12000}{19.20 0.00 0.00 0.00 25.60 0}{25.60 0.00 0.00 0.00 32.00 0}
COMM 4b-0: 46c902_46ccd7_46ce42_46cf63_45841c (12000 2.76 0 2.00 15 18.00){0.00 0.00 0.00 0.00 1.20 0}{1.20 2.00 2.65 4.00 4.80 11614}{4.80 5.00 5.74 6.00 6.00 367}{6.00 7.00 8.57 10.00 10.67 17}{10.67 11.00 14.50 18.00 25.33 2}
10 2 
12 1 
14 16 
1a ( 2 1 )[ 1 -1 0 4 4 ]
1a ( 2 15 )[ 1 -1 1 4 4 ]
1a ( 14 15 )[ 1 -1 3 4 4 ]
1a ( 14 1 )[ 1 -1 2 4 4 ]
1b 0 

RANKS: 1 -1 0 16 1
EVENT40: 1148 47d991_47dc15_47dce9_47dda2_458469
COMP 4c-0: 474a36_474db6_474eef_474fe3_458454 (12000 16.03 1 16.00 0 17.00){0.00 0.00 0.00 0.00 6.40 0}{6.40 0.00 0.00 0.00 12.80 0}{12.80 16.00 16.03 17.00 19.20 12000}{19.20 0.00 0.00 0.00 25.60 0}{25.60 0.00 0.00 0.00 32.00 0}
COMM 4b-0: 474a36_474db6_474eef_474fe3_458454 (12000 20.89 1 0.00 15 397.00){0.00 0.00 16.51 116.00 117.20 11693}{117.20 118.00 174.53 206.00 234.40 274}{234.40 235.00 280.60 331.00 351.60 30}{351.60 352.00 367.67 397.00 468.80 3}{468.80 0.00 0.00 0.00 586.00 0}
1c 9999 

RANKS: 1 -1 0 16 1
EVENT41: 1090 46c902_46ccd7_46ce42_46cf63_45861a
COMP 4c-0: 47d991_47dc15_47dce9_47dda2_458469 (240 1164.18 7 1142.00 0 1203.00){0.00 0.00 0.00 0.00 480.40 0}{480.40 0.00 0.00 0.00 960.80 0}{960.80 1142.00 1164.02 1203.00 1441.20 240}{1441.20 0.00 0.00 0.00 1921.60 0}{1921.60 0.00 0.00 0.00 2402.00 0}
COMP 4c-1: 47d991_47dc15_47dce9_47dda2_458681 (240 44.48 0 44.00 0 45.00){0.00 0.00 0.00 0.00 17.60 0}{17.60 0.00 0.00 0.00 35.20 0}{35.20 44.00 44.48 45.00 52.80 240}{52.80 0.00 0.00 0.00 70.40 0}{70.40 0.00 0.00 0.00 88.00 0}
COMM 4b-0: 47d991_47dc15_47dce9_47dda2_458469 (240 1.61 0 1.00 9 15.00){0.00 1.00 1.00 1.00 1.60 114}{1.60 2.00 2.00 2.00 2.40 120}{2.40 3.00 3.00 3.00 3.20 4}{3.20 4.00 4.00 4.00 4.00 1}{4.00 15.00 15.00 15.00 26.00 1}
COMM 4b-1: 47d991_47dc15_47dce9_47dda2_458681 (240 1.53 0 1.00 9 6.00){0.00 0.00 0.00 0.00 0.80 0}{0.80 1.00 1.00 1.00 1.60 158}{1.60 2.00 2.00 2.00 2.00 52}{2.00 3.00 3.04 4.00 4.00 25}{4.00 6.00 6.00 6.00 8.00 5}
LOOP0: iter: ( 2 )[ 1 -1 0 16 1 ] mem: ( 3 )[ 1 -1 0 16 1 ]
10 2 
12 3500 
14 16 
1b 0 
2b ( 1 2 )[ 1 -1 0 4 4 ]
2b ( 15 2 )[ 1 -1 1 4 4 ]
2b ( 15 14 )[ 1 -1 3 4 4 ]
2b ( 1 14 )[ 1 -1 2 4 4 ]

RANKS: 1 -1 0 16 1
EVENT42: 1113 474a36_474db6_474eef_474fe3_45866c
COMP 4c-0: 46c902_46ccd7_46ce42_46cf63_45861a (480 16.26 0 16.00 0 17.00){0.00 0.00 0.00 0.00 6.80 0}{6.80 0.00 0.00 0.00 13.60 0}{13.60 16.00 16.26 17.00 20.40 480}{20.40 0.00 0.00 0.00 27.20 0}{27.20 0.00 0.00 0.00 34.00 0}
COMM 4b-0: 46c902_46ccd7_46ce42_46cf63_45861a (480 100.19 2 26.00 11 636.00){0.00 26.00 84.72 129.00 150.00 435}{150.00 162.00 176.77 212.67 214.00 19}{214.00 245.33 278.88 302.64 330.13 23}{330.13 404.00 428.00 452.00 573.87 2}{573.87 636.00 636.00 636.00 698.13 1}
10 2 
12 3500 
14 16 
1a ( 1 2 )[ 1 -1 0 4 4 ]
1a ( 15 2 )[ 1 -1 1 4 4 ]
1a ( 15 14 )[ 1 -1 3 4 4 ]
1a ( 1 14 )[ 1 -1 2 4 4 ]
1b 0 

RANKS: 1 -1 0 16 1
EVENT43: 1148 47d991_47dc15_47dce9_47dda2_458681
COMP 4c-0: 474a36_474db6_474eef_474fe3_45866c (480 16.12 0 16.00 0 17.00){0.00 0.00 0.00 0.00 6.40 0}{6.40 0.00 0.00 0.00 12.80 0}{12.80 16.00 16.12 17.00 19.20 480}{19.20 0.00 0.00 0.00 25.60 0}{25.60 0.00 0.00 0.00 32.00 0}
COMM 4b-0: 474a36_474db6_474eef_474fe3_45866c (480 2.10 0 1.00 11 11.00){0.00 0.00 0.00 0.00 0.80 0}{0.80 1.00 1.00 1.00 1.60 234}{1.60 2.00 2.00 2.00 2.00 29}{2.00 2.56 3.28 6.00 6.00 216}{6.00 11.00 11.00 11.00 16.00 1}
1c 9999 

RANKS: 1 -1 0 16 1
EVENT44: 1090 46c902_46ccd7_46ce42_46cf63_458722
COMP 4c-0: 47d991_47dc15_47dce9_47dda2_458681 (240 48.41 0 48.00 0 49.00){0.00 0.00 0.00 0.00 19.20 0}{19.20 0.00 0.00 0.00 38.40 0}{38.40 48.00 48.41 49.00 57.60 240}{57.60 0.00 0.00 0.00 76.80 0}{76.80 0.00 0.00 0.00 96.00 0}
COMM 4b-0: 47d991_47dc15_47dce9_47dda2_458681 (240 1.73 0 1.00 4 6.00){0.00 0.00 0.00 0.00 0.80 0}{0.80 1.00 1.00 1.50 1.60 132}{1.60 1.69 1.95 2.00 2.00 52}{2.00 3.00 3.00 3.00 4.00 51}{4.00 6.00 6.00 6.00 8.00 5}
10 2 
12 3500 
14 16 
1b 0 
2b ( 0 )[ 1 -1 0 4 5 ]
2b ( 3 )[ 1 -1 1 3 5 ]
2b ( 9 )[ 1 -1 3 1 0 ]
2b ( 6 )[ 1 -1 2 2 5 ]
2b ( 13 )[ 1 -1 4 3 5 ]
2b ( 10 )[ 1 -1 8 2 5 ]
2b ( 7 )[ 1 -1 12 1 0 ]

RANKS: 1 -1 0 16 1
EVENT45: 1113 474a36_474db6_474eef_474fe3_458757
COMP 4c-0: 46c902_46ccd7_46ce42_46cf63_458722 (240 16.21 0 16.00 0 17.00){0.00 0.00 0.00 0.00 6.40 0}{6.40 0.00 0.00 0.00 12.80 0}{12.80 16.00 16.21 17.00 19.20 240}{19.20 0.00 0.00 0.00 25.60 0}{25.60 0.00 0.00 0.00 32.00 0}
COMM 4b-0: 46c902_46ccd7_46ce42_46cf63_458722 (240 165.38 0 7.00 1 984.00){0.00 7.00 85.99 336.00 372.00 203}{372.00 376.29 404.76 428.00 448.00 3}{448.00 448.52 586.42 805.33 822.00 30}{822.00 846.00 852.00 858.00 870.00 2}{870.00 899.00 941.50 984.00 1098.00 2}
10 2 
12 3500 
14 16 
1a ( 0 )[ 1 -1 0 4 5 ]
1a ( 3 )[ 1 -1 1 3 5 ]
1a ( 9 )[ 1 -1 3 1 0 ]
1a ( 6 )[ 1 -1 2 2 5 ]
1a ( 13 )[ 1 -1 4 3 5 ]
1a ( 10 )[ 1 -1 8 2 5 ]
1a ( 7 )[ 1 -1 12 1 0 ]
1b 0 

RANKS: 1 -1 0 16 1
EVENT46: 1148 47d991_47dc15_47dce9_47dda2_45876c
COMP 4c-0: 474a36_474db6_474eef_474fe3_458757 (240 16.11 0 16.00 0 17.00){0.00 0.00 0.00 0.00 6.40 0}{6.40 0.00 0.00 0.00 12.80 0}{12.80 16.00 16.11 17.00 19.20 240}{19.20 0.00 0.00 0.00 25.60 0}{25.60 0.00 0.00 0.00 32.00 0}
COMM 4b-0: 474a36_474db6_474eef_474fe3_458757 (240 2.04 10 0.00 9 10.00){0.00 0.00 0.99 1.00 1.60 127}{1.60 2.00 2.00 2.00 2.00 14}{2.00 2.36 3.28 4.00 4.00 96}{4.00 5.00 5.00 5.00 6.00 1}{6.00 7.00 8.50 10.00 14.00 2}
1c 9999 

RANKS: 1 -1 0 16 1
EVENT47: 1090 46c902_46ccd7_46ce42_46cf63
COMP 4c-0: 47d991_47dc15_47dce9_47dda2 (720 29.32 0 15.00 0 54.00){0.00 0.00 0.00 0.00 6.00 0}{6.00 0.00 0.00 0.00 12.00 0}{12.00 15.00 17.04 20.00 24.00 480}{24.00 0.00 0.00 0.00 30.00 0}{30.00 53.00 53.93 54.00 78.00 240}
COMP 4c-1: 47d991_47dc15_47dce9_47dda2_45876c (240 46.19 0 46.00 0 47.00){0.00 0.00 0.00 0.00 18.40 0}{18.40 0.00 0.00 0.00 36.80 0}{36.80 46.00 46.19 47.00 55.20 240}{55.20 0.00 0.00 0.00 73.60 0}{73.60 0.00 0.00 0.00 92.00 0}
COMM 4b-0: 47d991_47dc15_47dce9_47dda2 (720 1.30 0 1.00 9 4.00){0.00 0.00 0.00 0.00 0.40 0}{0.40 0.00 0.00 0.00 0.80 0}{0.80 1.00 1.00 1.00 1.60 523}{1.60 2.00 2.00 2.00 2.00 182}{2.00 3.00 3.33 4.00 6.00 15}
COMM 4b-1: 47d991_47dc15_47dce9_47dda2_45876c (240 1.41 0 1.00 7 4.00){0.00 0.00 0.00 0.00 0.40 0}{0.40 0.00 0.00 0.00 0.80 0}{0.80 1.00 1.00 1.00 1.60 160}{1.60 2.00 2.00 2.00 2.00 66}{2.00 3.00 3.43 4.00 4.00 14}
LOOP0: iter: ( 4 )[ 1 -1 0 16 1 ] mem: ( 3 )[ 1 -1 0 16 1 ]
10 2 
12 1 1 2 2 
14 16 
1b 0 
2b ( 2 1 )[ 1 -1 0 4 4 ]
2b ( 2 15 )[ 1 -1 1 4 4 ]
2b ( 14 15 )[ 1 -1 3 4 4 ]
2b ( 14 1 )[ 1 -1 2 4 4 ]

RANKS: 1 -1 0 16 1
EVENT48: 1113 474a36_474db6_474eef_474fe3
COMP 4c-0: 46c902_46ccd7_46ce42_46cf63 (960 14.96 0 14.00 0 15.00){0.00 0.00 0.00 0.00 5.60 0}{5.60 0.00 0.00 0.00 11.20 0}{11.20 14.00 14.96 15.00 16.80 960}{16.80 0.00 0.00 0.00 22.40 0}{22.40 0.00 0.00 0.00 28.00 0}
COMM 4b-0: 46c902_46ccd7_46ce42_46cf63 (960 2.65 0 2.00 2 9.00){0.00 0.00 0.00 0.00 1.20 0}{1.20 2.00 2.58 3.00 4.80 941}{4.80 5.00 5.75 6.00 6.00 16}{6.00 7.00 7.00 7.00 8.00 2}{8.00 9.00 9.00 9.00 10.00 1}
10 2 
12 1 1 2 2 
14 16 
1a ( 2 1 )[ 1 -1 0 4 4 ]
1a ( 2 15 )[ 1 -1 1 4 4 ]
1a ( 14 15 )[ 1 -1 3 4 4 ]
1a ( 14 1 )[ 1 -1 2 4 4 ]
1b 0 

RANKS: 1 -1 0 16 1
EVENT49: 1148 47d991_47dc15_47dce9_47dda2
COMP 4c-0: 474a36_474db6_474eef_474fe3 (960 14.80 0 14.00 0 15.00){0.00 0.00 0.00 0.00 5.60 0}{5.60 0.00 0.00 0.00 11.20 0}{11.20 14.00 14.81 15.00 16.80 960}{16.80 0.00 0.00 0.00 22.40 0}{22.40 0.00 0.00 0.00 28.00 0}
COMM 4b-0: 474a36_474db6_474eef_474fe3 (960 68.69 0 0.00 0 860.00){0.00 0.00 42.84 300.00 344.00 907}{344.00 350.00 450.04 639.00 688.00 46}{688.00 722.00 798.86 860.00 1032.00 7}{1032.00 0.00 0.00 0.00 1376.00 0}{1376.00 0.00 0.00 0.00 1720.00 0}
1c 9999 

RANKS: 1 -1 0 16 1
EVENT50: 1104 470fe5_471382_4714e6_4715f5
COMP 4c-0: 47d991_47dc15_47dce9_47dda2 (16 87.47 6 56.00 0 114.00){0.00 0.00 0.00 0.00 45.60 0}{45.60 56.00 58.00 60.00 91.20 5}{91.20 95.00 98.45 114.00 136.80 11}{136.80 0.00 0.00 0.00 182.40 0}{182.40 0.00 0.00 0.00 228.00 0}
COMM 4b-0: 47d991_47dc15_47dce9_47dda2 (16 47.35 9 9.00 0 203.00){0.00 9.00 20.00 60.00 81.20 14}{81.20 119.00 119.00 119.00 162.40 1}{162.40 203.00 203.00 203.00 243.60 1}{243.60 0.00 0.00 0.00 324.80 0}{324.80 0.00 0.00 0.00 406.00 0}
10 2 
12 1 
14 16 
18 1 
19 0 

RANKS: 1 -1 0 16 1
EVENT51: 1045 4657cb_46583f_4658a5_465900
COMP 4c-0: 470fe5_471382_4714e6_4715f5 (16 2486.88 0 208.00 15 3251.00){0.00 0.00 0.00 0.00 83.20 0}{83.20 0.00 0.00 0.00 166.40 0}{166.40 208.00 208.00 208.00 332.80 1}{332.80 0.00 0.00 0.00 416.00 0}{416.00 1906.00 2790.73 3251.00 4458.00 15}

