RANKS: 1 -1 0 4 1
EVENT0: 1084 47924c_47930b_4793a1_4793fc
33 2 
34 0 

RANKS: 1 -1 0 4 1
EVENT1: 1011 46d429_46d758_46d873_46d95f
COMP 4c-0: 46d429_46d758_46d873_46d95f (32 15.79 1 14.00 0 16.00){0.00 0.00 0.00 0.00 6.00 0}{6.00 0.00 0.00 0.00 12.00 0}{12.00 14.00 15.81 16.00 18.00 32}{18.00 0.00 0.00 0.00 24.00 0}{24.00 0.00 0.00 0.00 30.00 0}
COMP 4c-1: 47924c_47930b_4793a1_4793fc (4 54.80 1 24.00 0 101.00){0.00 24.00 24.00 24.00 40.40 3}{40.40 0.00 0.00 0.00 80.80 0}{80.80 101.00 101.00 101.00 121.20 1}{121.20 0.00 0.00 0.00 161.60 0}{161.60 0.00 0.00 0.00 202.00 0}
COMM 4b-0: 46d429_46d758_46d873_46d95f (32 13.64 0 2.00 3 72.00){0.00 0.00 0.00 0.00 1.20 0}{1.20 2.00 2.00 2.00 2.40 8}{2.40 2.67 3.00 4.00 6.00 13}{6.00 10.00 15.43 24.00 24.00 7}{24.00 69.00 71.00 72.00 114.00 4}
COMM 4b-1: 47924c_47930b_4793a1_4793fc (4 150.60 0 17.00 2 576.00){0.00 0.00 0.00 0.00 6.80 0}{6.80 0.00 0.00 0.00 13.60 0}{13.60 17.00 17.00 17.00 34.00 1}{34.00 70.00 71.50 73.00 106.00 2}{106.00 576.00 576.00 576.00 1046.00 1}
LOOP0: iter: ( 9 )[ 1 -1 0 4 1 ] mem: ( 1 )[ 1 -1 0 4 1 ]
10 2 
12 1 1 1 1 1 5 1 1 1 
14 14 14 14 16 16 16 14 14 14 
19 0 

RANKS: 1 -1 2 1 0
EVENT2: 1113 48217a_4824fa_482633_482727
COMP 4c-0: 46d429_46d758_46d873_46d95f (1 152266.00 2 152266.00 2 152266.00){0.00 0.00 0.00 0.00 60906.40 0}{60906.40 0.00 0.00 0.00 121812.80 0}{121812.80 152266.00 152266.00 152266.00 182719.20 1}{182719.20 0.00 0.00 0.00 243625.60 0}{243625.60 0.00 0.00 0.00 304532.00 0}
COMM 4b-0: 46d429_46d758_46d873_46d95f (1 322.00 2 322.00 2 322.00){0.00 0.00 0.00 0.00 128.80 0}{128.80 0.00 0.00 0.00 257.60 0}{257.60 322.00 322.00 322.00 386.40 1}{386.40 0.00 0.00 0.00 515.20 0}{515.20 0.00 0.00 0.00 644.00 0}
10 2 
12 20480 
14 16 
1a 1 
1b 0 

RANKS: 1 -1 1 2 1
EVENT3: 1090 47a046_47a41b_47a586_47a6a7
COMP 4c-0: 46d429_46d758_46d873_46d95f (1 152198.00 1 152198.00 1 152198.00){0.00 0.00 0.00 0.00 60879.20 0}{60879.20 0.00 0.00 0.00 121758.40 0}{121758.40 152198.00 152198.00 152198.00 182637.60 1}{182637.60 0.00 0.00 0.00 243516.80 0}{243516.80 0.00 0.00 0.00 304396.00 0}
COMP 4c-1: 48217a_4824fa_482633_482727 (1 15.00 2 15.00 2 15.00){0.00 0.00 0.00 0.00 6.00 0}{6.00 0.00 0.00 0.00 12.00 0}{12.00 15.00 15.00 15.00 18.00 1}{18.00 0.00 0.00 0.00 24.00 0}{24.00 0.00 0.00 0.00 30.00 0}
COMP 4c-2: 48b0d5_48b359_48b42d_48b4e6 (1 21405.00 2 21405.00 2 21405.00){0.00 0.00 0.00 0.00 8562.00 0}{8562.00 0.00 0.00 0.00 17124.00 0}{17124.00 21405.00 21405.00 21405.00 25686.00 1}{25686.00 0.00 0.00 0.00 34248.00 0}{34248.00 0.00 0.00 0.00 42810.00 0}
COMM 4b-0: 46d429_46d758_46d873_46d95f (1 6.00 1 6.00 1 6.00){0.00 0.00 0.00 0.00 2.40 0}{2.40 0.00 0.00 0.00 4.80 0}{4.80 6.00 6.00 6.00 7.20 1}{7.20 0.00 0.00 0.00 9.60 0}{9.60 0.00 0.00 0.00 12.00 0}
COMM 4b-1: 48217a_4824fa_482633_482727 (1 4.00 2 4.00 2 4.00){0.00 0.00 0.00 0.00 1.60 0}{1.60 0.00 0.00 0.00 3.20 0}{3.20 4.00 4.00 4.00 4.80 1}{4.80 0.00 0.00 0.00 6.40 0}{6.40 0.00 0.00 0.00 8.00 0}
COMM 4b-2: 48b0d5_48b359_48b42d_48b4e6 (1 3.00 2 3.00 2 3.00){0.00 0.00 0.00 0.00 1.20 0}{1.20 0.00 0.00 0.00 2.40 0}{2.40 3.00 3.00 3.00 3.60 1}{3.60 0.00 0.00 0.00 4.80 0}{4.80 0.00 0.00 0.00 6.00 0}
LOOP0: iter: ( 2 )[ 1 -1 2 1 0 ] mem: ( 2 )[ 1 -1 2 1 0 ]
10 2 
12 20480 
14 16 
1b 0 
2b 2147483647 

RANKS: 1 -1 1 2 1
EVENT4: 1148 48b0d5_48b359_48b42d_48b4e6
COMP 4c-0: 47a046_47a41b_47a586_47a6a7 (3 15.75 2 15.00 1 16.00){0.00 0.00 0.00 0.00 6.40 0}{6.40 0.00 0.00 0.00 12.80 0}{12.80 15.00 15.67 16.00 19.20 3}{19.20 0.00 0.00 0.00 25.60 0}{25.60 0.00 0.00 0.00 32.00 0}
COMM 4b-0: 47a046_47a41b_47a586_47a6a7 (3 289.25 2 159.00 1 360.00){0.00 0.00 0.00 0.00 144.00 0}{144.00 159.00 218.50 278.00 288.00 2}{288.00 360.00 360.00 360.00 432.00 1}{432.00 0.00 0.00 0.00 576.00 0}{576.00 0.00 0.00 0.00 720.00 0}
1c 9999 

RANKS: 1 -1 1 2 1
EVENT5: 1113 48217a_4824fa_482633_482727
COMP 4c-0: 48217a_4824fa_482633_482727 (2 29445.33 1 21435.00 2 45466.00){0.00 0.00 0.00 0.00 8574.00 0}{8574.00 0.00 0.00 0.00 17148.00 0}{17148.00 21435.00 21435.00 21435.00 34296.00 1}{34296.00 0.00 0.00 0.00 42870.00 0}{42870.00 45466.00 45466.00 45466.00 48062.00 1}
COMP 4c-1: 48b0d5_48b359_48b42d_48b4e6 (2 156.67 1 156.00 2 158.00){0.00 0.00 0.00 0.00 62.40 0}{62.40 0.00 0.00 0.00 124.80 0}{124.80 156.00 157.00 158.00 187.20 2}{187.20 0.00 0.00 0.00 249.60 0}{249.60 0.00 0.00 0.00 312.00 0}
COMM 4b-0: 48217a_4824fa_482633_482727 (2 116.33 1 116.00 2 117.00){0.00 0.00 0.00 0.00 46.40 0}{46.40 0.00 0.00 0.00 92.80 0}{92.80 116.00 116.50 117.00 139.20 2}{139.20 0.00 0.00 0.00 185.60 0}{185.60 0.00 0.00 0.00 232.00 0}
COMM 4b-1: 48b0d5_48b359_48b42d_48b4e6 (2 204.33 2 105.00 1 254.00){0.00 0.00 0.00 0.00 101.60 0}{101.60 105.00 105.00 105.00 203.20 1}{203.20 254.00 254.00 254.00 304.80 1}{304.80 0.00 0.00 0.00 406.40 0}{406.40 0.00 0.00 0.00 508.00 0}
LOOP0: iter: ( 2 )[ 1 -1 1 2 1 ] mem: ( 1 )[ 1 -1 1 2 1 ]
10 2 
12 20480 
14 16 
1a ( 3 2 )[ 1 -1 1 1 0 ]
1a ( 2 1 )[ 1 -1 2 1 0 ]
1b 0 

RANKS: 1 -1 1 3 1
EVENT6: 1090 47a046_47a41b_47a586_47a6a7
COMP 4c-0: 46d429_46d758_46d873_46d95f (1 152205.00 3 152205.00 3 152205.00){0.00 0.00 0.00 0.00 60882.00 0}{60882.00 0.00 0.00 0.00 121764.00 0}{121764.00 152205.00 152205.00 152205.00 182646.00 1}{182646.00 0.00 0.00 0.00 243528.00 0}{243528.00 0.00 0.00 0.00 304410.00 0}
COMP 4c-1: 48217a_4824fa_482633_482727 (5 14696.67 1 16.00 3 45396.00){0.00 0.00 0.00 0.00 6.40 0}{6.40 0.00 0.00 0.00 12.80 0}{12.80 16.00 16.00 16.00 32.00 2}{32.00 21363.00 21368.00 21373.00 42694.00 2}{42694.00 45396.00 45396.00 45396.00 48098.00 1}
COMP 4c-2: 48b0d5_48b359_48b42d_48b4e6 (2 37433.00 2 21413.00 1 45443.00){0.00 0.00 0.00 0.00 18177.20 0}{18177.20 21413.00 21413.00 21413.00 36354.40 1}{36354.40 45443.00 45443.00 45443.00 54531.60 1}{54531.60 0.00 0.00 0.00 72708.80 0}{72708.80 0.00 0.00 0.00 90886.00 0}
COMM 4b-0: 46d429_46d758_46d873_46d95f (1 6.00 3 6.00 3 6.00){0.00 0.00 0.00 0.00 2.40 0}{2.40 0.00 0.00 0.00 4.80 0}{4.80 6.00 6.00 6.00 7.20 1}{7.20 0.00 0.00 0.00 9.60 0}{9.60 0.00 0.00 0.00 12.00 0}
COMM 4b-1: 48217a_4824fa_482633_482727 (5 2.17 1 2.00 3 3.00){0.00 0.00 0.00 0.00 0.80 0}{0.80 0.00 0.00 0.00 1.60 0}{1.60 2.00 2.00 2.00 2.40 4}{2.40 3.00 3.00 3.00 3.20 1}{3.20 0.00 0.00 0.00 4.00 0}
COMM 4b-2: 48b0d5_48b359_48b42d_48b4e6 (2 2.67 2 2.00 1 3.00){0.00 0.00 0.00 0.00 1.20 0}{1.20 2.00 2.00 2.00 2.40 1}{2.40 3.00 3.00 3.00 3.60 1}{3.60 0.00 0.00 0.00 4.80 0}{4.80 0.00 0.00 0.00 6.00 0}
LOOP0: iter: ( 2 )[ 1 -1 1 2 1 ]( 4 )[ 1 -1 3 1 0 ] mem: ( 2 )[ 1 -1 1 2 1 ]( 3 )[ 1 -1 3 1 0 ]
10 2 
12 20480 
14 16 
1b 0 
2b 2147483647 

RANKS: 1 -1 1 3 1
EVENT7: 1148 48b0d5_48b359_48b42d_48b4e6
COMP 4c-0: 47a046_47a41b_47a586_47a6a7 (8 15.00 3 14.00 3 16.00){0.00 0.00 0.00 0.00 6.00 0}{6.00 0.00 0.00 0.00 12.00 0}{12.00 14.00 15.00 16.00 18.00 8}{18.00 0.00 0.00 0.00 24.00 0}{24.00 0.00 0.00 0.00 30.00 0}
COMM 4b-0: 47a046_47a41b_47a586_47a6a7 (8 205.11 1 117.00 2 310.00){0.00 0.00 0.00 0.00 46.80 0}{46.80 0.00 0.00 0.00 93.60 0}{93.60 117.00 152.25 177.00 187.20 4}{187.20 232.00 232.00 232.00 234.00 1}{234.00 271.00 296.00 310.00 380.00 3}
1c 9999 

RANKS: 1 -1 0 4 1
EVENT8: 1113 48217a_4824fa_482633_482727
COMP 4c-0: 46d429_46d758_46d873_46d95f (1 152260.00 0 152260.00 0 152260.00){0.00 0.00 0.00 0.00 60904.00 0}{60904.00 0.00 0.00 0.00 121808.00 0}{121808.00 152260.00 152260.00 152260.00 182712.00 1}{182712.00 0.00 0.00 0.00 243616.00 0}{243616.00 0.00 0.00 0.00 304520.00 0}
COMP 4c-1: 48217a_4824fa_482633_482727 (1 21442.00 1 21442.00 1 21442.00){0.00 0.00 0.00 0.00 8576.80 0}{8576.80 0.00 0.00 0.00 17153.60 0}{17153.60 21442.00 21442.00 21442.00 25730.40 1}{25730.40 0.00 0.00 0.00 34307.20 0}{34307.20 0.00 0.00 0.00 42884.00 0}
COMP 4c-2: 48b0d5_48b359_48b42d_48b4e6 (9 11090.30 3 155.00 0 45521.00){0.00 155.00 156.00 158.00 8591.20 6}{8591.20 0.00 0.00 0.00 17182.40 0}{17182.40 21478.00 21484.00 21490.00 34364.80 2}{34364.80 0.00 0.00 0.00 42956.00 0}{42956.00 45521.00 45521.00 45521.00 48086.00 1}
COMM 4b-0: 46d429_46d758_46d873_46d95f (1 310.00 0 310.00 0 310.00){0.00 0.00 0.00 0.00 124.00 0}{124.00 0.00 0.00 0.00 248.00 0}{248.00 310.00 310.00 310.00 372.00 1}{372.00 0.00 0.00 0.00 496.00 0}{496.00 0.00 0.00 0.00 620.00 0}
COMM 4b-1: 48217a_4824fa_482633_482727 (1 107.00 1 107.00 1 107.00){0.00 0.00 0.00 0.00 42.80 0}{42.80 0.00 0.00 0.00 85.60 0}{85.60 107.00 107.00 107.00 128.40 1}{128.40 0.00 0.00 0.00 171.20 0}{171.20 0.00 0.00 0.00 214.00 0}
COMM 4b-2: 48b0d5_48b359_48b42d_48b4e6 (9 123.00 3 103.00 3 260.00){0.00 0.00 0.00 0.00 45.20 0}{45.20 0.00 0.00 0.00 90.40 0}{90.40 103.00 107.12 113.00 180.80 8}{180.80 0.00 0.00 0.00 226.00 0}{226.00 260.00 260.00 260.00 294.00 1}
LOOP0: iter: ( 4 )[ 1 -1 0 1 0 ]( 2 )[ 1 -1 1 1 0 ] mem: ( 3 )[ 1 -1 0 1 0 ]( 1 )[ 1 -1 1 1 0 ]
10 2 
12 20480 
14 16 
1a ( 1 2 )[ 1 -1 0 1 0 ]
1a ( 3 2 )[ 1 -1 1 2 2 ]
1a ( 2 )[ 1 -1 2 1 0 ]
1b 0 

RANKS: 1 -1 0 2 1
EVENT9: 1090 47a046_47a41b_47a586_47a6a7
COMP 4c-0: 48217a_4824fa_482633_482727 (5 14.83 0 14.00 1 16.00){0.00 0.00 0.00 0.00 6.00 0}{6.00 0.00 0.00 0.00 12.00 0}{12.00 14.00 14.80 16.00 18.00 5}{18.00 0.00 0.00 0.00 24.00 0}{24.00 0.00 0.00 0.00 30.00 0}
COMM 4b-0: 48217a_4824fa_482633_482727 (5 2.50 0 1.00 0 4.00){0.00 1.00 1.00 1.00 1.60 1}{1.60 2.00 2.00 2.00 3.20 3}{3.20 4.00 4.00 4.00 4.80 1}{4.80 0.00 0.00 0.00 6.40 0}{6.40 0.00 0.00 0.00 8.00 0}
10 2 
12 20480 
14 16 
1b 0 
2b 2147483647 

RANKS: 1 -1 0 2 1
EVENT10: 1148 48b0d5_48b359_48b42d_48b4e6
COMP 4c-0: 47a046_47a41b_47a586_47a6a7 (5 15.33 0 15.00 0 16.00){0.00 0.00 0.00 0.00 6.40 0}{6.40 0.00 0.00 0.00 12.80 0}{12.80 15.00 15.20 16.00 19.20 5}{19.20 0.00 0.00 0.00 25.60 0}{25.60 0.00 0.00 0.00 32.00 0}
COMM 4b-0: 47a046_47a41b_47a586_47a6a7 (5 210.83 1 130.00 0 280.00){0.00 0.00 0.00 0.00 112.00 0}{112.00 130.00 176.25 223.00 224.00 4}{224.00 280.00 280.00 280.00 336.00 1}{336.00 0.00 0.00 0.00 448.00 0}{448.00 0.00 0.00 0.00 560.00 0}
1c 9999 

RANKS: 1 -1 0 4 1
EVENT11: 1004 46a5af_46a90f_46aa52_46ab44
COMP 4c-0: 48217a_4824fa_482633_482727 (2 44551.67 2 44549.00 3 44553.00){0.00 0.00 0.00 0.00 17821.20 0}{17821.20 0.00 0.00 0.00 35642.40 0}{35642.40 44549.00 44551.00 44553.00 53463.60 2}{53463.60 0.00 0.00 0.00 71284.80 0}{71284.80 0.00 0.00 0.00 89106.00 0}
COMP 4c-1: 48b0d5_48b359_48b42d_48b4e6 (2 44602.67 1 44600.00 0 44604.00){0.00 0.00 0.00 0.00 17841.60 0}{17841.60 0.00 0.00 0.00 35683.20 0}{35683.20 44600.00 44602.00 44604.00 53524.80 2}{53524.80 0.00 0.00 0.00 71366.40 0}{71366.40 0.00 0.00 0.00 89208.00 0}
COMM 4b-0: 48217a_4824fa_482633_482727 (2 170.33 2 135.00 3 188.00){0.00 0.00 0.00 0.00 75.20 0}{75.20 135.00 135.00 135.00 150.40 1}{150.40 188.00 188.00 188.00 225.60 1}{225.60 0.00 0.00 0.00 300.80 0}{300.80 0.00 0.00 0.00 376.00 0}
COMM 4b-1: 48b0d5_48b359_48b42d_48b4e6 (2 81.67 0 39.00 1 167.00){0.00 0.00 0.00 0.00 15.60 0}{15.60 0.00 0.00 0.00 31.20 0}{31.20 39.00 39.00 39.00 62.40 1}{62.40 0.00 0.00 0.00 78.00 0}{78.00 167.00 167.00 167.00 256.00 1}
10 2 
12 5 
14 16 
18 3 

RANKS: 1 -1 0 4 1
EVENT12: 1010 46cf40_46d175_46d219_46d295
COMP 4c-0: 46a5af_46a90f_46aa52_46ab44 (4 14.40 0 14.00 3 15.00){0.00 0.00 0.00 0.00 5.60 0}{5.60 0.00 0.00 0.00 11.20 0}{11.20 14.00 14.50 15.00 16.80 4}{16.80 0.00 0.00 0.00 22.40 0}{22.40 0.00 0.00 0.00 28.00 0}
COMM 4b-0: 46a5af_46a90f_46aa52_46ab44 (4 126.00 0 6.00 3 302.00){0.00 0.00 0.00 0.00 2.40 0}{2.40 0.00 0.00 0.00 4.80 0}{4.80 6.00 6.00 6.00 9.60 1}{9.60 0.00 0.00 0.00 12.00 0}{12.00 137.00 206.00 302.00 346.00 3}
10 2 

RANKS: 1 -1 1 3 1
EVENT13: 1102 47d6b9_47da7e_47dbe8_47dd07
COMP 4c-0: 46cf40_46d175_46d219_46d295 (3 3331.00 1 3331.00 1 3331.00){0.00 0.00 0.00 0.00 1332.40 0}{1332.40 0.00 0.00 0.00 2664.80 0}{2664.80 3331.00 3331.00 3331.00 3997.20 3}{3997.20 0.00 0.00 0.00 5329.60 0}{5329.60 0.00 0.00 0.00 6662.00 0}
COMP 4c-1: 47d6b9_47da7e_47dbe8_47dd07 (123 696.31 3 15.00 3 1398.00){0.00 0.00 0.00 0.00 6.00 0}{6.00 0.00 0.00 0.00 12.00 0}{12.00 15.00 16.94 17.00 24.00 62}{24.00 0.00 0.00 0.00 30.00 0}{30.00 1398.00 1398.00 1398.00 2766.00 61}
COMP 4c-2: 48217a_4824fa_482633_482727 (246 730.35 2 709.00 1 750.00){0.00 0.00 0.00 0.00 298.40 0}{298.40 0.00 0.00 0.00 596.80 0}{596.80 709.00 730.28 750.00 895.20 246}{895.20 0.00 0.00 0.00 1193.60 0}{1193.60 0.00 0.00 0.00 1492.00 0}
COMM 4b-0: 46cf40_46d175_46d219_46d295 (3 103.25 1 52.00 3 207.00){0.00 0.00 0.00 0.00 20.80 0}{20.80 0.00 0.00 0.00 41.60 0}{41.60 52.00 52.00 52.00 83.20 1}{83.20 102.00 102.00 102.00 104.00 1}{104.00 207.00 207.00 207.00 310.00 1}
COMM 4b-1: 47d6b9_47da7e_47dbe8_47dd07 (123 4.87 3 1.00 3 117.00){0.00 1.00 1.39 3.00 3.20 64}{3.20 4.00 4.00 4.00 4.00 25}{4.00 5.00 5.22 6.00 6.00 23}{6.00 7.00 8.17 9.00 10.00 6}{10.00 12.00 48.80 117.00 154.00 5}
COMM 4b-2: 48217a_4824fa_482633_482727 (246 9.11 2 1.00 1 605.00){0.00 1.00 1.00 1.00 1.20 1}{1.20 2.00 3.02 3.14 3.60 204}{3.60 4.00 4.37 6.00 6.00 32}{6.00 7.00 34.40 68.00 118.00 5}{118.00 123.00 329.25 605.00 1092.00 4}
LOOP0: iter: ( 124 )[ 1 -1 1 3 1 ] mem: ( 2 )[ 1 -1 1 2 1 ]( 1 )[ 1 -1 3 1 0 ]
10 2 
12 155 
14 16 
1b 0 
2b ( 3 3 3 3 3 3 3 3 3 3 3 3 3 3 3 3 3 3 3 3 3 3 3 3 3 3 3 3 3 3 3 3 3 3 3 3 3 3 3 3 3 3 3 3 3 3 3 3 3 3 3 3 3 3 3 3 3 3 3 3 3 3 2 2 2 2 2 2 2 2 2 2 2 2 2 2 2 2 2 2 2 2 2 2 2 2 2 2 2 2 2 2 2 2 2 2 2 2 2 2 2 2 2 2 2 2 2 2 2 2 2 2 2 2 2 2 2 2 2 2 2 2 2 2 )[ 1 -1 1 1 0 ]
2b ( 3 2 )[ 1 -1 3 1 0 ]
2b ( 2 2 2 2 2 2 2 2 2 2 2 2 2 2 2 2 2 2 2 2 2 2 2 2 2 2 2 2 2 2 2 2 2 2 2 2 2 2 2 2 2 2 2 2 2 2 2 2 2 2 2 2 2 2 2 2 2 2 2 2 2 2 1 1 1 1 1 1 1 1 1 1 1 1 1 1 1 1 1 1 1 1 1 1 1 1 1 1 1 1 1 1 1 1 1 1 1 1 1 1 1 1 1 1 1 1 1 1 1 1 1 1 1 1 1 1 1 1 1 1 1 1 1 1 )[ 1 -1 2 1 0 ]

RANKS: 1 -1 2 1 0
EVENT14: 1113 48217a_4824fa_482633_482727
COMP 4c-0: 47d6b9_47da7e_47dbe8_47dd07 (124 660.72 2 655.00 2 666.00){0.00 0.00 0.00 0.00 266.00 0}{266.00 0.00 0.00 0.00 532.00 0}{532.00 655.00 660.69 666.00 798.00 124}{798.00 0.00 0.00 0.00 1064.00 0}{1064.00 0.00 0.00 0.00 1330.00 0}
COMM 4b-0: 47d6b9_47da7e_47dbe8_47dd07 (124 3.54 2 2.00 2 91.00){0.00 2.00 2.00 2.00 2.00 44}{2.00 3.00 3.00 3.00 4.00 76}{4.00 5.00 5.00 5.00 8.00 1}{8.00 10.00 10.00 10.00 10.00 1}{10.00 16.00 53.50 91.00 172.00 2}
10 2 
12 155 
14 16 
1a 1 1 1 1 1 1 1 1 1 1 1 1 1 1 1 1 1 1 1 1 1 1 1 1 1 1 1 1 1 1 1 1 1 1 1 1 1 1 1 1 1 1 1 1 1 1 1 1 1 1 1 1 1 1 1 1 1 1 1 1 1 1 2 2 2 2 2 2 2 2 2 2 2 2 2 2 2 2 2 2 2 2 2 2 2 2 2 2 2 2 2 2 2 2 2 2 2 2 2 2 2 2 2 2 2 2 2 2 2 2 2 2 2 2 2 2 2 2 2 2 2 2 2 2 
1b 0 

RANKS: 1 -1 0 4 1
EVENT15: 1113 48217a_4824fa_482633_482727
COMP 4c-0: 46a5af_46a90f_46aa52_46ab44 (1 133461.00 2 133461.00 2 133461.00){0.00 0.00 0.00 0.00 53384.40 0}{53384.40 0.00 0.00 0.00 106768.80 0}{106768.80 133461.00 133461.00 133461.00 160153.20 1}{160153.20 0.00 0.00 0.00 213537.60 0}{213537.60 0.00 0.00 0.00 266922.00 0}
COMP 4c-1: 46cf40_46d175_46d219_46d295 (1 3981.00 0 3981.00 0 3981.00){0.00 0.00 0.00 0.00 1592.40 0}{1592.40 0.00 0.00 0.00 3184.80 0}{3184.80 3981.00 3981.00 3981.00 4777.20 1}{4777.20 0.00 0.00 0.00 6369.60 0}{6369.60 0.00 0.00 0.00 7962.00 0}
COMP 4c-2: 47d6b9_47da7e_47dbe8_47dd07 (125 671.54 1 655.00 3 2000.00){0.00 0.00 0.00 0.00 266.00 0}{266.00 0.00 0.00 0.00 532.00 0}{532.00 655.00 660.88 666.00 1064.00 124}{1064.00 0.00 0.00 0.00 1330.00 0}{1330.00 2000.00 2000.00 2000.00 2670.00 1}
COMP 4c-3: 48217a_4824fa_482633_482727 (247 707.86 0 15.00 2 5807.00){0.00 0.00 0.00 0.00 6.00 0}{6.00 0.00 0.00 0.00 12.00 0}{12.00 15.00 16.96 17.00 30.00 124}{30.00 1349.00 1373.97 1398.00 2766.00 122}{2766.00 5807.00 5807.00 5807.00 8848.00 1}
COMM 4b-0: 46a5af_46a90f_46aa52_46ab44 (1 112.00 2 112.00 2 112.00){0.00 0.00 0.00 0.00 44.80 0}{44.80 0.00 0.00 0.00 89.60 0}{89.60 112.00 112.00 112.00 134.40 1}{134.40 0.00 0.00 0.00 179.20 0}{179.20 0.00 0.00 0.00 224.00 0}
COMM 4b-1: 46cf40_46d175_46d219_46d295 (1 5.00 0 5.00 0 5.00){0.00 0.00 0.00 0.00 2.00 0}{2.00 0.00 0.00 0.00 4.00 0}{4.00 5.00 5.00 5.00 6.00 1}{6.00 0.00 0.00 0.00 8.00 0}{8.00 0.00 0.00 0.00 10.00 0}
COMM 4b-2: 47d6b9_47da7e_47dbe8_47dd07 (125 3.59 1 2.00 1 89.00){0.00 2.00 2.00 2.00 2.00 34}{2.00 3.00 3.01 4.00 4.00 86}{4.00 5.00 5.00 5.00 8.00 2}{8.00 10.00 10.00 10.00 10.00 1}{10.00 11.00 50.00 89.00 168.00 2}
COMM 4b-3: 48217a_4824fa_482633_482727 (247 4.10 0 1.00 2 113.00){0.00 0.00 0.00 0.00 0.80 0}{0.80 1.00 1.00 1.00 1.60 58}{1.60 2.00 2.00 2.00 2.40 131}{2.40 3.00 3.00 3.00 4.00 49}{4.00 15.00 61.00 113.00 210.00 9}
LOOP0: iter: ( 124 )[ 1 -1 0 2 3 ]( 2 )[ 1 -1 2 1 0 ] mem: ( 1 )[ 1 -1 0 2 3 ]( 5 )[ 1 -1 2 1 0 ]
10 2 
12 ( 155 )[ 2 -1 0 2 1 -1 3 1 0 ]
12 ( 20480 )[ 1 -1 2 1 0 ]
14 16 
1a ( 1 2 )[ 1 -1 0 1 0 ]
1a ( 2 2 2 2 2 2 2 2 2 2 2 2 2 2 2 2 2 2 2 2 2 2 2 2 2 2 2 2 2 2 2 2 2 2 2 2 2 2 2 2 2 2 2 2 2 2 2 2 2 2 2 2 2 2 2 2 2 2 2 2 2 2 3 3 3 3 3 3 3 3 3 3 3 3 3 3 3 3 3 3 3 3 3 3 3 3 3 3 3 3 3 3 3 3 3 3 3 3 3 3 3 3 3 3 3 3 3 3 3 3 3 3 3 3 3 3 3 3 3 3 3 3 3 3 )[ 1 -1 1 1 0 ]
1a ( 3 2 )[ 1 -1 3 1 0 ]
1a ( 1 )[ 1 -1 2 1 0 ]
1b 0 

RANKS: 1 -1 0 1 0
EVENT16: 1102 47d6b9_47da7e_47dbe8_47dd07
COMP 4c-0: 47d6b9_47da7e_47dbe8_47dd07 (123 672.71 0 15.00 0 1350.00){0.00 0.00 0.00 0.00 6.00 0}{6.00 0.00 0.00 0.00 12.00 0}{12.00 15.00 16.97 17.00 24.00 62}{24.00 0.00 0.00 0.00 30.00 0}{30.00 1349.00 1349.98 1350.00 2668.00 61}
COMP 4c-1: 48217a_4824fa_482633_482727 (1 709.00 0 709.00 0 709.00){0.00 0.00 0.00 0.00 283.60 0}{283.60 0.00 0.00 0.00 567.20 0}{567.20 709.00 709.00 709.00 850.80 1}{850.80 0.00 0.00 0.00 1134.40 0}{1134.40 0.00 0.00 0.00 1418.00 0}
COMM 4b-0: 47d6b9_47da7e_47dbe8_47dd07 (123 8.19 0 1.00 0 340.00){0.00 1.00 1.00 1.00 1.60 44}{1.60 2.00 2.86 4.00 4.00 35}{4.00 5.00 5.50 6.00 6.00 6}{6.00 9.00 12.71 23.00 24.00 35}{24.00 25.00 130.67 340.00 656.00 3}
COMM 4b-1: 48217a_4824fa_482633_482727 (1 1303.00 0 1303.00 0 1303.00){0.00 0.00 0.00 0.00 521.20 0}{521.20 0.00 0.00 0.00 1042.40 0}{1042.40 1303.00 1303.00 1303.00 1563.60 1}{1563.60 0.00 0.00 0.00 2084.80 0}{2084.80 0.00 0.00 0.00 2606.00 0}
LOOP0: iter: ( 124 )[ 1 -1 0 1 0 ] mem: ( 1 )[ 1 -1 0 1 0 ]
10 2 
12 155 
14 16 
1b 0 
2b 1 2 

RANKS: 1 -1 1 3 1
EVENT17: 1090 47a046_47a41b_47a586_47a6a7
COMP 4c-0: 46a5af_46a90f_46aa52_46ab44 (2 133394.33 1 133392.00 3 133399.00){0.00 0.00 0.00 0.00 53356.80 0}{53356.80 0.00 0.00 0.00 106713.60 0}{106713.60 133392.00 133395.50 133399.00 160070.40 2}{160070.40 0.00 0.00 0.00 213427.20 0}{213427.20 0.00 0.00 0.00 266784.00 0}
COMP 4c-1: 48217a_4824fa_482633_482727 (6 8566.43 2 15.00 3 21369.00){0.00 15.00 15.00 15.00 2293.20 2}{2293.20 0.00 0.00 0.00 4586.40 0}{4586.40 5731.00 5732.00 5733.00 9172.80 2}{9172.80 0.00 0.00 0.00 11466.00 0}{11466.00 21369.00 21369.00 21369.00 31272.00 2}
COMP 4c-2: 48b0d5_48b359_48b42d_48b4e6 (2 21413.00 2 21413.00 2 21413.00){0.00 0.00 0.00 0.00 8565.20 0}{8565.20 0.00 0.00 0.00 17130.40 0}{17130.40 21413.00 21413.00 21413.00 25695.60 2}{25695.60 0.00 0.00 0.00 34260.80 0}{34260.80 0.00 0.00 0.00 42826.00 0}
COMM 4b-0: 46a5af_46a90f_46aa52_46ab44 (2 2.00 1 2.00 1 2.00){0.00 0.00 0.00 0.00 0.80 0}{0.80 0.00 0.00 0.00 1.60 0}{1.60 2.00 2.00 2.00 2.40 2}{2.40 0.00 0.00 0.00 3.20 0}{3.20 0.00 0.00 0.00 4.00 0}
COMM 4b-1: 48217a_4824fa_482633_482727 (6 2.57 3 2.00 1 3.00){0.00 0.00 0.00 0.00 1.20 0}{1.20 2.00 2.00 2.00 2.40 3}{2.40 3.00 3.00 3.00 3.60 3}{3.60 0.00 0.00 0.00 4.80 0}{4.80 0.00 0.00 0.00 6.00 0}
COMM 4b-2: 48b0d5_48b359_48b42d_48b4e6 (2 2.00 2 2.00 2 2.00){0.00 0.00 0.00 0.00 0.80 0}{0.80 0.00 0.00 0.00 1.60 0}{1.60 2.00 2.00 2.00 2.40 2}{2.40 0.00 0.00 0.00 3.20 0}{3.20 0.00 0.00 0.00 4.00 0}
LOOP0: iter: ( 2 )[ 1 -1 1 3 1 ] mem: ( 6 )[ 1 -1 1 1 0 ]( 4 )[ 1 -1 3 1 0 ]( 2 )[ 1 -1 2 1 0 ]
LOOP1: iter: ( 2 )[ 1 -1 3 1 0 ] mem: ( 3 )[ 1 -1 3 1 0 ]
10 2 
12 20480 
14 16 
1b 0 
2b 2147483647 

RANKS: 1 -1 1 3 1
EVENT18: 1148 48b0d5_48b359_48b42d_48b4e6
COMP 4c-0: 47a046_47a41b_47a586_47a6a7 (10 15.00 1 15.00 1 15.00){0.00 0.00 0.00 0.00 6.00 0}{6.00 0.00 0.00 0.00 12.00 0}{12.00 15.00 15.00 15.00 18.00 10}{18.00 0.00 0.00 0.00 24.00 0}{24.00 0.00 0.00 0.00 30.00 0}
COMM 4b-0: 47a046_47a41b_47a586_47a6a7 (10 273.55 2 98.00 3 941.00){0.00 98.00 107.75 119.00 143.20 4}{143.20 148.00 151.50 155.00 286.40 2}{286.40 295.00 325.33 358.00 572.80 3}{572.80 0.00 0.00 0.00 716.00 0}{716.00 941.00 941.00 941.00 1166.00 1}
1c 9999 

RANKS: 1 -1 0 4 1
EVENT19: 1113 48217a_4824fa_482633_482727
COMP 4c-0: 46a5af_46a90f_46aa52_46ab44 (1 133455.00 0 133455.00 0 133455.00){0.00 0.00 0.00 0.00 53382.00 0}{53382.00 0.00 0.00 0.00 106764.00 0}{106764.00 133455.00 133455.00 133455.00 160146.00 1}{160146.00 0.00 0.00 0.00 213528.00 0}{213528.00 0.00 0.00 0.00 266910.00 0}
COMP 4c-1: 47d6b9_47da7e_47dbe8_47dd07 (1 6446.00 0 6446.00 0 6446.00){0.00 0.00 0.00 0.00 2578.40 0}{2578.40 0.00 0.00 0.00 5156.80 0}{5156.80 6446.00 6446.00 6446.00 7735.20 1}{7735.20 0.00 0.00 0.00 10313.60 0}{10313.60 0.00 0.00 0.00 12892.00 0}
COMP 4c-2: 48217a_4824fa_482633_482727 (2 21442.00 1 21442.00 1 21442.00){0.00 0.00 0.00 0.00 8576.80 0}{8576.80 0.00 0.00 0.00 17153.60 0}{17153.60 21442.00 21442.00 21442.00 25730.40 2}{25730.40 0.00 0.00 0.00 34307.20 0}{34307.20 0.00 0.00 0.00 42884.00 0}
COMP 4c-3: 48b0d5_48b359_48b42d_48b4e6 (10 5972.73 1 155.00 0 21485.00){0.00 155.00 155.62 157.00 8594.00 8}{8594.00 0.00 0.00 0.00 17188.00 0}{17188.00 21485.00 21485.00 21485.00 25782.00 2}{25782.00 0.00 0.00 0.00 34376.00 0}{34376.00 0.00 0.00 0.00 42970.00 0}
COMM 4b-0: 46a5af_46a90f_46aa52_46ab44 (1 109.00 0 109.00 0 109.00){0.00 0.00 0.00 0.00 43.60 0}{43.60 0.00 0.00 0.00 87.20 0}{87.20 109.00 109.00 109.00 130.80 1}{130.80 0.00 0.00 0.00 174.40 0}{174.40 0.00 0.00 0.00 218.00 0}
COMM 4b-1: 47d6b9_47da7e_47dbe8_47dd07 (1 109.00 0 109.00 0 109.00){0.00 0.00 0.00 0.00 43.60 0}{43.60 0.00 0.00 0.00 87.20 0}{87.20 109.00 109.00 109.00 130.80 1}{130.80 0.00 0.00 0.00 174.40 0}{174.40 0.00 0.00 0.00 218.00 0}
COMM 4b-2: 48217a_4824fa_482633_482727 (2 109.67 1 109.00 1 110.00){0.00 0.00 0.00 0.00 44.00 0}{44.00 0.00 0.00 0.00 88.00 0}{88.00 109.00 109.50 110.00 132.00 2}{132.00 0.00 0.00 0.00 176.00 0}{176.00 0.00 0.00 0.00 220.00 0}
COMM 4b-3: 48b0d5_48b359_48b42d_48b4e6 (10 105.00 2 101.00 0 120.00){0.00 0.00 0.00 0.00 42.80 0}{42.80 0.00 0.00 0.00 85.60 0}{85.60 101.00 104.80 120.00 128.40 10}{128.40 0.00 0.00 0.00 171.20 0}{171.20 0.00 0.00 0.00 214.00 0}
LOOP0: iter: ( 2 )[ 1 -1 0 2 1 ] mem: ( 4 )[ 1 -1 0 1 0 ]( 1 )[ 1 -1 1 1 0 ]
LOOP1: iter: ( 2 )[ 1 -1 0 1 0 ] mem: ( 3 )[ 1 -1 0 1 0 ]
10 2 
12 20480 
14 16 
1a ( 1 2 )[ 1 -1 0 1 0 ]
1a ( 3 2 )[ 1 -1 1 2 2 ]
1a ( 2 )[ 1 -1 2 1 0 ]
1b 0 

RANKS: 1 -1 0 2 1
EVENT20: 1090 47a046_47a41b_47a586_47a6a7
COMP 4c-0: 48217a_4824fa_482633_482727 (6 15.14 0 14.00 1 16.00){0.00 0.00 0.00 0.00 6.00 0}{6.00 0.00 0.00 0.00 12.00 0}{12.00 14.00 15.17 16.00 18.00 6}{18.00 0.00 0.00 0.00 24.00 0}{24.00 0.00 0.00 0.00 30.00 0}
COMM 4b-0: 48217a_4824fa_482633_482727 (6 1.86 0 1.00 0 2.00){0.00 0.00 0.00 0.00 0.80 0}{0.80 1.00 1.00 1.00 1.60 1}{1.60 2.00 2.00 2.00 2.40 5}{2.40 0.00 0.00 0.00 3.20 0}{3.20 0.00 0.00 0.00 4.00 0}
10 2 
12 20480 
14 16 
1b 0 
2b 2147483647 

RANKS: 1 -1 0 2 1
EVENT21: 1148 48b0d5_48b359_48b42d_48b4e6
COMP 4c-0: 47a046_47a41b_47a586_47a6a7 (6 15.00 0 15.00 0 15.00){0.00 0.00 0.00 0.00 6.00 0}{6.00 0.00 0.00 0.00 12.00 0}{12.00 15.00 15.00 15.00 18.00 6}{18.00 0.00 0.00 0.00 24.00 0}{24.00 0.00 0.00 0.00 30.00 0}
COMM 4b-0: 47a046_47a41b_47a586_47a6a7 (6 131.00 1 96.00 0 148.00){0.00 0.00 0.00 0.00 56.80 0}{56.80 96.00 98.50 101.00 113.60 2}{113.60 142.00 144.50 148.00 170.40 4}{170.40 0.00 0.00 0.00 227.20 0}{227.20 0.00 0.00 0.00 284.00 0}
1c 9999 

RANKS: 1 -1 0 4 1
EVENT22: 1004 46a5af_46a90f_46aa52_46ab44
COMP 4c-0: 48217a_4824fa_482633_482727 (4 43002.40 2 41968.00 3 44552.00){0.00 0.00 0.00 0.00 16788.80 0}{16788.80 0.00 0.00 0.00 33577.60 0}{33577.60 41968.00 43260.00 44552.00 50366.40 4}{50366.40 0.00 0.00 0.00 67155.20 0}{67155.20 0.00 0.00 0.00 83944.00 0}
COMP 4c-1: 48b0d5_48b359_48b42d_48b4e6 (4 43053.40 1 42019.00 0 44603.00){0.00 0.00 0.00 0.00 16809.20 0}{16809.20 0.00 0.00 0.00 33618.40 0}{33618.40 42019.00 43311.00 44603.00 50427.60 4}{50427.60 0.00 0.00 0.00 67236.80 0}{67236.80 0.00 0.00 0.00 84046.00 0}
COMM 4b-0: 48217a_4824fa_482633_482727 (4 83.60 3 69.00 3 100.00){0.00 0.00 0.00 0.00 27.60 0}{27.60 0.00 0.00 0.00 55.20 0}{55.20 69.00 69.00 69.00 82.80 1}{82.80 86.00 93.33 100.00 110.40 3}{110.40 0.00 0.00 0.00 138.00 0}
COMM 4b-1: 48b0d5_48b359_48b42d_48b4e6 (4 53.40 0 23.00 1 122.00){0.00 0.00 0.00 0.00 9.20 0}{9.20 0.00 0.00 0.00 18.40 0}{18.40 23.00 23.00 23.00 46.00 2}{46.00 76.00 76.00 76.00 106.00 1}{106.00 122.00 122.00 122.00 138.00 1}
10 2 
12 1 5 
14 16 
18 1 3 

RANKS: 1 -1 0 4 1
EVENT23: 1010 46cf40_46d175_46d219_46d295
COMP 4c-0: 46a5af_46a90f_46aa52_46ab44 (4 21.40 3 20.00 3 23.00){0.00 0.00 0.00 0.00 8.40 0}{8.40 0.00 0.00 0.00 16.80 0}{16.80 20.00 21.50 23.00 25.20 4}{25.20 0.00 0.00 0.00 33.60 0}{33.60 0.00 0.00 0.00 42.00 0}
COMM 4b-0: 46a5af_46a90f_46aa52_46ab44 (4 22.80 2 6.00 3 33.00){0.00 6.00 6.00 6.00 12.00 1}{12.00 15.00 15.00 15.00 24.00 1}{24.00 30.00 31.50 33.00 36.00 2}{36.00 0.00 0.00 0.00 48.00 0}{48.00 0.00 0.00 0.00 60.00 0}
10 2 

RANKS: 1 -1 2 1 0
EVENT24: 1102 47d6b9_47da7e_47dbe8_47dd07
COMP 4c-0: 46cf40_46d175_46d219_46d295 (1 3326.00 2 3326.00 2 3326.00){0.00 0.00 0.00 0.00 1330.40 0}{1330.40 0.00 0.00 0.00 2660.80 0}{2660.80 3326.00 3326.00 3326.00 3991.20 1}{3991.20 0.00 0.00 0.00 5321.60 0}{5321.60 0.00 0.00 0.00 6652.00 0}
COMP 4c-1: 48217a_4824fa_482633_482727 (123 730.41 2 711.00 2 750.00){0.00 0.00 0.00 0.00 298.40 0}{298.40 0.00 0.00 0.00 596.80 0}{596.80 711.00 730.28 750.00 895.20 123}{895.20 0.00 0.00 0.00 1193.60 0}{1193.60 0.00 0.00 0.00 1492.00 0}
COMM 4b-0: 46cf40_46d175_46d219_46d295 (1 423.00 2 423.00 2 423.00){0.00 0.00 0.00 0.00 169.20 0}{169.20 0.00 0.00 0.00 338.40 0}{338.40 423.00 423.00 423.00 507.60 1}{507.60 0.00 0.00 0.00 676.80 0}{676.80 0.00 0.00 0.00 846.00 0}
COMM 4b-1: 48217a_4824fa_482633_482727 (123 6.71 2 2.00 2 421.00){0.00 2.00 3.07 5.00 8.00 121}{8.00 0.00 0.00 0.00 16.00 0}{16.00 20.00 20.00 20.00 32.00 1}{32.00 0.00 0.00 0.00 40.00 0}{40.00 421.00 421.00 421.00 802.00 1}
LOOP0: iter: ( 124 )[ 1 -1 2 1 0 ] mem: ( 2 )[ 1 -1 2 1 0 ]
10 2 
12 155 
14 16 
1b 0 
2b 2 2 2 2 2 2 2 2 2 2 2 2 2 2 2 2 2 2 2 2 2 2 2 2 2 2 2 2 2 2 2 2 2 2 2 2 2 2 2 2 2 2 2 2 2 2 2 2 2 2 2 2 2 2 2 2 2 2 2 2 2 2 1 1 1 1 1 1 1 1 1 1 1 1 1 1 1 1 1 1 1 1 1 1 1 1 1 1 1 1 1 1 1 1 1 1 1 1 1 1 1 1 1 1 1 1 1 1 1 1 1 1 1 1 1 1 1 1 1 1 1 1 1 1 

RANKS: 1 -1 0 2 2
EVENT25: 1113 48217a_4824fa_482633_482727
COMP 4c-0: 46cf40_46d175_46d219_46d295 (1 3980.00 0 3980.00 0 3980.00){0.00 0.00 0.00 0.00 1592.00 0}{1592.00 0.00 0.00 0.00 3184.00 0}{3184.00 3980.00 3980.00 3980.00 4776.00 1}{4776.00 0.00 0.00 0.00 6368.00 0}{6368.00 0.00 0.00 0.00 7960.00 0}
COMP 4c-1: 47d6b9_47da7e_47dbe8_47dd07 (124 660.50 2 655.00 2 666.00){0.00 0.00 0.00 0.00 266.00 0}{266.00 0.00 0.00 0.00 532.00 0}{532.00 655.00 660.46 666.00 798.00 124}{798.00 0.00 0.00 0.00 1064.00 0}{1064.00 0.00 0.00 0.00 1330.00 0}
COMP 4c-2: 48217a_4824fa_482633_482727 (30627 702.48 0 15.00 0 1399.00){0.00 0.00 0.00 0.00 6.00 0}{6.00 0.00 0.00 0.00 12.00 0}{12.00 15.00 17.40 18.00 24.00 15438}{24.00 0.00 0.00 0.00 30.00 0}{30.00 1397.00 1398.85 1399.00 2766.00 15189}
COMP 4c-3: 48b0d5_48b359_48b42d_48b4e6 (248 45997.45 0 45984.00 0 46002.00){0.00 0.00 0.00 0.00 18393.60 0}{18393.60 0.00 0.00 0.00 36787.20 0}{36787.20 45984.00 45997.51 46002.00 55180.80 248}{55180.80 0.00 0.00 0.00 73574.40 0}{73574.40 0.00 0.00 0.00 91968.00 0}
COMM 4b-0: 46cf40_46d175_46d219_46d295 (1 6.00 0 6.00 0 6.00){0.00 0.00 0.00 0.00 2.40 0}{2.40 0.00 0.00 0.00 4.80 0}{4.80 6.00 6.00 6.00 7.20 1}{7.20 0.00 0.00 0.00 9.60 0}{9.60 0.00 0.00 0.00 12.00 0}
COMM 4b-1: 47d6b9_47da7e_47dbe8_47dd07 (124 2.78 2 2.00 2 12.00){0.00 2.00 2.00 2.00 2.00 48}{2.00 3.00 3.01 4.00 4.00 73}{4.00 5.00 5.00 5.00 8.00 1}{8.00 10.00 10.00 10.00 10.00 1}{10.00 12.00 12.00 12.00 14.00 1}
COMM 4b-2: 48217a_4824fa_482633_482727 (30627 2.35 0 1.00 0 36.00){0.00 0.00 0.00 0.00 0.80 0}{0.80 1.00 1.00 1.00 1.60 3872}{1.60 2.00 2.29 4.00 4.00 26246}{4.00 9.00 15.69 23.00 26.00 506}{26.00 30.00 32.33 36.00 46.00 3}
COMM 4b-3: 48b0d5_48b359_48b42d_48b4e6 (248 8.43 0 7.00 0 10.00){0.00 0.00 0.00 0.00 3.60 0}{3.60 7.00 7.00 7.00 7.20 6}{7.20 8.00 8.47 10.00 10.80 242}{10.80 0.00 0.00 0.00 14.40 0}{14.40 0.00 0.00 0.00 18.00 0}
LOOP0: iter: ( 249 )[ 1 -1 0 1 0 ] mem: ( 5 )[ 1 -1 0 1 0 ]
LOOP1: iter: ( 124 )[ 1 -1 0 1 0 ] mem: ( 1 )[ 1 -1 0 1 0 ]
10 2 
12 155 
14 16 
1a ( 1 2 )[ 1 -1 0 1 0 ]
1a ( 1 1 1 1 1 1 1 1 1 1 1 1 1 1 1 1 1 1 1 1 1 1 1 1 1 1 1 1 1 1 1 1 1 1 1 1 1 1 1 1 1 1 1 1 1 1 1 1 1 1 1 1 1 1 1 1 1 1 1 1 1 1 2 2 2 2 2 2 2 2 2 2 2 2 2 2 2 2 2 2 2 2 2 2 2 2 2 2 2 2 2 2 2 2 2 2 2 2 2 2 2 2 2 2 2 2 2 2 2 2 2 2 2 2 2 2 2 2 2 2 2 2 2 2 )[ 1 -1 2 1 0 ]
1b 0 

RANKS: 2 -1 0 2 1 -1 3 1 0
EVENT26: 1102 47d6b9_47da7e_47dbe8_47dd07
COMP 4c-0: 46cf40_46d175_46d219_46d295 (2 3326.00 1 3326.00 1 3326.00){0.00 0.00 0.00 0.00 1330.40 0}{1330.40 0.00 0.00 0.00 2660.80 0}{2660.80 3326.00 3326.00 3326.00 3991.20 2}{3991.20 0.00 0.00 0.00 5321.60 0}{5321.60 0.00 0.00 0.00 6652.00 0}
COMP 4c-1: 47d6b9_47da7e_47dbe8_47dd07 (61254 690.47 0 15.00 3 1399.00){0.00 0.00 0.00 0.00 6.00 0}{6.00 0.00 0.00 0.00 12.00 0}{12.00 15.00 17.53 18.00 24.00 30876}{24.00 0.00 0.00 0.00 30.00 0}{30.00 1349.00 1374.46 1399.00 2668.00 30378}
COMP 4c-2: 48217a_4824fa_482633_482727 (31124 1085.24 0 709.00 3 45299.00){0.00 0.00 0.00 0.00 284.00 0}{284.00 0.00 0.00 0.00 568.00 0}{568.00 709.00 730.14 750.00 1136.00 30876}{1136.00 0.00 0.00 0.00 1420.00 0}{1420.00 45283.00 45297.28 45299.00 89178.00 248}
COMP 4c-3: 48b0d5_48b359_48b42d_48b4e6 (248 45344.02 1 45330.00 1 45345.00){0.00 0.00 0.00 0.00 18132.00 0}{18132.00 0.00 0.00 0.00 36264.00 0}{36264.00 45330.00 45344.08 45345.00 54396.00 248}{54396.00 0.00 0.00 0.00 72528.00 0}{72528.00 0.00 0.00 0.00 90660.00 0}
COMM 4b-0: 46cf40_46d175_46d219_46d295 (2 466.00 1 369.00 3 660.00){0.00 0.00 0.00 0.00 147.60 0}{147.60 0.00 0.00 0.00 295.20 0}{295.20 369.00 369.00 369.00 442.80 1}{442.80 0.00 0.00 0.00 590.40 0}{590.40 660.00 660.00 660.00 738.00 1}
COMM 4b-1: 47d6b9_47da7e_47dbe8_47dd07 (61254 7.79 0 1.00 0 1640.00){0.00 1.00 2.01 4.00 4.00 28480}{4.00 4.35 12.28 24.00 24.00 31992}{24.00 24.67 28.42 36.00 36.00 692}{36.00 37.00 46.52 66.00 76.00 79}{76.00 94.00 375.09 1640.00 3204.00 11}
COMM 4b-2: 48217a_4824fa_482633_482727 (31124 29.35 1 1.00 0 1918.00){0.00 1.00 3.29 13.00 539.60 30330}{539.60 716.82 716.82 716.82 1079.20 536}{1079.20 1080.00 1394.87 1615.00 1618.80 24}{1618.80 1623.00 1685.51 1918.00 2158.40 234}{2158.40 0.00 0.00 0.00 2698.00 0}
COMM 4b-3: 48b0d5_48b359_48b42d_48b4e6 (248 304.43 1 235.00 1 490.00){0.00 0.00 0.00 0.00 110.80 0}{110.80 0.00 0.00 0.00 221.60 0}{221.60 235.00 292.04 332.00 332.40 221}{332.40 333.00 348.57 370.00 443.20 14}{443.20 451.00 469.54 490.00 554.00 13}
LOOP0: iter: ( 124 )[ 1 -1 0 1 0 ]( 249 )[ 1 -1 1 2 2 ] mem: ( 1 )[ 1 -1 0 1 0 ]( 7 )[ 1 -1 1 1 0 ]( 5 )[ 1 -1 3 1 0 ]
LOOP1: iter: ( 124 )[ 1 -1 1 2 2 ] mem: ( 2 )[ 1 -1 1 1 0 ]( 1 )[ 1 -1 3 1 0 ]
10 2 
12 155 
14 16 
1b 0 
2b ( 1 2 )[ 1 -1 0 1 0 ]
2b ( 3 3 3 3 3 3 3 3 3 3 3 3 3 3 3 3 3 3 3 3 3 3 3 3 3 3 3 3 3 3 3 3 3 3 3 3 3 3 3 3 3 3 3 3 3 3 3 3 3 3 3 3 3 3 3 3 3 3 3 3 3 3 2 2 2 2 2 2 2 2 2 2 2 2 2 2 2 2 2 2 2 2 2 2 2 2 2 2 2 2 2 2 2 2 2 2 2 2 2 2 2 2 2 2 2 2 2 2 2 2 2 2 2 2 2 2 2 2 2 2 2 2 2 2 )[ 1 -1 1 1 0 ]
2b ( 3 2 )[ 1 -1 3 1 0 ]

RANKS: 1 -1 0 4 1
EVENT27: 1113 48217a_4824fa_482633_482727
COMP 4c-0: 47d6b9_47da7e_47dbe8_47dd07 (31374 716.95 1 655.00 0 6447.00){0.00 655.00 670.93 2000.00 2578.40 31125}{2578.40 0.00 0.00 0.00 5156.80 0}{5156.80 6446.00 6446.02 6447.00 7735.20 249}{7735.20 0.00 0.00 0.00 10313.60 0}{10313.60 0.00 0.00 0.00 12892.00 0}
COMP 4c-1: 48217a_4824fa_482633_482727 (30628 678.32 3 15.00 2 5807.00){0.00 0.00 0.00 0.00 6.00 0}{6.00 0.00 0.00 0.00 12.00 0}{12.00 15.00 17.18 18.00 30.00 15438}{30.00 1349.00 1349.99 1351.00 2668.00 15189}{2668.00 5807.00 5807.00 5807.00 8946.00 1}
COMP 4c-2: 48b0d5_48b359_48b42d_48b4e6 (249 21485.04 0 21485.00 0 21486.00){0.00 0.00 0.00 0.00 8594.00 0}{8594.00 0.00 0.00 0.00 17188.00 0}{17188.00 21485.00 21485.04 21486.00 25782.00 249}{25782.00 0.00 0.00 0.00 34376.00 0}{34376.00 0.00 0.00 0.00 42970.00 0}
COMM 4b-0: 47d6b9_47da7e_47dbe8_47dd07 (31374 3.75 1 2.00 0 134.00){0.00 2.00 2.89 18.00 43.60 31125}{43.60 0.00 0.00 0.00 87.20 0}{87.20 108.00 109.65 126.00 130.80 248}{130.80 134.00 134.00 134.00 174.40 1}{174.40 0.00 0.00 0.00 218.00 0}
COMM 4b-1: 48217a_4824fa_482633_482727 (30628 2.24 3 1.00 2 112.00){0.00 1.00 1.79 2.00 2.40 23284}{2.40 3.00 3.00 4.00 4.00 6833}{4.00 9.00 12.52 18.00 22.00 509}{22.00 27.00 27.00 27.00 32.00 1}{32.00 112.00 112.00 112.00 192.00 1}
COMM 4b-2: 48b0d5_48b359_48b42d_48b4e6 (249 108.87 0 106.00 0 303.00){0.00 0.00 0.00 0.00 43.20 0}{43.20 0.00 0.00 0.00 86.40 0}{86.40 106.00 108.09 120.00 172.80 248}{172.80 0.00 0.00 0.00 216.00 0}{216.00 303.00 303.00 303.00 390.00 1}
LOOP0: iter: ( 2 )[ 1 -1 0 1 0 ]( 124 )[ 1 -1 3 1 0 ] mem: ( 3 )[ 1 -1 0 1 0 ]( 1 )[ 1 -1 3 1 0 ]
10 2 
12 ( 20480 )[ 1 -1 0 2 2 ]
12 ( 155 )[ 1 -1 1 2 2 ]
14 16 
1a ( 1 2 )[ 1 -1 0 1 0 ]
1a ( 2 2 2 2 2 2 2 2 2 2 2 2 2 2 2 2 2 2 2 2 2 2 2 2 2 2 2 2 2 2 2 2 2 2 2 2 2 2 2 2 2 2 2 2 2 2 2 2 2 2 2 2 2 2 2 2 2 2 2 2 2 2 3 3 3 3 3 3 3 3 3 3 3 3 3 3 3 3 3 3 3 3 3 3 3 3 3 3 3 3 3 3 3 3 3 3 3 3 3 3 3 3 3 3 3 3 3 3 3 3 3 3 3 3 3 3 3 3 3 3 3 3 3 3 )[ 1 -1 1 1 0 ]
1a ( 3 2 )[ 1 -1 3 1 0 ]
1a ( 1 )[ 1 -1 2 1 0 ]
1b 0 

RANKS: 1 -1 0 4 1
EVENT28: 1090 47a046_47a41b_47a586_47a6a7
COMP 4c-0: 48217a_4824fa_482633_482727 (1493 5481.63 0 14.00 3 21369.00){0.00 0.00 0.00 0.00 5.60 0}{5.60 0.00 0.00 0.00 11.20 0}{11.20 14.00 18.73 27.00 28.00 746}{28.00 5731.00 5732.32 5733.00 11434.00 498}{11434.00 21369.00 21369.00 21369.00 31304.00 249}
COMP 4c-1: 48b0d5_48b359_48b42d_48b4e6 (248 21413.00 2 21413.00 2 21413.00){0.00 0.00 0.00 0.00 8565.20 0}{8565.20 0.00 0.00 0.00 17130.40 0}{17130.40 21413.00 21413.00 21413.00 25695.60 248}{25695.60 0.00 0.00 0.00 34260.80 0}{34260.80 0.00 0.00 0.00 42826.00 0}
COMM 4b-0: 48217a_4824fa_482633_482727 (1493 2.32 0 1.00 1 4.00){0.00 0.00 0.00 0.00 0.80 0}{0.80 1.00 1.00 1.00 1.60 45}{1.60 2.00 2.00 2.00 2.40 928}{2.40 3.00 3.00 3.00 3.20 517}{3.20 4.00 4.00 4.00 4.00 3}
COMM 4b-1: 48b0d5_48b359_48b42d_48b4e6 (248 2.13 2 1.00 2 3.00){0.00 0.00 0.00 0.00 0.80 0}{0.80 1.00 1.00 1.00 1.60 6}{1.60 2.00 2.00 2.00 2.40 203}{2.40 3.00 3.00 3.00 3.20 39}{3.20 0.00 0.00 0.00 4.00 0}
LOOP0: iter: ( 2 )[ 1 -1 3 1 0 ]( 248 )[ 1 -1 2 1 0 ] mem: ( 3 )[ 1 -1 3 1 0 ]( 5 )[ 1 -1 2 1 0 ]
LOOP1: iter: ( 2 )[ 1 -1 2 1 0 ] mem: ( 2 )[ 1 -1 2 1 0 ]
10 2 
12 20480 
14 16 
1b 0 
2b 2147483647 

RANKS: 1 -1 0 4 1
EVENT29: 1148 48b0d5_48b359_48b42d_48b4e6
COMP 4c-0: 47a046_47a41b_47a586_47a6a7 (1741 14.87 0 14.00 0 15.00){0.00 0.00 0.00 0.00 6.00 0}{6.00 0.00 0.00 0.00 12.00 0}{12.00 14.00 14.87 15.00 18.00 1741}{18.00 0.00 0.00 0.00 24.00 0}{24.00 0.00 0.00 0.00 30.00 0}
COMM 4b-0: 47a046_47a41b_47a586_47a6a7 (1741 349.73 2 95.00 3 2106.00){0.00 0.00 0.00 0.00 53.60 0}{53.60 95.00 150.37 246.00 268.00 1240}{268.00 278.00 322.83 346.33 378.00 6}{378.00 539.00 655.69 1007.95 1024.00 247}{1024.00 1039.02 1043.32 2106.00 3188.00 248}
1c 9999 

RANKS: 1 -1 2 1 0
EVENT30: 1113 48217a_4824fa_482633_482727
COMP 4c-0: 47d6b9_47da7e_47dbe8_47dd07 (30504 663.98 2 658.00 2 669.00){0.00 0.00 0.00 0.00 266.00 0}{266.00 0.00 0.00 0.00 532.00 0}{532.00 658.00 663.98 669.00 798.00 30504}{798.00 0.00 0.00 0.00 1064.00 0}{1064.00 0.00 0.00 0.00 1330.00 0}
COMP 4c-1: 48b0d5_48b359_48b42d_48b4e6 (248 157.90 2 157.00 2 158.00){0.00 0.00 0.00 0.00 62.80 0}{62.80 0.00 0.00 0.00 125.60 0}{125.60 157.00 157.90 158.00 188.40 248}{188.40 0.00 0.00 0.00 251.20 0}{251.20 0.00 0.00 0.00 314.00 0}
COMM 4b-0: 47d6b9_47da7e_47dbe8_47dd07 (30504 2.79 2 2.00 2 17.00){0.00 2.00 2.61 4.00 5.60 29743}{5.60 6.00 7.23 8.00 8.40 248}{8.40 9.00 9.79 11.00 11.20 267}{11.20 12.00 12.46 13.00 14.00 245}{14.00 17.00 17.00 17.00 20.00 1}
COMM 4b-1: 48b0d5_48b359_48b42d_48b4e6 (248 101.46 2 100.00 2 110.00){0.00 0.00 0.00 0.00 40.40 0}{40.40 0.00 0.00 0.00 80.80 0}{80.80 100.00 101.46 110.00 121.20 248}{121.20 0.00 0.00 0.00 161.60 0}{161.60 0.00 0.00 0.00 202.00 0}
LOOP0: iter: ( 124 )[ 1 -1 2 1 0 ] mem: ( 2 )[ 1 -1 2 1 0 ]
10 2 
12 20480 155 155 155 155 155 155 155 155 155 155 155 155 155 155 155 155 155 155 155 155 155 155 155 155 155 155 155 155 155 155 155 155 155 155 155 155 155 155 155 155 155 155 155 155 155 155 155 155 155 155 155 155 155 155 155 155 155 155 155 155 155 155 155 155 155 155 155 155 155 155 155 155 155 155 155 155 155 155 155 155 155 155 155 155 155 155 155 155 155 155 155 155 155 155 155 155 155 155 155 155 155 155 155 155 155 155 155 155 155 155 155 155 155 155 155 155 155 155 155 155 155 155 155 
14 16 
1a 2 1 1 1 1 1 1 1 1 1 1 1 1 1 1 1 1 1 1 1 1 1 1 1 1 1 1 1 1 1 1 1 1 1 1 1 1 1 1 1 1 1 1 1 1 1 1 1 1 1 1 1 1 1 1 1 1 1 1 1 1 1 1 2 2 2 2 2 2 2 2 2 2 2 2 2 2 2 2 2 2 2 2 2 2 2 2 2 2 2 2 2 2 2 2 2 2 2 2 2 2 2 2 2 2 2 2 2 2 2 2 2 2 2 2 2 2 2 2 2 2 2 2 2 
1b 0 

RANKS: 1 -1 2 1 0
EVENT31: 1102 47d6b9_47da7e_47dbe8_47dd07
COMP 4c-0: 48217a_4824fa_482633_482727 (30752 1087.50 2 707.00 2 45280.00){0.00 707.00 726.76 747.00 18112.00 30504}{18112.00 0.00 0.00 0.00 36224.00 0}{36224.00 45279.00 45279.91 45280.00 54336.00 248}{54336.00 0.00 0.00 0.00 72448.00 0}{72448.00 0.00 0.00 0.00 90560.00 0}
COMM 4b-0: 48217a_4824fa_482633_482727 (30752 10.24 2 1.00 2 1032.00){0.00 1.00 3.10 110.00 127.20 30255}{127.20 204.00 211.75 221.00 254.40 4}{254.40 265.00 311.57 348.00 381.60 7}{381.60 402.00 446.73 634.00 636.00 485}{636.00 1032.00 1032.00 1032.00 1428.00 1}
10 2 
12 155 
14 16 
1b 0 
2b 2 2 2 2 2 2 2 2 2 2 2 2 2 2 2 2 2 2 2 2 2 2 2 2 2 2 2 2 2 2 2 2 2 2 2 2 2 2 2 2 2 2 2 2 2 2 2 2 2 2 2 2 2 2 2 2 2 2 2 2 2 2 1 1 1 1 1 1 1 1 1 1 1 1 1 1 1 1 1 1 1 1 1 1 1 1 1 1 1 1 1 1 1 1 1 1 1 1 1 1 1 1 1 1 1 1 1 1 1 1 1 1 1 1 1 1 1 1 1 1 1 1 1 1 

RANKS: 1 -1 0 4 1
EVENT32: 1113 48217a_4824fa_482633_482727
COMP 4c-0: 47d6b9_47da7e_47dbe8_47dd07 (248 659.00 2 659.00 2 660.00){0.00 0.00 0.00 0.00 263.60 0}{263.60 0.00 0.00 0.00 527.20 0}{527.20 659.00 659.00 660.00 790.80 248}{790.80 0.00 0.00 0.00 1054.40 0}{1054.40 0.00 0.00 0.00 1318.00 0}
COMP 4c-1: 48217a_4824fa_482633_482727 (620 11054.20 0 15.00 1 21442.00){0.00 0.00 0.00 0.00 6.00 0}{6.00 0.00 0.00 0.00 12.00 0}{12.00 15.00 17.15 18.00 30.00 62}{30.00 1398.00 1398.98 1399.00 2766.00 61}{2766.00 5804.00 13638.31 21442.00 40116.00 497}
COMP 4c-2: 48b0d5_48b359_48b42d_48b4e6 (748 277.62 1 155.00 0 46003.00){0.00 155.00 155.19 156.00 18401.20 747}{18401.20 0.00 0.00 0.00 36802.40 0}{36802.40 46003.00 46003.00 46003.00 55203.60 1}{55203.60 0.00 0.00 0.00 73604.80 0}{73604.80 0.00 0.00 0.00 92006.00 0}
COMM 4b-0: 47d6b9_47da7e_47dbe8_47dd07 (248 2.58 2 2.00 2 3.00){0.00 0.00 0.00 0.00 0.80 0}{0.80 0.00 0.00 0.00 1.60 0}{1.60 2.00 2.00 2.00 2.40 103}{2.40 3.00 3.00 3.00 3.20 145}{3.20 0.00 0.00 0.00 4.00 0}
COMM 4b-1: 48217a_4824fa_482633_482727 (620 89.66 0 1.00 1 299.00){0.00 1.00 1.87 2.00 2.40 90}{2.40 3.00 3.00 3.00 4.00 31}{4.00 10.00 16.00 22.00 40.00 2}{40.00 108.00 111.06 162.00 176.00 496}{176.00 299.00 299.00 299.00 422.00 1}
COMM 4b-2: 48b0d5_48b359_48b42d_48b4e6 (748 135.87 0 10.00 3 237.00){0.00 10.00 10.00 10.00 20.00 1}{20.00 101.00 102.72 120.00 182.00 500}{182.00 183.00 183.00 183.00 184.00 1}{184.00 201.51 203.94 211.54 226.00 245}{226.00 237.00 237.00 237.00 248.00 1}
LOOP0: iter: ( 124 )[ 1 -1 0 1 0 ]( 2 )[ 1 -1 1 2 1 ] mem: ( 1 )[ 1 -1 0 3 1 ]
10 2 
12 ( 155 )[ 1 -1 0 1 0 ]
12 ( 20480 )[ 1 -1 1 2 2 ]
12 ( 155 20480 )[ 1 -1 2 1 0 ]
14 16 
1a ( 1 2 )[ 1 -1 0 1 0 ]
1a ( 3 2 )[ 1 -1 1 2 2 ]
1a ( 2 1 )[ 1 -1 2 1 0 ]
1b 0 

RANKS: 1 -1 1 2 1
EVENT33: 1090 47a046_47a41b_47a586_47a6a7
COMP 4c-0: 48217a_4824fa_482633_482727 (250 16.04 1 16.00 2 27.00){0.00 0.00 0.00 0.00 6.40 0}{6.40 0.00 0.00 0.00 12.80 0}{12.80 16.00 16.00 16.00 19.20 249}{19.20 0.00 0.00 0.00 25.60 0}{25.60 27.00 27.00 27.00 32.00 1}
COMP 4c-1: 48b0d5_48b359_48b42d_48b4e6 (1 21413.00 2 21413.00 2 21413.00){0.00 0.00 0.00 0.00 8565.20 0}{8565.20 0.00 0.00 0.00 17130.40 0}{17130.40 21413.00 21413.00 21413.00 25695.60 1}{25695.60 0.00 0.00 0.00 34260.80 0}{34260.80 0.00 0.00 0.00 42826.00 0}
COMM 4b-0: 48217a_4824fa_482633_482727 (250 2.22 1 1.00 1 12.00){0.00 0.00 0.00 0.00 0.80 0}{0.80 1.00 1.00 1.00 1.60 3}{1.60 2.00 2.00 2.00 2.40 197}{2.40 3.00 3.00 3.00 4.00 49}{4.00 12.00 12.00 12.00 20.00 1}
COMM 4b-1: 48b0d5_48b359_48b42d_48b4e6 (1 3.00 2 3.00 2 3.00){0.00 0.00 0.00 0.00 1.20 0}{1.20 0.00 0.00 0.00 2.40 0}{2.40 3.00 3.00 3.00 3.60 1}{3.60 0.00 0.00 0.00 4.80 0}{4.80 0.00 0.00 0.00 6.00 0}
LOOP0: iter: ( 2 )[ 1 -1 2 1 0 ] mem: ( 2 )[ 1 -1 2 1 0 ]
10 2 
12 20480 
14 16 
1b 0 
2b 2147483647 

RANKS: 1 -1 1 2 1
EVENT34: 1148 48b0d5_48b359_48b42d_48b4e6
COMP 4c-0: 47a046_47a41b_47a586_47a6a7 (251 14.98 1 14.00 1 15.00){0.00 0.00 0.00 0.00 6.00 0}{6.00 0.00 0.00 0.00 12.00 0}{12.00 14.00 14.98 15.00 18.00 251}{18.00 0.00 0.00 0.00 24.00 0}{24.00 0.00 0.00 0.00 30.00 0}
COMM 4b-0: 47a046_47a41b_47a586_47a6a7 (251 99.08 1 95.00 2 147.00){0.00 0.00 0.00 0.00 38.40 0}{38.40 0.00 0.00 0.00 76.80 0}{76.80 95.00 98.73 113.00 115.20 249}{115.20 141.00 144.00 147.00 153.60 2}{153.60 0.00 0.00 0.00 192.00 0}
1c 9999 

RANKS: 1 -1 2 1 0
EVENT35: 1113 48217a_4824fa_482633_482727
COMP 4c-0: 47d6b9_47da7e_47dbe8_47dd07 (123 664.01 2 659.00 2 669.00){0.00 0.00 0.00 0.00 266.00 0}{266.00 0.00 0.00 0.00 532.00 0}{532.00 659.00 664.00 669.00 798.00 123}{798.00 0.00 0.00 0.00 1064.00 0}{1064.00 0.00 0.00 0.00 1330.00 0}
COMP 4c-1: 48b0d5_48b359_48b42d_48b4e6 (1 158.00 2 158.00 2 158.00){0.00 0.00 0.00 0.00 63.20 0}{63.20 0.00 0.00 0.00 126.40 0}{126.40 158.00 158.00 158.00 189.60 1}{189.60 0.00 0.00 0.00 252.80 0}{252.80 0.00 0.00 0.00 316.00 0}
COMM 4b-0: 47d6b9_47da7e_47dbe8_47dd07 (123 2.93 2 2.00 2 13.00){0.00 2.00 2.00 2.00 2.80 34}{2.80 3.00 3.00 3.00 5.60 86}{5.60 7.00 7.00 7.00 8.40 1}{8.40 10.00 10.00 10.00 11.20 1}{11.20 13.00 13.00 13.00 14.00 1}
COMM 4b-1: 48b0d5_48b359_48b42d_48b4e6 (1 101.00 2 101.00 2 101.00){0.00 0.00 0.00 0.00 40.40 0}{40.40 0.00 0.00 0.00 80.80 0}{80.80 101.00 101.00 101.00 121.20 1}{121.20 0.00 0.00 0.00 161.60 0}{161.60 0.00 0.00 0.00 202.00 0}
LOOP0: iter: ( 124 )[ 1 -1 2 1 0 ] mem: ( 2 )[ 1 -1 2 1 0 ]
10 2 
12 20480 155 155 155 155 155 155 155 155 155 155 155 155 155 155 155 155 155 155 155 155 155 155 155 155 155 155 155 155 155 155 155 155 155 155 155 155 155 155 155 155 155 155 155 155 155 155 155 155 155 155 155 155 155 155 155 155 155 155 155 155 155 155 155 155 155 155 155 155 155 155 155 155 155 155 155 155 155 155 155 155 155 155 155 155 155 155 155 155 155 155 155 155 155 155 155 155 155 155 155 155 155 155 155 155 155 155 155 155 155 155 155 155 155 155 155 155 155 155 155 155 155 155 155 
14 16 
1a 2 1 1 1 1 1 1 1 1 1 1 1 1 1 1 1 1 1 1 1 1 1 1 1 1 1 1 1 1 1 1 1 1 1 1 1 1 1 1 1 1 1 1 1 1 1 1 1 1 1 1 1 1 1 1 1 1 1 1 1 1 1 1 2 2 2 2 2 2 2 2 2 2 2 2 2 2 2 2 2 2 2 2 2 2 2 2 2 2 2 2 2 2 2 2 2 2 2 2 2 2 2 2 2 2 2 2 2 2 2 2 2 2 2 2 2 2 2 2 2 2 2 2 2 
1b 0 

RANKS: 1 -1 0 4 1
EVENT36: 1102 47d6b9_47da7e_47dbe8_47dd07
COMP 4c-0: 47d6b9_47da7e_47dbe8_47dd07 (246 687.72 0 15.00 3 1399.00){0.00 0.00 0.00 0.00 6.00 0}{6.00 0.00 0.00 0.00 12.00 0}{12.00 15.00 17.47 18.00 24.00 124}{24.00 0.00 0.00 0.00 30.00 0}{30.00 1349.00 1374.48 1399.00 2668.00 122}
COMP 4c-1: 48217a_4824fa_482633_482727 (249 1084.77 2 707.00 3 45299.00){0.00 0.00 0.00 0.00 284.00 0}{284.00 0.00 0.00 0.00 568.00 0}{568.00 707.00 728.36 750.00 1136.00 247}{1136.00 0.00 0.00 0.00 1420.00 0}{1420.00 45279.00 45289.00 45299.00 89178.00 2}
COMP 4c-2: 48b0d5_48b359_48b42d_48b4e6 (1 45345.00 1 45345.00 1 45345.00){0.00 0.00 0.00 0.00 18138.00 0}{18138.00 0.00 0.00 0.00 36276.00 0}{36276.00 45345.00 45345.00 45345.00 54414.00 1}{54414.00 0.00 0.00 0.00 72552.00 0}{72552.00 0.00 0.00 0.00 90690.00 0}
COMM 4b-0: 47d6b9_47da7e_47dbe8_47dd07 (246 8.47 0 1.00 3 191.00){0.00 1.00 2.20 4.00 4.00 125}{4.00 5.00 12.09 16.00 16.00 102}{16.00 17.00 20.19 26.00 26.00 16}{26.00 27.00 27.00 27.00 28.00 1}{28.00 42.00 116.50 191.00 354.00 2}
COMM 4b-1: 48217a_4824fa_482633_482727 (249 27.48 2 1.00 0 1653.00){0.00 1.00 10.21 525.00 661.20 247}{661.20 1041.00 1041.00 1041.00 1322.40 1}{1322.40 1653.00 1653.00 1653.00 1983.60 1}{1983.60 0.00 0.00 0.00 2644.80 0}{2644.80 0.00 0.00 0.00 3306.00 0}
COMM 4b-2: 48b0d5_48b359_48b42d_48b4e6 (1 458.00 1 458.00 1 458.00){0.00 0.00 0.00 0.00 183.20 0}{183.20 0.00 0.00 0.00 366.40 0}{366.40 458.00 458.00 458.00 549.60 1}{549.60 0.00 0.00 0.00 732.80 0}{732.80 0.00 0.00 0.00 916.00 0}
LOOP0: iter: ( 124 )[ 2 -1 0 2 1 -1 3 1 0 ] mem: ( 1 )[ 1 -1 0 2 3 ]( 2 )[ 1 -1 1 1 0 ]
10 2 
12 155 
14 16 
1b 0 
2b ( 1 2 )[ 1 -1 0 1 0 ]
2b ( 3 3 3 3 3 3 3 3 3 3 3 3 3 3 3 3 3 3 3 3 3 3 3 3 3 3 3 3 3 3 3 3 3 3 3 3 3 3 3 3 3 3 3 3 3 3 3 3 3 3 3 3 3 3 3 3 3 3 3 3 3 3 2 2 2 2 2 2 2 2 2 2 2 2 2 2 2 2 2 2 2 2 2 2 2 2 2 2 2 2 2 2 2 2 2 2 2 2 2 2 2 2 2 2 2 2 2 2 2 2 2 2 2 2 2 2 2 2 2 2 2 2 2 2 )[ 1 -1 1 1 0 ]
2b ( 3 2 )[ 1 -1 3 1 0 ]
2b ( 2 2 2 2 2 2 2 2 2 2 2 2 2 2 2 2 2 2 2 2 2 2 2 2 2 2 2 2 2 2 2 2 2 2 2 2 2 2 2 2 2 2 2 2 2 2 2 2 2 2 2 2 2 2 2 2 2 2 2 2 2 2 1 1 1 1 1 1 1 1 1 1 1 1 1 1 1 1 1 1 1 1 1 1 1 1 1 1 1 1 1 1 1 1 1 1 1 1 1 1 1 1 1 1 1 1 1 1 1 1 1 1 1 1 1 1 1 1 1 1 1 1 1 1 )[ 1 -1 2 1 0 ]

RANKS: 1 -1 1 3 1
EVENT37: 1113 48217a_4824fa_482633_482727
COMP 4c-0: 47d6b9_47da7e_47dbe8_47dd07 (126 670.96 1 655.00 3 2000.00){0.00 0.00 0.00 0.00 266.00 0}{266.00 0.00 0.00 0.00 532.00 0}{532.00 655.00 660.38 665.00 1064.00 125}{1064.00 0.00 0.00 0.00 1330.00 0}{1330.00 2000.00 2000.00 2000.00 2670.00 1}
COMP 4c-1: 48217a_4824fa_482633_482727 (123 672.83 3 15.00 3 1350.00){0.00 0.00 0.00 0.00 6.00 0}{6.00 0.00 0.00 0.00 12.00 0}{12.00 15.00 17.19 18.00 24.00 62}{24.00 0.00 0.00 0.00 30.00 0}{30.00 1350.00 1350.00 1350.00 2670.00 61}
COMM 4b-0: 47d6b9_47da7e_47dbe8_47dd07 (126 2.99 1 2.00 1 11.00){0.00 2.00 2.00 2.00 2.80 28}{2.80 3.00 3.01 4.00 5.60 94}{5.60 6.00 6.50 7.00 8.40 2}{8.40 10.00 10.50 11.00 11.20 2}{11.20 0.00 0.00 0.00 14.00 0}
COMM 4b-1: 48217a_4824fa_482633_482727 (123 2.31 3 1.00 3 15.00){0.00 0.00 0.00 0.00 0.80 0}{0.80 1.00 1.00 1.00 1.60 11}{1.60 2.00 2.00 2.00 2.40 82}{2.40 3.00 3.00 3.00 4.00 28}{4.00 11.00 13.00 15.00 26.00 2}
LOOP0: iter: ( 124 )[ 1 -1 3 1 0 ] mem: ( 1 )[ 1 -1 3 1 0 ]
10 2 
12 155 
14 16 
1a ( 2 2 2 2 2 2 2 2 2 2 2 2 2 2 2 2 2 2 2 2 2 2 2 2 2 2 2 2 2 2 2 2 2 2 2 2 2 2 2 2 2 2 2 2 2 2 2 2 2 2 2 2 2 2 2 2 2 2 2 2 2 2 3 3 3 3 3 3 3 3 3 3 3 3 3 3 3 3 3 3 3 3 3 3 3 3 3 3 3 3 3 3 3 3 3 3 3 3 3 3 3 3 3 3 3 3 3 3 3 3 3 3 3 3 3 3 3 3 3 3 3 3 3 3 )[ 1 -1 1 1 0 ]
1a ( 3 2 )[ 1 -1 3 1 0 ]
1a ( 2 )[ 1 -1 2 1 0 ]
1b 0 

RANKS: 1 -1 0 4 1
EVENT38: 1004 46a5af_46a90f_46aa52_46ab44
COMP 4c-0: 47d6b9_47da7e_47dbe8_47dd07 (1 6115.00 0 6115.00 0 6115.00){0.00 0.00 0.00 0.00 2446.00 0}{2446.00 0.00 0.00 0.00 4892.00 0}{4892.00 6115.00 6115.00 6115.00 7338.00 1}{7338.00 0.00 0.00 0.00 9784.00 0}{9784.00 0.00 0.00 0.00 12230.00 0}
COMP 4c-1: 48217a_4824fa_482633_482727 (3 5474.75 2 5472.00 1 5476.00){0.00 0.00 0.00 0.00 2190.40 0}{2190.40 0.00 0.00 0.00 4380.80 0}{4380.80 5472.00 5474.33 5476.00 6571.20 3}{6571.20 0.00 0.00 0.00 8761.60 0}{8761.60 0.00 0.00 0.00 10952.00 0}
COMM 4b-0: 47d6b9_47da7e_47dbe8_47dd07 (1 11.00 0 11.00 0 11.00){0.00 0.00 0.00 0.00 4.40 0}{4.40 0.00 0.00 0.00 8.80 0}{8.80 11.00 11.00 11.00 13.20 1}{13.20 0.00 0.00 0.00 17.60 0}{17.60 0.00 0.00 0.00 22.00 0}
COMM 4b-1: 48217a_4824fa_482633_482727 (3 596.75 2 213.00 3 1110.00){0.00 0.00 0.00 0.00 212.80 0}{212.80 213.00 213.00 213.00 425.60 1}{425.60 532.00 532.00 532.00 851.20 1}{851.20 0.00 0.00 0.00 1064.00 0}{1064.00 1110.00 1110.00 1110.00 1156.00 1}
10 2 
12 5 
14 16 
18 3 

RANKS: 1 -1 2 1 0
EVENT39: 1113 48217a_4824fa_482633_482727
COMP 4c-0: 46a5af_46a90f_46aa52_46ab44 (1 2926.00 2 2926.00 2 2926.00){0.00 0.00 0.00 0.00 1170.40 0}{1170.40 0.00 0.00 0.00 2340.80 0}{2340.80 2926.00 2926.00 2926.00 3511.20 1}{3511.20 0.00 0.00 0.00 4681.60 0}{4681.60 0.00 0.00 0.00 5852.00 0}
COMM 4b-0: 46a5af_46a90f_46aa52_46ab44 (1 111.00 2 111.00 2 111.00){0.00 0.00 0.00 0.00 44.40 0}{44.40 0.00 0.00 0.00 88.80 0}{88.80 111.00 111.00 111.00 133.20 1}{133.20 0.00 0.00 0.00 177.60 0}{177.60 0.00 0.00 0.00 222.00 0}
10 2 
12 20480 
14 16 
1a 1 
1b 0 

RANKS: 1 -1 1 3 1
EVENT40: 1090 47a046_47a41b_47a586_47a6a7
COMP 4c-0: 46a5af_46a90f_46aa52_46ab44 (2 2852.00 1 2852.00 1 2852.00){0.00 0.00 0.00 0.00 1140.80 0}{1140.80 0.00 0.00 0.00 2281.60 0}{2281.60 2852.00 2852.00 2852.00 3422.40 2}{3422.40 0.00 0.00 0.00 4563.20 0}{4563.20 0.00 0.00 0.00 5704.00 0}
COMP 4c-1: 48217a_4824fa_482633_482727 (2 14251.00 2 15.00 3 21369.00){0.00 15.00 15.00 15.00 8547.60 1}{8547.60 0.00 0.00 0.00 17095.20 0}{17095.20 21369.00 21369.00 21369.00 25642.80 1}{25642.80 0.00 0.00 0.00 34190.40 0}{34190.40 0.00 0.00 0.00 42738.00 0}
COMP 4c-2: 48b0d5_48b359_48b42d_48b4e6 (1 21413.00 2 21413.00 2 21413.00){0.00 0.00 0.00 0.00 8565.20 0}{8565.20 0.00 0.00 0.00 17130.40 0}{17130.40 21413.00 21413.00 21413.00 25695.60 1}{25695.60 0.00 0.00 0.00 34260.80 0}{34260.80 0.00 0.00 0.00 42826.00 0}
COMM 4b-0: 46a5af_46a90f_46aa52_46ab44 (2 2.33 1 2.00 3 3.00){0.00 0.00 0.00 0.00 0.80 0}{0.80 0.00 0.00 0.00 1.60 0}{1.60 2.00 2.00 2.00 2.40 1}{2.40 3.00 3.00 3.00 3.20 1}{3.20 0.00 0.00 0.00 4.00 0}
COMM 4b-1: 48217a_4824fa_482633_482727 (2 2.00 3 2.00 3 2.00){0.00 0.00 0.00 0.00 0.80 0}{0.80 0.00 0.00 0.00 1.60 0}{1.60 2.00 2.00 2.00 2.40 2}{2.40 0.00 0.00 0.00 3.20 0}{3.20 0.00 0.00 0.00 4.00 0}
COMM 4b-2: 48b0d5_48b359_48b42d_48b4e6 (1 2.00 2 2.00 2 2.00){0.00 0.00 0.00 0.00 0.80 0}{0.80 0.00 0.00 0.00 1.60 0}{1.60 2.00 2.00 2.00 2.40 1}{2.40 0.00 0.00 0.00 3.20 0}{3.20 0.00 0.00 0.00 4.00 0}
LOOP0: iter: ( 2 )[ 1 -1 2 2 1 ] mem: ( 3 )[ 1 -1 3 1 0 ]( 2 )[ 1 -1 2 1 0 ]
10 2 
12 20480 
14 16 
1b 0 
2b 2147483647 

RANKS: 1 -1 1 3 1
EVENT41: 1148 48b0d5_48b359_48b42d_48b4e6
COMP 4c-0: 47a046_47a41b_47a586_47a6a7 (5 14.50 1 14.00 3 15.00){0.00 0.00 0.00 0.00 5.60 0}{5.60 0.00 0.00 0.00 11.20 0}{11.20 14.00 14.60 15.00 16.80 5}{16.80 0.00 0.00 0.00 22.40 0}{22.40 0.00 0.00 0.00 28.00 0}
COMM 4b-0: 47a046_47a41b_47a586_47a6a7 (5 109.67 2 100.00 3 120.00){0.00 0.00 0.00 0.00 44.80 0}{44.80 0.00 0.00 0.00 89.60 0}{89.60 100.00 109.20 120.00 134.40 5}{134.40 0.00 0.00 0.00 179.20 0}{179.20 0.00 0.00 0.00 224.00 0}
1c 9999 

RANKS: 1 -1 0 4 1
EVENT42: 1113 48217a_4824fa_482633_482727
COMP 4c-0: 46a5af_46a90f_46aa52_46ab44 (1 2926.00 0 2926.00 0 2926.00){0.00 0.00 0.00 0.00 1170.40 0}{1170.40 0.00 0.00 0.00 2340.80 0}{2340.80 2926.00 2926.00 2926.00 3511.20 1}{3511.20 0.00 0.00 0.00 4681.60 0}{4681.60 0.00 0.00 0.00 5852.00 0}
COMP 4c-1: 48217a_4824fa_482633_482727 (1 21442.00 1 21442.00 1 21442.00){0.00 0.00 0.00 0.00 8576.80 0}{8576.80 0.00 0.00 0.00 17153.60 0}{17153.60 21442.00 21442.00 21442.00 25730.40 1}{25730.40 0.00 0.00 0.00 34307.20 0}{34307.20 0.00 0.00 0.00 42884.00 0}
COMP 4c-2: 48b0d5_48b359_48b42d_48b4e6 (5 7265.33 1 155.00 0 21485.00){0.00 155.00 155.50 157.00 8594.00 4}{8594.00 0.00 0.00 0.00 17188.00 0}{17188.00 21485.00 21485.00 21485.00 25782.00 1}{25782.00 0.00 0.00 0.00 34376.00 0}{34376.00 0.00 0.00 0.00 42970.00 0}
COMM 4b-0: 46a5af_46a90f_46aa52_46ab44 (1 110.00 0 110.00 0 110.00){0.00 0.00 0.00 0.00 44.00 0}{44.00 0.00 0.00 0.00 88.00 0}{88.00 110.00 110.00 110.00 132.00 1}{132.00 0.00 0.00 0.00 176.00 0}{176.00 0.00 0.00 0.00 220.00 0}
COMM 4b-1: 48217a_4824fa_482633_482727 (1 126.00 1 126.00 1 126.00){0.00 0.00 0.00 0.00 50.40 0}{50.40 0.00 0.00 0.00 100.80 0}{100.80 126.00 126.00 126.00 151.20 1}{151.20 0.00 0.00 0.00 201.60 0}{201.60 0.00 0.00 0.00 252.00 0}
COMM 4b-2: 48b0d5_48b359_48b42d_48b4e6 (5 113.33 1 101.00 0 135.00){0.00 0.00 0.00 0.00 54.00 0}{54.00 101.00 102.50 104.00 108.00 4}{108.00 135.00 135.00 135.00 162.00 1}{162.00 0.00 0.00 0.00 216.00 0}{216.00 0.00 0.00 0.00 270.00 0}
LOOP0: iter: ( 2 )[ 1 -1 0 2 1 ] mem: ( 3 )[ 1 -1 0 1 0 ]( 1 )[ 1 -1 1 1 0 ]
10 2 
12 20480 
14 16 
1a ( 1 2 )[ 1 -1 0 1 0 ]
1a ( 3 2 )[ 1 -1 1 2 2 ]
1a ( 2 )[ 1 -1 2 1 0 ]
1b 0 

RANKS: 1 -1 0 2 1
EVENT43: 1090 47a046_47a41b_47a586_47a6a7
COMP 4c-0: 48217a_4824fa_482633_482727 (3 14.75 0 14.00 1 16.00){0.00 0.00 0.00 0.00 5.60 0}{5.60 0.00 0.00 0.00 11.20 0}{11.20 14.00 15.00 16.00 16.80 3}{16.80 0.00 0.00 0.00 22.40 0}{22.40 0.00 0.00 0.00 28.00 0}
COMM 4b-0: 48217a_4824fa_482633_482727 (3 2.00 0 1.00 1 3.00){0.00 0.00 0.00 0.00 0.80 0}{0.80 1.00 1.00 1.00 1.60 1}{1.60 2.00 2.00 2.00 2.40 1}{2.40 3.00 3.00 3.00 3.20 1}{3.20 0.00 0.00 0.00 4.00 0}
10 2 
12 20480 
14 16 
1b 0 
2b 2147483647 

RANKS: 1 -1 0 2 1
EVENT44: 1148 48b0d5_48b359_48b42d_48b4e6
COMP 4c-0: 47a046_47a41b_47a586_47a6a7 (3 14.50 0 14.00 0 15.00){0.00 0.00 0.00 0.00 5.60 0}{5.60 0.00 0.00 0.00 11.20 0}{11.20 14.00 14.67 15.00 16.80 3}{16.80 0.00 0.00 0.00 22.40 0}{22.40 0.00 0.00 0.00 28.00 0}
COMM 4b-0: 47a046_47a41b_47a586_47a6a7 (3 126.75 1 97.00 0 137.00){0.00 0.00 0.00 0.00 54.80 0}{54.80 97.00 97.00 97.00 109.60 1}{109.60 136.00 136.50 137.00 164.40 2}{164.40 0.00 0.00 0.00 219.20 0}{219.20 0.00 0.00 0.00 274.00 0}
1c 9999 

RANKS: 1 -1 0 4 1
EVENT45: 1004 46a5af_46a90f_46aa52_46ab44
COMP 4c-0: 46a5af_46a90f_46aa52_46ab44 (8 10063.00 0 15.00 0 22623.00){0.00 0.00 0.00 0.00 6.00 0}{6.00 0.00 0.00 0.00 12.00 0}{12.00 15.00 15.00 15.00 24.00 4}{24.00 0.00 0.00 0.00 30.00 0}{30.00 22623.00 22623.00 22623.00 45216.00 4}
COMP 4c-1: 48217a_4824fa_482633_482727 (2 44550.67 2 44548.00 3 44552.00){0.00 0.00 0.00 0.00 17820.80 0}{17820.80 0.00 0.00 0.00 35641.60 0}{35641.60 44548.00 44550.00 44552.00 53462.40 2}{53462.40 0.00 0.00 0.00 71283.20 0}{71283.20 0.00 0.00 0.00 89104.00 0}
COMP 4c-2: 48b0d5_48b359_48b42d_48b4e6 (2 44601.67 1 44599.00 0 44603.00){0.00 0.00 0.00 0.00 17841.20 0}{17841.20 0.00 0.00 0.00 35682.40 0}{35682.40 44599.00 44601.00 44603.00 53523.60 2}{53523.60 0.00 0.00 0.00 71364.80 0}{71364.80 0.00 0.00 0.00 89206.00 0}
COMM 4b-0: 46a5af_46a90f_46aa52_46ab44 (8 15.22 2 5.00 3 25.00){0.00 5.00 6.00 7.00 8.00 2}{8.00 9.00 12.67 16.00 16.00 3}{16.00 20.00 21.00 22.00 24.00 2}{24.00 25.00 25.00 25.00 32.00 1}{32.00 0.00 0.00 0.00 40.00 0}
COMM 4b-1: 48217a_4824fa_482633_482727 (2 91.67 2 77.00 3 99.00){0.00 0.00 0.00 0.00 39.60 0}{39.60 77.00 77.00 77.00 79.20 1}{79.20 99.00 99.00 99.00 118.80 1}{118.80 0.00 0.00 0.00 158.40 0}{158.40 0.00 0.00 0.00 198.00 0}
COMM 4b-2: 48b0d5_48b359_48b42d_48b4e6 (2 55.67 0 22.00 1 123.00){0.00 0.00 0.00 0.00 8.80 0}{8.80 0.00 0.00 0.00 17.60 0}{17.60 22.00 22.00 22.00 35.20 1}{35.20 0.00 0.00 0.00 44.00 0}{44.00 123.00 123.00 123.00 202.00 1}
LOOP0: iter: ( 3 )[ 1 -1 0 4 1 ] mem: ( 1 )[ 1 -1 0 4 1 ]
10 2 
12 5 1 5 
14 16 
18 3 1 3 

RANKS: 1 -1 0 2 1
EVENT46: 1090 47a046_47a41b_47a586_47a6a7_45ecb0
COMP 4c-0: 46a5af_46a90f_46aa52_46ab44 (2 64.00 0 64.00 0 64.00){0.00 0.00 0.00 0.00 25.60 0}{25.60 0.00 0.00 0.00 51.20 0}{51.20 64.00 64.00 64.00 76.80 2}{76.80 0.00 0.00 0.00 102.40 0}{102.40 0.00 0.00 0.00 128.00 0}
COMM 4b-0: 46a5af_46a90f_46aa52_46ab44 (2 1.33 0 1.00 1 2.00){0.00 0.00 0.00 0.00 0.40 0}{0.40 0.00 0.00 0.00 0.80 0}{0.80 1.00 1.00 1.00 1.20 1}{1.20 0.00 0.00 0.00 1.60 0}{1.60 2.00 2.00 2.00 2.00 1}
10 2 
12 64 
14 16 
1b 0 
2b 2147483647 

RANKS: 1 -1 0 2 1
EVENT47: 1148 48b0d5_48b359_48b42d_48b4e6_45ecc9
COMP 4c-0: 47a046_47a41b_47a586_47a6a7_45ecb0 (2 16.00 0 16.00 0 16.00){0.00 0.00 0.00 0.00 6.40 0}{6.40 0.00 0.00 0.00 12.80 0}{12.80 16.00 16.00 16.00 19.20 2}{19.20 0.00 0.00 0.00 25.60 0}{25.60 0.00 0.00 0.00 32.00 0}
COMM 4b-0: 47a046_47a41b_47a586_47a6a7_45ecb0 (2 3.33 0 3.00 1 4.00){0.00 0.00 0.00 0.00 1.20 0}{1.20 0.00 0.00 0.00 2.40 0}{2.40 3.00 3.00 3.00 3.60 1}{3.60 4.00 4.00 4.00 4.80 1}{4.80 0.00 0.00 0.00 6.00 0}
1c 9999 

RANKS: 1 -1 2 1 0
EVENT48: 1113 48217a_4824fa_482633_482727_45ed9e
COMP 4c-0: 46a5af_46a90f_46aa52_46ab44 (1 63.00 2 63.00 2 63.00){0.00 0.00 0.00 0.00 25.20 0}{25.20 0.00 0.00 0.00 50.40 0}{50.40 63.00 63.00 63.00 75.60 1}{75.60 0.00 0.00 0.00 100.80 0}{100.80 0.00 0.00 0.00 126.00 0}
COMM 4b-0: 46a5af_46a90f_46aa52_46ab44 (1 4.00 2 4.00 2 4.00){0.00 0.00 0.00 0.00 1.60 0}{1.60 0.00 0.00 0.00 3.20 0}{3.20 4.00 4.00 4.00 4.80 1}{4.80 0.00 0.00 0.00 6.40 0}{6.40 0.00 0.00 0.00 8.00 0}
10 2 
12 64 
14 16 
1a 2 
1b 0 

RANKS: 1 -1 0 2 2
EVENT49: 1090 47a046_47a41b_47a586_47a6a7_45edfa
COMP 4c-0: 48217a_4824fa_482633_482727_45ed9e (1 16.00 2 16.00 2 16.00){0.00 0.00 0.00 0.00 6.40 0}{6.40 0.00 0.00 0.00 12.80 0}{12.80 16.00 16.00 16.00 19.20 1}{19.20 0.00 0.00 0.00 25.60 0}{25.60 0.00 0.00 0.00 32.00 0}
COMP 4c-1: 48b0d5_48b359_48b42d_48b4e6_45ecc9 (1 17.00 0 17.00 0 17.00){0.00 0.00 0.00 0.00 6.80 0}{6.80 0.00 0.00 0.00 13.60 0}{13.60 17.00 17.00 17.00 20.40 1}{20.40 0.00 0.00 0.00 27.20 0}{27.20 0.00 0.00 0.00 34.00 0}
COMM 4b-0: 48217a_4824fa_482633_482727_45ed9e (1 1.00 2 1.00 2 1.00){0.00 0.00 0.00 0.00 0.40 0}{0.40 0.00 0.00 0.00 0.80 0}{0.80 1.00 1.00 1.00 1.20 1}{1.20 0.00 0.00 0.00 1.60 0}{1.60 0.00 0.00 0.00 2.00 0}
COMM 4b-1: 48b0d5_48b359_48b42d_48b4e6_45ecc9 (1 1.00 0 1.00 0 1.00){0.00 0.00 0.00 0.00 0.40 0}{0.40 0.00 0.00 0.00 0.80 0}{0.80 1.00 1.00 1.00 1.20 1}{1.20 0.00 0.00 0.00 1.60 0}{1.60 0.00 0.00 0.00 2.00 0}
10 2 
12 68 
14 16 
1b 0 
2b 2147483647 

RANKS: 1 -1 0 2 2
EVENT50: 1148 48b0d5_48b359_48b42d_48b4e6_45ee0f
COMP 4c-0: 47a046_47a41b_47a586_47a6a7_45edfa (2 16.00 0 16.00 0 16.00){0.00 0.00 0.00 0.00 6.40 0}{6.40 0.00 0.00 0.00 12.80 0}{12.80 16.00 16.00 16.00 19.20 2}{19.20 0.00 0.00 0.00 25.60 0}{25.60 0.00 0.00 0.00 32.00 0}
COMM 4b-0: 47a046_47a41b_47a586_47a6a7_45edfa (2 2.67 0 2.00 2 4.00){0.00 0.00 0.00 0.00 0.80 0}{0.80 0.00 0.00 0.00 1.60 0}{1.60 2.00 2.00 2.00 2.40 1}{2.40 0.00 0.00 0.00 3.20 0}{3.20 4.00 4.00 4.00 4.00 1}
1c 9999 

RANKS: 1 -1 3 1 0
EVENT51: 1113 48217a_4824fa_482633_482727_45ed9e
COMP 4c-0: 46a5af_46a90f_46aa52_46ab44 (1 64.00 3 64.00 3 64.00){0.00 0.00 0.00 0.00 25.60 0}{25.60 0.00 0.00 0.00 51.20 0}{51.20 64.00 64.00 64.00 76.80 1}{76.80 0.00 0.00 0.00 102.40 0}{102.40 0.00 0.00 0.00 128.00 0}
COMM 4b-0: 46a5af_46a90f_46aa52_46ab44 (1 4.00 3 4.00 3 4.00){0.00 0.00 0.00 0.00 1.60 0}{1.60 0.00 0.00 0.00 3.20 0}{3.20 4.00 4.00 4.00 4.80 1}{4.80 0.00 0.00 0.00 6.40 0}{6.40 0.00 0.00 0.00 8.00 0}
10 2 
12 64 
14 16 
1a 2 
1b 0 

RANKS: 1 -1 1 2 2
EVENT52: 1113 48217a_4824fa_482633_482727_45ef0f
COMP 4c-0: 48217a_4824fa_482633_482727_45ed9e (1 17.00 3 17.00 3 17.00){0.00 0.00 0.00 0.00 6.80 0}{6.80 0.00 0.00 0.00 13.60 0}{13.60 17.00 17.00 17.00 20.40 1}{20.40 0.00 0.00 0.00 27.20 0}{27.20 0.00 0.00 0.00 34.00 0}
COMP 4c-1: 48b0d5_48b359_48b42d_48b4e6_45ecc9 (1 17.00 1 17.00 1 17.00){0.00 0.00 0.00 0.00 6.80 0}{6.80 0.00 0.00 0.00 13.60 0}{13.60 17.00 17.00 17.00 20.40 1}{20.40 0.00 0.00 0.00 27.20 0}{27.20 0.00 0.00 0.00 34.00 0}
COMM 4b-0: 48217a_4824fa_482633_482727_45ed9e (1 2.00 3 2.00 3 2.00){0.00 0.00 0.00 0.00 0.80 0}{0.80 0.00 0.00 0.00 1.60 0}{1.60 2.00 2.00 2.00 2.40 1}{2.40 0.00 0.00 0.00 3.20 0}{3.20 0.00 0.00 0.00 4.00 0}
COMM 4b-1: 48b0d5_48b359_48b42d_48b4e6_45ecc9 (1 3.00 1 3.00 1 3.00){0.00 0.00 0.00 0.00 1.20 0}{1.20 0.00 0.00 0.00 2.40 0}{2.40 3.00 3.00 3.00 3.60 1}{3.60 0.00 0.00 0.00 4.80 0}{4.80 0.00 0.00 0.00 6.00 0}
10 2 
12 68 
14 16 
1a 3 
1b 0 

RANKS: 1 -1 0 4 1
EVENT53: 1004 46a5af_46a90f_46aa52_46ab44_466841
COMP 4c-0: 48217a_4824fa_482633_482727_45ef0f (2 33.33 3 32.00 1 34.00){0.00 0.00 0.00 0.00 13.60 0}{13.60 0.00 0.00 0.00 27.20 0}{27.20 32.00 33.00 34.00 40.80 2}{40.80 0.00 0.00 0.00 54.40 0}{54.40 0.00 0.00 0.00 68.00 0}
COMP 4c-1: 48b0d5_48b359_48b42d_48b4e6_45ee0f (2 34.33 2 33.00 0 35.00){0.00 0.00 0.00 0.00 14.00 0}{14.00 0.00 0.00 0.00 28.00 0}{28.00 33.00 34.00 35.00 42.00 2}{42.00 0.00 0.00 0.00 56.00 0}{56.00 0.00 0.00 0.00 70.00 0}
COMM 4b-0: 48217a_4824fa_482633_482727_45ef0f (2 24.67 1 10.00 3 54.00){0.00 0.00 0.00 0.00 4.00 0}{4.00 0.00 0.00 0.00 8.00 0}{8.00 10.00 10.00 10.00 16.00 1}{16.00 0.00 0.00 0.00 20.00 0}{20.00 54.00 54.00 54.00 88.00 1}
COMM 4b-1: 48b0d5_48b359_48b42d_48b4e6_45ee0f (2 10.33 0 5.00 2 21.00){0.00 0.00 0.00 0.00 2.00 0}{2.00 0.00 0.00 0.00 4.00 0}{4.00 5.00 5.00 5.00 8.00 1}{8.00 0.00 0.00 0.00 10.00 0}{10.00 21.00 21.00 21.00 32.00 1}
10 2 
12 1 
14 16 
18 3 

RANKS: 1 -1 0 2 2
EVENT54: 1090 47a046_47a41b_47a586_47a6a7
COMP 4c-0: 46a5af_46a90f_46aa52_46ab44_466841 (2 67.00 0 67.00 0 67.00){0.00 0.00 0.00 0.00 26.80 0}{26.80 0.00 0.00 0.00 53.60 0}{53.60 67.00 67.00 67.00 80.40 2}{80.40 0.00 0.00 0.00 107.20 0}{107.20 0.00 0.00 0.00 134.00 0}
COMM 4b-0: 46a5af_46a90f_46aa52_46ab44_466841 (2 1.00 0 1.00 0 1.00){0.00 0.00 0.00 0.00 0.40 0}{0.40 0.00 0.00 0.00 0.80 0}{0.80 1.00 1.00 1.00 1.20 2}{1.20 0.00 0.00 0.00 1.60 0}{1.60 0.00 0.00 0.00 2.00 0}
10 2 
12 64 
14 16 
1b 0 
2b 2147483647 

RANKS: 1 -1 0 2 2
EVENT55: 1148 48b0d5_48b359_48b42d_48b4e6
COMP 4c-0: 47a046_47a41b_47a586_47a6a7 (2 15.00 0 15.00 0 15.00){0.00 0.00 0.00 0.00 6.00 0}{6.00 0.00 0.00 0.00 12.00 0}{12.00 15.00 15.00 15.00 18.00 2}{18.00 0.00 0.00 0.00 24.00 0}{24.00 0.00 0.00 0.00 30.00 0}
COMM 4b-0: 47a046_47a41b_47a586_47a6a7 (2 2.00 0 2.00 0 2.00){0.00 0.00 0.00 0.00 0.80 0}{0.80 0.00 0.00 0.00 1.60 0}{1.60 2.00 2.00 2.00 2.40 2}{2.40 0.00 0.00 0.00 3.20 0}{3.20 0.00 0.00 0.00 4.00 0}
1c 9999 

RANKS: 1 -1 1 2 2
EVENT56: 1113 48217a_4824fa_482633_482727
COMP 4c-0: 46a5af_46a90f_46aa52_46ab44_466841 (2 67.00 1 67.00 1 67.00){0.00 0.00 0.00 0.00 26.80 0}{26.80 0.00 0.00 0.00 53.60 0}{53.60 67.00 67.00 67.00 80.40 2}{80.40 0.00 0.00 0.00 107.20 0}{107.20 0.00 0.00 0.00 134.00 0}
COMM 4b-0: 46a5af_46a90f_46aa52_46ab44_466841 (2 2.67 3 2.00 1 3.00){0.00 0.00 0.00 0.00 1.20 0}{1.20 2.00 2.00 2.00 2.40 1}{2.40 3.00 3.00 3.00 3.60 1}{3.60 0.00 0.00 0.00 4.80 0}{4.80 0.00 0.00 0.00 6.00 0}
10 2 
12 64 
14 16 
1a 3 
1b 0 

RANKS: 1 -1 0 4 1
EVENT57: 1004 46a5af_46a90f_46aa52_46ab44_466c14
COMP 4c-0: 48217a_4824fa_482633_482727 (2 50.00 1 50.00 1 50.00){0.00 0.00 0.00 0.00 20.00 0}{20.00 0.00 0.00 0.00 40.00 0}{40.00 50.00 50.00 50.00 60.00 2}{60.00 0.00 0.00 0.00 80.00 0}{80.00 0.00 0.00 0.00 100.00 0}
COMP 4c-1: 48b0d5_48b359_48b42d_48b4e6 (2 51.00 0 51.00 0 51.00){0.00 0.00 0.00 0.00 20.40 0}{20.40 0.00 0.00 0.00 40.80 0}{40.80 51.00 51.00 51.00 61.20 2}{61.20 0.00 0.00 0.00 81.60 0}{81.60 0.00 0.00 0.00 102.00 0}
COMM 4b-0: 48217a_4824fa_482633_482727 (2 33.67 1 33.00 3 35.00){0.00 0.00 0.00 0.00 13.20 0}{13.20 0.00 0.00 0.00 26.40 0}{26.40 33.00 34.00 35.00 39.60 2}{39.60 0.00 0.00 0.00 52.80 0}{52.80 0.00 0.00 0.00 66.00 0}
COMM 4b-1: 48b0d5_48b359_48b42d_48b4e6 (2 11.00 2 5.00 0 14.00){0.00 5.00 5.00 5.00 5.60 1}{5.60 0.00 0.00 0.00 11.20 0}{11.20 14.00 14.00 14.00 16.80 1}{16.80 0.00 0.00 0.00 22.40 0}{22.40 0.00 0.00 0.00 28.00 0}
10 2 
12 1 
14 16 
18 3 

RANKS: 1 -1 0 2 1
EVENT58: 1090 47a046_47a41b_47a586_47a6a7_45f0e8
COMP 4c-0: 46a5af_46a90f_46aa52_46ab44_466c14 (2 70.00 0 70.00 0 70.00){0.00 0.00 0.00 0.00 28.00 0}{28.00 0.00 0.00 0.00 56.00 0}{56.00 70.00 70.00 70.00 84.00 2}{84.00 0.00 0.00 0.00 112.00 0}{112.00 0.00 0.00 0.00 140.00 0}
COMM 4b-0: 46a5af_46a90f_46aa52_46ab44_466c14 (2 1.00 0 1.00 0 1.00){0.00 0.00 0.00 0.00 0.40 0}{0.40 0.00 0.00 0.00 0.80 0}{0.80 1.00 1.00 1.00 1.20 2}{1.20 0.00 0.00 0.00 1.60 0}{1.60 0.00 0.00 0.00 2.00 0}
10 2 
12 64 
14 16 
1b 0 
2b 2147483647 

RANKS: 1 -1 0 2 1
EVENT59: 1148 48b0d5_48b359_48b42d_48b4e6_45f0fd
COMP 4c-0: 47a046_47a41b_47a586_47a6a7_45f0e8 (2 16.00 0 16.00 0 16.00){0.00 0.00 0.00 0.00 6.40 0}{6.40 0.00 0.00 0.00 12.80 0}{12.80 16.00 16.00 16.00 19.20 2}{19.20 0.00 0.00 0.00 25.60 0}{25.60 0.00 0.00 0.00 32.00 0}
COMM 4b-0: 47a046_47a41b_47a586_47a6a7_45f0e8 (2 3.00 0 3.00 0 3.00){0.00 0.00 0.00 0.00 1.20 0}{1.20 0.00 0.00 0.00 2.40 0}{2.40 3.00 3.00 3.00 3.60 2}{3.60 0.00 0.00 0.00 4.80 0}{4.80 0.00 0.00 0.00 6.00 0}
1c 9999 

RANKS: 1 -1 2 2 1
EVENT60: 1113 48217a_4824fa_482633_482727_45f1aa
COMP 4c-0: 46a5af_46a90f_46aa52_46ab44_466c14 (2 69.00 3 69.00 3 69.00){0.00 0.00 0.00 0.00 27.60 0}{27.60 0.00 0.00 0.00 55.20 0}{55.20 69.00 69.00 69.00 82.80 2}{82.80 0.00 0.00 0.00 110.40 0}{110.40 0.00 0.00 0.00 138.00 0}
COMM 4b-0: 46a5af_46a90f_46aa52_46ab44_466c14 (2 2.33 3 2.00 2 3.00){0.00 0.00 0.00 0.00 0.80 0}{0.80 0.00 0.00 0.00 1.60 0}{1.60 2.00 2.00 2.00 2.40 1}{2.40 3.00 3.00 3.00 3.20 1}{3.20 0.00 0.00 0.00 4.00 0}
10 2 
12 64 
14 16 
1a 2 
1b 0 

RANKS: 1 -1 0 4 1
EVENT61: 1004 46a5af_46a90f_46aa52_46ab44
COMP 4c-0: 48217a_4824fa_482633_482727_45f1aa (2 47.00 3 47.00 3 47.00){0.00 0.00 0.00 0.00 18.80 0}{18.80 0.00 0.00 0.00 37.60 0}{37.60 47.00 47.00 47.00 56.40 2}{56.40 0.00 0.00 0.00 75.20 0}{75.20 0.00 0.00 0.00 94.00 0}
COMP 4c-1: 48b0d5_48b359_48b42d_48b4e6_45f0fd (2 50.00 0 50.00 0 50.00){0.00 0.00 0.00 0.00 20.00 0}{20.00 0.00 0.00 0.00 40.00 0}{40.00 50.00 50.00 50.00 60.00 2}{60.00 0.00 0.00 0.00 80.00 0}{80.00 0.00 0.00 0.00 100.00 0}
COMM 4b-0: 48217a_4824fa_482633_482727_45f1aa (2 34.33 2 33.00 3 35.00){0.00 0.00 0.00 0.00 14.00 0}{14.00 0.00 0.00 0.00 28.00 0}{28.00 33.00 34.00 35.00 42.00 2}{42.00 0.00 0.00 0.00 56.00 0}{56.00 0.00 0.00 0.00 70.00 0}
COMM 4b-1: 48b0d5_48b359_48b42d_48b4e6_45f0fd (2 8.33 1 5.00 0 10.00){0.00 0.00 0.00 0.00 4.00 0}{4.00 5.00 5.00 5.00 8.00 1}{8.00 10.00 10.00 10.00 12.00 1}{12.00 0.00 0.00 0.00 16.00 0}{16.00 0.00 0.00 0.00 20.00 0}
10 2 
12 1 
14 16 
18 3 

RANKS: 1 -1 0 4 1
EVENT62: 1045 472f0f_472f83_472fe9_473044
COMP 4c-0: 46a5af_46a90f_46aa52_46ab44 (4 11855.60 0 574.00 1 19832.00){0.00 0.00 0.00 0.00 229.60 0}{229.60 0.00 0.00 0.00 459.20 0}{459.20 574.00 574.00 574.00 918.40 1}{918.40 0.00 0.00 0.00 1148.00 0}{1148.00 18481.00 19376.67 19832.00 35814.00 3}

