RANKS: 1 -1 0 8 1
EVENT0: 1084 46bb64_46bc23_46bcb9_46bd14
33 2 
34 0 

RANKS: 1 -1 0 8 1
EVENT1: 1090 46c95e_46cd33_46ce9e_46cfbf_457e56
COMP 4c-0: 46bb64_46bc23_46bcb9_46bd14 (8 815152.22 5 788631.00 0 838278.00){0.00 0.00 0.00 0.00 335311.20 0}{335311.20 0.00 0.00 0.00 670622.40 0}{670622.40 788631.00 812261.50 838278.00 1005933.60 8}{1005933.60 0.00 0.00 0.00 1341244.80 0}{1341244.80 0.00 0.00 0.00 1676556.00 0}
COMP 4c-1: 47d9ed_47dc71_47dd45_47ddfe_457ea8 (8 17.00 0 17.00 0 17.00){0.00 0.00 0.00 0.00 6.80 0}{6.80 0.00 0.00 0.00 13.60 0}{13.60 17.00 17.00 17.00 20.40 8}{20.40 0.00 0.00 0.00 27.20 0}{27.20 0.00 0.00 0.00 34.00 0}
COMM 4b-0: 46bb64_46bc23_46bcb9_46bd14 (8 6.44 0 6.00 3 7.00){0.00 0.00 0.00 0.00 2.40 0}{2.40 0.00 0.00 0.00 4.80 0}{4.80 6.00 6.50 7.00 7.20 8}{7.20 0.00 0.00 0.00 9.60 0}{9.60 0.00 0.00 0.00 12.00 0}
COMM 4b-1: 47d9ed_47dc71_47dd45_47ddfe_457ea8 (8 2.56 1 1.00 4 4.00){0.00 0.00 0.00 0.00 0.80 0}{0.80 1.00 1.00 1.00 1.60 1}{1.60 2.00 2.00 2.00 2.40 3}{2.40 3.00 3.00 3.00 3.20 2}{3.20 4.00 4.00 4.00 4.00 2}
LOOP0: iter: ( 2 )[ 1 -1 0 8 1 ] mem: ( 3 )[ 1 -1 0 8 1 ]
10 2 
12 1 
14 16 
1b 0 
2b ( 2 1 )[ 1 -1 0 2 4 ]
2b ( 2 7 )[ 1 -1 1 2 4 ]
2b ( 6 7 )[ 1 -1 3 2 4 ]
2b ( 6 1 )[ 1 -1 2 2 4 ]

RANKS: 1 -1 0 8 1
EVENT2: 1113 474a92_474e12_474f4b_47503f_457e8e
COMP 4c-0: 46c95e_46cd33_46ce9e_46cfbf_457e56 (16 16.53 0 16.00 0 17.00){0.00 0.00 0.00 0.00 6.80 0}{6.80 0.00 0.00 0.00 13.60 0}{13.60 16.00 16.50 17.00 20.40 16}{20.40 0.00 0.00 0.00 27.20 0}{27.20 0.00 0.00 0.00 34.00 0}
COMM 4b-0: 46c95e_46cd33_46ce9e_46cfbf_457e56 (16 13.29 0 3.00 0 28.00){0.00 3.00 4.12 7.00 11.20 8}{11.20 17.00 19.57 22.00 22.40 7}{22.40 28.00 28.00 28.00 33.60 1}{33.60 0.00 0.00 0.00 44.80 0}{44.80 0.00 0.00 0.00 56.00 0}
10 2 
12 1 
14 16 
1a ( 2 1 )[ 1 -1 0 2 4 ]
1a ( 2 7 )[ 1 -1 1 2 4 ]
1a ( 6 7 )[ 1 -1 3 2 4 ]
1a ( 6 1 )[ 1 -1 2 2 4 ]
1b 0 

RANKS: 1 -1 0 8 1
EVENT3: 1148 47d9ed_47dc71_47dd45_47ddfe_457ea8
COMP 4c-0: 474a92_474e12_474f4b_47503f_457e8e (16 16.53 0 16.00 0 17.00){0.00 0.00 0.00 0.00 6.80 0}{6.80 0.00 0.00 0.00 13.60 0}{13.60 16.00 16.50 17.00 20.40 16}{20.40 0.00 0.00 0.00 27.20 0}{27.20 0.00 0.00 0.00 34.00 0}
COMM 4b-0: 474a92_474e12_474f4b_47503f_457e8e (16 9179.29 0 1.00 4 41365.00){0.00 1.00 1.75 2.50 16.80 4}{16.80 17.00 19.25 22.00 42.00 4}{42.00 1657.00 1683.00 1709.00 3272.00 2}{3272.00 12364.00 12372.00 12380.00 21456.00 2}{21456.00 21785.00 31958.25 41365.00 50998.00 4}
1c 9999 

RANKS: 1 -1 0 8 1
EVENT4: 1090 46c95e_46cd33_46ce9e_46cfbf_45800a
COMP 4c-0: 47d9ed_47dc71_47dd45_47ddfe_457ea8 (8 41734.33 5 41485.00 0 41956.00){0.00 0.00 0.00 0.00 16782.40 0}{16782.40 0.00 0.00 0.00 33564.80 0}{33564.80 41485.00 41706.62 41956.00 50347.20 8}{50347.20 0.00 0.00 0.00 67129.60 0}{67129.60 0.00 0.00 0.00 83912.00 0}
COMP 4c-1: 47d9ed_47dc71_47dd45_47ddfe_458071 (200 316.16 0 316.00 1 317.00){0.00 0.00 0.00 0.00 126.40 0}{126.40 0.00 0.00 0.00 252.80 0}{252.80 316.00 316.16 317.00 379.20 200}{379.20 0.00 0.00 0.00 505.60 0}{505.60 0.00 0.00 0.00 632.00 0}
COMP 4c-2: 47d9ed_47dc71_47dd45_47ddfe_458469 (192 42063.89 5 41822.00 0 42313.00){0.00 0.00 0.00 0.00 16917.20 0}{16917.20 0.00 0.00 0.00 33834.40 0}{33834.40 41822.00 42062.70 42313.00 50751.60 192}{50751.60 0.00 0.00 0.00 67668.80 0}{67668.80 0.00 0.00 0.00 84586.00 0}
COMM 4b-0: 47d9ed_47dc71_47dd45_47ddfe_457ea8 (8 5.00 0 4.00 5 8.00){0.00 0.00 0.00 0.00 1.60 0}{1.60 0.00 0.00 0.00 3.20 0}{3.20 4.00 4.00 4.00 4.80 5}{4.80 5.00 5.00 5.00 6.40 1}{6.40 8.00 8.00 8.00 8.00 2}
COMM 4b-1: 47d9ed_47dc71_47dd45_47ddfe_458071 (200 3.33 0 1.00 4 20.00){0.00 1.00 1.00 1.00 1.60 16}{1.60 2.00 2.00 2.00 2.00 25}{2.00 2.17 3.19 4.00 4.00 139}{4.00 6.00 7.37 10.00 10.00 19}{10.00 20.00 20.00 20.00 30.00 1}
COMM 4b-2: 47d9ed_47dc71_47dd45_47ddfe_458469 (192 4.48 0 3.00 1 9.00){0.00 0.00 0.00 0.00 1.60 0}{1.60 3.00 4.02 4.64 4.80 165}{4.80 5.00 5.33 6.00 6.40 6}{6.40 7.00 7.62 8.00 8.00 13}{8.00 8.17 8.37 9.00 10.00 8}
LOOP0: iter: ( 25 )[ 1 -1 0 8 1 ] mem: ( 12 )[ 1 -1 0 8 1 ]
LOOP1: iter: ( 2 )[ 1 -1 0 8 1 ] mem: ( 3 )[ 1 -1 0 8 1 ]
10 2 
12 37500 
14 16 
1b 0 
2b ( 1 2 )[ 1 -1 0 2 4 ]
2b ( 7 2 )[ 1 -1 1 2 4 ]
2b ( 7 6 )[ 1 -1 3 2 4 ]
2b ( 1 6 )[ 1 -1 2 2 4 ]

RANKS: 1 -1 0 8 1
EVENT5: 1113 474a92_474e12_474f4b_47503f_45805c
COMP 4c-0: 46c95e_46cd33_46ce9e_46cfbf_45800a (400 16.20 0 16.00 1 17.00){0.00 0.00 0.00 0.00 6.40 0}{6.40 0.00 0.00 0.00 12.80 0}{12.80 16.00 16.21 17.00 19.20 400}{19.20 0.00 0.00 0.00 25.60 0}{25.60 0.00 0.00 0.00 32.00 0}
COMM 4b-0: 46c95e_46cd33_46ce9e_46cfbf_45800a (400 338.52 2 167.00 7 1227.00){0.00 0.00 0.00 0.00 134.00 0}{134.00 167.00 288.89 534.10 536.00 349}{536.00 537.00 628.60 666.57 670.00 40}{670.00 739.00 821.90 1023.00 1042.00 10}{1042.00 1227.00 1227.00 1227.00 1412.00 1}
10 2 
12 37500 
14 16 
1a ( 1 2 )[ 1 -1 0 2 4 ]
1a ( 7 2 )[ 1 -1 1 2 4 ]
1a ( 7 6 )[ 1 -1 3 2 4 ]
1a ( 1 6 )[ 1 -1 2 2 4 ]
1b 0 

RANKS: 1 -1 0 8 1
EVENT6: 1148 47d9ed_47dc71_47dd45_47ddfe_458071
COMP 4c-0: 474a92_474e12_474f4b_47503f_45805c (400 16.08 0 16.00 0 17.00){0.00 0.00 0.00 0.00 6.80 0}{6.80 0.00 0.00 0.00 13.60 0}{13.60 16.00 16.08 17.00 20.40 400}{20.40 0.00 0.00 0.00 27.20 0}{27.20 0.00 0.00 0.00 34.00 0}
COMM 4b-0: 474a92_474e12_474f4b_47503f_45805c (400 3.73 0 1.00 3 27.00){0.00 1.00 1.72 3.00 3.20 205}{3.20 3.70 4.40 6.17 6.40 117}{6.40 6.78 7.23 8.17 9.60 73}{9.60 12.00 13.00 15.00 16.00 3}{16.00 26.00 26.50 27.00 38.00 2}
1c 9999 

RANKS: 1 -1 0 8 1
EVENT7: 1090 46c95e_46cd33_46ce9e_46cfbf_458110
COMP 4c-0: 47d9ed_47dc71_47dd45_47ddfe_458071 (200 320.10 0 320.00 0 321.00){0.00 0.00 0.00 0.00 128.00 0}{128.00 0.00 0.00 0.00 256.00 0}{256.00 320.00 320.10 321.00 384.00 200}{384.00 0.00 0.00 0.00 512.00 0}{512.00 0.00 0.00 0.00 640.00 0}
COMM 4b-0: 47d9ed_47dc71_47dd45_47ddfe_458071 (200 2.20 0 1.00 3 10.00){0.00 0.00 0.00 0.00 0.80 0}{0.80 1.00 1.55 2.33 2.40 134}{2.40 3.00 3.05 3.08 3.20 49}{3.20 4.00 4.00 4.00 4.00 14}{4.00 8.00 9.00 10.00 16.00 3}
10 2 
12 37500 
14 16 
1b 0 
2b ( 0 )[ 1 -2 0 2 6 2 1 ]
2b ( 2 )[ 1 -1 2 2 1 ]
2b ( 6 )[ 1 -1 4 2 1 ]

RANKS: 1 -1 0 8 1
EVENT8: 1113 474a92_474e12_474f4b_47503f_458145
COMP 4c-0: 46c95e_46cd33_46ce9e_46cfbf_458110 (200 16.12 0 16.00 0 17.00){0.00 0.00 0.00 0.00 6.40 0}{6.40 0.00 0.00 0.00 12.80 0}{12.80 16.00 16.12 17.00 19.20 200}{19.20 0.00 0.00 0.00 25.60 0}{25.60 0.00 0.00 0.00 32.00 0}
COMM 4b-0: 46c95e_46cd33_46ce9e_46cfbf_458110 (200 306.69 0 31.00 3 8237.00){0.00 31.00 45.35 104.00 124.80 51}{124.80 152.00 163.20 205.00 208.00 49}{208.00 218.92 253.74 361.95 484.36 94}{484.36 724.00 747.00 770.00 1055.64 2}{1055.64 4688.00 6471.00 8237.00 15418.36 4}
10 2 
12 37500 
14 16 
1a ( 0 )[ 1 -2 0 2 6 2 1 ]
1a ( 2 )[ 1 -1 2 2 1 ]
1a ( 6 )[ 1 -1 4 2 1 ]
1b 0 

RANKS: 1 -1 0 8 1
EVENT9: 1148 47d9ed_47dc71_47dd45_47ddfe_45815a
COMP 4c-0: 474a92_474e12_474f4b_47503f_458145 (200 16.02 1 16.00 1 17.00){0.00 0.00 0.00 0.00 6.40 0}{6.40 0.00 0.00 0.00 12.80 0}{12.80 16.00 16.03 17.00 19.20 200}{19.20 0.00 0.00 0.00 25.60 0}{25.60 0.00 0.00 0.00 32.00 0}
COMM 4b-0: 474a92_474e12_474f4b_47503f_458145 (200 3.24 0 1.00 5 88.00){0.00 1.00 1.56 2.00 2.00 133}{2.00 2.35 3.43 6.00 6.00 58}{6.00 7.00 8.40 9.00 10.00 5}{10.00 13.00 15.50 18.00 26.00 2}{26.00 84.00 86.00 88.00 150.00 2}
1c 9999 

RANKS: 1 -1 0 8 1
EVENT10: 1090 46c95e_46cd33_46ce9e_46cfbf_458276
COMP 4c-0: 47d9ed_47dc71_47dd45_47ddfe_45815a (200 654.00 0 654.00 0 654.00){0.00 0.00 0.00 0.00 261.60 0}{261.60 0.00 0.00 0.00 523.20 0}{523.20 654.00 654.00 654.00 784.80 200}{784.80 0.00 0.00 0.00 1046.40 0}{1046.40 0.00 0.00 0.00 1308.00 0}
COMP 4c-1: 47d9ed_47dc71_47dd45_47ddfe_4582c3 (200 16.07 0 16.00 1 17.00){0.00 0.00 0.00 0.00 6.40 0}{6.40 0.00 0.00 0.00 12.80 0}{12.80 16.00 16.07 17.00 19.20 200}{19.20 0.00 0.00 0.00 25.60 0}{25.60 0.00 0.00 0.00 32.00 0}
COMM 4b-0: 47d9ed_47dc71_47dd45_47ddfe_45815a (200 2.17 0 1.00 3 5.00){0.00 0.00 0.00 0.00 0.80 0}{0.80 1.00 1.00 1.00 1.60 53}{1.60 1.73 2.35 3.00 3.20 130}{3.20 4.00 4.00 4.00 4.00 8}{4.00 5.00 5.00 5.00 6.00 9}
COMM 4b-1: 47d9ed_47dc71_47dd45_47ddfe_4582c3 (200 1.46 0 1.00 1 4.00){0.00 0.00 0.00 0.00 0.40 0}{0.40 0.00 0.00 0.00 0.80 0}{0.80 1.00 1.00 1.00 1.60 124}{1.60 2.00 2.00 2.00 2.00 64}{2.00 3.00 3.33 4.00 6.00 12}
LOOP0: iter: ( 2 )[ 1 -1 0 8 1 ] mem: ( 3 )[ 1 -1 0 8 1 ]
10 2 
12 1 
14 16 
1b 0 
2b ( 2 1 )[ 1 -1 0 2 4 ]
2b ( 2 7 )[ 1 -1 1 2 4 ]
2b ( 6 7 )[ 1 -1 3 2 4 ]
2b ( 6 1 )[ 1 -1 2 2 4 ]

RANKS: 1 -1 0 8 1
EVENT11: 1113 474a92_474e12_474f4b_47503f_4582ae
COMP 4c-0: 46c95e_46cd33_46ce9e_46cfbf_458276 (400 16.05 0 16.00 0 17.00){0.00 0.00 0.00 0.00 6.40 0}{6.40 0.00 0.00 0.00 12.80 0}{12.80 16.00 16.05 17.00 19.20 400}{19.20 0.00 0.00 0.00 25.60 0}{25.60 0.00 0.00 0.00 32.00 0}
COMM 4b-0: 46c95e_46cd33_46ce9e_46cfbf_458276 (400 3.63 0 2.00 7 8.00){0.00 0.00 0.00 0.00 1.60 0}{1.60 2.00 2.72 3.00 3.20 208}{3.20 3.76 4.29 4.36 4.80 168}{4.80 6.00 6.00 6.00 6.40 2}{6.40 6.50 7.05 8.00 8.00 22}
10 2 
12 1 
14 16 
1a ( 2 1 )[ 1 -1 0 2 4 ]
1a ( 2 7 )[ 1 -1 1 2 4 ]
1a ( 6 7 )[ 1 -1 3 2 4 ]
1a ( 6 1 )[ 1 -1 2 2 4 ]
1b 0 

RANKS: 1 -1 0 8 1
EVENT12: 1148 47d9ed_47dc71_47dd45_47ddfe_4582c3
COMP 4c-0: 474a92_474e12_474f4b_47503f_4582ae (400 16.03 0 16.00 0 17.00){0.00 0.00 0.00 0.00 6.40 0}{6.40 0.00 0.00 0.00 12.80 0}{12.80 16.00 16.03 17.00 19.20 400}{19.20 0.00 0.00 0.00 25.60 0}{25.60 0.00 0.00 0.00 32.00 0}
COMM 4b-0: 474a92_474e12_474f4b_47503f_4582ae (400 168.90 0 1.00 0 8076.00){0.00 1.00 86.97 837.00 3230.40 396}{3230.40 4547.00 4595.50 4644.00 6460.80 2}{6460.80 7945.00 8010.50 8076.00 9691.20 2}{9691.20 0.00 0.00 0.00 12921.60 0}{12921.60 0.00 0.00 0.00 16152.00 0}
1c 9999 

RANKS: 1 -1 0 8 1
EVENT13: 1090 46c95e_46cd33_46ce9e_46cfbf_45841c
COMP 4c-0: 47d9ed_47dc71_47dd45_47ddfe_4582c3 (200 807.99 2 807.00 0 808.00){0.00 0.00 0.00 0.00 323.20 0}{323.20 0.00 0.00 0.00 646.40 0}{646.40 807.00 807.99 808.00 969.60 200}{969.60 0.00 0.00 0.00 1292.80 0}{1292.80 0.00 0.00 0.00 1616.00 0}
COMP 4c-1: 47d9ed_47dc71_47dd45_47ddfe_458469 (200 16.00 0 16.00 0 16.00){0.00 0.00 0.00 0.00 6.40 0}{6.40 0.00 0.00 0.00 12.80 0}{12.80 16.00 16.00 16.00 19.20 200}{19.20 0.00 0.00 0.00 25.60 0}{25.60 0.00 0.00 0.00 32.00 0}
COMM 4b-0: 47d9ed_47dc71_47dd45_47ddfe_4582c3 (200 1.75 0 1.00 3 4.00){0.00 0.00 0.00 0.00 0.40 0}{0.40 0.00 0.00 0.00 0.80 0}{0.80 1.00 1.00 1.00 1.60 83}{1.60 2.00 2.00 2.00 2.00 86}{2.00 3.00 3.06 4.00 4.00 31}
COMM 4b-1: 47d9ed_47dc71_47dd45_47ddfe_458469 (200 1.35 0 1.00 1 4.00){0.00 0.00 0.00 0.00 0.80 0}{0.80 1.00 1.00 1.00 1.60 140}{1.60 2.00 2.00 2.00 2.40 54}{2.40 3.00 3.00 3.00 3.20 2}{3.20 4.00 4.00 4.00 4.00 4}
LOOP0: iter: ( 2 )[ 1 -1 0 8 1 ] mem: ( 3 )[ 1 -1 0 8 1 ]
10 2 
12 1 
14 16 
1b 0 
2b ( 2 1 )[ 1 -1 0 2 4 ]
2b ( 2 7 )[ 1 -1 1 2 4 ]
2b ( 6 7 )[ 1 -1 3 2 4 ]
2b ( 6 1 )[ 1 -1 2 2 4 ]

RANKS: 1 -1 0 8 1
EVENT14: 1113 474a92_474e12_474f4b_47503f_458454
COMP 4c-0: 46c95e_46cd33_46ce9e_46cfbf_45841c (400 16.01 0 16.00 0 17.00){0.00 0.00 0.00 0.00 6.40 0}{6.40 0.00 0.00 0.00 12.80 0}{12.80 16.00 16.01 17.00 19.20 400}{19.20 0.00 0.00 0.00 25.60 0}{25.60 0.00 0.00 0.00 32.00 0}
COMM 4b-0: 46c95e_46cd33_46ce9e_46cfbf_45841c (400 3.36 0 2.00 1 7.00){0.00 0.00 0.00 0.00 1.20 0}{1.20 2.00 2.86 3.03 3.60 319}{3.60 4.00 4.00 4.00 4.80 10}{4.80 5.00 5.39 6.00 6.00 66}{6.00 7.00 7.00 7.00 8.00 5}
10 2 
12 1 
14 16 
1a ( 2 1 )[ 1 -1 0 2 4 ]
1a ( 2 7 )[ 1 -1 1 2 4 ]
1a ( 6 7 )[ 1 -1 3 2 4 ]
1a ( 6 1 )[ 1 -1 2 2 4 ]
1b 0 

RANKS: 1 -1 0 8 1
EVENT15: 1148 47d9ed_47dc71_47dd45_47ddfe_458469
COMP 4c-0: 474a92_474e12_474f4b_47503f_458454 (400 16.01 0 16.00 1 17.00){0.00 0.00 0.00 0.00 6.40 0}{6.40 0.00 0.00 0.00 12.80 0}{12.80 16.00 16.01 17.00 19.20 400}{19.20 0.00 0.00 0.00 25.60 0}{25.60 0.00 0.00 0.00 32.00 0}
COMM 4b-0: 474a92_474e12_474f4b_47503f_458454 (400 31.18 1 1.00 5 308.00){0.00 1.00 6.74 27.00 32.40 314}{32.40 35.00 52.83 62.00 64.80 12}{64.80 70.36 85.57 129.00 129.60 37}{129.60 134.00 142.75 161.00 162.00 24}{162.00 190.00 236.85 308.00 422.00 13}
1c 9999 

RANKS: 1 -1 0 8 1
EVENT16: 1090 46c95e_46cd33_46ce9e_46cfbf_45861a
COMP 4c-0: 47d9ed_47dc71_47dd45_47ddfe_458469 (8 42091.44 5 41843.00 0 42313.00){0.00 0.00 0.00 0.00 16925.20 0}{16925.20 0.00 0.00 0.00 33850.40 0}{33850.40 41843.00 42063.75 42313.00 50775.60 8}{50775.60 0.00 0.00 0.00 67700.80 0}{67700.80 0.00 0.00 0.00 84626.00 0}
COMP 4c-1: 47d9ed_47dc71_47dd45_47ddfe_458681 (8 316.22 0 316.00 1 317.00){0.00 0.00 0.00 0.00 126.40 0}{126.40 0.00 0.00 0.00 252.80 0}{252.80 316.00 316.25 317.00 379.20 8}{379.20 0.00 0.00 0.00 505.60 0}{505.60 0.00 0.00 0.00 632.00 0}
COMM 4b-0: 47d9ed_47dc71_47dd45_47ddfe_458469 (8 4.11 0 4.00 4 5.00){0.00 0.00 0.00 0.00 1.60 0}{1.60 0.00 0.00 0.00 3.20 0}{3.20 4.00 4.00 4.00 4.80 7}{4.80 5.00 5.00 5.00 6.40 1}{6.40 0.00 0.00 0.00 8.00 0}
COMM 4b-1: 47d9ed_47dc71_47dd45_47ddfe_458681 (8 3.44 0 1.00 5 7.00){0.00 0.00 0.00 0.00 0.40 0}{0.40 0.00 0.00 0.00 0.80 0}{0.80 1.00 1.00 1.00 2.00 1}{2.00 3.00 3.67 4.00 4.00 6}{4.00 7.00 7.00 7.00 10.00 1}
LOOP0: iter: ( 2 )[ 1 -1 0 8 1 ] mem: ( 3 )[ 1 -1 0 8 1 ]
10 2 
12 37500 
14 16 
1b 0 
2b ( 1 2 )[ 1 -1 0 2 4 ]
2b ( 7 2 )[ 1 -1 1 2 4 ]
2b ( 7 6 )[ 1 -1 3 2 4 ]
2b ( 1 6 )[ 1 -1 2 2 4 ]

RANKS: 1 -1 0 8 1
EVENT17: 1113 474a92_474e12_474f4b_47503f_45866c
COMP 4c-0: 46c95e_46cd33_46ce9e_46cfbf_45861a (16 16.24 0 16.00 1 17.00){0.00 0.00 0.00 0.00 6.40 0}{6.40 0.00 0.00 0.00 12.80 0}{12.80 16.00 16.25 17.00 19.20 16}{19.20 0.00 0.00 0.00 25.60 0}{25.60 0.00 0.00 0.00 32.00 0}
COMM 4b-0: 46c95e_46cd33_46ce9e_46cfbf_45861a (16 357.71 4 192.00 7 619.00){0.00 192.00 192.00 192.00 201.60 1}{201.60 206.00 259.00 298.00 302.40 6}{302.40 332.00 350.50 374.00 403.20 4}{403.20 443.00 464.50 486.00 504.00 2}{504.00 541.00 584.00 619.00 734.00 3}
10 2 
12 37500 
14 16 
1a ( 1 2 )[ 1 -1 0 2 4 ]
1a ( 7 2 )[ 1 -1 1 2 4 ]
1a ( 7 6 )[ 1 -1 3 2 4 ]
1a ( 1 6 )[ 1 -1 2 2 4 ]
1b 0 

RANKS: 1 -1 0 8 1
EVENT18: 1148 47d9ed_47dc71_47dd45_47ddfe_458681
COMP 4c-0: 474a92_474e12_474f4b_47503f_45866c (16 16.00 0 16.00 0 16.00){0.00 0.00 0.00 0.00 6.40 0}{6.40 0.00 0.00 0.00 12.80 0}{12.80 16.00 16.00 16.00 19.20 16}{19.20 0.00 0.00 0.00 25.60 0}{25.60 0.00 0.00 0.00 32.00 0}
COMM 4b-0: 474a92_474e12_474f4b_47503f_45866c (16 3.24 4 1.00 4 7.00){0.00 0.00 0.00 0.00 0.80 0}{0.80 1.00 1.00 1.00 1.60 1}{1.60 2.00 2.33 3.00 3.20 9}{3.20 4.00 4.00 4.00 4.00 2}{4.00 5.00 5.75 7.00 8.00 4}
1c 9999 

RANKS: 1 -1 0 8 1
EVENT19: 1090 46c95e_46cd33_46ce9e_46cfbf_458722
COMP 4c-0: 47d9ed_47dc71_47dd45_47ddfe_458681 (8 320.00 0 320.00 0 320.00){0.00 0.00 0.00 0.00 128.00 0}{128.00 0.00 0.00 0.00 256.00 0}{256.00 320.00 320.00 320.00 384.00 8}{384.00 0.00 0.00 0.00 512.00 0}{512.00 0.00 0.00 0.00 640.00 0}
COMM 4b-0: 47d9ed_47dc71_47dd45_47ddfe_458681 (8 1.89 0 1.00 3 4.00){0.00 0.00 0.00 0.00 0.40 0}{0.40 0.00 0.00 0.00 0.80 0}{0.80 1.00 1.00 1.00 1.60 3}{1.60 2.00 2.00 2.00 2.00 3}{2.00 3.00 3.50 4.00 6.00 2}
10 2 
12 37500 
14 16 
1b 0 
2b ( 0 )[ 1 -2 0 2 6 2 1 ]
2b ( 2 )[ 1 -1 2 2 1 ]
2b ( 6 )[ 1 -1 4 2 1 ]

RANKS: 1 -1 0 8 1
EVENT20: 1113 474a92_474e12_474f4b_47503f_458757
COMP 4c-0: 46c95e_46cd33_46ce9e_46cfbf_458722 (8 16.33 0 16.00 1 17.00){0.00 0.00 0.00 0.00 6.40 0}{6.40 0.00 0.00 0.00 12.80 0}{12.80 16.00 16.38 17.00 19.20 8}{19.20 0.00 0.00 0.00 25.60 0}{25.60 0.00 0.00 0.00 32.00 0}
COMM 4b-0: 46c95e_46cd33_46ce9e_46cfbf_458722 (8 161.00 6 32.00 5 472.00){0.00 0.00 0.00 0.00 26.40 0}{26.40 32.00 32.50 33.00 39.60 2}{39.60 51.00 55.50 60.00 66.00 2}{66.00 234.00 256.00 274.00 402.00 3}{402.00 472.00 472.00 472.00 542.00 1}
10 2 
12 37500 
14 16 
1a ( 0 )[ 1 -2 0 2 6 2 1 ]
1a ( 2 )[ 1 -1 2 2 1 ]
1a ( 6 )[ 1 -1 4 2 1 ]
1b 0 

RANKS: 1 -1 0 8 1
EVENT21: 1148 47d9ed_47dc71_47dd45_47ddfe_45876c
COMP 4c-0: 474a92_474e12_474f4b_47503f_458757 (8 16.00 0 16.00 0 16.00){0.00 0.00 0.00 0.00 6.40 0}{6.40 0.00 0.00 0.00 12.80 0}{12.80 16.00 16.00 16.00 19.20 8}{19.20 0.00 0.00 0.00 25.60 0}{25.60 0.00 0.00 0.00 32.00 0}
COMM 4b-0: 474a92_474e12_474f4b_47503f_458757 (8 2.22 0 1.00 3 6.00){0.00 0.00 0.00 0.00 0.40 0}{0.40 0.00 0.00 0.00 0.80 0}{0.80 1.00 1.00 1.00 1.60 3}{1.60 2.00 2.00 2.00 2.00 3}{2.00 4.00 5.00 6.00 10.00 2}
1c 9999 

RANKS: 1 -1 0 8 1
EVENT22: 1090 46c95e_46cd33_46ce9e_46cfbf
COMP 4c-0: 47d9ed_47dc71_47dd45_47ddfe (24 161.56 0 15.00 0 469.00){0.00 0.00 0.00 0.00 6.00 0}{6.00 0.00 0.00 0.00 12.00 0}{12.00 15.00 17.00 19.00 24.00 16}{24.00 0.00 0.00 0.00 30.00 0}{30.00 469.00 469.00 469.00 908.00 8}
COMP 4c-1: 47d9ed_47dc71_47dd45_47ddfe_45876c (8 352.11 0 352.00 2 353.00){0.00 0.00 0.00 0.00 140.80 0}{140.80 0.00 0.00 0.00 281.60 0}{281.60 352.00 352.12 353.00 422.40 8}{422.40 0.00 0.00 0.00 563.20 0}{563.20 0.00 0.00 0.00 704.00 0}
COMM 4b-0: 47d9ed_47dc71_47dd45_47ddfe (24 1.52 0 1.00 1 4.00){0.00 0.00 0.00 0.00 0.80 0}{0.80 1.00 1.00 1.00 1.60 15}{1.60 2.00 2.00 2.00 2.40 7}{2.40 3.00 3.00 3.00 3.20 1}{3.20 4.00 4.00 4.00 4.00 1}
COMM 4b-1: 47d9ed_47dc71_47dd45_47ddfe_45876c (8 1.89 0 1.00 3 3.00){0.00 0.00 0.00 0.00 0.40 0}{0.40 0.00 0.00 0.00 0.80 0}{0.80 1.00 1.00 1.00 1.60 3}{1.60 2.00 2.00 2.00 2.00 2}{2.00 3.00 3.00 3.00 4.00 3}
LOOP0: iter: ( 4 )[ 1 -1 0 8 1 ] mem: ( 3 )[ 1 -1 0 8 1 ]
10 2 
12 1 1 2 2 
14 16 
1b 0 
2b ( 2 1 )[ 1 -1 0 2 4 ]
2b ( 2 7 )[ 1 -1 1 2 4 ]
2b ( 6 7 )[ 1 -1 3 2 4 ]
2b ( 6 1 )[ 1 -1 2 2 4 ]

RANKS: 1 -1 0 8 1
EVENT23: 1113 474a92_474e12_474f4b_47503f
COMP 4c-0: 46c95e_46cd33_46ce9e_46cfbf (32 14.79 1 14.00 0 15.00){0.00 0.00 0.00 0.00 6.00 0}{6.00 0.00 0.00 0.00 12.00 0}{12.00 14.00 14.78 15.00 18.00 32}{18.00 0.00 0.00 0.00 24.00 0}{24.00 0.00 0.00 0.00 30.00 0}
COMM 4b-0: 46c95e_46cd33_46ce9e_46cfbf (32 3.24 0 2.00 3 6.00){0.00 0.00 0.00 0.00 1.20 0}{1.20 2.00 2.00 2.00 2.40 3}{2.40 3.00 3.04 3.10 3.60 24}{3.60 4.00 4.00 4.00 4.80 1}{4.80 5.00 5.25 6.00 6.00 4}
10 2 
12 1 1 2 2 
14 16 
1a ( 2 1 )[ 1 -1 0 2 4 ]
1a ( 2 7 )[ 1 -1 1 2 4 ]
1a ( 6 7 )[ 1 -1 3 2 4 ]
1a ( 6 1 )[ 1 -1 2 2 4 ]
1b 0 

RANKS: 1 -1 0 8 1
EVENT24: 1148 47d9ed_47dc71_47dd45_47ddfe
COMP 4c-0: 474a92_474e12_474f4b_47503f (32 14.55 0 14.00 0 15.00){0.00 0.00 0.00 0.00 5.60 0}{5.60 0.00 0.00 0.00 11.20 0}{11.20 14.00 14.56 15.00 16.80 32}{16.80 0.00 0.00 0.00 22.40 0}{22.40 0.00 0.00 0.00 28.00 0}
COMM 4b-0: 474a92_474e12_474f4b_47503f (32 86.21 7 1.00 7 477.00){0.00 1.00 24.96 76.14 111.20 26}{111.20 133.00 133.00 133.00 222.40 1}{222.40 278.00 290.50 303.00 333.60 2}{333.60 352.00 363.50 375.00 444.80 2}{444.80 477.00 477.00 477.00 556.00 1}
1c 9999 

RANKS: 1 -1 0 8 1
EVENT25: 1010 45f858_45fa8d_45fb31_45fbad
COMP 4c-0: 47d9ed_47dc71_47dd45_47ddfe (8 807.00 0 807.00 0 807.00){0.00 0.00 0.00 0.00 322.80 0}{322.80 0.00 0.00 0.00 645.60 0}{645.60 807.00 807.00 807.00 968.40 8}{968.40 0.00 0.00 0.00 1291.20 0}{1291.20 0.00 0.00 0.00 1614.00 0}
COMM 4b-0: 47d9ed_47dc71_47dd45_47ddfe (8 233.11 1 12.00 5 431.00){0.00 12.00 12.00 12.00 117.60 1}{117.60 147.00 147.00 147.00 176.40 1}{176.40 202.00 204.00 206.00 294.00 2}{294.00 298.00 298.00 298.00 302.00 1}{302.00 321.00 362.00 431.00 560.00 3}
10 2 

RANKS: 1 -1 0 8 1
EVENT26: 1090 46c95e_46cd33_46ce9e_46cfbf_457e56
COMP 4c-0: 45f858_45fa8d_45fb31_45fbad (8 1108.00 0 1108.00 0 1108.00){0.00 0.00 0.00 0.00 443.20 0}{443.20 0.00 0.00 0.00 886.40 0}{886.40 1108.00 1108.00 1108.00 1329.60 8}{1329.60 0.00 0.00 0.00 1772.80 0}{1772.80 0.00 0.00 0.00 2216.00 0}
COMP 4c-1: 47d9ed_47dc71_47dd45_47ddfe (592 1489.84 1 1446.00 0 1522.00){0.00 0.00 0.00 0.00 589.60 0}{589.60 0.00 0.00 0.00 1179.20 0}{1179.20 1446.00 1489.87 1522.00 1768.80 592}{1768.80 0.00 0.00 0.00 2358.40 0}{2358.40 0.00 0.00 0.00 2948.00 0}
COMP 4c-2: 47d9ed_47dc71_47dd45_47ddfe_457ea8 (600 16.05 0 16.00 0 17.00){0.00 0.00 0.00 0.00 6.80 0}{6.80 0.00 0.00 0.00 13.60 0}{13.60 16.00 16.05 17.00 20.40 600}{20.40 0.00 0.00 0.00 27.20 0}{27.20 0.00 0.00 0.00 34.00 0}
COMM 4b-0: 45f858_45fa8d_45fb31_45fbad (8 1.78 3 1.00 0 3.00){0.00 1.00 1.00 1.00 1.20 4}{1.20 2.00 2.00 2.00 2.40 3}{2.40 3.00 3.00 3.00 3.60 1}{3.60 0.00 0.00 0.00 4.80 0}{4.80 0.00 0.00 0.00 6.00 0}
COMM 4b-1: 47d9ed_47dc71_47dd45_47ddfe (592 2.14 0 1.00 7 10.00){0.00 1.00 1.83 2.04 2.40 507}{2.40 3.00 3.03 3.58 3.60 18}{3.60 3.65 3.82 4.00 4.80 59}{4.80 5.00 5.00 5.00 6.00 3}{6.00 7.00 8.00 10.00 12.00 5}
COMM 4b-2: 47d9ed_47dc71_47dd45_47ddfe_457ea8 (600 1.56 0 1.00 3 6.00){0.00 0.00 0.00 0.00 0.80 0}{0.80 1.00 1.00 1.00 1.60 362}{1.60 2.00 2.00 2.00 2.00 163}{2.00 3.00 3.22 4.00 4.00 73}{4.00 5.00 5.50 6.00 8.00 2}
LOOP0: iter: ( 75 )[ 1 -1 0 8 1 ] mem: ( 24 )[ 1 -1 0 8 1 ]
LOOP1: iter: ( 2 )[ 1 -1 0 8 1 ] mem: ( 3 )[ 1 -1 0 8 1 ]
10 2 
12 1 
14 16 
1b 0 
2b ( 2 1 )[ 1 -1 0 2 4 ]
2b ( 2 7 )[ 1 -1 1 2 4 ]
2b ( 6 7 )[ 1 -1 3 2 4 ]
2b ( 6 1 )[ 1 -1 2 2 4 ]

RANKS: 1 -1 0 8 1
EVENT27: 1113 474a92_474e12_474f4b_47503f_457e8e
COMP 4c-0: 46c95e_46cd33_46ce9e_46cfbf_457e56 (1200 16.03 0 16.00 0 17.00){0.00 0.00 0.00 0.00 6.40 0}{6.40 0.00 0.00 0.00 12.80 0}{12.80 16.00 16.03 17.00 19.20 1200}{19.20 0.00 0.00 0.00 25.60 0}{25.60 0.00 0.00 0.00 32.00 0}
COMM 4b-0: 46c95e_46cd33_46ce9e_46cfbf_457e56 (1200 3.29 0 2.00 3 9.00){0.00 0.00 0.00 0.00 1.20 0}{1.20 2.00 2.97 4.61 4.80 1066}{4.80 5.00 5.59 6.00 6.00 114}{6.00 7.00 7.17 8.00 8.00 18}{8.00 9.00 9.00 9.00 10.00 2}
10 2 
12 1 
14 16 
1a ( 2 1 )[ 1 -1 0 2 4 ]
1a ( 2 7 )[ 1 -1 1 2 4 ]
1a ( 6 7 )[ 1 -1 3 2 4 ]
1a ( 6 1 )[ 1 -1 2 2 4 ]
1b 0 

RANKS: 1 -1 0 8 1
EVENT28: 1148 47d9ed_47dc71_47dd45_47ddfe_457ea8
COMP 4c-0: 474a92_474e12_474f4b_47503f_457e8e (1200 16.02 3 15.00 0 17.00){0.00 0.00 0.00 0.00 6.40 0}{6.40 0.00 0.00 0.00 12.80 0}{12.80 15.00 16.02 17.00 19.20 1200}{19.20 0.00 0.00 0.00 25.60 0}{25.60 0.00 0.00 0.00 32.00 0}
COMM 4b-0: 474a92_474e12_474f4b_47503f_457e8e (1200 23.80 0 1.00 7 282.00){0.00 1.00 1.00 1.00 1.60 26}{1.60 2.00 2.00 2.00 2.40 93}{2.40 2.72 3.00 4.00 4.00 719}{4.00 5.00 71.38 170.00 224.00 360}{224.00 231.00 256.50 282.00 340.00 2}
1c 9999 

RANKS: 1 -1 0 8 1
EVENT29: 1090 46c95e_46cd33_46ce9e_46cfbf_45800a
COMP 4c-0: 47d9ed_47dc71_47dd45_47ddfe_457ea8 (600 41708.68 5 41485.00 0 41958.00){0.00 0.00 0.00 0.00 16782.40 0}{16782.40 0.00 0.00 0.00 33564.80 0}{33564.80 41485.00 41708.26 41958.00 50347.20 600}{50347.20 0.00 0.00 0.00 67129.60 0}{67129.60 0.00 0.00 0.00 83912.00 0}
COMP 4c-1: 47d9ed_47dc71_47dd45_47ddfe_458071 (15000 316.24 0 316.00 1 317.00){0.00 0.00 0.00 0.00 126.40 0}{126.40 0.00 0.00 0.00 252.80 0}{252.80 316.00 316.24 317.00 379.20 15000}{379.20 0.00 0.00 0.00 505.60 0}{505.60 0.00 0.00 0.00 632.00 0}
COMP 4c-2: 47d9ed_47dc71_47dd45_47ddfe_458469 (14400 42066.63 5 41822.00 0 42319.00){0.00 0.00 0.00 0.00 16917.20 0}{16917.20 0.00 0.00 0.00 33834.40 0}{33834.40 41822.00 42066.62 42319.00 50751.60 14400}{50751.60 0.00 0.00 0.00 67668.80 0}{67668.80 0.00 0.00 0.00 84586.00 0}
COMM 4b-0: 47d9ed_47dc71_47dd45_47ddfe_457ea8 (600 4.29 0 3.00 7 10.00){0.00 0.00 0.00 0.00 1.60 0}{1.60 3.00 3.91 4.00 4.80 478}{4.80 5.00 5.11 6.00 6.40 94}{6.40 7.00 7.79 8.00 8.00 24}{8.00 9.00 9.25 10.00 12.00 4}
COMM 4b-1: 47d9ed_47dc71_47dd45_47ddfe_458071 (15000 2.82 0 1.00 5 100.00){0.00 1.00 1.01 1.45 1.60 1178}{1.60 1.72 2.63 4.00 4.00 12949}{4.00 5.00 7.73 10.00 10.00 855}{10.00 11.00 17.65 22.00 32.00 17}{32.00 100.00 100.00 100.00 168.00 1}
COMM 4b-2: 47d9ed_47dc71_47dd45_47ddfe_458469 (14400 4.33 5 2.00 7 21.00){0.00 0.00 0.00 0.00 1.60 0}{1.60 2.00 4.22 6.40 6.40 14037}{6.40 7.00 8.25 10.00 10.00 341}{10.00 11.00 15.14 17.00 20.00 21}{20.00 21.00 21.00 21.00 22.00 1}
LOOP0: iter: ( 25 )[ 1 -1 0 8 1 ] mem: ( 12 )[ 1 -1 0 8 1 ]
LOOP1: iter: ( 2 )[ 1 -1 0 8 1 ] mem: ( 3 )[ 1 -1 0 8 1 ]
10 2 
12 37500 
14 16 
1b 0 
2b ( 1 2 )[ 1 -1 0 2 4 ]
2b ( 7 2 )[ 1 -1 1 2 4 ]
2b ( 7 6 )[ 1 -1 3 2 4 ]
2b ( 1 6 )[ 1 -1 2 2 4 ]

RANKS: 1 -1 0 8 1
EVENT30: 1113 474a92_474e12_474f4b_47503f_45805c
COMP 4c-0: 46c95e_46cd33_46ce9e_46cfbf_45800a (30000 16.19 1 16.00 0 17.00){0.00 0.00 0.00 0.00 6.40 0}{6.40 0.00 0.00 0.00 12.80 0}{12.80 16.00 16.19 17.00 19.20 30000}{19.20 0.00 0.00 0.00 25.60 0}{25.60 0.00 0.00 0.00 32.00 0}
COMM 4b-0: 46c95e_46cd33_46ce9e_46cfbf_45800a (30000 341.21 0 167.00 6 1751.00){0.00 0.00 0.00 0.00 147.20 0}{147.20 167.00 274.61 368.00 368.00 23191}{368.00 369.00 565.65 1165.00 1196.00 6787}{1196.00 1211.67 1286.19 1473.00 1474.00 21}{1474.00 1751.00 1751.00 1751.00 2028.00 1}
10 2 
12 37500 
14 16 
1a ( 1 2 )[ 1 -1 0 2 4 ]
1a ( 7 2 )[ 1 -1 1 2 4 ]
1a ( 7 6 )[ 1 -1 3 2 4 ]
1a ( 1 6 )[ 1 -1 2 2 4 ]
1b 0 

RANKS: 1 -1 0 8 1
EVENT31: 1148 47d9ed_47dc71_47dd45_47ddfe_458071
COMP 4c-0: 474a92_474e12_474f4b_47503f_45805c (30000 16.11 3 15.00 0 17.00){0.00 0.00 0.00 0.00 6.40 0}{6.40 0.00 0.00 0.00 12.80 0}{12.80 15.00 16.11 17.00 19.20 30000}{19.20 0.00 0.00 0.00 25.60 0}{25.60 0.00 0.00 0.00 32.00 0}
COMM 4b-0: 474a92_474e12_474f4b_47503f_45805c (30000 3.42 0 1.00 2 113.00){0.00 1.00 2.85 4.00 4.00 26007}{4.00 4.33 5.62 10.00 10.00 3755}{10.00 11.00 30.27 77.00 88.00 234}{88.00 89.00 95.33 101.00 104.00 3}{104.00 113.00 113.00 113.00 122.00 1}
1c 9999 

RANKS: 1 -1 0 8 1
EVENT32: 1090 46c95e_46cd33_46ce9e_46cfbf_458110
COMP 4c-0: 47d9ed_47dc71_47dd45_47ddfe_458071 (15000 321.18 0 320.00 4 323.00){0.00 0.00 0.00 0.00 128.00 0}{128.00 0.00 0.00 0.00 256.00 0}{256.00 320.00 321.19 323.00 384.00 15000}{384.00 0.00 0.00 0.00 512.00 0}{512.00 0.00 0.00 0.00 640.00 0}
COMM 4b-0: 47d9ed_47dc71_47dd45_47ddfe_458071 (15000 2.37 0 1.00 2 18.00){0.00 0.00 0.00 0.00 0.80 0}{0.80 1.00 1.75 2.36 2.40 11154}{2.40 2.47 3.52 7.00 8.00 3344}{8.00 8.27 8.38 12.00 16.00 501}{16.00 18.00 18.00 18.00 20.00 1}
10 2 
12 37500 
14 16 
1b 0 
2b ( 0 )[ 1 -2 0 2 6 2 1 ]
2b ( 2 )[ 1 -1 2 2 1 ]
2b ( 6 )[ 1 -1 4 2 1 ]

RANKS: 1 -1 0 8 1
EVENT33: 1113 474a92_474e12_474f4b_47503f_458145
COMP 4c-0: 46c95e_46cd33_46ce9e_46cfbf_458110 (15000 16.22 0 16.00 0 17.00){0.00 0.00 0.00 0.00 6.40 0}{6.40 0.00 0.00 0.00 12.80 0}{12.80 16.00 16.22 17.00 19.20 15000}{19.20 0.00 0.00 0.00 25.60 0}{25.60 0.00 0.00 0.00 32.00 0}
COMM 4b-0: 46c95e_46cd33_46ce9e_46cfbf_458110 (15000 195.29 0 30.00 2 1523.00){0.00 30.00 45.88 112.00 114.00 5622}{114.00 138.50 163.84 168.00 222.00 4490}{222.00 237.72 237.72 237.72 253.44 1}{253.44 334.12 395.62 1439.00 1456.60 4885}{1456.60 1519.00 1521.00 1523.00 1581.40 2}
10 2 
12 37500 
14 16 
1a ( 0 )[ 1 -2 0 2 6 2 1 ]
1a ( 2 )[ 1 -1 2 2 1 ]
1a ( 6 )[ 1 -1 4 2 1 ]
1b 0 

RANKS: 1 -1 0 8 1
EVENT34: 1148 47d9ed_47dc71_47dd45_47ddfe_45815a
COMP 4c-0: 474a92_474e12_474f4b_47503f_458145 (15000 16.12 3 15.00 0 17.00){0.00 0.00 0.00 0.00 6.40 0}{6.40 0.00 0.00 0.00 12.80 0}{12.80 15.00 16.12 17.00 19.20 15000}{19.20 0.00 0.00 0.00 25.60 0}{25.60 0.00 0.00 0.00 32.00 0}
COMM 4b-0: 474a92_474e12_474f4b_47503f_458145 (15000 2.49 2 1.00 5 84.00){0.00 1.00 2.02 4.00 4.00 14681}{4.00 5.00 5.67 6.00 6.00 3}{6.00 7.00 14.55 14.82 16.00 134}{16.00 16.56 16.56 16.56 17.12 1}{17.12 29.10 31.29 84.00 84.88 181}
1c 9999 

RANKS: 1 -1 0 8 1
EVENT35: 1090 46c95e_46cd33_46ce9e_46cfbf_458276
COMP 4c-0: 47d9ed_47dc71_47dd45_47ddfe_45815a (15000 653.99 3 653.00 3 655.00){0.00 0.00 0.00 0.00 261.60 0}{261.60 0.00 0.00 0.00 523.20 0}{523.20 653.00 653.99 655.00 784.80 15000}{784.80 0.00 0.00 0.00 1046.40 0}{1046.40 0.00 0.00 0.00 1308.00 0}
COMP 4c-1: 47d9ed_47dc71_47dd45_47ddfe_4582c3 (15000 16.37 0 16.00 0 17.00){0.00 0.00 0.00 0.00 6.40 0}{6.40 0.00 0.00 0.00 12.80 0}{12.80 16.00 16.37 17.00 19.20 15000}{19.20 0.00 0.00 0.00 25.60 0}{25.60 0.00 0.00 0.00 32.00 0}
COMM 4b-0: 47d9ed_47dc71_47dd45_47ddfe_45815a (15000 2.08 0 1.00 5 19.00){0.00 1.00 1.00 1.57 1.60 2409}{1.60 2.00 2.20 4.00 4.00 12221}{4.00 5.00 5.04 6.00 8.00 365}{8.00 10.00 10.50 11.00 14.00 4}{14.00 19.00 19.00 19.00 24.00 1}
COMM 4b-1: 47d9ed_47dc71_47dd45_47ddfe_4582c3 (15000 1.58 0 1.00 6 75.00){0.00 0.00 0.00 0.00 0.80 0}{0.80 1.00 1.17 1.35 1.60 10300}{1.60 2.00 2.40 4.00 4.00 4636}{4.00 4.25 5.94 13.00 20.00 63}{20.00 75.00 75.00 75.00 130.00 1}
LOOP0: iter: ( 2 )[ 1 -1 0 8 1 ] mem: ( 3 )[ 1 -1 0 8 1 ]
10 2 
12 1 
14 16 
1b 0 
2b ( 2 1 )[ 1 -1 0 2 4 ]
2b ( 2 7 )[ 1 -1 1 2 4 ]
2b ( 6 7 )[ 1 -1 3 2 4 ]
2b ( 6 1 )[ 1 -1 2 2 4 ]

RANKS: 1 -1 0 8 1
EVENT36: 1113 474a92_474e12_474f4b_47503f_4582ae
COMP 4c-0: 46c95e_46cd33_46ce9e_46cfbf_458276 (30000 16.23 1 16.00 0 17.00){0.00 0.00 0.00 0.00 6.40 0}{6.40 0.00 0.00 0.00 12.80 0}{12.80 16.00 16.23 17.00 19.20 30000}{19.20 0.00 0.00 0.00 25.60 0}{25.60 0.00 0.00 0.00 32.00 0}
COMM 4b-0: 46c95e_46cd33_46ce9e_46cfbf_458276 (30000 3.71 0 2.00 2 24.00){0.00 0.00 0.00 0.00 1.20 0}{1.20 2.00 3.45 6.00 6.00 27712}{6.00 6.20 6.74 8.00 8.00 2222}{8.00 9.00 9.13 10.00 10.00 23}{10.00 11.59 12.88 24.00 36.00 43}
10 2 
12 1 
14 16 
1a ( 2 1 )[ 1 -1 0 2 4 ]
1a ( 2 7 )[ 1 -1 1 2 4 ]
1a ( 6 7 )[ 1 -1 3 2 4 ]
1a ( 6 1 )[ 1 -1 2 2 4 ]
1b 0 

RANKS: 1 -1 0 8 1
EVENT37: 1148 47d9ed_47dc71_47dd45_47ddfe_4582c3
COMP 4c-0: 474a92_474e12_474f4b_47503f_4582ae (30000 16.14 0 16.00 0 17.00){0.00 0.00 0.00 0.00 6.40 0}{6.40 0.00 0.00 0.00 12.80 0}{12.80 16.00 16.14 17.00 19.20 30000}{19.20 0.00 0.00 0.00 25.60 0}{25.60 0.00 0.00 0.00 32.00 0}
COMM 4b-0: 474a92_474e12_474f4b_47503f_4582ae (30000 80.15 3 0.00 0 1563.00){0.00 0.00 38.45 179.00 180.00 26865}{180.00 181.00 351.64 540.00 540.00 2350}{540.00 540.78 658.07 897.70 900.00 713}{900.00 907.00 968.98 1055.00 1058.00 47}{1058.00 1061.00 1204.44 1563.00 1670.00 25}
1c 9999 

RANKS: 1 -1 0 8 1
EVENT38: 1090 46c95e_46cd33_46ce9e_46cfbf_45841c
COMP 4c-0: 47d9ed_47dc71_47dd45_47ddfe_4582c3 (15000 808.27 0 807.00 0 811.00){0.00 0.00 0.00 0.00 323.20 0}{323.20 0.00 0.00 0.00 646.40 0}{646.40 807.00 808.27 811.00 969.60 15000}{969.60 0.00 0.00 0.00 1292.80 0}{1292.80 0.00 0.00 0.00 1616.00 0}
COMP 4c-1: 47d9ed_47dc71_47dd45_47ddfe_458469 (15000 16.41 0 16.00 0 17.00){0.00 0.00 0.00 0.00 6.40 0}{6.40 0.00 0.00 0.00 12.80 0}{12.80 16.00 16.41 17.00 19.20 15000}{19.20 0.00 0.00 0.00 25.60 0}{25.60 0.00 0.00 0.00 32.00 0}
COMM 4b-0: 47d9ed_47dc71_47dd45_47ddfe_4582c3 (15000 1.74 0 1.00 1 16.00){0.00 0.00 0.00 0.00 0.40 0}{0.40 0.00 0.00 0.00 0.80 0}{0.80 1.00 1.00 1.00 1.60 5969}{1.60 2.00 2.00 2.00 2.00 2642}{2.00 2.00 2.32 16.00 20.00 6389}
COMM 4b-1: 47d9ed_47dc71_47dd45_47ddfe_458469 (15000 1.61 0 1.00 4 42.00){0.00 0.00 0.00 0.00 0.80 0}{0.80 1.00 1.06 1.43 1.60 9089}{1.60 2.00 2.00 2.00 2.00 415}{2.00 2.39 2.47 17.00 20.00 5495}{20.00 42.00 42.00 42.00 64.00 1}
LOOP0: iter: ( 2 )[ 1 -1 0 8 1 ] mem: ( 3 )[ 1 -1 0 8 1 ]
10 2 
12 1 
14 16 
1b 0 
2b ( 2 1 )[ 1 -1 0 2 4 ]
2b ( 2 7 )[ 1 -1 1 2 4 ]
2b ( 6 7 )[ 1 -1 3 2 4 ]
2b ( 6 1 )[ 1 -1 2 2 4 ]

RANKS: 1 -1 0 8 1
EVENT39: 1113 474a92_474e12_474f4b_47503f_458454
COMP 4c-0: 46c95e_46cd33_46ce9e_46cfbf_45841c (30000 16.17 0 16.00 0 17.00){0.00 0.00 0.00 0.00 6.40 0}{6.40 0.00 0.00 0.00 12.80 0}{12.80 16.00 16.17 17.00 19.20 30000}{19.20 0.00 0.00 0.00 25.60 0}{25.60 0.00 0.00 0.00 32.00 0}
COMM 4b-0: 46c95e_46cd33_46ce9e_46cfbf_45841c (30000 3.34 0 2.00 3 112.00){0.00 0.00 0.00 0.00 1.20 0}{1.20 2.00 2.90 4.67 4.80 25912}{4.80 4.83 5.93 5.93 6.00 4024}{6.00 7.00 9.21 14.00 16.00 56}{16.00 20.00 56.75 112.00 208.00 8}
10 2 
12 1 
14 16 
1a ( 2 1 )[ 1 -1 0 2 4 ]
1a ( 2 7 )[ 1 -1 1 2 4 ]
1a ( 6 7 )[ 1 -1 3 2 4 ]
1a ( 6 1 )[ 1 -1 2 2 4 ]
1b 0 

RANKS: 1 -1 0 8 1
EVENT40: 1148 47d9ed_47dc71_47dd45_47ddfe_458469
COMP 4c-0: 474a92_474e12_474f4b_47503f_458454 (30000 16.08 0 16.00 0 17.00){0.00 0.00 0.00 0.00 6.40 0}{6.40 0.00 0.00 0.00 12.80 0}{12.80 16.00 16.08 17.00 19.20 30000}{19.20 0.00 0.00 0.00 25.60 0}{25.60 0.00 0.00 0.00 32.00 0}
COMM 4b-0: 474a92_474e12_474f4b_47503f_458454 (30000 30.47 0 1.00 5 438.00){0.00 1.00 4.19 47.00 47.20 22188}{47.20 48.00 83.86 141.00 141.60 6416}{141.60 142.00 187.48 236.00 236.00 1154}{236.00 236.33 273.65 357.00 376.00 239}{376.00 406.00 419.33 438.00 440.00 3}
1c 9999 

RANKS: 1 -1 0 8 1
EVENT41: 1090 46c95e_46cd33_46ce9e_46cfbf_45861a
COMP 4c-0: 47d9ed_47dc71_47dd45_47ddfe_458469 (600 42068.16 5 41842.00 0 42319.00){0.00 0.00 0.00 0.00 16925.20 0}{16925.20 0.00 0.00 0.00 33850.40 0}{33850.40 41842.00 42067.75 42319.00 50775.60 600}{50775.60 0.00 0.00 0.00 67700.80 0}{67700.80 0.00 0.00 0.00 84626.00 0}
COMP 4c-1: 47d9ed_47dc71_47dd45_47ddfe_458681 (600 316.24 0 316.00 0 317.00){0.00 0.00 0.00 0.00 126.40 0}{126.40 0.00 0.00 0.00 252.80 0}{252.80 316.00 316.25 317.00 379.20 600}{379.20 0.00 0.00 0.00 505.60 0}{505.60 0.00 0.00 0.00 632.00 0}
COMM 4b-0: 47d9ed_47dc71_47dd45_47ddfe_458469 (600 4.30 0 3.00 1 9.00){0.00 0.00 0.00 0.00 1.60 0}{1.60 3.00 3.94 4.00 4.80 469}{4.80 5.00 5.26 6.00 6.40 117}{6.40 7.00 7.88 8.00 8.00 8}{8.00 9.00 9.00 9.00 10.00 6}
COMM 4b-1: 47d9ed_47dc71_47dd45_47ddfe_458681 (600 2.72 0 1.00 1 18.00){0.00 1.00 1.00 1.00 1.60 120}{1.60 2.00 2.25 2.36 2.40 290}{2.40 3.00 3.68 4.00 4.00 152}{4.00 5.00 7.57 10.50 16.00 37}{16.00 18.00 18.00 18.00 20.00 1}
LOOP0: iter: ( 2 )[ 1 -1 0 8 1 ] mem: ( 3 )[ 1 -1 0 8 1 ]
10 2 
12 37500 
14 16 
1b 0 
2b ( 1 2 )[ 1 -1 0 2 4 ]
2b ( 7 2 )[ 1 -1 1 2 4 ]
2b ( 7 6 )[ 1 -1 3 2 4 ]
2b ( 1 6 )[ 1 -1 2 2 4 ]

RANKS: 1 -1 0 8 1
EVENT42: 1113 474a92_474e12_474f4b_47503f_45866c
COMP 4c-0: 46c95e_46cd33_46ce9e_46cfbf_45861a (1200 16.20 0 16.00 0 17.00){0.00 0.00 0.00 0.00 6.40 0}{6.40 0.00 0.00 0.00 12.80 0}{12.80 16.00 16.20 17.00 19.20 1200}{19.20 0.00 0.00 0.00 25.60 0}{25.60 0.00 0.00 0.00 32.00 0}
COMM 4b-0: 46c95e_46cd33_46ce9e_46cfbf_45861a (1200 341.28 3 168.00 5 1207.00){0.00 0.00 0.00 0.00 145.60 0}{145.60 168.00 239.11 354.00 364.00 822}{364.00 366.00 558.10 981.25 1020.00 374}{1020.00 1041.00 1052.00 1063.00 1106.00 2}{1106.00 1110.00 1158.50 1207.00 1308.00 2}
10 2 
12 37500 
14 16 
1a ( 1 2 )[ 1 -1 0 2 4 ]
1a ( 7 2 )[ 1 -1 1 2 4 ]
1a ( 7 6 )[ 1 -1 3 2 4 ]
1a ( 1 6 )[ 1 -1 2 2 4 ]
1b 0 

RANKS: 1 -1 0 8 1
EVENT43: 1148 47d9ed_47dc71_47dd45_47ddfe_458681
COMP 4c-0: 474a92_474e12_474f4b_47503f_45866c (1200 16.12 0 16.00 0 17.00){0.00 0.00 0.00 0.00 6.40 0}{6.40 0.00 0.00 0.00 12.80 0}{12.80 16.00 16.12 17.00 19.20 1200}{19.20 0.00 0.00 0.00 25.60 0}{25.60 0.00 0.00 0.00 32.00 0}
COMM 4b-0: 474a92_474e12_474f4b_47503f_45866c (1200 3.35 0 1.00 7 60.00){0.00 1.00 1.88 4.00 4.00 727}{4.00 4.57 4.84 6.00 6.00 436}{6.00 7.00 8.62 13.00 14.00 26}{14.00 20.00 24.22 36.00 40.00 9}{40.00 45.00 52.50 60.00 80.00 2}
1c 9999 

RANKS: 1 -1 0 8 1
EVENT44: 1090 46c95e_46cd33_46ce9e_46cfbf_458722
COMP 4c-0: 47d9ed_47dc71_47dd45_47ddfe_458681 (600 321.18 0 320.00 1 323.00){0.00 0.00 0.00 0.00 128.00 0}{128.00 0.00 0.00 0.00 256.00 0}{256.00 320.00 321.18 323.00 384.00 600}{384.00 0.00 0.00 0.00 512.00 0}{512.00 0.00 0.00 0.00 640.00 0}
COMM 4b-0: 47d9ed_47dc71_47dd45_47ddfe_458681 (600 2.39 0 1.00 4 11.00){0.00 0.00 0.00 0.00 0.80 0}{0.80 1.00 1.00 1.00 1.60 136}{1.60 2.00 2.00 2.00 2.00 126}{2.00 2.19 2.88 7.00 8.00 325}{8.00 8.09 8.46 11.00 12.00 13}
10 2 
12 37500 
14 16 
1b 0 
2b ( 0 )[ 1 -2 0 2 6 2 1 ]
2b ( 2 )[ 1 -1 2 2 1 ]
2b ( 6 )[ 1 -1 4 2 1 ]

RANKS: 1 -1 0 8 1
EVENT45: 1113 474a92_474e12_474f4b_47503f_458757
COMP 4c-0: 46c95e_46cd33_46ce9e_46cfbf_458722 (600 16.24 0 16.00 0 17.00){0.00 0.00 0.00 0.00 6.40 0}{6.40 0.00 0.00 0.00 12.80 0}{12.80 16.00 16.24 17.00 19.20 600}{19.20 0.00 0.00 0.00 25.60 0}{25.60 0.00 0.00 0.00 32.00 0}
COMM 4b-0: 46c95e_46cd33_46ce9e_46cfbf_458722 (600 193.73 0 31.00 2 1216.00){0.00 31.00 42.77 68.00 68.00 300}{68.00 168.00 266.01 274.83 276.00 233}{276.00 465.00 579.26 598.96 654.00 58}{654.00 741.00 780.67 806.00 828.00 3}{828.00 833.00 941.17 1216.00 1248.00 6}
10 2 
12 37500 
14 16 
1a ( 0 )[ 1 -2 0 2 6 2 1 ]
1a ( 2 )[ 1 -1 2 2 1 ]
1a ( 6 )[ 1 -1 4 2 1 ]
1b 0 

RANKS: 1 -1 0 8 1
EVENT46: 1148 47d9ed_47dc71_47dd45_47ddfe_45876c
COMP 4c-0: 474a92_474e12_474f4b_47503f_458757 (600 16.13 0 16.00 0 17.00){0.00 0.00 0.00 0.00 6.40 0}{6.40 0.00 0.00 0.00 12.80 0}{12.80 16.00 16.13 17.00 19.20 600}{19.20 0.00 0.00 0.00 25.60 0}{25.60 0.00 0.00 0.00 32.00 0}
COMM 4b-0: 474a92_474e12_474f4b_47503f_458757 (600 2.41 0 1.00 5 25.00){0.00 0.00 0.00 0.00 0.80 0}{0.80 1.00 1.31 2.00 2.00 413}{2.00 2.10 3.64 8.00 8.00 167}{8.00 10.00 10.79 11.38 12.00 3}{12.00 12.36 15.74 25.00 34.00 17}
1c 9999 

RANKS: 1 -1 0 8 1
EVENT47: 1090 46c95e_46cd33_46ce9e_46cfbf
COMP 4c-0: 47d9ed_47dc71_47dd45_47ddfe (1800 167.82 5 14.00 3 470.00){0.00 0.00 0.00 0.00 6.00 0}{6.00 0.00 0.00 0.00 12.00 0}{12.00 14.00 17.26 21.00 24.00 1200}{24.00 0.00 0.00 0.00 30.00 0}{30.00 468.00 469.19 470.00 908.00 600}
COMP 4c-1: 47d9ed_47dc71_47dd45_47ddfe_45876c (600 352.16 0 352.00 0 353.00){0.00 0.00 0.00 0.00 140.80 0}{140.80 0.00 0.00 0.00 281.60 0}{281.60 352.00 352.16 353.00 422.40 600}{422.40 0.00 0.00 0.00 563.20 0}{563.20 0.00 0.00 0.00 704.00 0}
COMM 4b-0: 47d9ed_47dc71_47dd45_47ddfe (1800 1.69 0 1.00 5 15.00){0.00 1.00 1.00 1.00 1.60 884}{1.60 2.00 2.00 2.00 2.00 650}{2.00 3.00 3.12 4.00 4.00 259}{4.00 5.00 5.00 5.00 6.00 5}{6.00 7.00 11.00 15.00 24.00 2}
COMM 4b-1: 47d9ed_47dc71_47dd45_47ddfe_45876c (600 2.15 0 1.00 7 17.00){0.00 0.00 0.00 0.00 0.80 0}{0.80 1.00 1.44 2.00 2.00 336}{2.00 2.45 2.81 4.00 4.00 240}{4.00 5.00 5.04 6.00 6.00 23}{6.00 17.00 17.00 17.00 28.00 1}
LOOP0: iter: ( 4 )[ 1 -1 0 8 1 ] mem: ( 3 )[ 1 -1 0 8 1 ]
10 2 
12 1 1 2 2 
14 16 
1b 0 
2b ( 2 1 )[ 1 -1 0 2 4 ]
2b ( 2 7 )[ 1 -1 1 2 4 ]
2b ( 6 7 )[ 1 -1 3 2 4 ]
2b ( 6 1 )[ 1 -1 2 2 4 ]

RANKS: 1 -1 0 8 1
EVENT48: 1113 474a92_474e12_474f4b_47503f
COMP 4c-0: 46c95e_46cd33_46ce9e_46cfbf (2400 14.90 0 14.00 0 15.00){0.00 0.00 0.00 0.00 5.60 0}{5.60 0.00 0.00 0.00 11.20 0}{11.20 14.00 14.90 15.00 16.80 2400}{16.80 0.00 0.00 0.00 22.40 0}{22.40 0.00 0.00 0.00 28.00 0}
COMM 4b-0: 46c95e_46cd33_46ce9e_46cfbf (2400 3.47 0 2.00 6 61.00){0.00 0.00 0.00 0.00 1.60 0}{1.60 2.00 3.41 6.27 6.40 2384}{6.40 7.00 7.33 8.00 8.00 6}{8.00 9.00 10.00 12.00 16.00 9}{16.00 61.00 61.00 61.00 106.00 1}
10 2 
12 1 1 2 2 
14 16 
1a ( 2 1 )[ 1 -1 0 2 4 ]
1a ( 2 7 )[ 1 -1 1 2 4 ]
1a ( 6 7 )[ 1 -1 3 2 4 ]
1a ( 6 1 )[ 1 -1 2 2 4 ]
1b 0 

RANKS: 1 -1 0 8 1
EVENT49: 1148 47d9ed_47dc71_47dd45_47ddfe
COMP 4c-0: 474a92_474e12_474f4b_47503f (2400 14.86 0 14.00 0 15.00){0.00 0.00 0.00 0.00 5.60 0}{5.60 0.00 0.00 0.00 11.20 0}{11.20 14.00 14.86 15.00 16.80 2400}{16.80 0.00 0.00 0.00 22.40 0}{22.40 0.00 0.00 0.00 28.00 0}
COMM 4b-0: 474a92_474e12_474f4b_47503f (2400 55.09 0 1.00 0 1199.00){0.00 1.00 14.83 145.00 145.20 2029}{145.20 146.00 226.38 429.00 435.60 324}{435.60 436.00 553.33 722.00 726.00 39}{726.00 730.00 804.67 850.00 852.00 6}{852.00 873.00 1036.00 1199.00 1546.00 2}
1c 9999 

RANKS: 1 -1 0 8 1
EVENT50: 1104 471041_4713de_471542_471651
COMP 4c-0: 47d9ed_47dc71_47dd45_47ddfe (8 408.78 1 381.00 1 427.00){0.00 0.00 0.00 0.00 162.40 0}{162.40 0.00 0.00 0.00 324.80 0}{324.80 381.00 409.12 427.00 487.20 8}{487.20 0.00 0.00 0.00 649.60 0}{649.60 0.00 0.00 0.00 812.00 0}
COMM 4b-0: 47d9ed_47dc71_47dd45_47ddfe (8 121.11 1 11.00 0 286.00){0.00 11.00 23.20 70.00 114.40 5}{114.40 184.00 201.00 218.00 228.80 2}{228.80 286.00 286.00 286.00 343.20 1}{343.20 0.00 0.00 0.00 457.60 0}{457.60 0.00 0.00 0.00 572.00 0}
10 2 
12 1 
14 16 
18 1 
19 0 

RANKS: 1 -1 0 8 1
EVENT51: 1045 465827_46589b_465901_46595c
COMP 4c-0: 471041_4713de_471542_471651 (8 2208.11 0 210.00 1 3824.00){0.00 0.00 0.00 0.00 84.00 0}{84.00 0.00 0.00 0.00 168.00 0}{168.00 210.00 210.00 210.00 420.00 1}{420.00 2014.00 2604.83 3199.00 3608.00 6}{3608.00 3824.00 3824.00 3824.00 4040.00 1}

