RANKS: 1 -1 0 4 1
EVENT0: 1084 479384_479443_4794d9_479534
33 2 
34 0 

RANKS: 1 -1 0 4 1
EVENT1: 1011 46d561_46d890_46d9ab_46da97
COMP 4b-0: 46d561_46d890_46d9ab_46da97 (32 6.70 0 5.00 1 31.00){0.00 0.00 0.00 0.00 4.00 0}{4.00 5.00 5.75 6.00 6.00 28}{6.00 7.00 7.00 7.00 8.00 2}{8.00 10.00 10.00 10.00 10.00 1}{10.00 31.00 31.00 31.00 52.00 1}
COMP 4b-1: 479384_479443_4794d9_479534 (4 160.00 1 58.00 0 312.00){0.00 58.00 58.67 60.00 124.80 3}{124.80 0.00 0.00 0.00 249.60 0}{249.60 312.00 312.00 312.00 374.40 1}{374.40 0.00 0.00 0.00 499.20 0}{499.20 0.00 0.00 0.00 624.00 0}
COMM 4b-0: 46d561_46d890_46d9ab_46da97 (32 12.18 3 1.00 2 89.00){0.00 1.00 1.00 1.00 1.20 1}{1.20 2.00 2.00 2.00 2.40 8}{2.40 2.67 2.92 4.00 4.80 12}{4.80 5.00 5.67 6.00 6.00 3}{6.00 8.00 41.25 89.00 170.00 8}
COMM 4b-1: 479384_479443_4794d9_479534 (4 247.80 0 17.00 1 466.00){0.00 0.00 0.00 0.00 6.80 0}{6.80 0.00 0.00 0.00 13.60 0}{13.60 17.00 17.00 17.00 27.20 1}{27.20 0.00 0.00 0.00 34.00 0}{34.00 275.00 401.67 466.00 894.00 3}
LOOP0: iter: ( 9 )[ 1 -1 0 4 1 ] mem: ( 1 )[ 1 -1 0 4 1 ]
10 2 
12 1 1 1 1 1 5 1 1 1 
14 14 14 14 16 16 16 14 14 14 
19 0 

RANKS: 1 -1 2 1 0
EVENT2: 1113 4822b2_482632_48276b_48285f
COMP 4b-0: 46d561_46d890_46d9ab_46da97 (1 568761.00 2 568761.00 2 568761.00){0.00 0.00 0.00 0.00 227504.40 0}{227504.40 0.00 0.00 0.00 455008.80 0}{455008.80 568761.00 568761.00 568761.00 682513.20 1}{682513.20 0.00 0.00 0.00 910017.60 0}{910017.60 0.00 0.00 0.00 1137522.00 0}
COMM 4b-0: 46d561_46d890_46d9ab_46da97 (1 992.00 2 992.00 2 992.00){0.00 0.00 0.00 0.00 396.80 0}{396.80 0.00 0.00 0.00 793.60 0}{793.60 992.00 992.00 992.00 1190.40 1}{1190.40 0.00 0.00 0.00 1587.20 0}{1587.20 0.00 0.00 0.00 1984.00 0}
10 2 
12 131220 
14 16 
1a 1 
1b 0 

RANKS: 1 -1 1 2 1
EVENT3: 1090 47a17e_47a553_47a6be_47a7df
COMP 4b-0: 46d561_46d890_46d9ab_46da97 (1 567791.00 1 567791.00 1 567791.00){0.00 0.00 0.00 0.00 227116.40 0}{227116.40 0.00 0.00 0.00 454232.80 0}{454232.80 567791.00 567791.00 567791.00 681349.20 1}{681349.20 0.00 0.00 0.00 908465.60 0}{908465.60 0.00 0.00 0.00 1135582.00 0}
COMP 4b-1: 4822b2_482632_48276b_48285f (1 11.00 2 11.00 2 11.00){0.00 0.00 0.00 0.00 4.40 0}{4.40 0.00 0.00 0.00 8.80 0}{8.80 11.00 11.00 11.00 13.20 1}{13.20 0.00 0.00 0.00 17.60 0}{17.60 0.00 0.00 0.00 22.00 0}
COMP 4b-2: 48b20d_48b491_48b565_48b61e (1 106874.00 2 106874.00 2 106874.00){0.00 0.00 0.00 0.00 42749.60 0}{42749.60 0.00 0.00 0.00 85499.20 0}{85499.20 106874.00 106874.00 106874.00 128248.80 1}{128248.80 0.00 0.00 0.00 170998.40 0}{170998.40 0.00 0.00 0.00 213748.00 0}
COMM 4b-0: 46d561_46d890_46d9ab_46da97 (1 5.00 1 5.00 1 5.00){0.00 0.00 0.00 0.00 2.00 0}{2.00 0.00 0.00 0.00 4.00 0}{4.00 5.00 5.00 5.00 6.00 1}{6.00 0.00 0.00 0.00 8.00 0}{8.00 0.00 0.00 0.00 10.00 0}
COMM 4b-1: 4822b2_482632_48276b_48285f (1 3.00 2 3.00 2 3.00){0.00 0.00 0.00 0.00 1.20 0}{1.20 0.00 0.00 0.00 2.40 0}{2.40 3.00 3.00 3.00 3.60 1}{3.60 0.00 0.00 0.00 4.80 0}{4.80 0.00 0.00 0.00 6.00 0}
COMM 4b-2: 48b20d_48b491_48b565_48b61e (1 3.00 2 3.00 2 3.00){0.00 0.00 0.00 0.00 1.20 0}{1.20 0.00 0.00 0.00 2.40 0}{2.40 3.00 3.00 3.00 3.60 1}{3.60 0.00 0.00 0.00 4.80 0}{4.80 0.00 0.00 0.00 6.00 0}
LOOP0: iter: ( 2 )[ 1 -1 2 1 0 ] mem: ( 2 )[ 1 -1 2 1 0 ]
10 2 
12 131220 
14 16 
1b 0 
2b 2147483647 

RANKS: 1 -1 1 2 1
EVENT4: 1148 48b20d_48b491_48b565_48b61e
COMP 4b-0: 47a17e_47a553_47a6be_47a7df (3 12.00 2 6.00 1 14.00){0.00 0.00 0.00 0.00 5.60 0}{5.60 6.00 6.00 6.00 11.20 1}{11.20 14.00 14.00 14.00 16.80 2}{16.80 0.00 0.00 0.00 22.40 0}{22.40 0.00 0.00 0.00 28.00 0}
COMM 4b-0: 47a17e_47a553_47a6be_47a7df (3 2539.50 2 1871.00 1 3161.00){0.00 0.00 0.00 0.00 1264.40 0}{1264.40 1871.00 1918.00 1965.00 2528.80 2}{2528.80 3161.00 3161.00 3161.00 3793.20 1}{3793.20 0.00 0.00 0.00 5057.60 0}{5057.60 0.00 0.00 0.00 6322.00 0}
1c 9999 

RANKS: 1 -1 1 2 1
EVENT5: 1113 4822b2_482632_48276b_48285f
COMP 4b-0: 4822b2_482632_48276b_48285f (2 143532.00 1 106877.00 2 216842.00){0.00 0.00 0.00 0.00 42750.80 0}{42750.80 0.00 0.00 0.00 85501.60 0}{85501.60 106877.00 106877.00 106877.00 171003.20 1}{171003.20 0.00 0.00 0.00 213754.00 0}{213754.00 216842.00 216842.00 216842.00 219930.00 1}
COMP 4b-1: 48b20d_48b491_48b565_48b61e (2 954.00 2 722.00 1 1070.00){0.00 0.00 0.00 0.00 428.00 0}{428.00 722.00 722.00 722.00 856.00 1}{856.00 1070.00 1070.00 1070.00 1284.00 1}{1284.00 0.00 0.00 0.00 1712.00 0}{1712.00 0.00 0.00 0.00 2140.00 0}
COMM 4b-0: 4822b2_482632_48276b_48285f (2 573.33 2 568.00 1 576.00){0.00 0.00 0.00 0.00 230.40 0}{230.40 0.00 0.00 0.00 460.80 0}{460.80 568.00 572.00 576.00 691.20 2}{691.20 0.00 0.00 0.00 921.60 0}{921.60 0.00 0.00 0.00 1152.00 0}
COMM 4b-1: 48b20d_48b491_48b565_48b61e (2 809.67 2 557.00 1 936.00){0.00 0.00 0.00 0.00 374.40 0}{374.40 557.00 557.00 557.00 748.80 1}{748.80 936.00 936.00 936.00 1123.20 1}{1123.20 0.00 0.00 0.00 1497.60 0}{1497.60 0.00 0.00 0.00 1872.00 0}
LOOP0: iter: ( 2 )[ 1 -1 1 2 1 ] mem: ( 1 )[ 1 -1 1 2 1 ]
10 2 
12 131220 
14 16 
1a ( 3 2 )[ 1 -1 1 1 0 ]
1a ( 2 1 )[ 1 -1 2 1 0 ]
1b 0 

RANKS: 1 -1 1 3 1
EVENT6: 1090 47a17e_47a553_47a6be_47a7df
COMP 4b-0: 46d561_46d890_46d9ab_46da97 (1 567988.00 3 567988.00 3 567988.00){0.00 0.00 0.00 0.00 227195.20 0}{227195.20 0.00 0.00 0.00 454390.40 0}{454390.40 567988.00 567988.00 567988.00 681585.60 1}{681585.60 0.00 0.00 0.00 908780.80 0}{908780.80 0.00 0.00 0.00 1135976.00 0}
COMP 4b-1: 4822b2_482632_48276b_48285f (5 68527.83 1 7.00 3 216566.00){0.00 0.00 0.00 0.00 2.80 0}{2.80 0.00 0.00 0.00 5.60 0}{5.60 7.00 7.00 7.00 14.00 2}{14.00 87959.00 97290.00 106621.00 175904.00 2}{175904.00 216566.00 216566.00 216566.00 257228.00 1}
COMP 4b-2: 48b20d_48b491_48b565_48b61e (2 173705.33 2 88390.00 1 216363.00){0.00 0.00 0.00 0.00 86545.20 0}{86545.20 88390.00 88390.00 88390.00 173090.40 1}{173090.40 216363.00 216363.00 216363.00 259635.60 1}{259635.60 0.00 0.00 0.00 346180.80 0}{346180.80 0.00 0.00 0.00 432726.00 0}
COMM 4b-0: 46d561_46d890_46d9ab_46da97 (1 5.00 3 5.00 3 5.00){0.00 0.00 0.00 0.00 2.00 0}{2.00 0.00 0.00 0.00 4.00 0}{4.00 5.00 5.00 5.00 6.00 1}{6.00 0.00 0.00 0.00 8.00 0}{8.00 0.00 0.00 0.00 10.00 0}
COMM 4b-1: 4822b2_482632_48276b_48285f (5 2.50 1 2.00 3 3.00){0.00 0.00 0.00 0.00 0.80 0}{0.80 0.00 0.00 0.00 1.60 0}{1.60 2.00 2.00 2.00 2.40 2}{2.40 3.00 3.00 3.00 3.20 3}{3.20 0.00 0.00 0.00 4.00 0}
COMM 4b-2: 48b20d_48b491_48b565_48b61e (2 2.67 2 2.00 1 3.00){0.00 0.00 0.00 0.00 1.20 0}{1.20 2.00 2.00 2.00 2.40 1}{2.40 3.00 3.00 3.00 3.60 1}{3.60 0.00 0.00 0.00 4.80 0}{4.80 0.00 0.00 0.00 6.00 0}
LOOP0: iter: ( 2 )[ 1 -1 1 2 1 ]( 4 )[ 1 -1 3 1 0 ] mem: ( 2 )[ 1 -1 1 2 1 ]( 3 )[ 1 -1 3 1 0 ]
10 2 
12 131220 
14 16 
1b 0 
2b 2147483647 

RANKS: 1 -1 1 3 1
EVENT7: 1148 48b20d_48b491_48b565_48b61e
COMP 4b-0: 47a17e_47a553_47a6be_47a7df (8 7.67 1 6.00 3 15.00){0.00 0.00 0.00 0.00 2.80 0}{2.80 0.00 0.00 0.00 5.60 0}{5.60 6.00 6.71 9.00 11.20 7}{11.20 0.00 0.00 0.00 14.00 0}{14.00 15.00 15.00 15.00 16.00 1}
COMM 4b-0: 47a17e_47a553_47a6be_47a7df (8 1322.33 2 560.00 3 1982.00){0.00 0.00 0.00 0.00 490.40 0}{490.40 560.00 735.50 911.00 980.80 2}{980.80 1226.00 1286.67 1352.00 1471.20 3}{1471.20 1587.00 1681.00 1775.00 1961.60 2}{1961.60 1982.00 1982.00 1982.00 2452.00 1}
1c 9999 

RANKS: 1 -1 0 4 1
EVENT8: 1113 4822b2_482632_48276b_48285f
COMP 4b-0: 46d561_46d890_46d9ab_46da97 (1 570035.00 0 570035.00 0 570035.00){0.00 0.00 0.00 0.00 228014.00 0}{228014.00 0.00 0.00 0.00 456028.00 0}{456028.00 570035.00 570035.00 570035.00 684042.00 1}{684042.00 0.00 0.00 0.00 912056.00 0}{912056.00 0.00 0.00 0.00 1140070.00 0}
COMP 4b-1: 4822b2_482632_48276b_48285f (1 87960.00 1 87960.00 1 87960.00){0.00 0.00 0.00 0.00 35184.00 0}{35184.00 0.00 0.00 0.00 70368.00 0}{70368.00 87960.00 87960.00 87960.00 105552.00 1}{105552.00 0.00 0.00 0.00 140736.00 0}{140736.00 0.00 0.00 0.00 175920.00 0}
COMP 4b-2: 48b20d_48b491_48b565_48b61e (9 52387.40 2 714.00 0 217454.00){0.00 714.00 852.83 1075.00 42817.20 6}{42817.20 0.00 0.00 0.00 85634.40 0}{85634.40 87217.00 97130.00 107043.00 171268.80 2}{171268.80 0.00 0.00 0.00 214086.00 0}{214086.00 217454.00 217454.00 217454.00 220822.00 1}
COMM 4b-0: 46d561_46d890_46d9ab_46da97 (1 976.00 0 976.00 0 976.00){0.00 0.00 0.00 0.00 390.40 0}{390.40 0.00 0.00 0.00 780.80 0}{780.80 976.00 976.00 976.00 1171.20 1}{1171.20 0.00 0.00 0.00 1561.60 0}{1561.60 0.00 0.00 0.00 1952.00 0}
COMM 4b-1: 4822b2_482632_48276b_48285f (1 570.00 1 570.00 1 570.00){0.00 0.00 0.00 0.00 228.00 0}{228.00 0.00 0.00 0.00 456.00 0}{456.00 570.00 570.00 570.00 684.00 1}{684.00 0.00 0.00 0.00 912.00 0}{912.00 0.00 0.00 0.00 1140.00 0}
COMM 4b-2: 48b20d_48b491_48b565_48b61e (9 649.70 2 556.00 0 996.00){0.00 0.00 0.00 0.00 226.80 0}{226.80 0.00 0.00 0.00 453.60 0}{453.60 556.00 565.86 578.00 680.40 7}{680.40 0.00 0.00 0.00 907.20 0}{907.20 973.00 984.50 996.00 1134.00 2}
LOOP0: iter: ( 4 )[ 1 -1 0 1 0 ]( 2 )[ 1 -1 1 1 0 ] mem: ( 3 )[ 1 -1 0 1 0 ]( 1 )[ 1 -1 1 1 0 ]
10 2 
12 131220 
14 16 
1a ( 1 2 )[ 1 -1 0 1 0 ]
1a ( 3 2 )[ 1 -1 1 2 2 ]
1a ( 2 )[ 1 -1 2 1 0 ]
1b 0 

RANKS: 1 -1 0 2 1
EVENT9: 1090 47a17e_47a553_47a6be_47a7df
COMP 4b-0: 4822b2_482632_48276b_48285f (5 9.33 0 6.00 0 14.00){0.00 0.00 0.00 0.00 4.40 0}{4.40 6.00 6.67 8.00 8.80 3}{8.80 11.00 11.00 11.00 13.20 1}{13.20 14.00 14.00 14.00 17.60 1}{17.60 0.00 0.00 0.00 22.00 0}
COMM 4b-0: 4822b2_482632_48276b_48285f (5 2.33 0 2.00 0 3.00){0.00 0.00 0.00 0.00 1.20 0}{1.20 2.00 2.00 2.00 2.40 4}{2.40 3.00 3.00 3.00 3.60 1}{3.60 0.00 0.00 0.00 4.80 0}{4.80 0.00 0.00 0.00 6.00 0}
10 2 
12 131220 
14 16 
1b 0 
2b 2147483647 

RANKS: 1 -1 0 2 1
EVENT10: 1148 48b20d_48b491_48b565_48b61e
COMP 4b-0: 47a17e_47a553_47a6be_47a7df (5 8.00 0 6.00 0 11.00){0.00 0.00 0.00 0.00 4.40 0}{4.40 6.00 6.50 7.00 8.80 4}{8.80 11.00 11.00 11.00 13.20 1}{13.20 0.00 0.00 0.00 17.60 0}{17.60 0.00 0.00 0.00 22.00 0}
COMM 4b-0: 47a17e_47a553_47a6be_47a7df (5 1508.83 1 1209.00 0 1924.00){0.00 0.00 0.00 0.00 769.60 0}{769.60 1209.00 1301.25 1513.00 1539.20 4}{1539.20 1924.00 1924.00 1924.00 2308.80 1}{2308.80 0.00 0.00 0.00 3078.40 0}{3078.40 0.00 0.00 0.00 3848.00 0}
1c 9999 

RANKS: 1 -1 0 4 1
EVENT11: 1004 46a6e7_46aa47_46ab8a_46ac7c
COMP 4b-0: 4822b2_482632_48276b_48285f (2 188236.33 2 188227.00 3 188241.00){0.00 0.00 0.00 0.00 75296.40 0}{75296.40 0.00 0.00 0.00 150592.80 0}{150592.80 188227.00 188234.00 188241.00 225889.20 2}{225889.20 0.00 0.00 0.00 301185.60 0}{301185.60 0.00 0.00 0.00 376482.00 0}
COMP 4b-1: 48b20d_48b491_48b565_48b61e (2 189038.00 0 188769.00 1 189576.00){0.00 0.00 0.00 0.00 75507.60 0}{75507.60 0.00 0.00 0.00 151015.20 0}{151015.20 188769.00 189172.50 189576.00 226522.80 2}{226522.80 0.00 0.00 0.00 302030.40 0}{302030.40 0.00 0.00 0.00 377538.00 0}
COMM 4b-0: 4822b2_482632_48276b_48285f (2 1457.33 3 1338.00 2 1696.00){0.00 0.00 0.00 0.00 535.20 0}{535.20 0.00 0.00 0.00 1070.40 0}{1070.40 1338.00 1338.00 1338.00 1605.60 1}{1605.60 1696.00 1696.00 1696.00 2140.80 1}{2140.80 0.00 0.00 0.00 2676.00 0}
COMM 4b-1: 48b20d_48b491_48b565_48b61e (2 775.67 1 39.00 0 1144.00){0.00 39.00 39.00 39.00 457.60 1}{457.60 0.00 0.00 0.00 915.20 0}{915.20 1144.00 1144.00 1144.00 1372.80 1}{1372.80 0.00 0.00 0.00 1830.40 0}{1830.40 0.00 0.00 0.00 2288.00 0}
10 2 
12 5 
14 16 
18 3 

RANKS: 1 -1 0 4 1
EVENT12: 1010 46d078_46d2ad_46d351_46d3cd
COMP 4b-0: 46a6e7_46aa47_46ab8a_46ac7c (4 8.00 0 8.00 0 8.00){0.00 0.00 0.00 0.00 3.20 0}{3.20 0.00 0.00 0.00 6.40 0}{6.40 8.00 8.00 8.00 9.60 4}{9.60 0.00 0.00 0.00 12.80 0}{12.80 0.00 0.00 0.00 16.00 0}
COMM 4b-0: 46a6e7_46aa47_46ab8a_46ac7c (4 179.20 1 147.00 3 277.00){0.00 0.00 0.00 0.00 64.80 0}{64.80 0.00 0.00 0.00 129.60 0}{129.60 147.00 152.33 162.00 194.40 3}{194.40 0.00 0.00 0.00 259.20 0}{259.20 277.00 277.00 277.00 324.00 1}
10 2 

RANKS: 1 -1 1 3 1
EVENT13: 1102 47d7f1_47dbb6_47dd20_47de3f
COMP 4b-0: 46d078_46d2ad_46d351_46d3cd (3 8883.50 2 8825.00 1 8939.00){0.00 0.00 0.00 0.00 3575.60 0}{3575.60 0.00 0.00 0.00 7151.20 0}{7151.20 8825.00 8865.00 8939.00 10726.80 3}{10726.80 0.00 0.00 0.00 14302.40 0}{14302.40 0.00 0.00 0.00 17878.00 0}
COMP 4b-1: 47d7f1_47dbb6_47dd20_47de3f (319 1102.29 3 7.00 3 2390.00){0.00 0.00 0.00 0.00 3.20 0}{3.20 0.00 0.00 0.00 6.40 0}{6.40 7.00 7.49 9.00 12.80 160}{12.80 0.00 0.00 0.00 16.00 0}{16.00 2196.00 2210.86 2390.00 4664.00 159}
COMP 4b-2: 4822b2_482632_48276b_48285f (638 923.72 2 882.00 2 1066.00){0.00 0.00 0.00 0.00 382.00 0}{382.00 0.00 0.00 0.00 764.00 0}{764.00 882.00 923.68 1066.00 1146.00 638}{1146.00 0.00 0.00 0.00 1528.00 0}{1528.00 0.00 0.00 0.00 1910.00 0}
COMM 4b-0: 46d078_46d2ad_46d351_46d3cd (3 1472.75 1 1092.00 3 2458.00){0.00 0.00 0.00 0.00 436.80 0}{436.80 0.00 0.00 0.00 873.60 0}{873.60 1092.00 1170.50 1249.00 1747.20 2}{1747.20 0.00 0.00 0.00 2184.00 0}{2184.00 2458.00 2458.00 2458.00 2732.00 1}
COMM 4b-1: 47d7f1_47dbb6_47dd20_47de3f (319 4.98 3 1.00 3 164.00){0.00 1.00 1.00 1.00 1.60 107}{1.60 2.00 2.32 4.00 4.00 63}{4.00 5.00 6.38 12.00 12.00 140}{12.00 14.00 14.00 14.00 16.00 1}{16.00 18.00 54.13 164.00 312.00 8}
COMM 4b-2: 4822b2_482632_48276b_48285f (638 16.55 1 2.00 1 3838.00){0.00 2.00 2.00 2.00 2.40 5}{2.40 2.94 2.97 3.00 3.60 170}{3.60 4.00 4.21 6.00 6.00 330}{6.00 7.00 13.33 175.00 278.00 131}{278.00 3085.00 3461.50 3838.00 7398.00 2}
LOOP0: iter: ( 320 )[ 1 -1 1 3 1 ] mem: ( 2 )[ 1 -1 1 2 1 ]( 1 )[ 1 -1 3 1 0 ]
10 2 
12 400 
14 16 
1b 0 
2b ( 3 3 3 3 3 3 3 3 3 3 3 3 3 3 3 3 3 3 3 3 3 3 3 3 3 3 3 3 3 3 3 3 3 3 3 3 3 3 3 3 3 3 3 3 3 3 3 3 3 3 3 3 3 3 3 3 3 3 3 3 3 3 3 3 3 3 3 3 3 3 3 3 3 3 3 3 3 3 3 3 3 3 3 3 3 3 3 3 3 3 3 3 3 3 3 3 3 3 3 3 3 3 3 3 3 3 3 3 3 3 3 3 3 3 3 3 3 3 3 3 3 3 3 3 3 3 3 3 3 3 3 3 3 3 3 3 3 3 3 3 3 3 3 3 3 3 3 3 3 3 3 3 3 3 3 3 3 3 3 3 2 2 2 2 2 2 2 2 2 2 2 2 2 2 2 2 2 2 2 2 2 2 2 2 2 2 2 2 2 2 2 2 2 2 2 2 2 2 2 2 2 2 2 2 2 2 2 2 2 2 2 2 2 2 2 2 2 2 2 2 2 2 2 2 2 2 2 2 2 2 2 2 2 2 2 2 2 2 2 2 2 2 2 2 2 2 2 2 2 2 2 2 2 2 2 2 2 2 2 2 2 2 2 2 2 2 2 2 2 2 2 2 2 2 2 2 2 2 2 2 2 2 2 2 2 2 2 2 2 2 2 2 2 2 2 2 2 2 2 2 2 2 2 2 2 2 2 2 2 2 2 2 2 2 2 2 2 2 2 2 )[ 1 -1 1 1 0 ]
2b ( 3 2 )[ 1 -1 3 1 0 ]
2b ( 2 2 2 2 2 2 2 2 2 2 2 2 2 2 2 2 2 2 2 2 2 2 2 2 2 2 2 2 2 2 2 2 2 2 2 2 2 2 2 2 2 2 2 2 2 2 2 2 2 2 2 2 2 2 2 2 2 2 2 2 2 2 2 2 2 2 2 2 2 2 2 2 2 2 2 2 2 2 2 2 2 2 2 2 2 2 2 2 2 2 2 2 2 2 2 2 2 2 2 2 2 2 2 2 2 2 2 2 2 2 2 2 2 2 2 2 2 2 2 2 2 2 2 2 2 2 2 2 2 2 2 2 2 2 2 2 2 2 2 2 2 2 2 2 2 2 2 2 2 2 2 2 2 2 2 2 2 2 2 2 1 1 1 1 1 1 1 1 1 1 1 1 1 1 1 1 1 1 1 1 1 1 1 1 1 1 1 1 1 1 1 1 1 1 1 1 1 1 1 1 1 1 1 1 1 1 1 1 1 1 1 1 1 1 1 1 1 1 1 1 1 1 1 1 1 1 1 1 1 1 1 1 1 1 1 1 1 1 1 1 1 1 1 1 1 1 1 1 1 1 1 1 1 1 1 1 1 1 1 1 1 1 1 1 1 1 1 1 1 1 1 1 1 1 1 1 1 1 1 1 1 1 1 1 1 1 1 1 1 1 1 1 1 1 1 1 1 1 1 1 1 1 1 1 1 1 1 1 1 1 1 1 1 1 1 1 1 1 1 1 )[ 1 -1 2 1 0 ]

RANKS: 1 -1 2 1 0
EVENT14: 1113 4822b2_482632_48276b_48285f
COMP 4b-0: 47d7f1_47dbb6_47dd20_47de3f (320 1221.89 2 1177.00 2 1388.00){0.00 0.00 0.00 0.00 513.20 0}{513.20 0.00 0.00 0.00 1026.40 0}{1026.40 1177.00 1221.70 1388.00 1539.60 320}{1539.60 0.00 0.00 0.00 2052.80 0}{2052.80 0.00 0.00 0.00 2566.00 0}
COMM 4b-0: 47d7f1_47dbb6_47dd20_47de3f (320 4.07 2 2.00 2 198.00){0.00 2.00 2.98 3.00 3.20 273}{3.20 4.00 4.00 4.00 6.40 37}{6.40 8.00 10.00 12.00 12.80 2}{12.80 13.00 14.60 15.00 16.00 5}{16.00 19.00 81.33 198.00 380.00 3}
10 2 
12 400 
14 16 
1a 1 1 1 1 1 1 1 1 1 1 1 1 1 1 1 1 1 1 1 1 1 1 1 1 1 1 1 1 1 1 1 1 1 1 1 1 1 1 1 1 1 1 1 1 1 1 1 1 1 1 1 1 1 1 1 1 1 1 1 1 1 1 1 1 1 1 1 1 1 1 1 1 1 1 1 1 1 1 1 1 1 1 1 1 1 1 1 1 1 1 1 1 1 1 1 1 1 1 1 1 1 1 1 1 1 1 1 1 1 1 1 1 1 1 1 1 1 1 1 1 1 1 1 1 1 1 1 1 1 1 1 1 1 1 1 1 1 1 1 1 1 1 1 1 1 1 1 1 1 1 1 1 1 1 1 1 1 1 1 1 2 2 2 2 2 2 2 2 2 2 2 2 2 2 2 2 2 2 2 2 2 2 2 2 2 2 2 2 2 2 2 2 2 2 2 2 2 2 2 2 2 2 2 2 2 2 2 2 2 2 2 2 2 2 2 2 2 2 2 2 2 2 2 2 2 2 2 2 2 2 2 2 2 2 2 2 2 2 2 2 2 2 2 2 2 2 2 2 2 2 2 2 2 2 2 2 2 2 2 2 2 2 2 2 2 2 2 2 2 2 2 2 2 2 2 2 2 2 2 2 2 2 2 2 2 2 2 2 2 2 2 2 2 2 2 2 2 2 2 2 2 2 2 2 2 2 2 2 2 2 2 2 2 2 2 2 2 2 2 2 
1b 0 

RANKS: 1 -1 0 4 1
EVENT15: 1113 4822b2_482632_48276b_48285f
COMP 4b-0: 46a6e7_46aa47_46ab8a_46ac7c (1 477748.00 2 477748.00 2 477748.00){0.00 0.00 0.00 0.00 191099.20 0}{191099.20 0.00 0.00 0.00 382198.40 0}{382198.40 477748.00 477748.00 477748.00 573297.60 1}{573297.60 0.00 0.00 0.00 764396.80 0}{764396.80 0.00 0.00 0.00 955496.00 0}
COMP 4b-1: 46d078_46d2ad_46d351_46d3cd (1 10016.00 0 10016.00 0 10016.00){0.00 0.00 0.00 0.00 4006.40 0}{4006.40 0.00 0.00 0.00 8012.80 0}{8012.80 10016.00 10016.00 10016.00 12019.20 1}{12019.20 0.00 0.00 0.00 16025.60 0}{16025.60 0.00 0.00 0.00 20032.00 0}
COMP 4b-2: 47d7f1_47dbb6_47dd20_47de3f (321 1227.85 1 1176.00 3 3397.00){0.00 0.00 0.00 0.00 506.40 0}{506.40 0.00 0.00 0.00 1012.80 0}{1012.80 1176.00 1220.95 1278.00 2025.60 320}{2025.60 0.00 0.00 0.00 2532.00 0}{2532.00 3397.00 3397.00 3397.00 4262.00 1}
COMP 4b-3: 4822b2_482632_48276b_48285f (639 1095.78 0 5.00 2 21074.00){0.00 0.00 0.00 0.00 4.80 0}{4.80 5.00 5.98 7.00 9.60 319}{9.60 12.00 12.00 12.00 24.00 1}{24.00 2051.00 2133.00 2220.00 4392.00 318}{4392.00 21074.00 21074.00 21074.00 37756.00 1}
COMM 4b-0: 46a6e7_46aa47_46ab8a_46ac7c (1 565.00 2 565.00 2 565.00){0.00 0.00 0.00 0.00 226.00 0}{226.00 0.00 0.00 0.00 452.00 0}{452.00 565.00 565.00 565.00 678.00 1}{678.00 0.00 0.00 0.00 904.00 0}{904.00 0.00 0.00 0.00 1130.00 0}
COMM 4b-1: 46d078_46d2ad_46d351_46d3cd (1 10.00 0 10.00 0 10.00){0.00 0.00 0.00 0.00 4.00 0}{4.00 0.00 0.00 0.00 8.00 0}{8.00 10.00 10.00 10.00 12.00 1}{12.00 0.00 0.00 0.00 16.00 0}{16.00 0.00 0.00 0.00 20.00 0}
COMM 4b-2: 47d7f1_47dbb6_47dd20_47de3f (321 3.97 1 2.00 1 167.00){0.00 2.00 2.00 2.00 2.80 5}{2.80 3.00 3.12 4.00 5.60 305}{5.60 7.00 7.00 7.00 11.20 2}{11.20 13.00 13.25 14.00 14.00 4}{14.00 15.00 48.60 167.00 320.00 5}
COMM 4b-3: 4822b2_482632_48276b_48285f (639 4.85 0 1.00 2 563.00){0.00 1.00 1.00 1.00 1.20 45}{1.20 2.00 2.00 2.00 2.40 283}{2.40 3.00 3.10 4.00 6.00 294}{6.00 17.00 63.50 190.00 374.00 16}{374.00 563.00 563.00 563.00 752.00 1}
LOOP0: iter: ( 320 )[ 1 -1 0 2 3 ]( 2 )[ 1 -1 2 1 0 ] mem: ( 1 )[ 1 -1 0 2 3 ]( 5 )[ 1 -1 2 1 0 ]
10 2 
12 ( 400 )[ 2 -1 0 2 1 -1 3 1 0 ]
12 ( 131220 )[ 1 -1 2 1 0 ]
14 16 
1a ( 1 2 )[ 1 -1 0 1 0 ]
1a ( 2 2 2 2 2 2 2 2 2 2 2 2 2 2 2 2 2 2 2 2 2 2 2 2 2 2 2 2 2 2 2 2 2 2 2 2 2 2 2 2 2 2 2 2 2 2 2 2 2 2 2 2 2 2 2 2 2 2 2 2 2 2 2 2 2 2 2 2 2 2 2 2 2 2 2 2 2 2 2 2 2 2 2 2 2 2 2 2 2 2 2 2 2 2 2 2 2 2 2 2 2 2 2 2 2 2 2 2 2 2 2 2 2 2 2 2 2 2 2 2 2 2 2 2 2 2 2 2 2 2 2 2 2 2 2 2 2 2 2 2 2 2 2 2 2 2 2 2 2 2 2 2 2 2 2 2 2 2 2 2 3 3 3 3 3 3 3 3 3 3 3 3 3 3 3 3 3 3 3 3 3 3 3 3 3 3 3 3 3 3 3 3 3 3 3 3 3 3 3 3 3 3 3 3 3 3 3 3 3 3 3 3 3 3 3 3 3 3 3 3 3 3 3 3 3 3 3 3 3 3 3 3 3 3 3 3 3 3 3 3 3 3 3 3 3 3 3 3 3 3 3 3 3 3 3 3 3 3 3 3 3 3 3 3 3 3 3 3 3 3 3 3 3 3 3 3 3 3 3 3 3 3 3 3 3 3 3 3 3 3 3 3 3 3 3 3 3 3 3 3 3 3 3 3 3 3 3 3 3 3 3 3 3 3 3 3 3 3 3 3 )[ 1 -1 1 1 0 ]
1a ( 3 2 )[ 1 -1 3 1 0 ]
1a ( 1 )[ 1 -1 2 1 0 ]
1b 0 

RANKS: 1 -1 0 1 0
EVENT16: 1102 47d7f1_47dbb6_47dd20_47de3f
COMP 4b-0: 47d7f1_47dbb6_47dd20_47de3f (319 1028.66 0 7.00 0 2162.00){0.00 0.00 0.00 0.00 2.80 0}{2.80 0.00 0.00 0.00 5.60 0}{5.60 7.00 7.50 9.00 11.20 160}{11.20 0.00 0.00 0.00 14.00 0}{14.00 2052.00 2062.66 2162.00 4232.00 159}
COMP 4b-1: 4822b2_482632_48276b_48285f (1 895.00 0 895.00 0 895.00){0.00 0.00 0.00 0.00 358.00 0}{358.00 0.00 0.00 0.00 716.00 0}{716.00 895.00 895.00 895.00 1074.00 1}{1074.00 0.00 0.00 0.00 1432.00 0}{1432.00 0.00 0.00 0.00 1790.00 0}
COMM 4b-0: 47d7f1_47dbb6_47dd20_47de3f (319 10.75 0 1.00 0 391.00){0.00 1.00 1.00 1.00 1.60 124}{1.60 2.00 2.40 4.00 4.00 45}{4.00 5.00 5.24 6.00 6.00 25}{6.00 7.00 7.42 8.00 8.00 12}{8.00 9.00 26.42 391.00 774.00 113}
COMM 4b-1: 4822b2_482632_48276b_48285f (1 7070.00 0 7070.00 0 7070.00){0.00 0.00 0.00 0.00 2828.00 0}{2828.00 0.00 0.00 0.00 5656.00 0}{5656.00 7070.00 7070.00 7070.00 8484.00 1}{8484.00 0.00 0.00 0.00 11312.00 0}{11312.00 0.00 0.00 0.00 14140.00 0}
LOOP0: iter: ( 320 )[ 1 -1 0 1 0 ] mem: ( 1 )[ 1 -1 0 1 0 ]
10 2 
12 400 
14 16 
1b 0 
2b 1 2 

RANKS: 1 -1 1 3 1
EVENT17: 1090 47a17e_47a553_47a6be_47a7df
COMP 4b-0: 46a6e7_46aa47_46ab8a_46ac7c (2 478541.33 3 477374.00 1 479125.00){0.00 0.00 0.00 0.00 191650.00 0}{191650.00 0.00 0.00 0.00 383300.00 0}{383300.00 477374.00 478249.50 479125.00 574950.00 2}{574950.00 0.00 0.00 0.00 766600.00 0}{766600.00 0.00 0.00 0.00 958250.00 0}
COMP 4b-1: 4822b2_482632_48276b_48285f (6 33869.14 2 6.00 3 88687.00){0.00 6.00 9.50 13.00 8236.00 2}{8236.00 0.00 0.00 0.00 16472.00 0}{16472.00 20590.00 20591.00 20592.00 32944.00 2}{32944.00 0.00 0.00 0.00 41180.00 0}{41180.00 86606.00 87646.50 88687.00 136194.00 2}
COMP 4b-2: 48b20d_48b491_48b565_48b61e (2 86919.00 2 86905.00 2 86926.00){0.00 0.00 0.00 0.00 34770.40 0}{34770.40 0.00 0.00 0.00 69540.80 0}{69540.80 86905.00 86915.50 86926.00 104311.20 2}{104311.20 0.00 0.00 0.00 139081.60 0}{139081.60 0.00 0.00 0.00 173852.00 0}
COMM 4b-0: 46a6e7_46aa47_46ab8a_46ac7c (2 3.00 1 3.00 1 3.00){0.00 0.00 0.00 0.00 1.20 0}{1.20 0.00 0.00 0.00 2.40 0}{2.40 3.00 3.00 3.00 3.60 2}{3.60 0.00 0.00 0.00 4.80 0}{4.80 0.00 0.00 0.00 6.00 0}
COMM 4b-1: 4822b2_482632_48276b_48285f (6 2.57 3 2.00 1 3.00){0.00 0.00 0.00 0.00 1.20 0}{1.20 2.00 2.00 2.00 2.40 3}{2.40 3.00 3.00 3.00 3.60 3}{3.60 0.00 0.00 0.00 4.80 0}{4.80 0.00 0.00 0.00 6.00 0}
COMM 4b-2: 48b20d_48b491_48b565_48b61e (2 2.00 2 2.00 2 2.00){0.00 0.00 0.00 0.00 0.80 0}{0.80 0.00 0.00 0.00 1.60 0}{1.60 2.00 2.00 2.00 2.40 2}{2.40 0.00 0.00 0.00 3.20 0}{3.20 0.00 0.00 0.00 4.00 0}
LOOP0: iter: ( 2 )[ 1 -1 1 3 1 ] mem: ( 6 )[ 1 -1 1 1 0 ]( 4 )[ 1 -1 3 1 0 ]( 2 )[ 1 -1 2 1 0 ]
LOOP1: iter: ( 2 )[ 1 -1 3 1 0 ] mem: ( 3 )[ 1 -1 3 1 0 ]
10 2 
12 131220 
14 16 
1b 0 
2b 2147483647 

RANKS: 1 -1 1 3 1
EVENT18: 1148 48b20d_48b491_48b565_48b61e
COMP 4b-0: 47a17e_47a553_47a6be_47a7df (10 7.64 1 6.00 2 17.00){0.00 0.00 0.00 0.00 2.80 0}{2.80 0.00 0.00 0.00 5.60 0}{5.60 6.00 6.67 7.00 11.20 9}{11.20 0.00 0.00 0.00 14.00 0}{14.00 17.00 17.00 17.00 20.00 1}
COMM 4b-0: 47a17e_47a553_47a6be_47a7df (10 2059.82 3 655.00 3 3806.00){0.00 655.00 786.67 946.00 961.20 3}{961.20 1353.00 1361.00 1369.00 1922.40 2}{1922.40 2344.00 2373.50 2403.00 2883.60 2}{2883.60 3162.00 3475.33 3806.00 3844.80 3}{3844.80 0.00 0.00 0.00 4806.00 0}
1c 9999 

RANKS: 1 -1 0 4 1
EVENT19: 1113 4822b2_482632_48276b_48285f
COMP 4b-0: 46a6e7_46aa47_46ab8a_46ac7c (1 479364.00 0 479364.00 0 479364.00){0.00 0.00 0.00 0.00 191745.60 0}{191745.60 0.00 0.00 0.00 383491.20 0}{383491.20 479364.00 479364.00 479364.00 575236.80 1}{575236.80 0.00 0.00 0.00 766982.40 0}{766982.40 0.00 0.00 0.00 958728.00 0}
COMP 4b-1: 47d7f1_47dbb6_47dd20_47de3f (1 22436.00 0 22436.00 0 22436.00){0.00 0.00 0.00 0.00 8974.40 0}{8974.40 0.00 0.00 0.00 17948.80 0}{17948.80 22436.00 22436.00 22436.00 26923.20 1}{26923.20 0.00 0.00 0.00 35897.60 0}{35897.60 0.00 0.00 0.00 44872.00 0}
COMP 4b-2: 4822b2_482632_48276b_48285f (2 87206.67 1 87187.00 1 87246.00){0.00 0.00 0.00 0.00 34874.80 0}{34874.80 0.00 0.00 0.00 69749.60 0}{69749.60 87187.00 87216.50 87246.00 104624.40 2}{104624.40 0.00 0.00 0.00 139499.20 0}{139499.20 0.00 0.00 0.00 174374.00 0}
COMP 4b-3: 48b20d_48b491_48b565_48b61e (10 24308.82 2 549.00 0 87226.00){0.00 549.00 721.12 882.00 34890.40 8}{34890.40 0.00 0.00 0.00 69780.80 0}{69780.80 87176.00 87201.00 87226.00 104671.20 2}{104671.20 0.00 0.00 0.00 139561.60 0}{139561.60 0.00 0.00 0.00 174452.00 0}
COMM 4b-0: 46a6e7_46aa47_46ab8a_46ac7c (1 571.00 0 571.00 0 571.00){0.00 0.00 0.00 0.00 228.40 0}{228.40 0.00 0.00 0.00 456.80 0}{456.80 571.00 571.00 571.00 685.20 1}{685.20 0.00 0.00 0.00 913.60 0}{913.60 0.00 0.00 0.00 1142.00 0}
COMM 4b-1: 47d7f1_47dbb6_47dd20_47de3f (1 570.00 0 570.00 0 570.00){0.00 0.00 0.00 0.00 228.00 0}{228.00 0.00 0.00 0.00 456.00 0}{456.00 570.00 570.00 570.00 684.00 1}{684.00 0.00 0.00 0.00 912.00 0}{912.00 0.00 0.00 0.00 1140.00 0}
COMM 4b-2: 4822b2_482632_48276b_48285f (2 573.00 1 571.00 1 574.00){0.00 0.00 0.00 0.00 229.60 0}{229.60 0.00 0.00 0.00 459.20 0}{459.20 571.00 572.50 574.00 688.80 2}{688.80 0.00 0.00 0.00 918.40 0}{918.40 0.00 0.00 0.00 1148.00 0}
COMM 4b-3: 48b20d_48b491_48b565_48b61e (10 559.55 2 554.00 0 564.00){0.00 0.00 0.00 0.00 225.60 0}{225.60 0.00 0.00 0.00 451.20 0}{451.20 554.00 559.10 564.00 676.80 10}{676.80 0.00 0.00 0.00 902.40 0}{902.40 0.00 0.00 0.00 1128.00 0}
LOOP0: iter: ( 2 )[ 1 -1 0 2 1 ] mem: ( 4 )[ 1 -1 0 1 0 ]( 1 )[ 1 -1 1 1 0 ]
LOOP1: iter: ( 2 )[ 1 -1 0 1 0 ] mem: ( 3 )[ 1 -1 0 1 0 ]
10 2 
12 131220 
14 16 
1a ( 1 2 )[ 1 -1 0 1 0 ]
1a ( 3 2 )[ 1 -1 1 2 2 ]
1a ( 2 )[ 1 -1 2 1 0 ]
1b 0 

RANKS: 1 -1 0 2 1
EVENT20: 1090 47a17e_47a553_47a6be_47a7df
COMP 4b-0: 4822b2_482632_48276b_48285f (6 6.29 0 6.00 1 7.00){0.00 0.00 0.00 0.00 2.40 0}{2.40 0.00 0.00 0.00 4.80 0}{4.80 6.00 6.33 7.00 7.20 6}{7.20 0.00 0.00 0.00 9.60 0}{9.60 0.00 0.00 0.00 12.00 0}
COMM 4b-0: 4822b2_482632_48276b_48285f (6 1.86 0 1.00 0 2.00){0.00 0.00 0.00 0.00 0.80 0}{0.80 1.00 1.00 1.00 1.60 1}{1.60 2.00 2.00 2.00 2.40 5}{2.40 0.00 0.00 0.00 3.20 0}{3.20 0.00 0.00 0.00 4.00 0}
10 2 
12 131220 
14 16 
1b 0 
2b 2147483647 

RANKS: 1 -1 0 2 1
EVENT21: 1148 48b20d_48b491_48b565_48b61e
COMP 4b-0: 47a17e_47a553_47a6be_47a7df (6 7.86 0 6.00 0 13.00){0.00 0.00 0.00 0.00 2.80 0}{2.80 0.00 0.00 0.00 5.60 0}{5.60 6.00 7.00 8.00 8.40 5}{8.40 0.00 0.00 0.00 11.20 0}{11.20 13.00 13.00 13.00 14.00 1}
COMM 4b-0: 47a17e_47a553_47a6be_47a7df (6 1198.71 1 1055.00 0 1378.00){0.00 0.00 0.00 0.00 551.20 0}{551.20 1055.00 1070.75 1094.00 1102.40 4}{1102.40 1352.00 1365.00 1378.00 1653.60 2}{1653.60 0.00 0.00 0.00 2204.80 0}{2204.80 0.00 0.00 0.00 2756.00 0}
1c 9999 

RANKS: 1 -1 0 4 1
EVENT22: 1004 46a6e7_46aa47_46ab8a_46ac7c
COMP 4b-0: 4822b2_482632_48276b_48285f (4 184025.00 3 180793.00 2 189073.00){0.00 0.00 0.00 0.00 72317.20 0}{72317.20 0.00 0.00 0.00 144634.40 0}{144634.40 180793.00 184833.00 189073.00 216951.60 4}{216951.60 0.00 0.00 0.00 289268.80 0}{289268.80 0.00 0.00 0.00 361586.00 0}
COMP 4b-1: 48b20d_48b491_48b565_48b61e (4 184135.60 1 180913.00 0 189068.00){0.00 0.00 0.00 0.00 72430.80 0}{72430.80 0.00 0.00 0.00 144861.60 0}{144861.60 180913.00 184900.25 189068.00 217292.40 4}{217292.40 0.00 0.00 0.00 289723.20 0}{289723.20 0.00 0.00 0.00 362154.00 0}
COMM 4b-0: 4822b2_482632_48276b_48285f (4 242.60 2 26.00 3 461.00){0.00 26.00 26.00 26.00 111.20 1}{111.20 170.00 170.00 170.00 222.40 1}{222.40 278.00 278.00 278.00 333.60 1}{333.60 0.00 0.00 0.00 444.80 0}{444.80 461.00 461.00 461.00 556.00 1}
COMM 4b-1: 48b20d_48b491_48b565_48b61e (4 152.00 0 26.00 1 480.00){0.00 0.00 0.00 0.00 10.40 0}{10.40 0.00 0.00 0.00 20.80 0}{20.80 26.00 26.00 26.00 52.00 2}{52.00 202.00 202.00 202.00 352.00 1}{352.00 480.00 480.00 480.00 608.00 1}
10 2 
12 1 5 
14 16 
18 1 3 

RANKS: 1 -1 0 4 1
EVENT23: 1010 46d078_46d2ad_46d351_46d3cd
COMP 4b-0: 46a6e7_46aa47_46ab8a_46ac7c (4 9.40 0 9.00 3 11.00){0.00 0.00 0.00 0.00 3.60 0}{3.60 0.00 0.00 0.00 7.20 0}{7.20 9.00 9.00 9.00 10.80 3}{10.80 11.00 11.00 11.00 14.40 1}{14.40 0.00 0.00 0.00 18.00 0}
COMM 4b-0: 46a6e7_46aa47_46ab8a_46ac7c (4 24.00 1 6.00 3 37.00){0.00 6.00 6.00 6.00 11.60 1}{11.60 19.00 19.00 19.00 23.20 1}{23.20 29.00 29.00 29.00 34.80 1}{34.80 37.00 37.00 37.00 46.40 1}{46.40 0.00 0.00 0.00 58.00 0}
10 2 

RANKS: 1 -1 2 1 0
EVENT24: 1102 47d7f1_47dbb6_47dd20_47de3f
COMP 4b-0: 46d078_46d2ad_46d351_46d3cd (1 8872.00 2 8872.00 2 8872.00){0.00 0.00 0.00 0.00 3548.80 0}{3548.80 0.00 0.00 0.00 7097.60 0}{7097.60 8872.00 8872.00 8872.00 10646.40 1}{10646.40 0.00 0.00 0.00 14195.20 0}{14195.20 0.00 0.00 0.00 17744.00 0}
COMP 4b-1: 4822b2_482632_48276b_48285f (319 921.68 2 882.00 2 999.00){0.00 0.00 0.00 0.00 383.60 0}{383.60 0.00 0.00 0.00 767.20 0}{767.20 882.00 921.56 999.00 1150.80 319}{1150.80 0.00 0.00 0.00 1534.40 0}{1534.40 0.00 0.00 0.00 1918.00 0}
COMM 4b-0: 46d078_46d2ad_46d351_46d3cd (1 1421.00 2 1421.00 2 1421.00){0.00 0.00 0.00 0.00 568.40 0}{568.40 0.00 0.00 0.00 1136.80 0}{1136.80 1421.00 1421.00 1421.00 1705.20 1}{1705.20 0.00 0.00 0.00 2273.60 0}{2273.60 0.00 0.00 0.00 2842.00 0}
COMM 4b-1: 4822b2_482632_48276b_48285f (319 13.62 2 2.00 2 2860.00){0.00 2.00 2.00 2.00 2.40 1}{2.40 3.00 3.70 6.00 6.00 252}{6.00 7.00 8.56 11.00 12.00 64}{12.00 14.00 14.00 14.00 16.00 1}{16.00 2860.00 2860.00 2860.00 5704.00 1}
LOOP0: iter: ( 320 )[ 1 -1 2 1 0 ] mem: ( 2 )[ 1 -1 2 1 0 ]
10 2 
12 400 
14 16 
1b 0 
2b 2 2 2 2 2 2 2 2 2 2 2 2 2 2 2 2 2 2 2 2 2 2 2 2 2 2 2 2 2 2 2 2 2 2 2 2 2 2 2 2 2 2 2 2 2 2 2 2 2 2 2 2 2 2 2 2 2 2 2 2 2 2 2 2 2 2 2 2 2 2 2 2 2 2 2 2 2 2 2 2 2 2 2 2 2 2 2 2 2 2 2 2 2 2 2 2 2 2 2 2 2 2 2 2 2 2 2 2 2 2 2 2 2 2 2 2 2 2 2 2 2 2 2 2 2 2 2 2 2 2 2 2 2 2 2 2 2 2 2 2 2 2 2 2 2 2 2 2 2 2 2 2 2 2 2 2 2 2 2 2 1 1 1 1 1 1 1 1 1 1 1 1 1 1 1 1 1 1 1 1 1 1 1 1 1 1 1 1 1 1 1 1 1 1 1 1 1 1 1 1 1 1 1 1 1 1 1 1 1 1 1 1 1 1 1 1 1 1 1 1 1 1 1 1 1 1 1 1 1 1 1 1 1 1 1 1 1 1 1 1 1 1 1 1 1 1 1 1 1 1 1 1 1 1 1 1 1 1 1 1 1 1 1 1 1 1 1 1 1 1 1 1 1 1 1 1 1 1 1 1 1 1 1 1 1 1 1 1 1 1 1 1 1 1 1 1 1 1 1 1 1 1 1 1 1 1 1 1 1 1 1 1 1 1 1 1 1 1 1 1 

RANKS: 1 -1 0 2 2
EVENT25: 1113 4822b2_482632_48276b_48285f
COMP 4b-0: 46d078_46d2ad_46d351_46d3cd (1 10241.00 0 10241.00 0 10241.00){0.00 0.00 0.00 0.00 4096.40 0}{4096.40 0.00 0.00 0.00 8192.80 0}{8192.80 10241.00 10241.00 10241.00 12289.20 1}{12289.20 0.00 0.00 0.00 16385.60 0}{16385.60 0.00 0.00 0.00 20482.00 0}
COMP 4b-1: 47d7f1_47dbb6_47dd20_47de3f (320 1220.04 2 1175.00 2 1312.00){0.00 0.00 0.00 0.00 504.40 0}{504.40 0.00 0.00 0.00 1008.80 0}{1008.80 1175.00 1219.91 1312.00 1513.20 320}{1513.20 0.00 0.00 0.00 2017.60 0}{2017.60 0.00 0.00 0.00 2522.00 0}
COMP 4b-2: 4822b2_482632_48276b_48285f (79431 1102.17 0 5.00 0 2389.00){0.00 0.00 0.00 0.00 2.00 0}{2.00 0.00 0.00 0.00 4.00 0}{4.00 5.00 6.08 8.00 8.00 39754}{8.00 9.00 9.86 10.00 10.00 14}{10.00 11.00 2201.19 2389.00 4386.00 39663}
COMP 4b-3: 48b20d_48b491_48b565_48b61e (248 191296.72 0 191143.00 0 192562.00){0.00 0.00 0.00 0.00 76537.60 0}{76537.60 0.00 0.00 0.00 153075.20 0}{153075.20 191143.00 191296.53 192562.00 229612.80 248}{229612.80 0.00 0.00 0.00 306150.40 0}{306150.40 0.00 0.00 0.00 382688.00 0}
COMM 4b-0: 46d078_46d2ad_46d351_46d3cd (1 11.00 0 11.00 0 11.00){0.00 0.00 0.00 0.00 4.40 0}{4.40 0.00 0.00 0.00 8.80 0}{8.80 11.00 11.00 11.00 13.20 1}{13.20 0.00 0.00 0.00 17.60 0}{17.60 0.00 0.00 0.00 22.00 0}
COMM 4b-1: 47d7f1_47dbb6_47dd20_47de3f (320 3.37 2 2.00 2 17.00){0.00 2.00 2.96 3.00 3.20 279}{3.20 4.00 4.00 4.00 6.40 32}{6.40 8.00 10.33 12.00 12.80 3}{12.80 13.00 14.25 16.00 16.00 4}{16.00 17.00 17.00 17.00 18.00 2}
COMM 4b-2: 4822b2_482632_48276b_48285f (79431 2.82 0 1.00 0 35.00){0.00 1.00 1.00 1.00 1.60 5032}{1.60 1.81 2.00 2.00 2.40 35580}{2.40 3.00 3.00 3.10 3.20 34199}{3.20 4.00 4.00 4.00 4.00 3317}{4.00 5.00 24.31 35.00 46.00 1303}
COMM 4b-3: 48b20d_48b491_48b565_48b61e (248 10.61 0 10.00 0 17.00){0.00 0.00 0.00 0.00 4.40 0}{4.40 0.00 0.00 0.00 8.80 0}{8.80 10.00 10.59 12.00 13.20 247}{13.20 17.00 17.00 17.00 17.60 1}{17.60 0.00 0.00 0.00 22.00 0}
LOOP0: iter: ( 249 )[ 1 -1 0 1 0 ] mem: ( 5 )[ 1 -1 0 1 0 ]
LOOP1: iter: ( 320 )[ 1 -1 0 1 0 ] mem: ( 1 )[ 1 -1 0 1 0 ]
10 2 
12 400 
14 16 
1a ( 1 2 )[ 1 -1 0 1 0 ]
1a ( 1 1 1 1 1 1 1 1 1 1 1 1 1 1 1 1 1 1 1 1 1 1 1 1 1 1 1 1 1 1 1 1 1 1 1 1 1 1 1 1 1 1 1 1 1 1 1 1 1 1 1 1 1 1 1 1 1 1 1 1 1 1 1 1 1 1 1 1 1 1 1 1 1 1 1 1 1 1 1 1 1 1 1 1 1 1 1 1 1 1 1 1 1 1 1 1 1 1 1 1 1 1 1 1 1 1 1 1 1 1 1 1 1 1 1 1 1 1 1 1 1 1 1 1 1 1 1 1 1 1 1 1 1 1 1 1 1 1 1 1 1 1 1 1 1 1 1 1 1 1 1 1 1 1 1 1 1 1 1 1 2 2 2 2 2 2 2 2 2 2 2 2 2 2 2 2 2 2 2 2 2 2 2 2 2 2 2 2 2 2 2 2 2 2 2 2 2 2 2 2 2 2 2 2 2 2 2 2 2 2 2 2 2 2 2 2 2 2 2 2 2 2 2 2 2 2 2 2 2 2 2 2 2 2 2 2 2 2 2 2 2 2 2 2 2 2 2 2 2 2 2 2 2 2 2 2 2 2 2 2 2 2 2 2 2 2 2 2 2 2 2 2 2 2 2 2 2 2 2 2 2 2 2 2 2 2 2 2 2 2 2 2 2 2 2 2 2 2 2 2 2 2 2 2 2 2 2 2 2 2 2 2 2 2 2 2 2 2 2 2 )[ 1 -1 2 1 0 ]
1b 0 

RANKS: 2 -1 0 2 1 -1 3 1 0
EVENT26: 1102 47d7f1_47dbb6_47dd20_47de3f
COMP 4b-0: 46d078_46d2ad_46d351_46d3cd (2 8861.00 3 8807.00 1 8888.00){0.00 0.00 0.00 0.00 3555.20 0}{3555.20 0.00 0.00 0.00 7110.40 0}{7110.40 8807.00 8847.50 8888.00 10665.60 2}{10665.60 0.00 0.00 0.00 14220.80 0}{14220.80 0.00 0.00 0.00 17776.00 0}
COMP 4b-1: 47d7f1_47dbb6_47dd20_47de3f (158862 1067.31 0 6.00 3 2485.00){0.00 0.00 0.00 0.00 2.80 0}{2.80 0.00 0.00 0.00 5.60 0}{5.60 6.00 7.63 11.00 11.20 79494}{11.20 12.00 12.67 14.00 14.00 36}{14.00 15.00 2129.63 2485.00 4146.00 79332}
COMP 4b-2: 4822b2_482632_48276b_48285f (79928 1509.77 1 882.00 3 190967.00){0.00 0.00 0.00 0.00 359.20 0}{359.20 0.00 0.00 0.00 718.40 0}{718.40 882.00 923.90 924.01 1077.60 79677}{1077.60 1140.00 1161.33 1177.00 1796.00 3}{1796.00 189454.00 189741.71 190967.00 380138.00 248}
COMP 4b-3: 48b20d_48b491_48b565_48b61e (248 189966.84 1 189664.00 1 191270.00){0.00 0.00 0.00 0.00 75882.40 0}{75882.40 0.00 0.00 0.00 151764.80 0}{151764.80 189664.00 189967.89 191270.00 227647.20 248}{227647.20 0.00 0.00 0.00 303529.60 0}{303529.60 0.00 0.00 0.00 379412.00 0}
COMM 4b-0: 46d078_46d2ad_46d351_46d3cd (2 1845.67 1 1372.00 3 2793.00){0.00 0.00 0.00 0.00 548.80 0}{548.80 0.00 0.00 0.00 1097.60 0}{1097.60 1372.00 1372.00 1372.00 2195.20 1}{2195.20 0.00 0.00 0.00 2744.00 0}{2744.00 2793.00 2793.00 2793.00 2842.00 1}
COMM 4b-1: 47d7f1_47dbb6_47dd20_47de3f (158862 9.47 0 1.00 3 323.00){0.00 1.00 8.17 42.00 42.00 156237}{42.00 42.20 62.86 86.00 86.00 1820}{86.00 87.00 130.68 192.00 192.00 703}{192.00 193.00 209.82 246.00 246.00 95}{246.00 252.00 284.29 323.00 332.00 7}
COMM 4b-2: 4822b2_482632_48276b_48285f (79928 47.08 1 2.00 0 9665.00){0.00 2.00 25.26 1978.61 2391.60 79677}{2391.60 0.00 0.00 0.00 4783.20 0}{4783.20 5108.00 6468.14 7156.00 7174.80 170}{7174.80 7177.00 7938.52 9205.00 9566.40 80}{9566.40 9665.00 9665.00 9665.00 11958.00 1}
COMM 4b-3: 48b20d_48b491_48b565_48b61e (248 1629.02 1 341.00 1 3110.00){0.00 341.00 625.25 817.00 825.60 28}{825.60 842.00 1359.58 1648.00 1651.20 53}{1651.20 1656.00 1868.99 2380.00 2476.80 165}{2476.80 2504.00 2807.00 3110.00 3302.40 2}{3302.40 0.00 0.00 0.00 4128.00 0}
LOOP0: iter: ( 320 )[ 1 -1 0 1 0 ]( 249 )[ 1 -1 1 2 2 ] mem: ( 1 )[ 1 -1 0 1 0 ]( 7 )[ 1 -1 1 1 0 ]( 5 )[ 1 -1 3 1 0 ]
LOOP1: iter: ( 320 )[ 1 -1 1 2 2 ] mem: ( 2 )[ 1 -1 1 1 0 ]( 1 )[ 1 -1 3 1 0 ]
10 2 
12 400 
14 16 
1b 0 
2b ( 1 2 )[ 1 -1 0 1 0 ]
2b ( 3 3 3 3 3 3 3 3 3 3 3 3 3 3 3 3 3 3 3 3 3 3 3 3 3 3 3 3 3 3 3 3 3 3 3 3 3 3 3 3 3 3 3 3 3 3 3 3 3 3 3 3 3 3 3 3 3 3 3 3 3 3 3 3 3 3 3 3 3 3 3 3 3 3 3 3 3 3 3 3 3 3 3 3 3 3 3 3 3 3 3 3 3 3 3 3 3 3 3 3 3 3 3 3 3 3 3 3 3 3 3 3 3 3 3 3 3 3 3 3 3 3 3 3 3 3 3 3 3 3 3 3 3 3 3 3 3 3 3 3 3 3 3 3 3 3 3 3 3 3 3 3 3 3 3 3 3 3 3 3 2 2 2 2 2 2 2 2 2 2 2 2 2 2 2 2 2 2 2 2 2 2 2 2 2 2 2 2 2 2 2 2 2 2 2 2 2 2 2 2 2 2 2 2 2 2 2 2 2 2 2 2 2 2 2 2 2 2 2 2 2 2 2 2 2 2 2 2 2 2 2 2 2 2 2 2 2 2 2 2 2 2 2 2 2 2 2 2 2 2 2 2 2 2 2 2 2 2 2 2 2 2 2 2 2 2 2 2 2 2 2 2 2 2 2 2 2 2 2 2 2 2 2 2 2 2 2 2 2 2 2 2 2 2 2 2 2 2 2 2 2 2 2 2 2 2 2 2 2 2 2 2 2 2 2 2 2 2 2 2 )[ 1 -1 1 1 0 ]
2b ( 3 2 )[ 1 -1 3 1 0 ]

RANKS: 1 -1 0 4 1
EVENT27: 1113 4822b2_482632_48276b_48285f
COMP 4b-0: 47d7f1_47dbb6_47dd20_47de3f (80178 1294.35 1 1175.00 0 22791.00){0.00 1175.00 1228.05 3530.00 8988.40 79929}{8988.40 0.00 0.00 0.00 17976.80 0}{17976.80 22440.00 22492.24 22791.00 26965.20 249}{26965.20 0.00 0.00 0.00 35953.60 0}{35953.60 0.00 0.00 0.00 44942.00 0}
COMP 4b-1: 4822b2_482632_48276b_48285f (79432 1031.66 3 5.00 2 21119.00){0.00 0.00 0.00 0.00 4.80 0}{4.80 5.00 6.15 9.00 9.60 39756}{9.60 10.00 10.06 11.00 12.00 16}{12.00 13.00 2059.61 2335.00 4132.00 39659}{4132.00 21119.00 21119.00 21119.00 38106.00 1}
COMP 4b-2: 48b20d_48b491_48b565_48b61e (249 87227.77 0 87166.00 0 87670.00){0.00 0.00 0.00 0.00 34918.00 0}{34918.00 0.00 0.00 0.00 69836.00 0}{69836.00 87166.00 87227.50 87670.00 104754.00 249}{104754.00 0.00 0.00 0.00 139672.00 0}{139672.00 0.00 0.00 0.00 174590.00 0}
COMM 4b-0: 47d7f1_47dbb6_47dd20_47de3f (80178 5.18 1 2.00 0 597.00){0.00 2.00 3.41 56.00 228.40 79929}{228.40 0.00 0.00 0.00 456.80 0}{456.80 565.00 571.47 597.00 685.20 249}{685.20 0.00 0.00 0.00 913.60 0}{913.60 0.00 0.00 0.00 1142.00 0}
COMM 4b-1: 4822b2_482632_48276b_48285f (79432 2.94 3 1.00 2 564.00){0.00 1.00 1.00 1.00 1.60 1712}{1.60 1.92 2.47 3.19 3.20 69354}{3.20 3.21 3.96 4.00 4.00 6566}{4.00 4.03 18.77 39.00 42.00 1799}{42.00 564.00 564.00 564.00 1086.00 1}
COMM 4b-2: 48b20d_48b491_48b565_48b61e (249 564.50 0 561.00 0 600.00){0.00 0.00 0.00 0.00 225.60 0}{225.60 0.00 0.00 0.00 451.20 0}{451.20 561.00 564.50 600.00 676.80 249}{676.80 0.00 0.00 0.00 902.40 0}{902.40 0.00 0.00 0.00 1128.00 0}
LOOP0: iter: ( 2 )[ 1 -1 0 1 0 ]( 320 )[ 1 -1 3 1 0 ] mem: ( 3 )[ 1 -1 0 1 0 ]( 1 )[ 1 -1 3 1 0 ]
10 2 
12 ( 131220 )[ 1 -1 0 2 2 ]
12 ( 400 )[ 1 -1 1 2 2 ]
14 16 
1a ( 1 2 )[ 1 -1 0 1 0 ]
1a ( 2 2 2 2 2 2 2 2 2 2 2 2 2 2 2 2 2 2 2 2 2 2 2 2 2 2 2 2 2 2 2 2 2 2 2 2 2 2 2 2 2 2 2 2 2 2 2 2 2 2 2 2 2 2 2 2 2 2 2 2 2 2 2 2 2 2 2 2 2 2 2 2 2 2 2 2 2 2 2 2 2 2 2 2 2 2 2 2 2 2 2 2 2 2 2 2 2 2 2 2 2 2 2 2 2 2 2 2 2 2 2 2 2 2 2 2 2 2 2 2 2 2 2 2 2 2 2 2 2 2 2 2 2 2 2 2 2 2 2 2 2 2 2 2 2 2 2 2 2 2 2 2 2 2 2 2 2 2 2 2 3 3 3 3 3 3 3 3 3 3 3 3 3 3 3 3 3 3 3 3 3 3 3 3 3 3 3 3 3 3 3 3 3 3 3 3 3 3 3 3 3 3 3 3 3 3 3 3 3 3 3 3 3 3 3 3 3 3 3 3 3 3 3 3 3 3 3 3 3 3 3 3 3 3 3 3 3 3 3 3 3 3 3 3 3 3 3 3 3 3 3 3 3 3 3 3 3 3 3 3 3 3 3 3 3 3 3 3 3 3 3 3 3 3 3 3 3 3 3 3 3 3 3 3 3 3 3 3 3 3 3 3 3 3 3 3 3 3 3 3 3 3 3 3 3 3 3 3 3 3 3 3 3 3 3 3 3 3 3 3 )[ 1 -1 1 1 0 ]
1a ( 3 2 )[ 1 -1 3 1 0 ]
1a ( 1 )[ 1 -1 2 1 0 ]
1b 0 

RANKS: 1 -1 0 4 1
EVENT28: 1090 47a17e_47a553_47a6be_47a7df
COMP 4b-0: 4822b2_482632_48276b_48285f (1493 21339.00 0 5.00 3 87868.00){0.00 0.00 0.00 0.00 4.80 0}{4.80 5.00 6.36 12.00 12.00 526}{12.00 13.00 13.50 21.00 22.00 220}{22.00 20586.00 20658.55 21657.00 41150.00 498}{41150.00 86556.00 86691.52 87868.00 134586.00 249}
COMP 4b-1: 48b20d_48b491_48b565_48b61e (248 87012.94 2 86876.00 2 88452.00){0.00 0.00 0.00 0.00 34770.40 0}{34770.40 0.00 0.00 0.00 69540.80 0}{69540.80 86876.00 87013.29 88452.00 104311.20 248}{104311.20 0.00 0.00 0.00 139081.60 0}{139081.60 0.00 0.00 0.00 173852.00 0}
COMM 4b-0: 4822b2_482632_48276b_48285f (1493 2.38 0 1.00 1 5.00){0.00 1.00 1.00 1.00 1.20 45}{1.20 2.00 2.00 2.00 2.40 840}{2.40 3.00 3.00 3.00 3.60 607}{3.60 0.00 0.00 0.00 4.80 0}{4.80 5.00 5.00 5.00 6.00 1}
COMM 4b-1: 48b20d_48b491_48b565_48b61e (248 2.66 2 2.00 2 3.00){0.00 0.00 0.00 0.00 1.20 0}{1.20 2.00 2.00 2.00 2.40 84}{2.40 3.00 3.00 3.00 3.60 164}{3.60 0.00 0.00 0.00 4.80 0}{4.80 0.00 0.00 0.00 6.00 0}
LOOP0: iter: ( 2 )[ 1 -1 3 1 0 ]( 248 )[ 1 -1 2 1 0 ] mem: ( 3 )[ 1 -1 3 1 0 ]( 5 )[ 1 -1 2 1 0 ]
LOOP1: iter: ( 2 )[ 1 -1 2 1 0 ] mem: ( 2 )[ 1 -1 2 1 0 ]
10 2 
12 131220 
14 16 
1b 0 
2b 2147483647 

RANKS: 1 -1 0 4 1
EVENT29: 1148 48b20d_48b491_48b565_48b61e
COMP 4b-0: 47a17e_47a553_47a6be_47a7df (1741 6.26 0 5.00 3 24.00){0.00 0.00 0.00 0.00 2.80 0}{2.80 5.00 5.00 5.00 5.60 70}{5.60 6.00 6.28 8.00 14.00 1667}{14.00 17.00 17.67 18.00 20.00 3}{20.00 24.00 24.00 24.00 28.00 1}
COMM 4b-0: 47a17e_47a553_47a6be_47a7df (1741 2230.30 2 723.00 3 5989.00){0.00 0.00 0.00 0.00 542.00 0}{542.00 723.00 1241.68 1441.00 1626.00 794}{1626.00 1709.00 2472.14 2710.00 2710.00 634}{2710.00 3006.53 4245.51 4816.01 4938.00 312}{4938.00 5989.00 5989.00 5989.00 7040.00 1}
1c 9999 

RANKS: 1 -1 2 1 0
EVENT30: 1113 4822b2_482632_48276b_48285f
COMP 4b-0: 47d7f1_47dbb6_47dd20_47de3f (79112 1222.77 2 1177.00 2 1449.00){0.00 0.00 0.00 0.00 504.80 0}{504.80 0.00 0.00 0.00 1009.60 0}{1009.60 1177.00 1222.77 1449.00 1514.40 79112}{1514.40 0.00 0.00 0.00 2019.20 0}{2019.20 0.00 0.00 0.00 2524.00 0}
COMP 4b-1: 48b20d_48b491_48b565_48b61e (248 553.11 2 544.00 2 709.00){0.00 0.00 0.00 0.00 218.40 0}{218.40 0.00 0.00 0.00 436.80 0}{436.80 544.00 552.04 599.00 655.20 246}{655.20 667.00 688.00 709.00 873.60 2}{873.60 0.00 0.00 0.00 1092.00 0}
COMM 4b-0: 47d7f1_47dbb6_47dd20_47de3f (79112 3.47 2 2.00 2 57.00){0.00 2.00 3.18 11.00 11.20 77148}{11.20 11.50 14.41 18.00 18.00 1809}{18.00 19.00 19.75 22.00 22.00 146}{22.00 23.00 24.14 27.00 28.00 7}{28.00 43.00 50.00 57.00 58.00 2}
COMM 4b-1: 48b20d_48b491_48b565_48b61e (248 554.75 2 553.00 2 572.00){0.00 0.00 0.00 0.00 222.40 0}{222.40 0.00 0.00 0.00 444.80 0}{444.80 553.00 554.74 572.00 667.20 248}{667.20 0.00 0.00 0.00 889.60 0}{889.60 0.00 0.00 0.00 1112.00 0}
LOOP0: iter: ( 320 )[ 1 -1 2 1 0 ] mem: ( 2 )[ 1 -1 2 1 0 ]
10 2 
12 131220 400 400 400 400 400 400 400 400 400 400 400 400 400 400 400 400 400 400 400 400 400 400 400 400 400 400 400 400 400 400 400 400 400 400 400 400 400 400 400 400 400 400 400 400 400 400 400 400 400 400 400 400 400 400 400 400 400 400 400 400 400 400 400 400 400 400 400 400 400 400 400 400 400 400 400 400 400 400 400 400 400 400 400 400 400 400 400 400 400 400 400 400 400 400 400 400 400 400 400 400 400 400 400 400 400 400 400 400 400 400 400 400 400 400 400 400 400 400 400 400 400 400 400 400 400 400 400 400 400 400 400 400 400 400 400 400 400 400 400 400 400 400 400 400 400 400 400 400 400 400 400 400 400 400 400 400 400 400 400 400 400 400 400 400 400 400 400 400 400 400 400 400 400 400 400 400 400 400 400 400 400 400 400 400 400 400 400 400 400 400 400 400 400 400 400 400 400 400 400 400 400 400 400 400 400 400 400 400 400 400 400 400 400 400 400 400 400 400 400 400 400 400 400 400 400 400 400 400 400 400 400 400 400 400 400 400 400 400 400 400 400 400 400 400 400 400 400 400 400 400 400 400 400 400 400 400 400 400 400 400 400 400 400 400 400 400 400 400 400 400 400 400 400 400 400 400 400 400 400 400 400 400 400 400 400 400 400 400 400 400 400 400 400 400 400 400 400 400 400 400 400 400 400 400 400 400 400 400 400 400 400 400 400 400 400 400 400 400 400 
14 16 
1a 2 1 1 1 1 1 1 1 1 1 1 1 1 1 1 1 1 1 1 1 1 1 1 1 1 1 1 1 1 1 1 1 1 1 1 1 1 1 1 1 1 1 1 1 1 1 1 1 1 1 1 1 1 1 1 1 1 1 1 1 1 1 1 1 1 1 1 1 1 1 1 1 1 1 1 1 1 1 1 1 1 1 1 1 1 1 1 1 1 1 1 1 1 1 1 1 1 1 1 1 1 1 1 1 1 1 1 1 1 1 1 1 1 1 1 1 1 1 1 1 1 1 1 1 1 1 1 1 1 1 1 1 1 1 1 1 1 1 1 1 1 1 1 1 1 1 1 1 1 1 1 1 1 1 1 1 1 1 1 1 1 2 2 2 2 2 2 2 2 2 2 2 2 2 2 2 2 2 2 2 2 2 2 2 2 2 2 2 2 2 2 2 2 2 2 2 2 2 2 2 2 2 2 2 2 2 2 2 2 2 2 2 2 2 2 2 2 2 2 2 2 2 2 2 2 2 2 2 2 2 2 2 2 2 2 2 2 2 2 2 2 2 2 2 2 2 2 2 2 2 2 2 2 2 2 2 2 2 2 2 2 2 2 2 2 2 2 2 2 2 2 2 2 2 2 2 2 2 2 2 2 2 2 2 2 2 2 2 2 2 2 2 2 2 2 2 2 2 2 2 2 2 2 2 2 2 2 2 2 2 2 2 2 2 2 2 2 2 2 2 
1b 0 

RANKS: 1 -1 2 1 0
EVENT31: 1102 47d7f1_47dbb6_47dd20_47de3f
COMP 4b-0: 4822b2_482632_48276b_48285f (79360 1512.14 2 879.00 2 191316.00){0.00 879.00 920.10 1265.00 75768.40 79112}{75768.40 0.00 0.00 0.00 151536.80 0}{151536.80 189380.00 189616.15 191316.00 227305.20 248}{227305.20 0.00 0.00 0.00 303073.60 0}{303073.60 0.00 0.00 0.00 378842.00 0}
COMM 4b-0: 4822b2_482632_48276b_48285f (79360 19.61 2 1.00 2 4828.00){0.00 1.00 4.89 352.00 796.00 78865}{796.00 803.00 1092.60 1569.00 1592.00 30}{1592.00 1603.00 2316.96 3157.00 3184.00 425}{3184.00 3195.00 3496.12 3977.00 3980.00 26}{3980.00 3989.00 4325.21 4828.00 4920.00 14}
10 2 
12 400 
14 16 
1b 0 
2b 2 2 2 2 2 2 2 2 2 2 2 2 2 2 2 2 2 2 2 2 2 2 2 2 2 2 2 2 2 2 2 2 2 2 2 2 2 2 2 2 2 2 2 2 2 2 2 2 2 2 2 2 2 2 2 2 2 2 2 2 2 2 2 2 2 2 2 2 2 2 2 2 2 2 2 2 2 2 2 2 2 2 2 2 2 2 2 2 2 2 2 2 2 2 2 2 2 2 2 2 2 2 2 2 2 2 2 2 2 2 2 2 2 2 2 2 2 2 2 2 2 2 2 2 2 2 2 2 2 2 2 2 2 2 2 2 2 2 2 2 2 2 2 2 2 2 2 2 2 2 2 2 2 2 2 2 2 2 2 2 1 1 1 1 1 1 1 1 1 1 1 1 1 1 1 1 1 1 1 1 1 1 1 1 1 1 1 1 1 1 1 1 1 1 1 1 1 1 1 1 1 1 1 1 1 1 1 1 1 1 1 1 1 1 1 1 1 1 1 1 1 1 1 1 1 1 1 1 1 1 1 1 1 1 1 1 1 1 1 1 1 1 1 1 1 1 1 1 1 1 1 1 1 1 1 1 1 1 1 1 1 1 1 1 1 1 1 1 1 1 1 1 1 1 1 1 1 1 1 1 1 1 1 1 1 1 1 1 1 1 1 1 1 1 1 1 1 1 1 1 1 1 1 1 1 1 1 1 1 1 1 1 1 1 1 1 1 1 1 1 

RANKS: 1 -1 0 4 1
EVENT32: 1113 4822b2_482632_48276b_48285f
COMP 4b-0: 47d7f1_47dbb6_47dd20_47de3f (248 1186.31 2 1179.00 2 1371.00){0.00 0.00 0.00 0.00 475.60 0}{475.60 0.00 0.00 0.00 951.20 0}{951.20 1179.00 1186.29 1371.00 1426.80 248}{1426.80 0.00 0.00 0.00 1902.40 0}{1902.40 0.00 0.00 0.00 2378.00 0}
COMP 4b-1: 4822b2_482632_48276b_48285f (816 33330.08 0 6.00 1 88034.00){0.00 0.00 0.00 0.00 2.40 0}{2.40 0.00 0.00 0.00 4.80 0}{4.80 6.00 6.17 7.00 12.00 160}{12.00 2198.00 2208.13 2379.00 4446.00 159}{4446.00 21026.00 54081.67 88034.00 169166.00 497}
COMP 4b-2: 48b20d_48b491_48b565_48b61e (748 1277.18 3 580.00 0 191719.00){0.00 580.00 767.29 935.00 76687.60 747}{76687.60 0.00 0.00 0.00 153375.20 0}{153375.20 191719.00 191719.00 191719.00 230062.80 1}{230062.80 0.00 0.00 0.00 306750.40 0}{306750.40 0.00 0.00 0.00 383438.00 0}
COMM 4b-0: 47d7f1_47dbb6_47dd20_47de3f (248 3.26 2 3.00 2 13.00){0.00 0.00 0.00 0.00 2.40 0}{2.40 3.00 3.00 3.00 3.60 194}{3.60 4.00 4.00 4.00 4.80 52}{4.80 5.00 5.00 5.00 6.00 1}{6.00 13.00 13.00 13.00 20.00 1}
COMM 4b-1: 4822b2_482632_48276b_48285f (816 346.80 0 1.00 1 584.00){0.00 1.00 1.92 2.00 2.40 159}{2.40 3.00 3.00 3.00 3.60 136}{3.60 4.00 4.00 4.00 6.00 18}{6.00 9.00 22.00 27.00 48.00 6}{48.00 562.00 568.25 584.00 1086.00 497}
COMM 4b-2: 48b20d_48b491_48b565_48b61e (748 558.86 0 11.00 3 586.00){0.00 0.00 0.00 0.00 4.40 0}{4.40 0.00 0.00 0.00 8.80 0}{8.80 11.00 11.00 11.00 17.60 1}{17.60 0.00 0.00 0.00 22.00 0}{22.00 555.00 560.33 586.00 1088.00 747}
LOOP0: iter: ( 320 )[ 1 -1 0 1 0 ]( 2 )[ 1 -1 1 2 1 ] mem: ( 1 )[ 1 -1 0 3 1 ]
10 2 
12 ( 400 )[ 1 -1 0 1 0 ]
12 ( 131220 )[ 1 -1 1 2 2 ]
12 ( 400 131220 )[ 1 -1 2 1 0 ]
14 16 
1a ( 1 2 )[ 1 -1 0 1 0 ]
1a ( 3 2 )[ 1 -1 1 2 2 ]
1a ( 2 1 )[ 1 -1 2 1 0 ]
1b 0 

RANKS: 1 -1 1 2 1
EVENT33: 1090 47a17e_47a553_47a6be_47a7df
COMP 4b-0: 4822b2_482632_48276b_48285f (250 7.45 1 6.00 1 19.00){0.00 0.00 0.00 0.00 2.80 0}{2.80 0.00 0.00 0.00 5.60 0}{5.60 6.00 7.34 8.00 11.20 247}{11.20 13.00 13.00 13.00 14.00 1}{14.00 18.00 18.50 19.00 22.00 2}
COMP 4b-1: 48b20d_48b491_48b565_48b61e (1 86942.00 2 86942.00 2 86942.00){0.00 0.00 0.00 0.00 34776.80 0}{34776.80 0.00 0.00 0.00 69553.60 0}{69553.60 86942.00 86942.00 86942.00 104330.40 1}{104330.40 0.00 0.00 0.00 139107.20 0}{139107.20 0.00 0.00 0.00 173884.00 0}
COMM 4b-0: 4822b2_482632_48276b_48285f (250 1.98 1 1.00 1 3.00){0.00 0.00 0.00 0.00 0.40 0}{0.40 0.00 0.00 0.00 0.80 0}{0.80 1.00 1.00 1.00 1.60 10}{1.60 2.00 2.00 2.00 2.00 234}{2.00 3.00 3.00 3.00 4.00 6}
COMM 4b-1: 48b20d_48b491_48b565_48b61e (1 3.00 2 3.00 2 3.00){0.00 0.00 0.00 0.00 1.20 0}{1.20 0.00 0.00 0.00 2.40 0}{2.40 3.00 3.00 3.00 3.60 1}{3.60 0.00 0.00 0.00 4.80 0}{4.80 0.00 0.00 0.00 6.00 0}
LOOP0: iter: ( 2 )[ 1 -1 2 1 0 ] mem: ( 2 )[ 1 -1 2 1 0 ]
10 2 
12 131220 
14 16 
1b 0 
2b 2147483647 

RANKS: 1 -1 1 2 1
EVENT34: 1148 48b20d_48b491_48b565_48b61e
COMP 4b-0: 47a17e_47a553_47a6be_47a7df (251 6.36 1 6.00 1 14.00){0.00 0.00 0.00 0.00 3.20 0}{3.20 6.00 6.00 6.00 6.40 177}{6.40 7.00 7.03 8.00 9.60 72}{9.60 0.00 0.00 0.00 12.80 0}{12.80 13.00 13.50 14.00 16.00 2}
COMM 4b-0: 47a17e_47a553_47a6be_47a7df (251 1066.19 1 1042.00 2 2473.00){0.00 0.00 0.00 0.00 420.40 0}{420.40 0.00 0.00 0.00 840.80 0}{840.80 1042.00 1060.62 1140.00 1681.60 250}{1681.60 0.00 0.00 0.00 2102.00 0}{2102.00 2473.00 2473.00 2473.00 2844.00 1}
1c 9999 

RANKS: 1 -1 2 1 0
EVENT35: 1113 4822b2_482632_48276b_48285f
COMP 4b-0: 47d7f1_47dbb6_47dd20_47de3f (319 1221.48 2 1179.00 2 1271.00){0.00 0.00 0.00 0.00 507.60 0}{507.60 0.00 0.00 0.00 1015.20 0}{1015.20 1179.00 1221.33 1271.00 1522.80 319}{1522.80 0.00 0.00 0.00 2030.40 0}{2030.40 0.00 0.00 0.00 2538.00 0}
COMP 4b-1: 48b20d_48b491_48b565_48b61e (1 550.00 2 550.00 2 550.00){0.00 0.00 0.00 0.00 220.00 0}{220.00 0.00 0.00 0.00 440.00 0}{440.00 550.00 550.00 550.00 660.00 1}{660.00 0.00 0.00 0.00 880.00 0}{880.00 0.00 0.00 0.00 1100.00 0}
COMM 4b-0: 47d7f1_47dbb6_47dd20_47de3f (319 3.46 2 2.00 2 22.00){0.00 2.00 3.11 4.00 6.40 310}{6.40 8.00 10.67 12.00 12.80 3}{12.80 13.00 15.00 16.00 16.00 3}{16.00 17.00 17.50 18.00 20.00 2}{20.00 22.00 22.00 22.00 24.00 1}
COMM 4b-1: 48b20d_48b491_48b565_48b61e (1 554.00 2 554.00 2 554.00){0.00 0.00 0.00 0.00 221.60 0}{221.60 0.00 0.00 0.00 443.20 0}{443.20 554.00 554.00 554.00 664.80 1}{664.80 0.00 0.00 0.00 886.40 0}{886.40 0.00 0.00 0.00 1108.00 0}
LOOP0: iter: ( 320 )[ 1 -1 2 1 0 ] mem: ( 2 )[ 1 -1 2 1 0 ]
10 2 
12 131220 400 400 400 400 400 400 400 400 400 400 400 400 400 400 400 400 400 400 400 400 400 400 400 400 400 400 400 400 400 400 400 400 400 400 400 400 400 400 400 400 400 400 400 400 400 400 400 400 400 400 400 400 400 400 400 400 400 400 400 400 400 400 400 400 400 400 400 400 400 400 400 400 400 400 400 400 400 400 400 400 400 400 400 400 400 400 400 400 400 400 400 400 400 400 400 400 400 400 400 400 400 400 400 400 400 400 400 400 400 400 400 400 400 400 400 400 400 400 400 400 400 400 400 400 400 400 400 400 400 400 400 400 400 400 400 400 400 400 400 400 400 400 400 400 400 400 400 400 400 400 400 400 400 400 400 400 400 400 400 400 400 400 400 400 400 400 400 400 400 400 400 400 400 400 400 400 400 400 400 400 400 400 400 400 400 400 400 400 400 400 400 400 400 400 400 400 400 400 400 400 400 400 400 400 400 400 400 400 400 400 400 400 400 400 400 400 400 400 400 400 400 400 400 400 400 400 400 400 400 400 400 400 400 400 400 400 400 400 400 400 400 400 400 400 400 400 400 400 400 400 400 400 400 400 400 400 400 400 400 400 400 400 400 400 400 400 400 400 400 400 400 400 400 400 400 400 400 400 400 400 400 400 400 400 400 400 400 400 400 400 400 400 400 400 400 400 400 400 400 400 400 400 400 400 400 400 400 400 400 400 400 400 400 400 400 400 400 400 400 
14 16 
1a 2 1 1 1 1 1 1 1 1 1 1 1 1 1 1 1 1 1 1 1 1 1 1 1 1 1 1 1 1 1 1 1 1 1 1 1 1 1 1 1 1 1 1 1 1 1 1 1 1 1 1 1 1 1 1 1 1 1 1 1 1 1 1 1 1 1 1 1 1 1 1 1 1 1 1 1 1 1 1 1 1 1 1 1 1 1 1 1 1 1 1 1 1 1 1 1 1 1 1 1 1 1 1 1 1 1 1 1 1 1 1 1 1 1 1 1 1 1 1 1 1 1 1 1 1 1 1 1 1 1 1 1 1 1 1 1 1 1 1 1 1 1 1 1 1 1 1 1 1 1 1 1 1 1 1 1 1 1 1 1 1 2 2 2 2 2 2 2 2 2 2 2 2 2 2 2 2 2 2 2 2 2 2 2 2 2 2 2 2 2 2 2 2 2 2 2 2 2 2 2 2 2 2 2 2 2 2 2 2 2 2 2 2 2 2 2 2 2 2 2 2 2 2 2 2 2 2 2 2 2 2 2 2 2 2 2 2 2 2 2 2 2 2 2 2 2 2 2 2 2 2 2 2 2 2 2 2 2 2 2 2 2 2 2 2 2 2 2 2 2 2 2 2 2 2 2 2 2 2 2 2 2 2 2 2 2 2 2 2 2 2 2 2 2 2 2 2 2 2 2 2 2 2 2 2 2 2 2 2 2 2 2 2 2 2 2 2 2 2 2 
1b 0 

RANKS: 1 -1 0 4 1
EVENT36: 1102 47d7f1_47dbb6_47dd20_47de3f
COMP 4b-0: 47d7f1_47dbb6_47dd20_47de3f (638 1065.41 0 6.00 3 2263.00){0.00 0.00 0.00 0.00 2.40 0}{2.40 0.00 0.00 0.00 4.80 0}{4.80 6.00 7.75 9.00 9.60 318}{9.60 11.00 11.00 11.00 12.00 1}{12.00 15.00 2126.39 2263.00 4116.00 319}
COMP 4b-1: 4822b2_482632_48276b_48285f (641 1509.48 2 879.00 3 189884.00){0.00 0.00 0.00 0.00 354.40 0}{354.40 0.00 0.00 0.00 708.80 0}{708.80 879.00 921.00 974.00 1417.60 639}{1417.60 0.00 0.00 0.00 1772.00 0}{1772.00 189792.00 189838.00 189884.00 377996.00 2}
COMP 4b-2: 48b20d_48b491_48b565_48b61e (1 190094.00 1 190094.00 1 190094.00){0.00 0.00 0.00 0.00 76037.60 0}{76037.60 0.00 0.00 0.00 152075.20 0}{152075.20 190094.00 190094.00 190094.00 228112.80 1}{228112.80 0.00 0.00 0.00 304150.40 0}{304150.40 0.00 0.00 0.00 380188.00 0}
COMM 4b-0: 47d7f1_47dbb6_47dd20_47de3f (638 7.71 0 1.00 0 102.00){0.00 1.00 1.00 1.00 1.60 138}{1.60 2.00 2.67 4.00 4.00 193}{4.00 5.00 13.20 36.00 38.00 302}{38.00 42.00 45.75 51.00 52.00 4}{52.00 102.00 102.00 102.00 152.00 1}
COMM 4b-1: 4822b2_482632_48276b_48285f (641 40.19 2 2.00 0 5703.00){0.00 2.00 8.33 2194.00 2281.20 637}{2281.20 2527.00 3030.67 3468.00 4562.40 3}{4562.40 5703.00 5703.00 5703.00 6843.60 1}{6843.60 0.00 0.00 0.00 9124.80 0}{9124.80 0.00 0.00 0.00 11406.00 0}
COMM 4b-2: 48b20d_48b491_48b565_48b61e (1 1997.00 1 1997.00 1 1997.00){0.00 0.00 0.00 0.00 798.80 0}{798.80 0.00 0.00 0.00 1597.60 0}{1597.60 1997.00 1997.00 1997.00 2396.40 1}{2396.40 0.00 0.00 0.00 3195.20 0}{3195.20 0.00 0.00 0.00 3994.00 0}
LOOP0: iter: ( 320 )[ 2 -1 0 2 1 -1 3 1 0 ] mem: ( 1 )[ 1 -1 0 2 3 ]( 2 )[ 1 -1 1 1 0 ]
10 2 
12 400 
14 16 
1b 0 
2b ( 1 2 )[ 1 -1 0 1 0 ]
2b ( 3 3 3 3 3 3 3 3 3 3 3 3 3 3 3 3 3 3 3 3 3 3 3 3 3 3 3 3 3 3 3 3 3 3 3 3 3 3 3 3 3 3 3 3 3 3 3 3 3 3 3 3 3 3 3 3 3 3 3 3 3 3 3 3 3 3 3 3 3 3 3 3 3 3 3 3 3 3 3 3 3 3 3 3 3 3 3 3 3 3 3 3 3 3 3 3 3 3 3 3 3 3 3 3 3 3 3 3 3 3 3 3 3 3 3 3 3 3 3 3 3 3 3 3 3 3 3 3 3 3 3 3 3 3 3 3 3 3 3 3 3 3 3 3 3 3 3 3 3 3 3 3 3 3 3 3 3 3 3 3 2 2 2 2 2 2 2 2 2 2 2 2 2 2 2 2 2 2 2 2 2 2 2 2 2 2 2 2 2 2 2 2 2 2 2 2 2 2 2 2 2 2 2 2 2 2 2 2 2 2 2 2 2 2 2 2 2 2 2 2 2 2 2 2 2 2 2 2 2 2 2 2 2 2 2 2 2 2 2 2 2 2 2 2 2 2 2 2 2 2 2 2 2 2 2 2 2 2 2 2 2 2 2 2 2 2 2 2 2 2 2 2 2 2 2 2 2 2 2 2 2 2 2 2 2 2 2 2 2 2 2 2 2 2 2 2 2 2 2 2 2 2 2 2 2 2 2 2 2 2 2 2 2 2 2 2 2 2 2 2 )[ 1 -1 1 1 0 ]
2b ( 3 2 )[ 1 -1 3 1 0 ]
2b ( 2 2 2 2 2 2 2 2 2 2 2 2 2 2 2 2 2 2 2 2 2 2 2 2 2 2 2 2 2 2 2 2 2 2 2 2 2 2 2 2 2 2 2 2 2 2 2 2 2 2 2 2 2 2 2 2 2 2 2 2 2 2 2 2 2 2 2 2 2 2 2 2 2 2 2 2 2 2 2 2 2 2 2 2 2 2 2 2 2 2 2 2 2 2 2 2 2 2 2 2 2 2 2 2 2 2 2 2 2 2 2 2 2 2 2 2 2 2 2 2 2 2 2 2 2 2 2 2 2 2 2 2 2 2 2 2 2 2 2 2 2 2 2 2 2 2 2 2 2 2 2 2 2 2 2 2 2 2 2 2 1 1 1 1 1 1 1 1 1 1 1 1 1 1 1 1 1 1 1 1 1 1 1 1 1 1 1 1 1 1 1 1 1 1 1 1 1 1 1 1 1 1 1 1 1 1 1 1 1 1 1 1 1 1 1 1 1 1 1 1 1 1 1 1 1 1 1 1 1 1 1 1 1 1 1 1 1 1 1 1 1 1 1 1 1 1 1 1 1 1 1 1 1 1 1 1 1 1 1 1 1 1 1 1 1 1 1 1 1 1 1 1 1 1 1 1 1 1 1 1 1 1 1 1 1 1 1 1 1 1 1 1 1 1 1 1 1 1 1 1 1 1 1 1 1 1 1 1 1 1 1 1 1 1 1 1 1 1 1 1 )[ 1 -1 2 1 0 ]

RANKS: 1 -1 1 3 1
EVENT37: 1113 4822b2_482632_48276b_48285f
COMP 4b-0: 47d7f1_47dbb6_47dd20_47de3f (322 1226.85 1 1176.00 3 3332.00){0.00 0.00 0.00 0.00 505.20 0}{505.20 0.00 0.00 0.00 1010.40 0}{1010.40 1176.00 1220.18 1310.00 2020.80 321}{2020.80 0.00 0.00 0.00 2526.00 0}{2526.00 3332.00 3332.00 3332.00 4138.00 1}
COMP 4b-1: 4822b2_482632_48276b_48285f (319 1027.83 3 6.00 3 2187.00){0.00 0.00 0.00 0.00 2.40 0}{2.40 0.00 0.00 0.00 4.80 0}{4.80 6.00 6.27 7.00 9.60 159}{9.60 0.00 0.00 0.00 12.00 0}{12.00 13.00 2049.39 2187.00 4090.00 160}
COMM 4b-0: 47d7f1_47dbb6_47dd20_47de3f (322 3.41 1 2.00 1 19.00){0.00 2.00 2.97 3.00 3.20 282}{3.20 4.00 4.00 4.00 6.40 30}{6.40 8.00 8.00 8.00 12.80 2}{12.80 13.00 14.17 16.00 16.00 6}{16.00 17.00 18.00 19.00 22.00 2}
COMM 4b-1: 4822b2_482632_48276b_48285f (319 2.94 3 1.00 3 27.00){0.00 1.00 1.00 1.00 1.60 5}{1.60 2.00 2.00 2.00 2.40 152}{2.40 3.00 3.00 3.00 3.20 132}{3.20 4.00 4.00 4.00 4.00 24}{4.00 10.00 23.00 27.00 48.00 6}
LOOP0: iter: ( 320 )[ 1 -1 3 1 0 ] mem: ( 1 )[ 1 -1 3 1 0 ]
10 2 
12 400 
14 16 
1a ( 2 2 2 2 2 2 2 2 2 2 2 2 2 2 2 2 2 2 2 2 2 2 2 2 2 2 2 2 2 2 2 2 2 2 2 2 2 2 2 2 2 2 2 2 2 2 2 2 2 2 2 2 2 2 2 2 2 2 2 2 2 2 2 2 2 2 2 2 2 2 2 2 2 2 2 2 2 2 2 2 2 2 2 2 2 2 2 2 2 2 2 2 2 2 2 2 2 2 2 2 2 2 2 2 2 2 2 2 2 2 2 2 2 2 2 2 2 2 2 2 2 2 2 2 2 2 2 2 2 2 2 2 2 2 2 2 2 2 2 2 2 2 2 2 2 2 2 2 2 2 2 2 2 2 2 2 2 2 2 2 3 3 3 3 3 3 3 3 3 3 3 3 3 3 3 3 3 3 3 3 3 3 3 3 3 3 3 3 3 3 3 3 3 3 3 3 3 3 3 3 3 3 3 3 3 3 3 3 3 3 3 3 3 3 3 3 3 3 3 3 3 3 3 3 3 3 3 3 3 3 3 3 3 3 3 3 3 3 3 3 3 3 3 3 3 3 3 3 3 3 3 3 3 3 3 3 3 3 3 3 3 3 3 3 3 3 3 3 3 3 3 3 3 3 3 3 3 3 3 3 3 3 3 3 3 3 3 3 3 3 3 3 3 3 3 3 3 3 3 3 3 3 3 3 3 3 3 3 3 3 3 3 3 3 3 3 3 3 3 3 )[ 1 -1 1 1 0 ]
1a ( 3 2 )[ 1 -1 3 1 0 ]
1a ( 2 )[ 1 -1 2 1 0 ]
1b 0 

RANKS: 1 -1 0 4 1
EVENT38: 1004 46a6e7_46aa47_46ab8a_46ac7c
COMP 4b-0: 47d7f1_47dbb6_47dd20_47de3f (1 18895.00 0 18895.00 0 18895.00){0.00 0.00 0.00 0.00 7558.00 0}{7558.00 0.00 0.00 0.00 15116.00 0}{15116.00 18895.00 18895.00 18895.00 22674.00 1}{22674.00 0.00 0.00 0.00 30232.00 0}{30232.00 0.00 0.00 0.00 37790.00 0}
COMP 4b-1: 4822b2_482632_48276b_48285f (3 17857.25 3 17813.00 2 17878.00){0.00 0.00 0.00 0.00 7147.60 0}{7147.60 0.00 0.00 0.00 14295.20 0}{14295.20 17813.00 17853.33 17878.00 21442.80 3}{21442.80 0.00 0.00 0.00 28590.40 0}{28590.40 0.00 0.00 0.00 35738.00 0}
COMM 4b-0: 47d7f1_47dbb6_47dd20_47de3f (1 24.00 0 24.00 0 24.00){0.00 0.00 0.00 0.00 9.60 0}{9.60 0.00 0.00 0.00 19.20 0}{19.20 24.00 24.00 24.00 28.80 1}{28.80 0.00 0.00 0.00 38.40 0}{38.40 0.00 0.00 0.00 48.00 0}
COMM 4b-1: 4822b2_482632_48276b_48285f (3 1954.75 2 1056.00 3 4341.00){0.00 0.00 0.00 0.00 484.40 0}{484.40 0.00 0.00 0.00 968.80 0}{968.80 1056.00 1133.50 1211.00 1937.60 2}{1937.60 0.00 0.00 0.00 2422.00 0}{2422.00 4341.00 4341.00 4341.00 6260.00 1}
10 2 
12 5 
14 16 
18 3 

RANKS: 1 -1 0 2 2
EVENT39: 1113 4822b2_482632_48276b_48285f
COMP 4b-0: 46a6e7_46aa47_46ab8a_46ac7c (2 10767.00 2 10519.00 0 10891.00){0.00 0.00 0.00 0.00 4356.40 0}{4356.40 0.00 0.00 0.00 8712.80 0}{8712.80 10519.00 10705.00 10891.00 13069.20 2}{13069.20 0.00 0.00 0.00 17425.60 0}{17425.60 0.00 0.00 0.00 21782.00 0}
COMP 4b-1: 48b20d_48b491_48b565_48b61e (1 87181.00 0 87181.00 0 87181.00){0.00 0.00 0.00 0.00 34872.40 0}{34872.40 0.00 0.00 0.00 69744.80 0}{69744.80 87181.00 87181.00 87181.00 104617.20 1}{104617.20 0.00 0.00 0.00 139489.60 0}{139489.60 0.00 0.00 0.00 174362.00 0}
COMM 4b-0: 46a6e7_46aa47_46ab8a_46ac7c (2 567.00 2 565.00 0 568.00){0.00 0.00 0.00 0.00 227.20 0}{227.20 0.00 0.00 0.00 454.40 0}{454.40 565.00 566.50 568.00 681.60 2}{681.60 0.00 0.00 0.00 908.80 0}{908.80 0.00 0.00 0.00 1136.00 0}
COMM 4b-1: 48b20d_48b491_48b565_48b61e (1 565.00 0 565.00 0 565.00){0.00 0.00 0.00 0.00 226.00 0}{226.00 0.00 0.00 0.00 452.00 0}{452.00 565.00 565.00 565.00 678.00 1}{678.00 0.00 0.00 0.00 904.00 0}{904.00 0.00 0.00 0.00 1130.00 0}
LOOP0: iter: ( 2 )[ 1 -1 0 1 0 ] mem: ( 3 )[ 1 -1 0 1 0 ]
10 2 
12 131220 
14 16 
1a ( 1 2 )[ 1 -1 0 1 0 ]
1a ( 1 )[ 1 -1 2 1 0 ]
1b 0 

RANKS: 1 -1 0 4 1
EVENT40: 1090 47a17e_47a553_47a6be_47a7df
COMP 4b-0: 46a6e7_46aa47_46ab8a_46ac7c (2 10064.67 3 10060.00 1 10067.00){0.00 0.00 0.00 0.00 4026.80 0}{4026.80 0.00 0.00 0.00 8053.60 0}{8053.60 10060.00 10063.50 10067.00 12080.40 2}{12080.40 0.00 0.00 0.00 16107.20 0}{16107.20 0.00 0.00 0.00 20134.00 0}
COMP 4b-1: 4822b2_482632_48276b_48285f (4 17324.00 0 6.00 3 86596.00){0.00 0.00 0.00 0.00 2.40 0}{2.40 0.00 0.00 0.00 4.80 0}{4.80 6.00 6.00 6.00 9.60 3}{9.60 0.00 0.00 0.00 12.00 0}{12.00 86596.00 86596.00 86596.00 173180.00 1}
COMP 4b-2: 48b20d_48b491_48b565_48b61e (1 86880.00 2 86880.00 2 86880.00){0.00 0.00 0.00 0.00 34752.00 0}{34752.00 0.00 0.00 0.00 69504.00 0}{69504.00 86880.00 86880.00 86880.00 104256.00 1}{104256.00 0.00 0.00 0.00 139008.00 0}{139008.00 0.00 0.00 0.00 173760.00 0}
COMM 4b-0: 46a6e7_46aa47_46ab8a_46ac7c (2 2.00 1 2.00 1 2.00){0.00 0.00 0.00 0.00 0.80 0}{0.80 0.00 0.00 0.00 1.60 0}{1.60 2.00 2.00 2.00 2.40 2}{2.40 0.00 0.00 0.00 3.20 0}{3.20 0.00 0.00 0.00 4.00 0}
COMM 4b-1: 4822b2_482632_48276b_48285f (4 1.80 0 1.00 3 3.00){0.00 0.00 0.00 0.00 0.40 0}{0.40 0.00 0.00 0.00 0.80 0}{0.80 1.00 1.00 1.00 1.60 1}{1.60 2.00 2.00 2.00 2.00 2}{2.00 3.00 3.00 3.00 4.00 1}
COMM 4b-2: 48b20d_48b491_48b565_48b61e (1 3.00 2 3.00 2 3.00){0.00 0.00 0.00 0.00 1.20 0}{1.20 0.00 0.00 0.00 2.40 0}{2.40 3.00 3.00 3.00 3.60 1}{3.60 0.00 0.00 0.00 4.80 0}{4.80 0.00 0.00 0.00 6.00 0}
LOOP0: iter: ( 2 )[ 1 -1 2 2 1 ] mem: ( 3 )[ 1 -1 3 1 0 ]( 2 )[ 1 -1 2 1 0 ]
10 2 
12 131220 
14 16 
1b 0 
2b 2147483647 

RANKS: 1 -1 0 4 1
EVENT41: 1148 48b20d_48b491_48b565_48b61e
COMP 4b-0: 47a17e_47a553_47a6be_47a7df (7 8.38 0 6.00 0 14.00){0.00 0.00 0.00 0.00 2.40 0}{2.40 0.00 0.00 0.00 4.80 0}{4.80 6.00 6.60 7.00 9.60 5}{9.60 0.00 0.00 0.00 12.00 0}{12.00 14.00 14.00 14.00 16.00 2}
COMM 4b-0: 47a17e_47a553_47a6be_47a7df (7 1220.62 3 991.00 0 1356.00){0.00 0.00 0.00 0.00 542.40 0}{542.40 991.00 1026.50 1062.00 1084.80 2}{1084.80 1142.00 1271.20 1356.00 1627.20 5}{1627.20 0.00 0.00 0.00 2169.60 0}{2169.60 0.00 0.00 0.00 2712.00 0}
1c 9999 

RANKS: 1 -1 2 2 1
EVENT42: 1113 4822b2_482632_48276b_48285f
COMP 4b-0: 48b20d_48b491_48b565_48b61e (3 711.50 2 551.00 3 855.00){0.00 0.00 0.00 0.00 342.00 0}{342.00 551.00 568.00 585.00 684.00 2}{684.00 855.00 855.00 855.00 1026.00 1}{1026.00 0.00 0.00 0.00 1368.00 0}{1368.00 0.00 0.00 0.00 1710.00 0}
COMM 4b-0: 48b20d_48b491_48b565_48b61e (3 555.25 2 554.00 3 557.00){0.00 0.00 0.00 0.00 222.00 0}{222.00 0.00 0.00 0.00 444.00 0}{444.00 554.00 555.33 557.00 666.00 3}{666.00 0.00 0.00 0.00 888.00 0}{888.00 0.00 0.00 0.00 1110.00 0}
10 2 
12 131220 
14 16 
1a ( 3 2 )[ 1 -1 3 1 0 ]
1a ( 2 )[ 1 -1 2 1 0 ]
1b 0 

RANKS: 2 -1 0 2 2 -1 3 1 0
EVENT43: 1004 46a6e7_46aa47_46ab8a_46ac7c
COMP 4b-0: 46a6e7_46aa47_46ab8a_46ac7c (6 35125.00 0 7.00 3 81983.00){0.00 0.00 0.00 0.00 2.80 0}{2.80 0.00 0.00 0.00 5.60 0}{5.60 7.00 7.00 7.00 11.20 3}{11.20 0.00 0.00 0.00 14.00 0}{14.00 81919.00 81949.00 81983.00 163824.00 3}
COMP 4b-1: 4822b2_482632_48276b_48285f (2 188210.67 3 188173.00 2 188286.00){0.00 0.00 0.00 0.00 75269.20 0}{75269.20 0.00 0.00 0.00 150538.40 0}{150538.40 188173.00 188229.50 188286.00 225807.60 2}{225807.60 0.00 0.00 0.00 301076.80 0}{301076.80 0.00 0.00 0.00 376346.00 0}
COMP 4b-2: 48b20d_48b491_48b565_48b61e (1 188575.00 0 188575.00 0 188575.00){0.00 0.00 0.00 0.00 75430.00 0}{75430.00 0.00 0.00 0.00 150860.00 0}{150860.00 188575.00 188575.00 188575.00 226290.00 1}{226290.00 0.00 0.00 0.00 301720.00 0}{301720.00 0.00 0.00 0.00 377150.00 0}
COMM 4b-0: 46a6e7_46aa47_46ab8a_46ac7c (6 31.71 3 14.00 0 82.00){0.00 0.00 0.00 0.00 9.20 0}{9.20 14.00 14.00 14.00 18.40 1}{18.40 21.00 25.75 35.00 36.80 4}{36.80 0.00 0.00 0.00 46.00 0}{46.00 82.00 82.00 82.00 118.00 1}
COMM 4b-1: 4822b2_482632_48276b_48285f (2 1123.67 2 847.00 3 1262.00){0.00 0.00 0.00 0.00 504.80 0}{504.80 847.00 847.00 847.00 1009.60 1}{1009.60 1262.00 1262.00 1262.00 1514.40 1}{1514.40 0.00 0.00 0.00 2019.20 0}{2019.20 0.00 0.00 0.00 2524.00 0}
COMM 4b-2: 48b20d_48b491_48b565_48b61e (1 559.00 0 559.00 0 559.00){0.00 0.00 0.00 0.00 223.60 0}{223.60 0.00 0.00 0.00 447.20 0}{447.20 559.00 559.00 559.00 670.80 1}{670.80 0.00 0.00 0.00 894.40 0}{894.40 0.00 0.00 0.00 1118.00 0}
LOOP0: iter: ( 3 )[ 2 -1 0 2 2 -1 3 1 0 ] mem: ( 1 )[ 2 -1 0 2 2 -1 3 1 0 ]
10 2 
12 5 1 5 
14 16 
18 3 1 3 

RANKS: 1 -1 1 3 1
EVENT44: 1113 4822b2_482632_48276b_48285f
COMP 4b-0: 46a6e7_46aa47_46ab8a_46ac7c (2 230.67 2 228.00 3 232.00){0.00 0.00 0.00 0.00 92.80 0}{92.80 0.00 0.00 0.00 185.60 0}{185.60 228.00 230.00 232.00 278.40 2}{278.40 0.00 0.00 0.00 371.20 0}{371.20 0.00 0.00 0.00 464.00 0}
COMP 4b-1: 4822b2_482632_48276b_48285f (2 57891.00 3 5.00 1 86834.00){0.00 5.00 5.00 5.00 34733.60 1}{34733.60 0.00 0.00 0.00 69467.20 0}{69467.20 86834.00 86834.00 86834.00 104200.80 1}{104200.80 0.00 0.00 0.00 138934.40 0}{138934.40 0.00 0.00 0.00 173668.00 0}
COMP 4b-2: 48b20d_48b491_48b565_48b61e (1 852.00 1 852.00 1 852.00){0.00 0.00 0.00 0.00 340.80 0}{340.80 0.00 0.00 0.00 681.60 0}{681.60 852.00 852.00 852.00 1022.40 1}{1022.40 0.00 0.00 0.00 1363.20 0}{1363.20 0.00 0.00 0.00 1704.00 0}
COMM 4b-0: 46a6e7_46aa47_46ab8a_46ac7c (2 4.00 3 4.00 3 4.00){0.00 0.00 0.00 0.00 1.60 0}{1.60 0.00 0.00 0.00 3.20 0}{3.20 4.00 4.00 4.00 4.80 2}{4.80 0.00 0.00 0.00 6.40 0}{6.40 0.00 0.00 0.00 8.00 0}
COMM 4b-1: 4822b2_482632_48276b_48285f (2 382.00 3 2.00 1 572.00){0.00 2.00 2.00 2.00 228.80 1}{228.80 0.00 0.00 0.00 457.60 0}{457.60 572.00 572.00 572.00 686.40 1}{686.40 0.00 0.00 0.00 915.20 0}{915.20 0.00 0.00 0.00 1144.00 0}
COMM 4b-2: 48b20d_48b491_48b565_48b61e (1 562.00 1 562.00 1 562.00){0.00 0.00 0.00 0.00 224.80 0}{224.80 0.00 0.00 0.00 449.60 0}{449.60 562.00 562.00 562.00 674.40 1}{674.40 0.00 0.00 0.00 899.20 0}{899.20 0.00 0.00 0.00 1124.00 0}
LOOP0: iter: ( 2 )[ 1 -1 1 2 2 ] mem: ( 1 )[ 1 -1 1 2 2 ]
10 2 
12 ( 131220 )[ 1 -1 1 1 0 ]
12 ( 162 166 )[ 1 -1 3 1 0 ]
12 ( 162 )[ 1 -1 2 1 0 ]
14 16 
1a ( 3 2 )[ 1 -1 1 1 0 ]
1a ( 2 3 )[ 1 -1 3 1 0 ]
1a ( 2 )[ 1 -1 2 1 0 ]
1b 0 

RANKS: 1 -1 0 2 1
EVENT45: 1090 47a17e_47a553_47a6be_47a7df
COMP 4b-0: 46a6e7_46aa47_46ab8a_46ac7c (1 230.00 0 230.00 0 230.00){0.00 0.00 0.00 0.00 92.00 0}{92.00 0.00 0.00 0.00 184.00 0}{184.00 230.00 230.00 230.00 276.00 1}{276.00 0.00 0.00 0.00 368.00 0}{368.00 0.00 0.00 0.00 460.00 0}
COMP 4b-1: 4822b2_482632_48276b_48285f (1 7.00 1 7.00 1 7.00){0.00 0.00 0.00 0.00 2.80 0}{2.80 0.00 0.00 0.00 5.60 0}{5.60 7.00 7.00 7.00 8.40 1}{8.40 0.00 0.00 0.00 11.20 0}{11.20 0.00 0.00 0.00 14.00 0}
COMP 4b-2: 48b20d_48b491_48b565_48b61e (1 5.00 0 5.00 0 5.00){0.00 0.00 0.00 0.00 2.00 0}{2.00 0.00 0.00 0.00 4.00 0}{4.00 5.00 5.00 5.00 6.00 1}{6.00 0.00 0.00 0.00 8.00 0}{8.00 0.00 0.00 0.00 10.00 0}
COMM 4b-0: 46a6e7_46aa47_46ab8a_46ac7c (1 2.00 0 2.00 0 2.00){0.00 0.00 0.00 0.00 0.80 0}{0.80 0.00 0.00 0.00 1.60 0}{1.60 2.00 2.00 2.00 2.40 1}{2.40 0.00 0.00 0.00 3.20 0}{3.20 0.00 0.00 0.00 4.00 0}
COMM 4b-1: 4822b2_482632_48276b_48285f (1 2.00 1 2.00 1 2.00){0.00 0.00 0.00 0.00 0.80 0}{0.80 0.00 0.00 0.00 1.60 0}{1.60 2.00 2.00 2.00 2.40 1}{2.40 0.00 0.00 0.00 3.20 0}{3.20 0.00 0.00 0.00 4.00 0}
COMM 4b-2: 48b20d_48b491_48b565_48b61e (1 1.00 0 1.00 0 1.00){0.00 0.00 0.00 0.00 0.40 0}{0.40 0.00 0.00 0.00 0.80 0}{0.80 1.00 1.00 1.00 1.20 1}{1.20 0.00 0.00 0.00 1.60 0}{1.60 0.00 0.00 0.00 2.00 0}
LOOP0: iter: ( 2 )[ 1 -1 0 1 0 ] mem: ( 2 )[ 1 -1 0 1 0 ]
10 2 
12 ( 162 166 )[ 1 -1 0 1 0 ]
12 ( 131220 )[ 1 -1 1 1 0 ]
14 16 
1b 0 
2b 2147483647 

RANKS: 1 -1 0 2 1
EVENT46: 1148 48b20d_48b491_48b565_48b61e
COMP 4b-0: 47a17e_47a553_47a6be_47a7df (3 7.25 0 5.00 0 9.00){0.00 0.00 0.00 0.00 3.60 0}{3.60 5.00 5.50 6.00 7.20 2}{7.20 9.00 9.00 9.00 10.80 1}{10.80 0.00 0.00 0.00 14.40 0}{14.40 0.00 0.00 0.00 18.00 0}
COMM 4b-0: 47a17e_47a553_47a6be_47a7df (3 264.75 0 2.00 1 1049.00){0.00 0.00 0.00 0.00 1.60 0}{1.60 2.00 2.00 2.00 3.20 1}{3.20 4.00 4.00 4.00 6.40 1}{6.40 0.00 0.00 0.00 8.00 0}{8.00 1049.00 1049.00 1049.00 2090.00 1}
1c 9999 

RANKS: 2 -1 0 2 1 -1 3 1 0
EVENT47: 1004 46a6e7_46aa47_46ab8a_46ac7c
COMP 4b-0: 46a6e7_46aa47_46ab8a_46ac7c (2 27316.00 1 13.00 1 81922.00){0.00 0.00 0.00 0.00 5.20 0}{5.20 0.00 0.00 0.00 10.40 0}{10.40 13.00 13.00 13.00 20.80 1}{20.80 0.00 0.00 0.00 26.00 0}{26.00 81922.00 81922.00 81922.00 163818.00 1}
COMP 4b-1: 4822b2_482632_48276b_48285f (1 36.00 3 36.00 3 36.00){0.00 0.00 0.00 0.00 14.40 0}{14.40 0.00 0.00 0.00 28.80 0}{28.80 36.00 36.00 36.00 43.20 1}{43.20 0.00 0.00 0.00 57.60 0}{57.60 0.00 0.00 0.00 72.00 0}
COMP 4b-2: 48b20d_48b491_48b565_48b61e (2 63175.00 0 36.00 1 189453.00){0.00 0.00 0.00 0.00 14.40 0}{14.40 0.00 0.00 0.00 28.80 0}{28.80 36.00 36.00 36.00 57.60 1}{57.60 0.00 0.00 0.00 72.00 0}{72.00 189453.00 189453.00 189453.00 378834.00 1}
COMM 4b-0: 46a6e7_46aa47_46ab8a_46ac7c (2 31.33 1 4.00 1 86.00){0.00 0.00 0.00 0.00 1.60 0}{1.60 0.00 0.00 0.00 3.20 0}{3.20 4.00 4.00 4.00 6.40 1}{6.40 0.00 0.00 0.00 8.00 0}{8.00 86.00 86.00 86.00 164.00 1}
COMM 4b-1: 4822b2_482632_48276b_48285f (1 39.00 3 39.00 3 39.00){0.00 0.00 0.00 0.00 15.60 0}{15.60 0.00 0.00 0.00 31.20 0}{31.20 39.00 39.00 39.00 46.80 1}{46.80 0.00 0.00 0.00 62.40 0}{62.40 0.00 0.00 0.00 78.00 0}
COMM 4b-2: 48b20d_48b491_48b565_48b61e (2 12.33 0 6.00 1 25.00){0.00 0.00 0.00 0.00 2.40 0}{2.40 0.00 0.00 0.00 4.80 0}{4.80 6.00 6.00 6.00 9.60 1}{9.60 0.00 0.00 0.00 12.00 0}{12.00 25.00 25.00 25.00 38.00 1}
LOOP0: iter: ( 3 )[ 1 -1 1 1 0 ] mem: ( 1 )[ 1 -1 1 1 0 ]
10 2 
12 ( 1 )[ 1 -1 0 2 3 ]
12 ( 5 1 5 )[ 1 -1 1 1 0 ]
14 16 
18 ( 3 )[ 1 -1 0 2 3 ]
18 ( 3 1 3 )[ 1 -1 1 1 0 ]

RANKS: 1 -1 0 3 1
EVENT48: 1090 47a17e_47a553_47a6be_47a7df
COMP 4b-0: 46a6e7_46aa47_46ab8a_46ac7c (3 191.75 0 180.00 1 223.00){0.00 0.00 0.00 0.00 72.00 0}{72.00 0.00 0.00 0.00 144.00 0}{144.00 180.00 182.00 184.00 216.00 2}{216.00 223.00 223.00 223.00 288.00 1}{288.00 0.00 0.00 0.00 360.00 0}
COMP 4b-1: 4822b2_482632_48276b_48285f (1 9.00 2 9.00 2 9.00){0.00 0.00 0.00 0.00 3.60 0}{3.60 0.00 0.00 0.00 7.20 0}{7.20 9.00 9.00 9.00 10.80 1}{10.80 0.00 0.00 0.00 14.40 0}{14.40 0.00 0.00 0.00 18.00 0}
COMM 4b-0: 46a6e7_46aa47_46ab8a_46ac7c (3 1.00 0 1.00 0 1.00){0.00 0.00 0.00 0.00 0.40 0}{0.40 0.00 0.00 0.00 0.80 0}{0.80 1.00 1.00 1.00 1.20 3}{1.20 0.00 0.00 0.00 1.60 0}{1.60 0.00 0.00 0.00 2.00 0}
COMM 4b-1: 4822b2_482632_48276b_48285f (1 1.00 2 1.00 2 1.00){0.00 0.00 0.00 0.00 0.40 0}{0.40 0.00 0.00 0.00 0.80 0}{0.80 1.00 1.00 1.00 1.20 1}{1.20 0.00 0.00 0.00 1.60 0}{1.60 0.00 0.00 0.00 2.00 0}
LOOP0: iter: ( 2 )[ 1 -1 2 1 0 ] mem: ( 3 )[ 1 -1 2 1 0 ]
10 2 
12 ( 162 )[ 1 -1 0 2 1 ]
12 ( 166 162 )[ 1 -1 2 1 0 ]
14 16 
1b 0 
2b 2147483647 

RANKS: 1 -1 0 3 1
EVENT49: 1148 48b20d_48b491_48b565_48b61e
COMP 4b-0: 47a17e_47a553_47a6be_47a7df (4 6.00 0 5.00 1 7.00){0.00 0.00 0.00 0.00 2.00 0}{2.00 0.00 0.00 0.00 4.00 0}{4.00 5.00 5.50 6.00 6.00 2}{6.00 7.00 7.00 7.00 8.00 2}{8.00 0.00 0.00 0.00 10.00 0}
COMM 4b-0: 47a17e_47a553_47a6be_47a7df (4 3.00 2 2.00 2 4.00){0.00 0.00 0.00 0.00 1.20 0}{1.20 2.00 2.00 2.00 2.40 1}{2.40 3.00 3.00 3.00 3.60 2}{3.60 4.00 4.00 4.00 4.80 1}{4.80 0.00 0.00 0.00 6.00 0}
1c 9999 

RANKS: 1 -1 1 2 2
EVENT50: 1113 4822b2_482632_48276b_48285f
COMP 4b-0: 46a6e7_46aa47_46ab8a_46ac7c (2 185.67 1 184.00 3 189.00){0.00 0.00 0.00 0.00 73.60 0}{73.60 0.00 0.00 0.00 147.20 0}{147.20 184.00 186.50 189.00 220.80 2}{220.80 0.00 0.00 0.00 294.40 0}{294.40 0.00 0.00 0.00 368.00 0}
COMP 4b-1: 48b20d_48b491_48b565_48b61e (1 11.00 1 11.00 1 11.00){0.00 0.00 0.00 0.00 4.40 0}{4.40 0.00 0.00 0.00 8.80 0}{8.80 11.00 11.00 11.00 13.20 1}{13.20 0.00 0.00 0.00 17.60 0}{17.60 0.00 0.00 0.00 22.00 0}
COMM 4b-0: 46a6e7_46aa47_46ab8a_46ac7c (2 2.33 1 2.00 3 3.00){0.00 0.00 0.00 0.00 0.80 0}{0.80 0.00 0.00 0.00 1.60 0}{1.60 2.00 2.00 2.00 2.40 1}{2.40 3.00 3.00 3.00 3.20 1}{3.20 0.00 0.00 0.00 4.00 0}
COMM 4b-1: 48b20d_48b491_48b565_48b61e (1 4.00 1 4.00 1 4.00){0.00 0.00 0.00 0.00 1.60 0}{1.60 0.00 0.00 0.00 3.20 0}{3.20 4.00 4.00 4.00 4.80 1}{4.80 0.00 0.00 0.00 6.40 0}{6.40 0.00 0.00 0.00 8.00 0}
LOOP0: iter: ( 2 )[ 1 -1 1 1 0 ] mem: ( 2 )[ 1 -1 1 1 0 ]
10 2 
12 ( 166 162 )[ 1 -1 1 1 0 ]
12 ( 162 )[ 1 -1 3 1 0 ]
14 16 
1a 3 
1b 0 

RANKS: 1 -1 0 4 1
EVENT51: 1004 46a6e7_46aa47_46ab8a_46ac7c
COMP 4b-0: 4822b2_482632_48276b_48285f (3 49.25 1 34.00 3 66.00){0.00 0.00 0.00 0.00 13.60 0}{13.60 0.00 0.00 0.00 27.20 0}{27.20 34.00 34.00 34.00 40.80 1}{40.80 0.00 0.00 0.00 54.40 0}{54.40 63.00 64.50 66.00 68.00 2}
COMP 4b-1: 48b20d_48b491_48b565_48b61e (3 58.25 2 35.00 0 67.00){0.00 0.00 0.00 0.00 26.80 0}{26.80 35.00 35.00 35.00 53.60 1}{53.60 64.00 65.50 67.00 80.40 2}{80.40 0.00 0.00 0.00 107.20 0}{107.20 0.00 0.00 0.00 134.00 0}
COMM 4b-0: 4822b2_482632_48276b_48285f (3 22.75 1 22.00 3 25.00){0.00 0.00 0.00 0.00 8.80 0}{8.80 0.00 0.00 0.00 17.60 0}{17.60 22.00 23.00 25.00 26.40 3}{26.40 0.00 0.00 0.00 35.20 0}{35.20 0.00 0.00 0.00 44.00 0}
COMM 4b-1: 48b20d_48b491_48b565_48b61e (3 20.50 2 6.00 2 38.00){0.00 6.00 6.00 6.00 7.60 1}{7.60 0.00 0.00 0.00 15.20 0}{15.20 19.00 19.00 19.00 22.80 1}{22.80 0.00 0.00 0.00 30.40 0}{30.40 38.00 38.00 38.00 38.00 1}
10 2 
12 1 
14 16 
18 3 

RANKS: 1 -1 0 2 1
EVENT52: 1090 47a17e_47a553_47a6be_47a7df_45f104
COMP 4b-0: 46a6e7_46aa47_46ab8a_46ac7c (2 389.00 0 387.00 1 393.00){0.00 0.00 0.00 0.00 154.80 0}{154.80 0.00 0.00 0.00 309.60 0}{309.60 387.00 390.00 393.00 464.40 2}{464.40 0.00 0.00 0.00 619.20 0}{619.20 0.00 0.00 0.00 774.00 0}
COMM 4b-0: 46a6e7_46aa47_46ab8a_46ac7c (2 1.67 1 1.00 0 2.00){0.00 0.00 0.00 0.00 0.80 0}{0.80 1.00 1.00 1.00 1.60 1}{1.60 2.00 2.00 2.00 2.40 1}{2.40 0.00 0.00 0.00 3.20 0}{3.20 0.00 0.00 0.00 4.00 0}
10 2 
12 162 
14 16 
1b 0 
2b 2147483647 

RANKS: 1 -1 0 2 1
EVENT53: 1148 48b20d_48b491_48b565_48b61e_45f119
COMP 4b-0: 47a17e_47a553_47a6be_47a7df_45f104 (2 6.00 0 6.00 0 6.00){0.00 0.00 0.00 0.00 2.40 0}{2.40 0.00 0.00 0.00 4.80 0}{4.80 6.00 6.00 6.00 7.20 2}{7.20 0.00 0.00 0.00 9.60 0}{9.60 0.00 0.00 0.00 12.00 0}
COMM 4b-0: 47a17e_47a553_47a6be_47a7df_45f104 (2 5.33 1 2.00 0 7.00){0.00 2.00 2.00 2.00 2.80 1}{2.80 0.00 0.00 0.00 5.60 0}{5.60 7.00 7.00 7.00 8.40 1}{8.40 0.00 0.00 0.00 11.20 0}{11.20 0.00 0.00 0.00 14.00 0}
1c 9999 

RANKS: 1 -1 2 2 1
EVENT54: 1113 4822b2_482632_48276b_48285f_45f1c8
COMP 4b-0: 46a6e7_46aa47_46ab8a_46ac7c (2 394.67 2 388.00 3 398.00){0.00 0.00 0.00 0.00 159.20 0}{159.20 0.00 0.00 0.00 318.40 0}{318.40 388.00 393.00 398.00 477.60 2}{477.60 0.00 0.00 0.00 636.80 0}{636.80 0.00 0.00 0.00 796.00 0}
COMM 4b-0: 46a6e7_46aa47_46ab8a_46ac7c (2 2.67 2 2.00 3 3.00){0.00 0.00 0.00 0.00 1.20 0}{1.20 2.00 2.00 2.00 2.40 1}{2.40 3.00 3.00 3.00 3.60 1}{3.60 0.00 0.00 0.00 4.80 0}{4.80 0.00 0.00 0.00 6.00 0}
10 2 
12 162 
14 16 
1a 2 
1b 0 

RANKS: 1 -1 0 4 1
EVENT55: 1004 46a6e7_46aa47_46ab8a_46ac7c
COMP 4b-0: 4822b2_482632_48276b_48285f_45f1c8 (2 68.33 2 67.00 3 69.00){0.00 0.00 0.00 0.00 27.60 0}{27.60 0.00 0.00 0.00 55.20 0}{55.20 67.00 68.00 69.00 82.80 2}{82.80 0.00 0.00 0.00 110.40 0}{110.40 0.00 0.00 0.00 138.00 0}
COMP 4b-1: 48b20d_48b491_48b565_48b61e_45f119 (2 73.33 0 69.00 1 82.00){0.00 0.00 0.00 0.00 27.60 0}{27.60 0.00 0.00 0.00 55.20 0}{55.20 69.00 75.50 82.00 82.80 2}{82.80 0.00 0.00 0.00 110.40 0}{110.40 0.00 0.00 0.00 138.00 0}
COMM 4b-0: 4822b2_482632_48276b_48285f_45f1c8 (2 55.67 2 47.00 3 60.00){0.00 0.00 0.00 0.00 24.00 0}{24.00 47.00 47.00 47.00 48.00 1}{48.00 60.00 60.00 60.00 72.00 1}{72.00 0.00 0.00 0.00 96.00 0}{96.00 0.00 0.00 0.00 120.00 0}
COMM 4b-1: 48b20d_48b491_48b565_48b61e_45f119 (2 34.67 1 6.00 0 49.00){0.00 6.00 6.00 6.00 19.60 1}{19.60 0.00 0.00 0.00 39.20 0}{39.20 49.00 49.00 49.00 58.80 1}{58.80 0.00 0.00 0.00 78.40 0}{78.40 0.00 0.00 0.00 98.00 0}
10 2 
12 1 
14 16 
18 3 

RANKS: 1 -1 0 4 1
EVENT56: 1045 473047_4730bb_473121_47317c
COMP 4b-0: 46a6e7_46aa47_46ab8a_46ac7c (4 952.20 1 947.00 0 955.00){0.00 0.00 0.00 0.00 382.00 0}{382.00 0.00 0.00 0.00 764.00 0}{764.00 947.00 951.50 955.00 1146.00 4}{1146.00 0.00 0.00 0.00 1528.00 0}{1528.00 0.00 0.00 0.00 1910.00 0}

