RANKS: 1 -1 0 8 1
EVENT0: 1084 46bb08_46bbc7_46bc5d_46bcb8
33 2 
34 0 

RANKS: 1 -1 0 8 1
EVENT1: 1090 46c902_46ccd7_46ce42_46cf63_457e56
COMP 4c-0: 46bb08_46bbc7_46bc5d_46bcb8 (8 44310.11 5 42331.00 0 46069.00){0.00 0.00 0.00 0.00 18427.60 0}{18427.60 0.00 0.00 0.00 36855.20 0}{36855.20 42331.00 44090.25 46069.00 55282.80 8}{55282.80 0.00 0.00 0.00 73710.40 0}{73710.40 0.00 0.00 0.00 92138.00 0}
COMP 4c-1: 47d991_47dc15_47dce9_47dda2_457ea8 (8 17.00 0 17.00 0 17.00){0.00 0.00 0.00 0.00 6.80 0}{6.80 0.00 0.00 0.00 13.60 0}{13.60 17.00 17.00 17.00 20.40 8}{20.40 0.00 0.00 0.00 27.20 0}{27.20 0.00 0.00 0.00 34.00 0}
COMM 4b-0: 46bb08_46bbc7_46bc5d_46bcb8 (8 6.22 3 5.00 3 7.00){0.00 0.00 0.00 0.00 2.40 0}{2.40 0.00 0.00 0.00 4.80 0}{4.80 5.00 6.25 7.00 7.20 8}{7.20 0.00 0.00 0.00 9.60 0}{9.60 0.00 0.00 0.00 12.00 0}
COMM 4b-1: 47d991_47dc15_47dce9_47dda2_457ea8 (8 2.00 1 1.00 4 4.00){0.00 0.00 0.00 0.00 0.80 0}{0.80 1.00 1.00 1.00 1.60 3}{1.60 2.00 2.00 2.00 2.40 3}{2.40 3.00 3.00 3.00 3.20 1}{3.20 4.00 4.00 4.00 4.00 1}
LOOP0: iter: ( 2 )[ 1 -1 0 8 1 ] mem: ( 3 )[ 1 -1 0 8 1 ]
10 2 
12 1 
14 16 
1b 0 
2b ( 2 1 )[ 1 -1 0 2 4 ]
2b ( 2 7 )[ 1 -1 1 2 4 ]
2b ( 6 7 )[ 1 -1 3 2 4 ]
2b ( 6 1 )[ 1 -1 2 2 4 ]

RANKS: 1 -1 0 8 1
EVENT2: 1113 474a36_474db6_474eef_474fe3_457e8e
COMP 4c-0: 46c902_46ccd7_46ce42_46cf63_457e56 (16 16.53 0 16.00 0 17.00){0.00 0.00 0.00 0.00 6.80 0}{6.80 0.00 0.00 0.00 13.60 0}{13.60 16.00 16.50 17.00 20.40 16}{20.40 0.00 0.00 0.00 27.20 0}{27.20 0.00 0.00 0.00 34.00 0}
COMM 4b-0: 46c902_46ccd7_46ce42_46cf63_457e56 (16 12.29 0 3.00 4 27.00){0.00 3.00 4.29 6.00 6.80 7}{6.80 7.00 7.00 7.00 13.60 1}{13.60 16.00 17.00 18.00 20.40 5}{20.40 21.00 23.33 27.00 27.20 3}{27.20 0.00 0.00 0.00 34.00 0}
10 2 
12 1 
14 16 
1a ( 2 1 )[ 1 -1 0 2 4 ]
1a ( 2 7 )[ 1 -1 1 2 4 ]
1a ( 6 7 )[ 1 -1 3 2 4 ]
1a ( 6 1 )[ 1 -1 2 2 4 ]
1b 0 

RANKS: 1 -1 0 8 1
EVENT3: 1148 47d991_47dc15_47dce9_47dda2_457ea8
COMP 4c-0: 474a36_474db6_474eef_474fe3_457e8e (16 16.53 0 16.00 0 17.00){0.00 0.00 0.00 0.00 6.80 0}{6.80 0.00 0.00 0.00 13.60 0}{13.60 16.00 16.50 17.00 20.40 16}{20.40 0.00 0.00 0.00 27.20 0}{27.20 0.00 0.00 0.00 34.00 0}
COMM 4b-0: 474a36_474db6_474eef_474fe3_457e8e (16 467.76 0 1.00 4 2123.00){0.00 1.00 10.25 22.00 42.00 8}{42.00 344.00 480.00 635.00 646.00 3}{646.00 807.00 829.00 851.00 968.00 2}{968.00 1244.00 1314.00 1384.00 1800.00 2}{1800.00 2123.00 2123.00 2123.00 2446.00 1}
1c 9999 

RANKS: 1 -1 0 8 1
EVENT4: 1090 46c902_46ccd7_46ce42_46cf63_45800a
COMP 4c-0: 47d991_47dc15_47dce9_47dda2_457ea8 (8 2206.33 5 2173.00 0 2233.00){0.00 0.00 0.00 0.00 893.20 0}{893.20 0.00 0.00 0.00 1786.40 0}{1786.40 2173.00 2203.00 2233.00 2679.60 8}{2679.60 0.00 0.00 0.00 3572.80 0}{3572.80 0.00 0.00 0.00 4466.00 0}
COMP 4c-1: 47d991_47dc15_47dce9_47dda2_458071 (200 44.22 0 44.00 0 45.00){0.00 0.00 0.00 0.00 17.60 0}{17.60 0.00 0.00 0.00 35.20 0}{35.20 44.00 44.22 45.00 52.80 200}{52.80 0.00 0.00 0.00 70.40 0}{70.40 0.00 0.00 0.00 88.00 0}
COMP 4c-2: 47d991_47dc15_47dce9_47dda2_458469 (192 2253.33 5 2205.00 0 2285.00){0.00 0.00 0.00 0.00 906.00 0}{906.00 0.00 0.00 0.00 1812.00 0}{1812.00 2205.00 2253.27 2285.00 2718.00 192}{2718.00 0.00 0.00 0.00 3624.00 0}{3624.00 0.00 0.00 0.00 4530.00 0}
COMM 4b-0: 47d991_47dc15_47dce9_47dda2_457ea8 (8 2.11 3 1.00 4 4.00){0.00 0.00 0.00 0.00 0.80 0}{0.80 1.00 1.00 1.00 1.60 2}{1.60 2.00 2.00 2.00 2.40 4}{2.40 3.00 3.00 3.00 3.20 1}{3.20 4.00 4.00 4.00 4.00 1}
COMM 4b-1: 47d991_47dc15_47dce9_47dda2_458071 (200 1.63 0 1.00 3 6.00){0.00 0.00 0.00 0.00 0.80 0}{0.80 1.00 1.00 1.00 1.60 118}{1.60 2.00 2.00 2.00 2.00 43}{2.00 3.00 3.00 3.00 4.00 37}{4.00 6.00 6.00 6.00 8.00 2}
COMM 4b-2: 47d991_47dc15_47dce9_47dda2_458469 (192 1.72 0 1.00 7 4.00){0.00 0.00 0.00 0.00 0.80 0}{0.80 1.00 1.00 1.00 1.60 78}{1.60 2.00 2.00 2.00 2.40 93}{2.40 3.00 3.00 3.00 3.20 19}{3.20 4.00 4.00 4.00 4.00 2}
LOOP0: iter: ( 25 )[ 1 -1 0 8 1 ] mem: ( 12 )[ 1 -1 0 8 1 ]
LOOP1: iter: ( 2 )[ 1 -1 0 8 1 ] mem: ( 3 )[ 1 -1 0 8 1 ]
10 2 
12 3500 
14 16 
1b 0 
2b ( 1 2 )[ 1 -1 0 2 4 ]
2b ( 7 2 )[ 1 -1 1 2 4 ]
2b ( 7 6 )[ 1 -1 3 2 4 ]
2b ( 1 6 )[ 1 -1 2 2 4 ]

RANKS: 1 -1 0 8 1
EVENT5: 1113 474a36_474db6_474eef_474fe3_45805c
COMP 4c-0: 46c902_46ccd7_46ce42_46cf63_45800a (400 16.20 0 16.00 0 17.00){0.00 0.00 0.00 0.00 6.40 0}{6.40 0.00 0.00 0.00 12.80 0}{12.80 16.00 16.21 17.00 19.20 400}{19.20 0.00 0.00 0.00 25.60 0}{25.60 0.00 0.00 0.00 32.00 0}
COMM 4b-0: 46c902_46ccd7_46ce42_46cf63_45800a (400 110.94 0 26.00 0 550.00){0.00 26.00 65.26 77.00 78.40 249}{78.40 80.00 123.93 151.00 156.80 54}{156.80 156.99 182.99 229.00 235.20 76}{235.20 250.00 314.93 350.00 392.00 15}{392.00 394.00 452.50 550.00 708.00 6}
10 2 
12 3500 
14 16 
1a ( 1 2 )[ 1 -1 0 2 4 ]
1a ( 7 2 )[ 1 -1 1 2 4 ]
1a ( 7 6 )[ 1 -1 3 2 4 ]
1a ( 1 6 )[ 1 -1 2 2 4 ]
1b 0 

RANKS: 1 -1 0 8 1
EVENT6: 1148 47d991_47dc15_47dce9_47dda2_458071
COMP 4c-0: 474a36_474db6_474eef_474fe3_45805c (400 16.08 0 16.00 0 17.00){0.00 0.00 0.00 0.00 6.80 0}{6.80 0.00 0.00 0.00 13.60 0}{13.60 16.00 16.08 17.00 20.40 400}{20.40 0.00 0.00 0.00 27.20 0}{27.20 0.00 0.00 0.00 34.00 0}
COMM 4b-0: 474a36_474db6_474eef_474fe3_45805c (400 2.03 0 1.00 1 11.00){0.00 0.00 0.00 0.00 0.80 0}{0.80 1.00 1.02 1.14 1.60 218}{1.60 2.00 2.00 2.00 2.00 43}{2.00 3.00 3.43 6.00 6.00 134}{6.00 7.00 9.40 11.00 16.00 5}
1c 9999 

RANKS: 1 -1 0 8 1
EVENT7: 1090 46c902_46ccd7_46ce42_46cf63_458110
COMP 4c-0: 47d991_47dc15_47dce9_47dda2_458071 (200 48.02 0 48.00 1 49.00){0.00 0.00 0.00 0.00 19.20 0}{19.20 0.00 0.00 0.00 38.40 0}{38.40 48.00 48.02 49.00 57.60 200}{57.60 0.00 0.00 0.00 76.80 0}{76.80 0.00 0.00 0.00 96.00 0}
COMM 4b-0: 47d991_47dc15_47dce9_47dda2_458071 (200 1.81 0 1.00 3 6.00){0.00 0.00 0.00 0.00 0.80 0}{0.80 1.00 1.00 1.00 1.60 98}{1.60 2.00 2.00 2.00 2.00 43}{2.00 2.48 2.76 4.00 4.00 54}{4.00 6.00 6.00 6.00 8.00 5}
10 2 
12 3500 
14 16 
1b 0 
2b ( 0 )[ 1 -2 0 2 6 2 1 ]
2b ( 2 )[ 1 -1 2 2 1 ]
2b ( 6 )[ 1 -1 4 2 1 ]

RANKS: 1 -1 0 8 1
EVENT8: 1113 474a36_474db6_474eef_474fe3_458145
COMP 4c-0: 46c902_46ccd7_46ce42_46cf63_458110 (200 16.10 0 16.00 1 17.00){0.00 0.00 0.00 0.00 6.40 0}{6.40 0.00 0.00 0.00 12.80 0}{12.80 16.00 16.10 17.00 19.20 200}{19.20 0.00 0.00 0.00 25.60 0}{25.60 0.00 0.00 0.00 32.00 0}
COMM 4b-0: 46c902_46ccd7_46ce42_46cf63_458110 (200 180.90 0 6.00 2 4799.00){0.00 6.00 7.35 29.00 61.60 51}{61.60 77.00 82.33 87.66 92.40 2}{92.40 97.22 113.29 128.61 154.00 140}{154.00 460.00 533.67 647.00 766.00 3}{766.00 4351.00 4570.50 4799.00 8338.00 4}
10 2 
12 3500 
14 16 
1a ( 0 )[ 1 -2 0 2 6 2 1 ]
1a ( 2 )[ 1 -1 2 2 1 ]
1a ( 6 )[ 1 -1 4 2 1 ]
1b 0 

RANKS: 1 -1 0 8 1
EVENT9: 1148 47d991_47dc15_47dce9_47dda2_45815a
COMP 4c-0: 474a36_474db6_474eef_474fe3_458145 (200 16.03 0 16.00 0 17.00){0.00 0.00 0.00 0.00 6.40 0}{6.40 0.00 0.00 0.00 12.80 0}{12.80 16.00 16.03 17.00 19.20 200}{19.20 0.00 0.00 0.00 25.60 0}{25.60 0.00 0.00 0.00 32.00 0}
COMM 4b-0: 474a36_474db6_474eef_474fe3_458145 (200 1.76 0 1.00 0 8.00){0.00 0.00 0.00 0.00 0.40 0}{0.40 0.00 0.00 0.00 0.80 0}{0.80 1.00 1.07 1.13 1.60 137}{1.60 2.00 2.00 2.00 2.00 9}{2.00 2.82 3.48 8.00 14.00 54}
1c 9999 

RANKS: 1 -1 0 8 1
EVENT10: 1090 46c902_46ccd7_46ce42_46cf63_458276
COMP 4c-0: 47d991_47dc15_47dce9_47dda2_45815a (200 76.00 0 76.00 0 76.00){0.00 0.00 0.00 0.00 30.40 0}{30.40 0.00 0.00 0.00 60.80 0}{60.80 76.00 76.00 76.00 91.20 200}{91.20 0.00 0.00 0.00 121.60 0}{121.60 0.00 0.00 0.00 152.00 0}
COMP 4c-1: 47d991_47dc15_47dce9_47dda2_4582c3 (200 16.10 0 16.00 1 17.00){0.00 0.00 0.00 0.00 6.40 0}{6.40 0.00 0.00 0.00 12.80 0}{12.80 16.00 16.11 17.00 19.20 200}{19.20 0.00 0.00 0.00 25.60 0}{25.60 0.00 0.00 0.00 32.00 0}
COMM 4b-0: 47d991_47dc15_47dce9_47dda2_45815a (200 1.36 0 1.00 3 4.00){0.00 0.00 0.00 0.00 0.40 0}{0.40 0.00 0.00 0.00 0.80 0}{0.80 1.00 1.00 1.00 1.60 132}{1.60 2.00 2.00 2.00 2.00 66}{2.00 4.00 4.00 4.00 6.00 2}
COMM 4b-1: 47d991_47dc15_47dce9_47dda2_4582c3 (200 1.34 0 1.00 3 4.00){0.00 0.00 0.00 0.00 0.80 0}{0.80 1.00 1.00 1.00 1.60 142}{1.60 2.00 2.00 2.00 2.40 50}{2.40 3.00 3.00 3.00 3.20 6}{3.20 4.00 4.00 4.00 4.00 2}
LOOP0: iter: ( 2 )[ 1 -1 0 8 1 ] mem: ( 3 )[ 1 -1 0 8 1 ]
10 2 
12 1 
14 16 
1b 0 
2b ( 2 1 )[ 1 -1 0 2 4 ]
2b ( 2 7 )[ 1 -1 1 2 4 ]
2b ( 6 7 )[ 1 -1 3 2 4 ]
2b ( 6 1 )[ 1 -1 2 2 4 ]

RANKS: 1 -1 0 8 1
EVENT11: 1113 474a36_474db6_474eef_474fe3_4582ae
COMP 4c-0: 46c902_46ccd7_46ce42_46cf63_458276 (400 16.06 0 16.00 1 17.00){0.00 0.00 0.00 0.00 6.40 0}{6.40 0.00 0.00 0.00 12.80 0}{12.80 16.00 16.06 17.00 19.20 400}{19.20 0.00 0.00 0.00 25.60 0}{25.60 0.00 0.00 0.00 32.00 0}
COMM 4b-0: 46c902_46ccd7_46ce42_46cf63_458276 (400 3.05 0 2.00 7 7.00){0.00 0.00 0.00 0.00 1.20 0}{1.20 2.00 2.00 2.00 2.40 54}{2.40 2.77 2.92 3.03 3.60 308}{3.60 4.00 5.50 6.00 6.00 36}{6.00 7.00 7.00 7.00 8.00 2}
10 2 
12 1 
14 16 
1a ( 2 1 )[ 1 -1 0 2 4 ]
1a ( 2 7 )[ 1 -1 1 2 4 ]
1a ( 6 7 )[ 1 -1 3 2 4 ]
1a ( 6 1 )[ 1 -1 2 2 4 ]
1b 0 

RANKS: 1 -1 0 8 1
EVENT12: 1148 47d991_47dc15_47dce9_47dda2_4582c3
COMP 4c-0: 474a36_474db6_474eef_474fe3_4582ae (400 16.01 3 16.00 3 17.00){0.00 0.00 0.00 0.00 6.40 0}{6.40 0.00 0.00 0.00 12.80 0}{12.80 16.00 16.01 17.00 19.20 400}{19.20 0.00 0.00 0.00 25.60 0}{25.60 0.00 0.00 0.00 32.00 0}
COMM 4b-0: 474a36_474db6_474eef_474fe3_4582ae (400 134.99 0 1.00 0 5019.00){0.00 1.00 77.88 654.00 2007.60 396}{2007.60 0.00 0.00 0.00 4015.20 0}{4015.20 4172.00 4567.75 5019.00 6022.80 4}{6022.80 0.00 0.00 0.00 8030.40 0}{8030.40 0.00 0.00 0.00 10038.00 0}
1c 9999 

RANKS: 1 -1 0 8 1
EVENT13: 1090 46c902_46ccd7_46ce42_46cf63_45841c
COMP 4c-0: 47d991_47dc15_47dce9_47dda2_4582c3 (200 94.00 2 93.00 2 94.00){0.00 0.00 0.00 0.00 37.60 0}{37.60 0.00 0.00 0.00 75.20 0}{75.20 93.00 93.99 94.00 112.80 200}{112.80 0.00 0.00 0.00 150.40 0}{150.40 0.00 0.00 0.00 188.00 0}
COMP 4c-1: 47d991_47dc15_47dce9_47dda2_458469 (200 16.00 0 16.00 0 16.00){0.00 0.00 0.00 0.00 6.40 0}{6.40 0.00 0.00 0.00 12.80 0}{12.80 16.00 16.00 16.00 19.20 200}{19.20 0.00 0.00 0.00 25.60 0}{25.60 0.00 0.00 0.00 32.00 0}
COMM 4b-0: 47d991_47dc15_47dce9_47dda2_4582c3 (200 1.51 0 1.00 4 6.00){0.00 0.00 0.00 0.00 0.80 0}{0.80 1.00 1.00 1.00 1.60 118}{1.60 2.00 2.00 2.00 2.00 65}{2.00 3.00 3.06 4.00 4.00 16}{4.00 6.00 6.00 6.00 8.00 1}
COMM 4b-1: 47d991_47dc15_47dce9_47dda2_458469 (200 1.23 0 1.00 6 3.00){0.00 0.00 0.00 0.00 0.80 0}{0.80 1.00 1.00 1.00 1.60 156}{1.60 2.00 2.00 2.00 2.40 43}{2.40 3.00 3.00 3.00 3.20 1}{3.20 0.00 0.00 0.00 4.00 0}
LOOP0: iter: ( 2 )[ 1 -1 0 8 1 ] mem: ( 3 )[ 1 -1 0 8 1 ]
10 2 
12 1 
14 16 
1b 0 
2b ( 2 1 )[ 1 -1 0 2 4 ]
2b ( 2 7 )[ 1 -1 1 2 4 ]
2b ( 6 7 )[ 1 -1 3 2 4 ]
2b ( 6 1 )[ 1 -1 2 2 4 ]

RANKS: 1 -1 0 8 1
EVENT14: 1113 474a36_474db6_474eef_474fe3_458454
COMP 4c-0: 46c902_46ccd7_46ce42_46cf63_45841c (400 16.02 0 16.00 1 17.00){0.00 0.00 0.00 0.00 6.40 0}{6.40 0.00 0.00 0.00 12.80 0}{12.80 16.00 16.02 17.00 19.20 400}{19.20 0.00 0.00 0.00 25.60 0}{25.60 0.00 0.00 0.00 32.00 0}
COMM 4b-0: 46c902_46ccd7_46ce42_46cf63_45841c (400 2.85 0 2.00 0 12.00){0.00 0.00 0.00 0.00 1.20 0}{1.20 2.00 2.00 2.00 2.40 69}{2.40 2.78 2.87 4.00 4.80 315}{4.80 5.00 5.57 6.00 6.00 14}{6.00 8.00 10.00 12.00 18.00 2}
10 2 
12 1 
14 16 
1a ( 2 1 )[ 1 -1 0 2 4 ]
1a ( 2 7 )[ 1 -1 1 2 4 ]
1a ( 6 7 )[ 1 -1 3 2 4 ]
1a ( 6 1 )[ 1 -1 2 2 4 ]
1b 0 

RANKS: 1 -1 0 8 1
EVENT15: 1148 47d991_47dc15_47dce9_47dda2_458469
COMP 4c-0: 474a36_474db6_474eef_474fe3_458454 (400 16.00 0 16.00 0 16.00){0.00 0.00 0.00 0.00 6.40 0}{6.40 0.00 0.00 0.00 12.80 0}{12.80 16.00 16.00 16.00 19.20 400}{19.20 0.00 0.00 0.00 25.60 0}{25.60 0.00 0.00 0.00 32.00 0}
COMM 4b-0: 474a36_474db6_474eef_474fe3_458454 (400 27.83 0 1.00 0 238.00){0.00 1.00 16.68 91.00 95.20 372}{95.20 110.00 159.04 174.00 190.40 24}{190.40 199.00 225.25 238.00 285.60 4}{285.60 0.00 0.00 0.00 380.80 0}{380.80 0.00 0.00 0.00 476.00 0}
1c 9999 

RANKS: 1 -1 0 8 1
EVENT16: 1090 46c902_46ccd7_46ce42_46cf63_45861a
COMP 4c-0: 47d991_47dc15_47dce9_47dda2_458469 (8 2257.89 5 2224.00 0 2285.00){0.00 0.00 0.00 0.00 914.00 0}{914.00 0.00 0.00 0.00 1828.00 0}{1828.00 2224.00 2254.50 2285.00 2742.00 8}{2742.00 0.00 0.00 0.00 3656.00 0}{3656.00 0.00 0.00 0.00 4570.00 0}
COMP 4c-1: 47d991_47dc15_47dce9_47dda2_458681 (8 44.44 1 44.00 0 45.00){0.00 0.00 0.00 0.00 18.00 0}{18.00 0.00 0.00 0.00 36.00 0}{36.00 44.00 44.38 45.00 54.00 8}{54.00 0.00 0.00 0.00 72.00 0}{72.00 0.00 0.00 0.00 90.00 0}
COMM 4b-0: 47d991_47dc15_47dce9_47dda2_458469 (8 1.33 0 1.00 1 2.00){0.00 0.00 0.00 0.00 0.40 0}{0.40 0.00 0.00 0.00 0.80 0}{0.80 1.00 1.00 1.00 1.20 5}{1.20 0.00 0.00 0.00 1.60 0}{1.60 2.00 2.00 2.00 2.00 3}
COMM 4b-1: 47d991_47dc15_47dce9_47dda2_458681 (8 1.33 0 1.00 1 2.00){0.00 0.00 0.00 0.00 0.40 0}{0.40 0.00 0.00 0.00 0.80 0}{0.80 1.00 1.00 1.00 1.20 5}{1.20 0.00 0.00 0.00 1.60 0}{1.60 2.00 2.00 2.00 2.00 3}
LOOP0: iter: ( 2 )[ 1 -1 0 8 1 ] mem: ( 3 )[ 1 -1 0 8 1 ]
10 2 
12 3500 
14 16 
1b 0 
2b ( 1 2 )[ 1 -1 0 2 4 ]
2b ( 7 2 )[ 1 -1 1 2 4 ]
2b ( 7 6 )[ 1 -1 3 2 4 ]
2b ( 1 6 )[ 1 -1 2 2 4 ]

RANKS: 1 -1 0 8 1
EVENT17: 1113 474a36_474db6_474eef_474fe3_45866c
COMP 4c-0: 46c902_46ccd7_46ce42_46cf63_45861a (16 16.35 0 16.00 0 17.00){0.00 0.00 0.00 0.00 6.80 0}{6.80 0.00 0.00 0.00 13.60 0}{13.60 16.00 16.31 17.00 20.40 16}{20.40 0.00 0.00 0.00 27.20 0}{27.20 0.00 0.00 0.00 34.00 0}
COMM 4b-0: 46c902_46ccd7_46ce42_46cf63_45861a (16 88.47 3 27.00 1 167.00){0.00 27.00 27.75 29.00 30.40 4}{30.40 0.00 0.00 0.00 60.80 0}{60.80 76.00 86.50 112.00 121.60 8}{121.60 131.00 131.00 131.00 152.00 1}{152.00 162.00 164.67 167.00 182.00 3}
10 2 
12 3500 
14 16 
1a ( 1 2 )[ 1 -1 0 2 4 ]
1a ( 7 2 )[ 1 -1 1 2 4 ]
1a ( 7 6 )[ 1 -1 3 2 4 ]
1a ( 1 6 )[ 1 -1 2 2 4 ]
1b 0 

RANKS: 1 -1 0 8 1
EVENT18: 1148 47d991_47dc15_47dce9_47dda2_458681
COMP 4c-0: 474a36_474db6_474eef_474fe3_45866c (16 16.18 2 16.00 0 17.00){0.00 0.00 0.00 0.00 6.80 0}{6.80 0.00 0.00 0.00 13.60 0}{13.60 16.00 16.12 17.00 20.40 16}{20.40 0.00 0.00 0.00 27.20 0}{27.20 0.00 0.00 0.00 34.00 0}
COMM 4b-0: 474a36_474db6_474eef_474fe3_45866c (16 1.76 1 1.00 5 4.00){0.00 1.00 1.00 1.00 1.20 10}{1.20 2.00 2.00 2.00 2.40 3}{2.40 3.00 3.00 3.00 3.60 1}{3.60 4.00 4.00 4.00 4.80 2}{4.80 0.00 0.00 0.00 6.00 0}
1c 9999 

RANKS: 1 -1 0 8 1
EVENT19: 1090 46c902_46ccd7_46ce42_46cf63_458722
COMP 4c-0: 47d991_47dc15_47dce9_47dda2_458681 (8 48.00 0 48.00 0 48.00){0.00 0.00 0.00 0.00 19.20 0}{19.20 0.00 0.00 0.00 38.40 0}{38.40 48.00 48.00 48.00 57.60 8}{57.60 0.00 0.00 0.00 76.80 0}{76.80 0.00 0.00 0.00 96.00 0}
COMM 4b-0: 47d991_47dc15_47dce9_47dda2_458681 (8 1.11 0 1.00 1 2.00){0.00 0.00 0.00 0.00 0.40 0}{0.40 0.00 0.00 0.00 0.80 0}{0.80 1.00 1.00 1.00 1.20 7}{1.20 0.00 0.00 0.00 1.60 0}{1.60 2.00 2.00 2.00 2.00 1}
10 2 
12 3500 
14 16 
1b 0 
2b ( 0 )[ 1 -2 0 2 6 2 1 ]
2b ( 2 )[ 1 -1 2 2 1 ]
2b ( 6 )[ 1 -1 4 2 1 ]

RANKS: 1 -1 0 8 1
EVENT20: 1113 474a36_474db6_474eef_474fe3_458757
COMP 4c-0: 46c902_46ccd7_46ce42_46cf63_458722 (8 16.11 0 16.00 1 17.00){0.00 0.00 0.00 0.00 6.40 0}{6.40 0.00 0.00 0.00 12.80 0}{12.80 16.00 16.12 17.00 19.20 8}{19.20 0.00 0.00 0.00 25.60 0}{25.60 0.00 0.00 0.00 32.00 0}
COMM 4b-0: 46c902_46ccd7_46ce42_46cf63_458722 (8 48.33 0 7.00 3 146.00){0.00 0.00 0.00 0.00 2.80 0}{2.80 0.00 0.00 0.00 5.60 0}{5.60 7.00 7.75 8.00 11.20 4}{11.20 0.00 0.00 0.00 14.00 0}{14.00 81.00 99.25 146.00 278.00 4}
10 2 
12 3500 
14 16 
1a ( 0 )[ 1 -2 0 2 6 2 1 ]
1a ( 2 )[ 1 -1 2 2 1 ]
1a ( 6 )[ 1 -1 4 2 1 ]
1b 0 

RANKS: 1 -1 0 8 1
EVENT21: 1148 47d991_47dc15_47dce9_47dda2_45876c
COMP 4c-0: 474a36_474db6_474eef_474fe3_458757 (8 16.22 0 16.00 1 17.00){0.00 0.00 0.00 0.00 6.40 0}{6.40 0.00 0.00 0.00 12.80 0}{12.80 16.00 16.25 17.00 19.20 8}{19.20 0.00 0.00 0.00 25.60 0}{25.60 0.00 0.00 0.00 32.00 0}
COMM 4b-0: 474a36_474db6_474eef_474fe3_458757 (8 1.67 0 1.00 5 4.00){0.00 0.00 0.00 0.00 0.40 0}{0.40 0.00 0.00 0.00 0.80 0}{0.80 1.00 1.00 1.00 1.60 5}{1.60 2.00 2.00 2.00 2.00 1}{2.00 3.00 3.50 4.00 6.00 2}
1c 9999 

RANKS: 1 -1 0 8 1
EVENT22: 1090 46c902_46ccd7_46ce42_46cf63
COMP 4c-0: 47d991_47dc15_47dce9_47dda2 (24 28.76 0 15.00 0 54.00){0.00 0.00 0.00 0.00 6.00 0}{6.00 0.00 0.00 0.00 12.00 0}{12.00 15.00 17.00 19.00 24.00 16}{24.00 0.00 0.00 0.00 30.00 0}{30.00 54.00 54.00 54.00 78.00 8}
COMP 4c-1: 47d991_47dc15_47dce9_47dda2_45876c (8 46.11 0 46.00 2 47.00){0.00 0.00 0.00 0.00 18.40 0}{18.40 0.00 0.00 0.00 36.80 0}{36.80 46.00 46.12 47.00 55.20 8}{55.20 0.00 0.00 0.00 73.60 0}{73.60 0.00 0.00 0.00 92.00 0}
COMM 4b-0: 47d991_47dc15_47dce9_47dda2 (24 1.24 0 1.00 5 3.00){0.00 0.00 0.00 0.00 0.40 0}{0.40 0.00 0.00 0.00 0.80 0}{0.80 1.00 1.00 1.00 1.60 19}{1.60 2.00 2.00 2.00 2.00 4}{2.00 3.00 3.00 3.00 4.00 1}
COMM 4b-1: 47d991_47dc15_47dce9_47dda2_45876c (8 1.44 0 1.00 5 4.00){0.00 0.00 0.00 0.00 0.40 0}{0.40 0.00 0.00 0.00 0.80 0}{0.80 1.00 1.00 1.00 1.60 6}{1.60 2.00 2.00 2.00 2.00 1}{2.00 4.00 4.00 4.00 6.00 1}
LOOP0: iter: ( 4 )[ 1 -1 0 8 1 ] mem: ( 3 )[ 1 -1 0 8 1 ]
10 2 
12 1 1 2 2 
14 16 
1b 0 
2b ( 2 1 )[ 1 -1 0 2 4 ]
2b ( 2 7 )[ 1 -1 1 2 4 ]
2b ( 6 7 )[ 1 -1 3 2 4 ]
2b ( 6 1 )[ 1 -1 2 2 4 ]

RANKS: 1 -1 0 8 1
EVENT23: 1113 474a36_474db6_474eef_474fe3
COMP 4c-0: 46c902_46ccd7_46ce42_46cf63 (32 14.82 0 14.00 0 15.00){0.00 0.00 0.00 0.00 6.00 0}{6.00 0.00 0.00 0.00 12.00 0}{12.00 14.00 14.81 15.00 18.00 32}{18.00 0.00 0.00 0.00 24.00 0}{24.00 0.00 0.00 0.00 30.00 0}
COMM 4b-0: 46c902_46ccd7_46ce42_46cf63 (32 2.79 0 2.00 5 5.00){0.00 0.00 0.00 0.00 1.20 0}{1.20 2.00 2.00 2.00 2.40 9}{2.40 3.00 3.00 3.00 3.60 22}{3.60 0.00 0.00 0.00 4.80 0}{4.80 5.00 5.00 5.00 6.00 1}
10 2 
12 1 1 2 2 
14 16 
1a ( 2 1 )[ 1 -1 0 2 4 ]
1a ( 2 7 )[ 1 -1 1 2 4 ]
1a ( 6 7 )[ 1 -1 3 2 4 ]
1a ( 6 1 )[ 1 -1 2 2 4 ]
1b 0 

RANKS: 1 -1 0 8 1
EVENT24: 1148 47d991_47dc15_47dce9_47dda2
COMP 4c-0: 474a36_474db6_474eef_474fe3 (32 14.52 0 14.00 0 15.00){0.00 0.00 0.00 0.00 6.00 0}{6.00 0.00 0.00 0.00 12.00 0}{12.00 14.00 14.50 15.00 18.00 32}{18.00 0.00 0.00 0.00 24.00 0}{24.00 0.00 0.00 0.00 30.00 0}
COMM 4b-0: 474a36_474db6_474eef_474fe3 (32 20.39 1 1.00 4 104.00){0.00 1.00 3.46 14.00 28.80 24}{28.80 32.00 49.25 64.50 72.00 4}{72.00 80.00 80.50 81.00 90.00 2}{90.00 92.00 92.00 92.00 94.00 1}{94.00 104.00 104.00 104.00 114.00 1}
1c 9999 

RANKS: 1 -1 0 8 1
EVENT25: 1010 45f7fc_45fa31_45fad5_45fb51
COMP 4c-0: 47d991_47dc15_47dce9_47dda2 (8 78.78 0 78.00 1 79.00){0.00 0.00 0.00 0.00 31.20 0}{31.20 0.00 0.00 0.00 62.40 0}{62.40 78.00 78.87 79.00 93.60 8}{93.60 0.00 0.00 0.00 124.80 0}{124.80 0.00 0.00 0.00 156.00 0}
COMM 4b-0: 47d991_47dc15_47dce9_47dda2 (8 132.00 3 11.00 6 228.00){0.00 11.00 18.50 26.00 77.20 2}{77.20 78.00 110.33 146.00 154.40 3}{154.40 193.00 209.00 228.00 231.60 3}{231.60 0.00 0.00 0.00 308.80 0}{308.80 0.00 0.00 0.00 386.00 0}
10 2 

RANKS: 1 -1 0 8 1
EVENT26: 1090 46c902_46ccd7_46ce42_46cf63_457e56
COMP 4c-0: 45f7fc_45fa31_45fad5_45fb51 (8 122.00 0 122.00 0 122.00){0.00 0.00 0.00 0.00 48.80 0}{48.80 0.00 0.00 0.00 97.60 0}{97.60 122.00 122.00 122.00 146.40 8}{146.40 0.00 0.00 0.00 195.20 0}{195.20 0.00 0.00 0.00 244.00 0}
COMP 4c-1: 47d991_47dc15_47dce9_47dda2 (112 168.96 1 147.00 0 216.00){0.00 0.00 0.00 0.00 70.00 0}{70.00 0.00 0.00 0.00 140.00 0}{140.00 147.00 167.22 208.00 210.00 108}{210.00 213.00 214.50 216.00 280.00 4}{280.00 0.00 0.00 0.00 350.00 0}
COMP 4c-2: 47d991_47dc15_47dce9_47dda2_457ea8 (120 16.22 0 16.00 0 17.00){0.00 0.00 0.00 0.00 6.80 0}{6.80 0.00 0.00 0.00 13.60 0}{13.60 16.00 16.22 17.00 20.40 120}{20.40 0.00 0.00 0.00 27.20 0}{27.20 0.00 0.00 0.00 34.00 0}
COMM 4b-0: 45f7fc_45fa31_45fad5_45fb51 (8 1.33 0 1.00 3 2.00){0.00 0.00 0.00 0.00 0.40 0}{0.40 0.00 0.00 0.00 0.80 0}{0.80 1.00 1.00 1.00 1.20 5}{1.20 0.00 0.00 0.00 1.60 0}{1.60 2.00 2.00 2.00 2.00 3}
COMM 4b-1: 47d991_47dc15_47dce9_47dda2 (112 1.51 0 1.00 3 4.00){0.00 0.00 0.00 0.00 0.80 0}{0.80 1.00 1.00 1.00 1.60 59}{1.60 2.00 2.00 2.00 2.40 50}{2.40 3.00 3.00 3.00 3.20 2}{3.20 4.00 4.00 4.00 4.00 1}
COMM 4b-2: 47d991_47dc15_47dce9_47dda2_457ea8 (120 1.33 0 1.00 1 4.00){0.00 0.00 0.00 0.00 0.40 0}{0.40 0.00 0.00 0.00 0.80 0}{0.80 1.00 1.00 1.00 1.60 87}{1.60 2.00 2.00 2.00 2.00 29}{2.00 3.00 3.75 4.00 6.00 4}
LOOP0: iter: ( 15 )[ 1 -1 0 8 1 ] mem: ( 24 )[ 1 -1 0 8 1 ]
LOOP1: iter: ( 2 )[ 1 -1 0 8 1 ] mem: ( 3 )[ 1 -1 0 8 1 ]
10 2 
12 1 
14 16 
1b 0 
2b ( 2 1 )[ 1 -1 0 2 4 ]
2b ( 2 7 )[ 1 -1 1 2 4 ]
2b ( 6 7 )[ 1 -1 3 2 4 ]
2b ( 6 1 )[ 1 -1 2 2 4 ]

RANKS: 1 -1 0 8 1
EVENT27: 1113 474a36_474db6_474eef_474fe3_457e8e
COMP 4c-0: 46c902_46ccd7_46ce42_46cf63_457e56 (240 16.11 0 16.00 0 17.00){0.00 0.00 0.00 0.00 6.40 0}{6.40 0.00 0.00 0.00 12.80 0}{12.80 16.00 16.11 17.00 19.20 240}{19.20 0.00 0.00 0.00 25.60 0}{25.60 0.00 0.00 0.00 32.00 0}
COMM 4b-0: 46c902_46ccd7_46ce42_46cf63_457e56 (240 3.22 0 2.00 3 86.00){0.00 0.00 0.00 0.00 1.20 0}{1.20 2.00 2.00 2.00 2.40 61}{2.40 3.00 3.01 4.00 4.80 165}{4.80 5.00 5.31 6.00 6.00 13}{6.00 86.00 86.00 86.00 166.00 1}
10 2 
12 1 
14 16 
1a ( 2 1 )[ 1 -1 0 2 4 ]
1a ( 2 7 )[ 1 -1 1 2 4 ]
1a ( 6 7 )[ 1 -1 3 2 4 ]
1a ( 6 1 )[ 1 -1 2 2 4 ]
1b 0 

RANKS: 1 -1 0 8 1
EVENT28: 1148 47d991_47dc15_47dce9_47dda2_457ea8
COMP 4c-0: 474a36_474db6_474eef_474fe3_457e8e (240 16.10 0 16.00 0 17.00){0.00 0.00 0.00 0.00 6.40 0}{6.40 0.00 0.00 0.00 12.80 0}{12.80 16.00 16.10 17.00 19.20 240}{19.20 0.00 0.00 0.00 25.60 0}{25.60 0.00 0.00 0.00 32.00 0}
COMM 4b-0: 474a36_474db6_474eef_474fe3_457e8e (240 17.80 0 1.00 3 171.00){0.00 1.00 1.00 1.00 1.20 4}{1.20 1.95 1.97 2.13 2.40 58}{2.40 3.00 3.47 3.62 4.80 118}{4.80 5.00 5.00 5.00 6.00 2}{6.00 7.00 64.65 171.00 186.00 58}
1c 9999 

RANKS: 1 -1 0 8 1
EVENT29: 1090 46c902_46ccd7_46ce42_46cf63_45800a
COMP 4c-0: 47d991_47dc15_47dce9_47dda2_457ea8 (120 2203.79 5 2173.00 0 2235.00){0.00 0.00 0.00 0.00 893.20 0}{893.20 0.00 0.00 0.00 1786.40 0}{1786.40 2173.00 2203.54 2235.00 2679.60 120}{2679.60 0.00 0.00 0.00 3572.80 0}{3572.80 0.00 0.00 0.00 4466.00 0}
COMP 4c-1: 47d991_47dc15_47dce9_47dda2_458071 (3000 44.43 0 44.00 0 45.00){0.00 0.00 0.00 0.00 18.00 0}{18.00 0.00 0.00 0.00 36.00 0}{36.00 44.00 44.43 45.00 54.00 3000}{54.00 0.00 0.00 0.00 72.00 0}{72.00 0.00 0.00 0.00 90.00 0}
COMP 4c-2: 47d991_47dc15_47dce9_47dda2_458469 (2880 2254.17 5 2205.00 0 2287.00){0.00 0.00 0.00 0.00 906.00 0}{906.00 0.00 0.00 0.00 1812.00 0}{1812.00 2205.00 2254.17 2287.00 2718.00 2880}{2718.00 0.00 0.00 0.00 3624.00 0}{3624.00 0.00 0.00 0.00 4530.00 0}
COMM 4b-0: 47d991_47dc15_47dce9_47dda2_457ea8 (120 1.52 0 1.00 2 4.00){0.00 0.00 0.00 0.00 0.80 0}{0.80 1.00 1.00 1.00 1.60 62}{1.60 2.00 2.00 2.00 2.40 55}{2.40 3.00 3.00 3.00 3.20 2}{3.20 4.00 4.00 4.00 4.00 1}
COMM 4b-1: 47d991_47dc15_47dce9_47dda2_458071 (3000 1.50 0 1.00 4 10.00){0.00 0.00 0.00 0.00 0.80 0}{0.80 1.00 1.00 1.29 1.60 1998}{1.60 2.00 2.42 3.00 4.00 986}{4.00 4.67 5.60 6.00 8.00 15}{8.00 10.00 10.00 10.00 12.00 1}
COMM 4b-2: 47d991_47dc15_47dce9_47dda2_458469 (2880 1.54 0 1.00 1 4.00){0.00 0.00 0.00 0.00 0.80 0}{0.80 1.00 1.00 1.00 1.60 1426}{1.60 2.00 2.00 2.00 2.40 1372}{2.40 3.00 3.02 3.11 3.20 51}{3.20 3.22 3.68 4.00 4.00 31}
LOOP0: iter: ( 25 )[ 1 -1 0 8 1 ] mem: ( 12 )[ 1 -1 0 8 1 ]
LOOP1: iter: ( 2 )[ 1 -1 0 8 1 ] mem: ( 3 )[ 1 -1 0 8 1 ]
10 2 
12 3500 
14 16 
1b 0 
2b ( 1 2 )[ 1 -1 0 2 4 ]
2b ( 7 2 )[ 1 -1 1 2 4 ]
2b ( 7 6 )[ 1 -1 3 2 4 ]
2b ( 1 6 )[ 1 -1 2 2 4 ]

RANKS: 1 -1 0 8 1
EVENT30: 1113 474a36_474db6_474eef_474fe3_45805c
COMP 4c-0: 46c902_46ccd7_46ce42_46cf63_45800a (6000 16.26 0 16.00 0 17.00){0.00 0.00 0.00 0.00 6.40 0}{6.40 0.00 0.00 0.00 12.80 0}{12.80 16.00 16.26 17.00 19.20 6000}{19.20 0.00 0.00 0.00 25.60 0}{25.60 0.00 0.00 0.00 32.00 0}
COMM 4b-0: 46c902_46ccd7_46ce42_46cf63_45800a (6000 91.69 3 25.00 6 511.00){0.00 25.00 37.36 78.00 78.00 1809}{78.00 79.00 103.71 142.00 142.00 3748}{142.00 143.03 207.55 349.00 354.00 433}{354.00 360.00 374.14 396.00 420.00 7}{420.00 441.00 470.67 511.00 522.00 3}
10 2 
12 3500 
14 16 
1a ( 1 2 )[ 1 -1 0 2 4 ]
1a ( 7 2 )[ 1 -1 1 2 4 ]
1a ( 7 6 )[ 1 -1 3 2 4 ]
1a ( 1 6 )[ 1 -1 2 2 4 ]
1b 0 

RANKS: 1 -1 0 8 1
EVENT31: 1148 47d991_47dc15_47dce9_47dda2_458071
COMP 4c-0: 474a36_474db6_474eef_474fe3_45805c (6000 16.12 0 16.00 0 17.00){0.00 0.00 0.00 0.00 6.40 0}{6.40 0.00 0.00 0.00 12.80 0}{12.80 16.00 16.12 17.00 19.20 6000}{19.20 0.00 0.00 0.00 25.60 0}{25.60 0.00 0.00 0.00 32.00 0}
COMM 4b-0: 474a36_474db6_474eef_474fe3_45805c (6000 1.94 0 1.00 7 10.00){0.00 1.00 1.11 1.16 1.60 3755}{1.60 2.00 3.28 4.16 4.80 2223}{4.80 6.00 6.10 6.40 6.40 4}{6.40 6.52 7.05 8.00 8.00 13}{8.00 9.00 9.60 10.00 12.00 5}
1c 9999 

RANKS: 1 -1 0 8 1
EVENT32: 1090 46c902_46ccd7_46ce42_46cf63_458110
COMP 4c-0: 47d991_47dc15_47dce9_47dda2_458071 (3000 48.33 0 48.00 0 49.00){0.00 0.00 0.00 0.00 19.20 0}{19.20 0.00 0.00 0.00 38.40 0}{38.40 48.00 48.33 49.00 57.60 3000}{57.60 0.00 0.00 0.00 76.80 0}{76.80 0.00 0.00 0.00 96.00 0}
COMM 4b-0: 47d991_47dc15_47dce9_47dda2_458071 (3000 1.58 0 1.00 3 9.00){0.00 0.00 0.00 0.00 0.80 0}{0.80 1.00 1.30 2.00 2.40 2592}{2.40 2.67 3.05 4.00 4.00 372}{4.00 5.00 5.97 8.00 8.00 31}{8.00 8.50 8.80 9.00 10.00 5}
10 2 
12 3500 
14 16 
1b 0 
2b ( 0 )[ 1 -2 0 2 6 2 1 ]
2b ( 2 )[ 1 -1 2 2 1 ]
2b ( 6 )[ 1 -1 4 2 1 ]

RANKS: 1 -1 0 8 1
EVENT33: 1113 474a36_474db6_474eef_474fe3_458145
COMP 4c-0: 46c902_46ccd7_46ce42_46cf63_458110 (3000 16.20 0 16.00 0 17.00){0.00 0.00 0.00 0.00 6.40 0}{6.40 0.00 0.00 0.00 12.80 0}{12.80 16.00 16.20 17.00 19.20 3000}{19.20 0.00 0.00 0.00 25.60 0}{25.60 0.00 0.00 0.00 32.00 0}
COMM 4b-0: 46c902_46ccd7_46ce42_46cf63_458110 (3000 85.49 0 6.00 5 1208.00){0.00 6.00 7.36 17.00 20.00 1126}{20.00 27.00 33.87 34.85 35.69 15}{35.69 52.15 61.60 82.80 84.66 1317}{84.66 119.00 119.00 119.00 153.34 1}{153.34 163.00 307.80 1208.00 2262.66 541}
10 2 
12 3500 
14 16 
1a ( 0 )[ 1 -2 0 2 6 2 1 ]
1a ( 2 )[ 1 -1 2 2 1 ]
1a ( 6 )[ 1 -1 4 2 1 ]
1b 0 

RANKS: 1 -1 0 8 1
EVENT34: 1148 47d991_47dc15_47dce9_47dda2_45815a
COMP 4c-0: 474a36_474db6_474eef_474fe3_458145 (3000 16.08 0 16.00 0 17.00){0.00 0.00 0.00 0.00 6.40 0}{6.40 0.00 0.00 0.00 12.80 0}{12.80 16.00 16.08 17.00 19.20 3000}{19.20 0.00 0.00 0.00 25.60 0}{25.60 0.00 0.00 0.00 32.00 0}
COMM 4b-0: 474a36_474db6_474eef_474fe3_458145 (3000 1.74 0 1.00 4 11.00){0.00 0.00 0.00 0.00 0.80 0}{0.80 1.00 1.06 2.00 2.00 2071}{2.00 2.27 3.19 4.00 4.40 900}{4.40 5.00 5.32 7.00 7.60 25}{7.60 9.67 10.00 11.00 14.40 4}
1c 9999 

RANKS: 1 -1 0 8 1
EVENT35: 1090 46c902_46ccd7_46ce42_46cf63_458276
COMP 4c-0: 47d991_47dc15_47dce9_47dda2_45815a (3000 76.00 6 76.00 6 77.00){0.00 0.00 0.00 0.00 30.40 0}{30.40 0.00 0.00 0.00 60.80 0}{60.80 76.00 76.00 77.00 91.20 3000}{91.20 0.00 0.00 0.00 121.60 0}{121.60 0.00 0.00 0.00 152.00 0}
COMP 4c-1: 47d991_47dc15_47dce9_47dda2_4582c3 (3000 16.29 0 16.00 0 17.00){0.00 0.00 0.00 0.00 6.40 0}{6.40 0.00 0.00 0.00 12.80 0}{12.80 16.00 16.29 17.00 19.20 3000}{19.20 0.00 0.00 0.00 25.60 0}{25.60 0.00 0.00 0.00 32.00 0}
COMM 4b-0: 47d991_47dc15_47dce9_47dda2_45815a (3000 1.46 0 1.00 6 8.00){0.00 0.00 0.00 0.00 0.80 0}{0.80 1.00 1.00 1.00 1.60 1810}{1.60 2.00 2.00 2.00 2.00 1054}{2.00 3.00 3.26 4.00 4.00 129}{4.00 5.00 6.14 8.00 10.00 7}
COMM 4b-1: 47d991_47dc15_47dce9_47dda2_4582c3 (3000 1.28 0 1.00 2 6.00){0.00 0.00 0.00 0.00 0.80 0}{0.80 1.00 1.00 1.30 1.60 2295}{1.60 2.00 2.00 2.11 2.22 590}{2.22 2.99 3.11 5.33 5.78 114}{5.78 6.00 6.00 6.00 6.22 1}
LOOP0: iter: ( 2 )[ 1 -1 0 8 1 ] mem: ( 3 )[ 1 -1 0 8 1 ]
10 2 
12 1 
14 16 
1b 0 
2b ( 2 1 )[ 1 -1 0 2 4 ]
2b ( 2 7 )[ 1 -1 1 2 4 ]
2b ( 6 7 )[ 1 -1 3 2 4 ]
2b ( 6 1 )[ 1 -1 2 2 4 ]

RANKS: 1 -1 0 8 1
EVENT36: 1113 474a36_474db6_474eef_474fe3_4582ae
COMP 4c-0: 46c902_46ccd7_46ce42_46cf63_458276 (6000 16.16 3 16.00 0 17.00){0.00 0.00 0.00 0.00 6.40 0}{6.40 0.00 0.00 0.00 12.80 0}{12.80 16.00 16.16 17.00 19.20 6000}{19.20 0.00 0.00 0.00 25.60 0}{25.60 0.00 0.00 0.00 32.00 0}
COMM 4b-0: 46c902_46ccd7_46ce42_46cf63_458276 (6000 2.98 0 2.00 2 19.00){0.00 0.00 0.00 0.00 1.20 0}{1.20 2.00 2.70 3.03 3.60 5375}{3.60 4.00 5.28 6.00 6.00 602}{6.00 7.00 8.05 11.00 16.00 22}{16.00 19.00 19.00 19.00 22.00 1}
10 2 
12 1 
14 16 
1a ( 2 1 )[ 1 -1 0 2 4 ]
1a ( 2 7 )[ 1 -1 1 2 4 ]
1a ( 6 7 )[ 1 -1 3 2 4 ]
1a ( 6 1 )[ 1 -1 2 2 4 ]
1b 0 

RANKS: 1 -1 0 8 1
EVENT37: 1148 47d991_47dc15_47dce9_47dda2_4582c3
COMP 4c-0: 474a36_474db6_474eef_474fe3_4582ae (6000 16.06 4 16.00 0 17.00){0.00 0.00 0.00 0.00 6.40 0}{6.40 0.00 0.00 0.00 12.80 0}{12.80 16.00 16.06 17.00 19.20 6000}{19.20 0.00 0.00 0.00 25.60 0}{25.60 0.00 0.00 0.00 32.00 0}
COMM 4b-0: 474a36_474db6_474eef_474fe3_4582ae (6000 58.10 3 0.00 7 1117.00){0.00 0.00 21.66 76.00 76.00 4945}{76.00 77.00 141.78 190.00 190.00 559}{190.00 193.00 301.15 340.00 346.00 426}{346.00 348.00 461.80 795.00 816.00 67}{816.00 907.00 987.67 1117.00 1418.00 3}
1c 9999 

RANKS: 1 -1 0 8 1
EVENT38: 1090 46c902_46ccd7_46ce42_46cf63_45841c
COMP 4c-0: 47d991_47dc15_47dce9_47dda2_4582c3 (3000 93.99 0 93.00 0 95.00){0.00 0.00 0.00 0.00 37.60 0}{37.60 0.00 0.00 0.00 75.20 0}{75.20 93.00 93.99 95.00 112.80 3000}{112.80 0.00 0.00 0.00 150.40 0}{150.40 0.00 0.00 0.00 188.00 0}
COMP 4c-1: 47d991_47dc15_47dce9_47dda2_458469 (3000 16.25 0 16.00 0 17.00){0.00 0.00 0.00 0.00 6.40 0}{6.40 0.00 0.00 0.00 12.80 0}{12.80 16.00 16.25 17.00 19.20 3000}{19.20 0.00 0.00 0.00 25.60 0}{25.60 0.00 0.00 0.00 32.00 0}
COMM 4b-0: 47d991_47dc15_47dce9_47dda2_4582c3 (3000 1.39 0 1.00 6 6.00){0.00 0.00 0.00 0.00 0.80 0}{0.80 1.00 1.00 1.00 1.60 1933}{1.60 2.00 2.00 2.20 2.40 978}{2.40 3.00 3.05 4.00 4.00 83}{4.00 5.00 5.17 6.00 6.00 6}
COMM 4b-1: 47d991_47dc15_47dce9_47dda2_458469 (3000 1.29 0 1.00 7 6.00){0.00 0.00 0.00 0.00 0.80 0}{0.80 1.00 1.00 1.32 1.60 2295}{1.60 2.00 2.02 2.60 3.20 613}{3.20 3.34 3.35 4.00 4.80 80}{4.80 5.00 5.25 6.00 7.20 12}
LOOP0: iter: ( 2 )[ 1 -1 0 8 1 ] mem: ( 3 )[ 1 -1 0 8 1 ]
10 2 
12 1 
14 16 
1b 0 
2b ( 2 1 )[ 1 -1 0 2 4 ]
2b ( 2 7 )[ 1 -1 1 2 4 ]
2b ( 6 7 )[ 1 -1 3 2 4 ]
2b ( 6 1 )[ 1 -1 2 2 4 ]

RANKS: 1 -1 0 8 1
EVENT39: 1113 474a36_474db6_474eef_474fe3_458454
COMP 4c-0: 46c902_46ccd7_46ce42_46cf63_45841c (6000 16.12 3 16.00 0 17.00){0.00 0.00 0.00 0.00 6.40 0}{6.40 0.00 0.00 0.00 12.80 0}{12.80 16.00 16.12 17.00 19.20 6000}{19.20 0.00 0.00 0.00 25.60 0}{25.60 0.00 0.00 0.00 32.00 0}
COMM 4b-0: 46c902_46ccd7_46ce42_46cf63_45841c (6000 2.87 0 2.00 5 11.00){0.00 0.00 0.00 0.00 1.20 0}{1.20 2.00 2.00 2.00 2.40 1022}{2.40 2.77 2.87 4.00 4.80 4622}{4.80 5.00 5.28 6.00 6.00 347}{6.00 8.00 9.56 11.00 14.00 9}
10 2 
12 1 
14 16 
1a ( 2 1 )[ 1 -1 0 2 4 ]
1a ( 2 7 )[ 1 -1 1 2 4 ]
1a ( 6 7 )[ 1 -1 3 2 4 ]
1a ( 6 1 )[ 1 -1 2 2 4 ]
1b 0 

RANKS: 1 -1 0 8 1
EVENT40: 1148 47d991_47dc15_47dce9_47dda2_458469
COMP 4c-0: 474a36_474db6_474eef_474fe3_458454 (6000 16.03 0 16.00 0 17.00){0.00 0.00 0.00 0.00 6.40 0}{6.40 0.00 0.00 0.00 12.80 0}{12.80 16.00 16.03 17.00 19.20 6000}{19.20 0.00 0.00 0.00 25.60 0}{25.60 0.00 0.00 0.00 32.00 0}
COMM 4b-0: 474a36_474db6_474eef_474fe3_458454 (6000 16.56 6 0.00 5 329.00){0.00 0.00 3.63 10.00 10.00 4814}{10.00 11.00 17.00 22.00 22.00 14}{22.00 24.50 66.78 190.00 194.00 1152}{194.00 196.33 206.64 220.00 220.00 11}{220.00 232.00 275.33 329.00 402.00 9}
1c 9999 

RANKS: 1 -1 0 8 1
EVENT41: 1090 46c902_46ccd7_46ce42_46cf63_45861a
COMP 4c-0: 47d991_47dc15_47dce9_47dda2_458469 (120 2255.54 5 2223.00 0 2287.00){0.00 0.00 0.00 0.00 914.00 0}{914.00 0.00 0.00 0.00 1828.00 0}{1828.00 2223.00 2255.29 2287.00 2742.00 120}{2742.00 0.00 0.00 0.00 3656.00 0}{3656.00 0.00 0.00 0.00 4570.00 0}
COMP 4c-1: 47d991_47dc15_47dce9_47dda2_458681 (120 44.45 0 44.00 0 45.00){0.00 0.00 0.00 0.00 18.00 0}{18.00 0.00 0.00 0.00 36.00 0}{36.00 44.00 44.44 45.00 54.00 120}{54.00 0.00 0.00 0.00 72.00 0}{72.00 0.00 0.00 0.00 90.00 0}
COMM 4b-0: 47d991_47dc15_47dce9_47dda2_458469 (120 1.52 0 1.00 2 4.00){0.00 0.00 0.00 0.00 0.80 0}{0.80 1.00 1.00 1.00 1.60 61}{1.60 2.00 2.00 2.00 2.40 57}{2.40 3.00 3.00 3.00 3.20 1}{3.20 4.00 4.00 4.00 4.00 1}
COMM 4b-1: 47d991_47dc15_47dce9_47dda2_458681 (120 1.74 0 1.00 2 13.00){0.00 1.00 1.00 1.00 1.60 73}{1.60 2.00 2.00 2.00 2.00 26}{2.00 3.00 3.18 4.00 4.00 17}{4.00 5.00 5.67 6.00 8.00 3}{8.00 13.00 13.00 13.00 18.00 1}
LOOP0: iter: ( 2 )[ 1 -1 0 8 1 ] mem: ( 3 )[ 1 -1 0 8 1 ]
10 2 
12 3500 
14 16 
1b 0 
2b ( 1 2 )[ 1 -1 0 2 4 ]
2b ( 7 2 )[ 1 -1 1 2 4 ]
2b ( 7 6 )[ 1 -1 3 2 4 ]
2b ( 1 6 )[ 1 -1 2 2 4 ]

RANKS: 1 -1 0 8 1
EVENT42: 1113 474a36_474db6_474eef_474fe3_45866c
COMP 4c-0: 46c902_46ccd7_46ce42_46cf63_45861a (240 16.29 0 16.00 0 17.00){0.00 0.00 0.00 0.00 6.40 0}{6.40 0.00 0.00 0.00 12.80 0}{12.80 16.00 16.30 17.00 19.20 240}{19.20 0.00 0.00 0.00 25.60 0}{25.60 0.00 0.00 0.00 32.00 0}
COMM 4b-0: 46c902_46ccd7_46ce42_46cf63_45861a (240 89.44 3 26.00 0 318.00){0.00 0.00 0.00 0.00 12.00 0}{12.00 0.00 0.00 0.00 24.00 0}{24.00 26.00 32.36 59.00 60.00 70}{60.00 60.43 85.63 87.00 90.00 47}{90.00 91.00 123.87 318.00 430.00 123}
10 2 
12 3500 
14 16 
1a ( 1 2 )[ 1 -1 0 2 4 ]
1a ( 7 2 )[ 1 -1 1 2 4 ]
1a ( 7 6 )[ 1 -1 3 2 4 ]
1a ( 1 6 )[ 1 -1 2 2 4 ]
1b 0 

RANKS: 1 -1 0 8 1
EVENT43: 1148 47d991_47dc15_47dce9_47dda2_458681
COMP 4c-0: 474a36_474db6_474eef_474fe3_45866c (240 16.12 0 16.00 0 17.00){0.00 0.00 0.00 0.00 6.40 0}{6.40 0.00 0.00 0.00 12.80 0}{12.80 16.00 16.13 17.00 19.20 240}{19.20 0.00 0.00 0.00 25.60 0}{25.60 0.00 0.00 0.00 32.00 0}
COMM 4b-0: 474a36_474db6_474eef_474fe3_45866c (240 1.84 0 1.00 4 6.00){0.00 0.00 0.00 0.00 0.80 0}{0.80 1.00 1.00 1.00 1.60 145}{1.60 2.00 2.00 2.00 2.00 20}{2.00 3.00 3.38 4.00 4.00 73}{4.00 5.00 5.50 6.00 8.00 2}
1c 9999 

RANKS: 1 -1 0 8 1
EVENT44: 1090 46c902_46ccd7_46ce42_46cf63_458722
COMP 4c-0: 47d991_47dc15_47dce9_47dda2_458681 (120 48.43 0 48.00 0 49.00){0.00 0.00 0.00 0.00 19.20 0}{19.20 0.00 0.00 0.00 38.40 0}{38.40 48.00 48.43 49.00 57.60 120}{57.60 0.00 0.00 0.00 76.80 0}{76.80 0.00 0.00 0.00 96.00 0}
COMM 4b-0: 47d991_47dc15_47dce9_47dda2_458681 (120 1.75 0 1.00 3 6.00){0.00 0.00 0.00 0.00 0.80 0}{0.80 1.00 1.18 1.37 1.60 74}{1.60 2.00 2.00 2.00 2.40 27}{2.40 3.00 3.00 3.00 4.00 15}{4.00 6.00 6.00 6.00 8.00 4}
10 2 
12 3500 
14 16 
1b 0 
2b ( 0 )[ 1 -2 0 2 6 2 1 ]
2b ( 2 )[ 1 -1 2 2 1 ]
2b ( 6 )[ 1 -1 4 2 1 ]

RANKS: 1 -1 0 8 1
EVENT45: 1113 474a36_474db6_474eef_474fe3_458757
COMP 4c-0: 46c902_46ccd7_46ce42_46cf63_458722 (120 16.23 0 16.00 0 17.00){0.00 0.00 0.00 0.00 6.80 0}{6.80 0.00 0.00 0.00 13.60 0}{13.60 16.00 16.22 17.00 20.40 120}{20.40 0.00 0.00 0.00 27.20 0}{27.20 0.00 0.00 0.00 34.00 0}
COMM 4b-0: 46c902_46ccd7_46ce42_46cf63_458722 (120 97.11 0 7.00 4 673.00){0.00 0.00 0.00 0.00 6.40 0}{6.40 7.00 8.07 9.31 9.60 59}{9.60 11.00 11.00 11.00 16.00 1}{16.00 41.00 85.94 98.09 100.00 37}{100.00 116.00 351.10 673.00 912.00 23}
10 2 
12 3500 
14 16 
1a ( 0 )[ 1 -2 0 2 6 2 1 ]
1a ( 2 )[ 1 -1 2 2 1 ]
1a ( 6 )[ 1 -1 4 2 1 ]
1b 0 

RANKS: 1 -1 0 8 1
EVENT46: 1148 47d991_47dc15_47dce9_47dda2_45876c
COMP 4c-0: 474a36_474db6_474eef_474fe3_458757 (120 16.07 0 16.00 0 17.00){0.00 0.00 0.00 0.00 6.40 0}{6.40 0.00 0.00 0.00 12.80 0}{12.80 16.00 16.08 17.00 19.20 120}{19.20 0.00 0.00 0.00 25.60 0}{25.60 0.00 0.00 0.00 32.00 0}
COMM 4b-0: 474a36_474db6_474eef_474fe3_458757 (120 1.76 0 1.00 5 5.00){0.00 0.00 0.00 0.00 0.80 0}{0.80 1.00 1.00 1.00 1.60 78}{1.60 2.00 2.00 2.00 2.00 11}{2.00 3.00 3.52 4.00 4.00 29}{4.00 5.00 5.00 5.00 6.00 2}
1c 9999 

RANKS: 1 -1 0 8 1
EVENT47: 1090 46c902_46ccd7_46ce42_46cf63
COMP 4c-0: 47d991_47dc15_47dce9_47dda2 (360 29.31 0 15.00 0 54.00){0.00 0.00 0.00 0.00 6.00 0}{6.00 0.00 0.00 0.00 12.00 0}{12.00 15.00 17.05 20.00 24.00 240}{24.00 0.00 0.00 0.00 30.00 0}{30.00 53.00 53.97 54.00 78.00 120}
COMP 4c-1: 47d991_47dc15_47dce9_47dda2_45876c (120 46.26 0 46.00 0 47.00){0.00 0.00 0.00 0.00 18.40 0}{18.40 0.00 0.00 0.00 36.80 0}{36.80 46.00 46.26 47.00 55.20 120}{55.20 0.00 0.00 0.00 73.60 0}{73.60 0.00 0.00 0.00 92.00 0}
COMM 4b-0: 47d991_47dc15_47dce9_47dda2 (360 1.33 0 1.00 1 3.00){0.00 0.00 0.00 0.00 0.40 0}{0.40 0.00 0.00 0.00 0.80 0}{0.80 1.00 1.00 1.00 1.60 254}{1.60 2.00 2.00 2.00 2.00 94}{2.00 3.00 3.00 3.00 4.00 12}
COMM 4b-1: 47d991_47dc15_47dce9_47dda2_45876c (120 1.40 0 1.00 7 4.00){0.00 0.00 0.00 0.00 0.40 0}{0.40 0.00 0.00 0.00 0.80 0}{0.80 1.00 1.00 1.00 1.60 78}{1.60 2.00 2.00 2.00 2.00 38}{2.00 3.00 3.75 4.00 6.00 4}
LOOP0: iter: ( 4 )[ 1 -1 0 8 1 ] mem: ( 3 )[ 1 -1 0 8 1 ]
10 2 
12 1 1 2 2 
14 16 
1b 0 
2b ( 2 1 )[ 1 -1 0 2 4 ]
2b ( 2 7 )[ 1 -1 1 2 4 ]
2b ( 6 7 )[ 1 -1 3 2 4 ]
2b ( 6 1 )[ 1 -1 2 2 4 ]

RANKS: 1 -1 0 8 1
EVENT48: 1113 474a36_474db6_474eef_474fe3
COMP 4c-0: 46c902_46ccd7_46ce42_46cf63 (480 14.96 0 14.00 0 15.00){0.00 0.00 0.00 0.00 6.00 0}{6.00 0.00 0.00 0.00 12.00 0}{12.00 14.00 14.96 15.00 18.00 480}{18.00 0.00 0.00 0.00 24.00 0}{24.00 0.00 0.00 0.00 30.00 0}
COMM 4b-0: 46c902_46ccd7_46ce42_46cf63 (480 2.83 0 2.00 3 8.00){0.00 0.00 0.00 0.00 1.20 0}{1.20 2.00 2.68 3.00 3.60 456}{3.60 4.00 4.00 4.00 4.80 1}{4.80 5.00 5.52 6.00 6.00 21}{6.00 7.00 7.50 8.00 10.00 2}
10 2 
12 1 1 2 2 
14 16 
1a ( 2 1 )[ 1 -1 0 2 4 ]
1a ( 2 7 )[ 1 -1 1 2 4 ]
1a ( 6 7 )[ 1 -1 3 2 4 ]
1a ( 6 1 )[ 1 -1 2 2 4 ]
1b 0 

RANKS: 1 -1 0 8 1
EVENT49: 1148 47d991_47dc15_47dce9_47dda2
COMP 4c-0: 474a36_474db6_474eef_474fe3 (480 14.81 0 14.00 0 15.00){0.00 0.00 0.00 0.00 6.00 0}{6.00 0.00 0.00 0.00 12.00 0}{12.00 14.00 14.81 15.00 18.00 480}{18.00 0.00 0.00 0.00 24.00 0}{24.00 0.00 0.00 0.00 30.00 0}
COMM 4b-0: 474a36_474db6_474eef_474fe3 (480 44.74 0 1.00 6 656.00){0.00 1.00 13.64 46.00 55.20 401}{55.20 59.00 104.26 212.00 220.80 43}{220.80 224.00 267.89 271.50 276.00 27}{276.00 319.00 324.00 327.00 378.00 3}{378.00 418.00 537.83 656.00 854.00 6}
1c 9999 

RANKS: 1 -1 0 8 1
EVENT50: 1104 470fe5_471382_4714e6_4715f5
COMP 4c-0: 47d991_47dc15_47dce9_47dda2 (8 98.89 7 94.00 0 114.00){0.00 0.00 0.00 0.00 45.60 0}{45.60 0.00 0.00 0.00 91.20 0}{91.20 94.00 97.00 114.00 136.80 8}{136.80 0.00 0.00 0.00 182.40 0}{182.40 0.00 0.00 0.00 228.00 0}
COMM 4b-0: 47d991_47dc15_47dce9_47dda2 (8 61.78 7 11.00 0 174.00){0.00 11.00 14.00 20.00 69.60 6}{69.60 124.00 124.00 124.00 139.20 1}{139.20 174.00 174.00 174.00 208.80 1}{208.80 0.00 0.00 0.00 278.40 0}{278.40 0.00 0.00 0.00 348.00 0}
10 2 
12 1 
14 16 
18 1 
19 0 

RANKS: 1 -1 0 8 1
EVENT51: 1045 4657cb_46583f_4658a5_465900
COMP 4c-0: 470fe5_471382_4714e6_4715f5 (8 1810.44 0 208.00 1 2734.00){0.00 0.00 0.00 0.00 83.20 0}{83.20 0.00 0.00 0.00 166.40 0}{166.40 208.00 208.00 208.00 332.80 1}{332.80 0.00 0.00 0.00 416.00 0}{416.00 1863.00 2268.29 2734.00 3654.00 7}

