RANKS: 1 -1 0 4 1
EVENT0: 1084 47924c_47930b_4793a1_4793fc
33 2 
34 0 

RANKS: 1 -1 0 4 1
EVENT1: 1011 46d429_46d758_46d873_46d95f
COMP 4b-0: 46d429_46d758_46d873_46d95f (32 10.06 0 9.00 2 16.00){0.00 0.00 0.00 0.00 5.20 0}{5.20 9.00 9.37 10.00 10.40 27}{10.40 11.00 12.50 14.00 15.60 4}{15.60 16.00 16.00 16.00 20.80 1}{20.80 0.00 0.00 0.00 26.00 0}
COMP 4b-1: 47924c_47930b_4793a1_4793fc (4 176.80 2 64.00 0 340.00){0.00 64.00 68.00 75.00 136.00 3}{136.00 0.00 0.00 0.00 272.00 0}{272.00 340.00 340.00 340.00 408.00 1}{408.00 0.00 0.00 0.00 544.00 0}{544.00 0.00 0.00 0.00 680.00 0}
COMP 4c-0: 46d429_46d758_46d873_46d95f (32 27.48 0 26.00 0 28.00){0.00 0.00 0.00 0.00 10.40 0}{10.40 0.00 0.00 0.00 20.80 0}{20.80 26.00 27.53 28.00 31.20 32}{31.20 0.00 0.00 0.00 41.60 0}{41.60 0.00 0.00 0.00 52.00 0}
COMP 4c-1: 47924c_47930b_4793a1_4793fc (4 64.60 3 33.00 0 111.00){0.00 33.00 33.67 34.00 44.40 3}{44.40 0.00 0.00 0.00 88.80 0}{88.80 111.00 111.00 111.00 133.20 1}{133.20 0.00 0.00 0.00 177.60 0}{177.60 0.00 0.00 0.00 222.00 0}
COMM 4b-0: 46d429_46d758_46d873_46d95f (32 15.58 0 2.00 3 138.00){0.00 0.00 0.00 0.00 1.20 0}{1.20 2.00 2.41 3.00 4.80 22}{4.80 5.00 5.33 5.50 6.00 3}{6.00 7.00 50.67 74.00 134.00 6}{134.00 138.00 138.00 138.00 142.00 1}
COMM 4b-1: 47924c_47930b_4793a1_4793fc (4 76.20 0 17.00 2 302.00){0.00 0.00 0.00 0.00 6.80 0}{6.80 0.00 0.00 0.00 13.60 0}{13.60 17.00 17.00 17.00 27.20 2}{27.20 28.00 28.00 28.00 34.00 1}{34.00 302.00 302.00 302.00 570.00 1}
LOOP0: iter: ( 9 )[ 1 -1 0 4 1 ] mem: ( 1 )[ 1 -1 0 4 1 ]
10 2 
12 1 1 1 1 1 5 1 1 1 
14 14 14 14 16 16 16 14 14 14 
19 0 

RANKS: 1 -1 2 1 0
EVENT2: 1113 48217a_4824fa_482633_482727
COMP 4b-0: 46d429_46d758_46d873_46d95f (1 35136.00 2 35136.00 2 35136.00){0.00 0.00 0.00 0.00 14054.40 0}{14054.40 0.00 0.00 0.00 28108.80 0}{28108.80 35136.00 35136.00 35136.00 42163.20 1}{42163.20 0.00 0.00 0.00 56217.60 0}{56217.60 0.00 0.00 0.00 70272.00 0}
COMP 4c-0: 46d429_46d758_46d873_46d95f (1 152278.00 2 152278.00 2 152278.00){0.00 0.00 0.00 0.00 60911.20 0}{60911.20 0.00 0.00 0.00 121822.40 0}{121822.40 152278.00 152278.00 152278.00 182733.60 1}{182733.60 0.00 0.00 0.00 243644.80 0}{243644.80 0.00 0.00 0.00 304556.00 0}
COMM 4b-0: 46d429_46d758_46d873_46d95f (1 518.00 2 518.00 2 518.00){0.00 0.00 0.00 0.00 207.20 0}{207.20 0.00 0.00 0.00 414.40 0}{414.40 518.00 518.00 518.00 621.60 1}{621.60 0.00 0.00 0.00 828.80 0}{828.80 0.00 0.00 0.00 1036.00 0}
10 2 
12 20480 
14 16 
1a 1 
1b 0 

RANKS: 1 -1 1 2 1
EVENT3: 1090 47a046_47a41b_47a586_47a6a7
COMP 4b-0: 46d429_46d758_46d873_46d95f (1 34999.00 1 34999.00 1 34999.00){0.00 0.00 0.00 0.00 13999.60 0}{13999.60 0.00 0.00 0.00 27999.20 0}{27999.20 34999.00 34999.00 34999.00 41998.80 1}{41998.80 0.00 0.00 0.00 55998.40 0}{55998.40 0.00 0.00 0.00 69998.00 0}
COMP 4b-1: 48217a_4824fa_482633_482727 (1 18.00 2 18.00 2 18.00){0.00 0.00 0.00 0.00 7.20 0}{7.20 0.00 0.00 0.00 14.40 0}{14.40 18.00 18.00 18.00 21.60 1}{21.60 0.00 0.00 0.00 28.80 0}{28.80 0.00 0.00 0.00 36.00 0}
COMP 4b-2: 48b0d5_48b359_48b42d_48b4e6 (1 5926.00 2 5926.00 2 5926.00){0.00 0.00 0.00 0.00 2370.40 0}{2370.40 0.00 0.00 0.00 4740.80 0}{4740.80 5926.00 5926.00 5926.00 7111.20 1}{7111.20 0.00 0.00 0.00 9481.60 0}{9481.60 0.00 0.00 0.00 11852.00 0}
COMP 4c-0: 46d429_46d758_46d873_46d95f (1 152210.00 1 152210.00 1 152210.00){0.00 0.00 0.00 0.00 60884.00 0}{60884.00 0.00 0.00 0.00 121768.00 0}{121768.00 152210.00 152210.00 152210.00 182652.00 1}{182652.00 0.00 0.00 0.00 243536.00 0}{243536.00 0.00 0.00 0.00 304420.00 0}
COMP 4c-1: 48217a_4824fa_482633_482727 (1 27.00 2 27.00 2 27.00){0.00 0.00 0.00 0.00 10.80 0}{10.80 0.00 0.00 0.00 21.60 0}{21.60 27.00 27.00 27.00 32.40 1}{32.40 0.00 0.00 0.00 43.20 0}{43.20 0.00 0.00 0.00 54.00 0}
COMP 4c-2: 48b0d5_48b359_48b42d_48b4e6 (1 21416.00 2 21416.00 2 21416.00){0.00 0.00 0.00 0.00 8566.40 0}{8566.40 0.00 0.00 0.00 17132.80 0}{17132.80 21416.00 21416.00 21416.00 25699.20 1}{25699.20 0.00 0.00 0.00 34265.60 0}{34265.60 0.00 0.00 0.00 42832.00 0}
COMM 4b-0: 46d429_46d758_46d873_46d95f (1 5.00 1 5.00 1 5.00){0.00 0.00 0.00 0.00 2.00 0}{2.00 0.00 0.00 0.00 4.00 0}{4.00 5.00 5.00 5.00 6.00 1}{6.00 0.00 0.00 0.00 8.00 0}{8.00 0.00 0.00 0.00 10.00 0}
COMM 4b-1: 48217a_4824fa_482633_482727 (1 4.00 2 4.00 2 4.00){0.00 0.00 0.00 0.00 1.60 0}{1.60 0.00 0.00 0.00 3.20 0}{3.20 4.00 4.00 4.00 4.80 1}{4.80 0.00 0.00 0.00 6.40 0}{6.40 0.00 0.00 0.00 8.00 0}
COMM 4b-2: 48b0d5_48b359_48b42d_48b4e6 (1 3.00 2 3.00 2 3.00){0.00 0.00 0.00 0.00 1.20 0}{1.20 0.00 0.00 0.00 2.40 0}{2.40 3.00 3.00 3.00 3.60 1}{3.60 0.00 0.00 0.00 4.80 0}{4.80 0.00 0.00 0.00 6.00 0}
LOOP0: iter: ( 2 )[ 1 -1 2 1 0 ] mem: ( 2 )[ 1 -1 2 1 0 ]
10 2 
12 20480 
14 16 
1b 0 
2b 2147483647 

RANKS: 1 -1 1 2 1
EVENT4: 1148 48b0d5_48b359_48b42d_48b4e6
COMP 4b-0: 47a046_47a41b_47a586_47a6a7 (3 15.75 2 9.00 1 19.00){0.00 0.00 0.00 0.00 7.60 0}{7.60 9.00 9.00 9.00 15.20 1}{15.20 16.00 17.50 19.00 22.80 2}{22.80 0.00 0.00 0.00 30.40 0}{30.40 0.00 0.00 0.00 38.00 0}
COMP 4c-0: 47a046_47a41b_47a586_47a6a7 (3 26.75 2 26.00 1 27.00){0.00 0.00 0.00 0.00 10.80 0}{10.80 0.00 0.00 0.00 21.60 0}{21.60 26.00 26.67 27.00 32.40 3}{32.40 0.00 0.00 0.00 43.20 0}{43.20 0.00 0.00 0.00 54.00 0}
COMM 4b-0: 47a046_47a41b_47a586_47a6a7 (3 382.50 2 293.00 2 531.00){0.00 0.00 0.00 0.00 141.20 0}{141.20 0.00 0.00 0.00 282.40 0}{282.40 293.00 323.00 353.00 423.60 2}{423.60 531.00 531.00 531.00 564.80 1}{564.80 0.00 0.00 0.00 706.00 0}
1c 9999 

RANKS: 1 -1 1 2 1
EVENT5: 1113 48217a_4824fa_482633_482727
COMP 4b-0: 48217a_4824fa_482633_482727 (2 7677.00 1 5925.00 2 11181.00){0.00 0.00 0.00 0.00 2370.00 0}{2370.00 0.00 0.00 0.00 4740.00 0}{4740.00 5925.00 5925.00 5925.00 7110.00 1}{7110.00 0.00 0.00 0.00 9480.00 0}{9480.00 11181.00 11181.00 11181.00 11850.00 1}
COMP 4b-1: 48b0d5_48b359_48b42d_48b4e6 (2 127.33 2 116.00 1 133.00){0.00 0.00 0.00 0.00 53.20 0}{53.20 0.00 0.00 0.00 106.40 0}{106.40 116.00 124.50 133.00 159.60 2}{159.60 0.00 0.00 0.00 212.80 0}{212.80 0.00 0.00 0.00 266.00 0}
COMP 4c-0: 48217a_4824fa_482633_482727 (2 29456.33 1 21446.00 2 45477.00){0.00 0.00 0.00 0.00 8578.40 0}{8578.40 0.00 0.00 0.00 17156.80 0}{17156.80 21446.00 21446.00 21446.00 34313.60 1}{34313.60 0.00 0.00 0.00 42892.00 0}{42892.00 45477.00 45477.00 45477.00 48062.00 1}
COMP 4c-1: 48b0d5_48b359_48b42d_48b4e6 (2 167.67 1 167.00 2 169.00){0.00 0.00 0.00 0.00 66.80 0}{66.80 0.00 0.00 0.00 133.60 0}{133.60 167.00 168.00 169.00 200.40 2}{200.40 0.00 0.00 0.00 267.20 0}{267.20 0.00 0.00 0.00 334.00 0}
COMM 4b-0: 48217a_4824fa_482633_482727 (2 117.67 1 117.00 2 119.00){0.00 0.00 0.00 0.00 46.80 0}{46.80 0.00 0.00 0.00 93.60 0}{93.60 117.00 118.00 119.00 140.40 2}{140.40 0.00 0.00 0.00 187.20 0}{187.20 0.00 0.00 0.00 234.00 0}
COMM 4b-1: 48b0d5_48b359_48b42d_48b4e6 (2 270.33 2 107.00 1 352.00){0.00 107.00 107.00 107.00 140.80 1}{140.80 0.00 0.00 0.00 281.60 0}{281.60 352.00 352.00 352.00 422.40 1}{422.40 0.00 0.00 0.00 563.20 0}{563.20 0.00 0.00 0.00 704.00 0}
LOOP0: iter: ( 2 )[ 1 -1 1 2 1 ] mem: ( 1 )[ 1 -1 1 2 1 ]
10 2 
12 20480 
14 16 
1a ( 3 2 )[ 1 -1 1 1 0 ]
1a ( 2 1 )[ 1 -1 2 1 0 ]
1b 0 

RANKS: 1 -1 1 3 1
EVENT6: 1090 47a046_47a41b_47a586_47a6a7
COMP 4b-0: 46d429_46d758_46d873_46d95f (1 34840.00 3 34840.00 3 34840.00){0.00 0.00 0.00 0.00 13936.00 0}{13936.00 0.00 0.00 0.00 27872.00 0}{27872.00 34840.00 34840.00 34840.00 41808.00 1}{41808.00 0.00 0.00 0.00 55744.00 0}{55744.00 0.00 0.00 0.00 69680.00 0}
COMP 4b-1: 48217a_4824fa_482633_482727 (5 3626.33 1 11.00 3 10869.00){0.00 0.00 0.00 0.00 4.40 0}{4.40 0.00 0.00 0.00 8.80 0}{8.80 11.00 11.50 12.00 22.00 2}{22.00 5016.00 5427.50 5839.00 10010.00 2}{10010.00 10869.00 10869.00 10869.00 11728.00 1}
COMP 4b-2: 48b0d5_48b359_48b42d_48b4e6 (2 9092.67 2 5056.00 1 11111.00){0.00 0.00 0.00 0.00 4444.40 0}{4444.40 5056.00 5056.00 5056.00 8888.80 1}{8888.80 11111.00 11111.00 11111.00 13333.20 1}{13333.20 0.00 0.00 0.00 17777.60 0}{17777.60 0.00 0.00 0.00 22222.00 0}
COMP 4c-0: 46d429_46d758_46d873_46d95f (1 152216.00 3 152216.00 3 152216.00){0.00 0.00 0.00 0.00 60886.40 0}{60886.40 0.00 0.00 0.00 121772.80 0}{121772.80 152216.00 152216.00 152216.00 182659.20 1}{182659.20 0.00 0.00 0.00 243545.60 0}{243545.60 0.00 0.00 0.00 304432.00 0}
COMP 4c-1: 48217a_4824fa_482633_482727 (5 14707.83 1 27.00 3 45407.00){0.00 0.00 0.00 0.00 10.80 0}{10.80 0.00 0.00 0.00 21.60 0}{21.60 27.00 27.00 27.00 54.00 2}{54.00 21374.00 21379.50 21385.00 42694.00 2}{42694.00 45407.00 45407.00 45407.00 48120.00 1}
COMP 4c-2: 48b0d5_48b359_48b42d_48b4e6 (2 37444.00 2 21424.00 1 45454.00){0.00 0.00 0.00 0.00 18181.60 0}{18181.60 21424.00 21424.00 21424.00 36363.20 1}{36363.20 45454.00 45454.00 45454.00 54544.80 1}{54544.80 0.00 0.00 0.00 72726.40 0}{72726.40 0.00 0.00 0.00 90908.00 0}
COMM 4b-0: 46d429_46d758_46d873_46d95f (1 5.00 3 5.00 3 5.00){0.00 0.00 0.00 0.00 2.00 0}{2.00 0.00 0.00 0.00 4.00 0}{4.00 5.00 5.00 5.00 6.00 1}{6.00 0.00 0.00 0.00 8.00 0}{8.00 0.00 0.00 0.00 10.00 0}
COMM 4b-1: 48217a_4824fa_482633_482727 (5 2.50 1 2.00 3 3.00){0.00 0.00 0.00 0.00 0.80 0}{0.80 0.00 0.00 0.00 1.60 0}{1.60 2.00 2.00 2.00 2.40 2}{2.40 3.00 3.00 3.00 3.20 3}{3.20 0.00 0.00 0.00 4.00 0}
COMM 4b-2: 48b0d5_48b359_48b42d_48b4e6 (2 2.67 2 2.00 1 3.00){0.00 0.00 0.00 0.00 1.20 0}{1.20 2.00 2.00 2.00 2.40 1}{2.40 3.00 3.00 3.00 3.60 1}{3.60 0.00 0.00 0.00 4.80 0}{4.80 0.00 0.00 0.00 6.00 0}
LOOP0: iter: ( 2 )[ 1 -1 1 2 1 ]( 4 )[ 1 -1 3 1 0 ] mem: ( 2 )[ 1 -1 1 2 1 ]( 3 )[ 1 -1 3 1 0 ]
10 2 
12 20480 
14 16 
1b 0 
2b 2147483647 

RANKS: 1 -1 1 3 1
EVENT7: 1148 48b0d5_48b359_48b42d_48b4e6
COMP 4b-0: 47a046_47a41b_47a586_47a6a7 (8 11.11 3 9.00 3 16.00){0.00 0.00 0.00 0.00 4.00 0}{4.00 0.00 0.00 0.00 8.00 0}{8.00 9.00 10.57 12.00 12.00 7}{12.00 16.00 16.00 16.00 16.00 1}{16.00 0.00 0.00 0.00 20.00 0}
COMP 4c-0: 47a046_47a41b_47a586_47a6a7 (8 25.89 3 25.00 3 27.00){0.00 0.00 0.00 0.00 10.40 0}{10.40 0.00 0.00 0.00 20.80 0}{20.80 25.00 25.88 27.00 31.20 8}{31.20 0.00 0.00 0.00 41.60 0}{41.60 0.00 0.00 0.00 52.00 0}
COMM 4b-0: 47a046_47a41b_47a586_47a6a7 (8 286.22 1 117.00 3 494.00){0.00 0.00 0.00 0.00 46.80 0}{46.80 0.00 0.00 0.00 93.60 0}{93.60 117.00 133.50 150.00 187.20 2}{187.20 216.00 216.00 216.00 234.00 1}{234.00 272.00 395.20 494.00 632.00 5}
1c 9999 

RANKS: 1 -1 0 4 1
EVENT8: 1113 48217a_4824fa_482633_482727
COMP 4b-0: 46d429_46d758_46d873_46d95f (1 34958.00 0 34958.00 0 34958.00){0.00 0.00 0.00 0.00 13983.20 0}{13983.20 0.00 0.00 0.00 27966.40 0}{27966.40 34958.00 34958.00 34958.00 41949.60 1}{41949.60 0.00 0.00 0.00 55932.80 0}{55932.80 0.00 0.00 0.00 69916.00 0}
COMP 4b-1: 48217a_4824fa_482633_482727 (1 5030.00 1 5030.00 1 5030.00){0.00 0.00 0.00 0.00 2012.00 0}{2012.00 0.00 0.00 0.00 4024.00 0}{4024.00 5030.00 5030.00 5030.00 6036.00 1}{6036.00 0.00 0.00 0.00 8048.00 0}{8048.00 0.00 0.00 0.00 10060.00 0}
COMP 4b-2: 48b0d5_48b359_48b42d_48b4e6 (9 2927.30 3 110.00 0 11303.00){0.00 110.00 128.33 148.00 2423.20 6}{2423.20 0.00 0.00 0.00 4846.40 0}{4846.40 5084.00 5571.00 6058.00 7269.60 2}{7269.60 0.00 0.00 0.00 9692.80 0}{9692.80 11303.00 11303.00 11303.00 12116.00 1}
COMP 4c-0: 46d429_46d758_46d873_46d95f (1 152271.00 0 152271.00 0 152271.00){0.00 0.00 0.00 0.00 60908.40 0}{60908.40 0.00 0.00 0.00 121816.80 0}{121816.80 152271.00 152271.00 152271.00 182725.20 1}{182725.20 0.00 0.00 0.00 243633.60 0}{243633.60 0.00 0.00 0.00 304542.00 0}
COMP 4c-1: 48217a_4824fa_482633_482727 (1 21452.00 1 21452.00 1 21452.00){0.00 0.00 0.00 0.00 8580.80 0}{8580.80 0.00 0.00 0.00 17161.60 0}{17161.60 21452.00 21452.00 21452.00 25742.40 1}{25742.40 0.00 0.00 0.00 34323.20 0}{34323.20 0.00 0.00 0.00 42904.00 0}
COMP 4c-2: 48b0d5_48b359_48b42d_48b4e6 (9 11101.60 3 166.00 0 45533.00){0.00 166.00 167.17 169.00 8595.60 6}{8595.60 0.00 0.00 0.00 17191.20 0}{17191.20 21489.00 21495.50 21502.00 34382.40 2}{34382.40 0.00 0.00 0.00 42978.00 0}{42978.00 45533.00 45533.00 45533.00 48088.00 1}
COMM 4b-0: 46d429_46d758_46d873_46d95f (1 938.00 0 938.00 0 938.00){0.00 0.00 0.00 0.00 375.20 0}{375.20 0.00 0.00 0.00 750.40 0}{750.40 938.00 938.00 938.00 1125.60 1}{1125.60 0.00 0.00 0.00 1500.80 0}{1500.80 0.00 0.00 0.00 1876.00 0}
COMM 4b-1: 48217a_4824fa_482633_482727 (1 111.00 1 111.00 1 111.00){0.00 0.00 0.00 0.00 44.40 0}{44.40 0.00 0.00 0.00 88.80 0}{88.80 111.00 111.00 111.00 133.20 1}{133.20 0.00 0.00 0.00 177.60 0}{177.60 0.00 0.00 0.00 222.00 0}
COMM 4b-2: 48b0d5_48b359_48b42d_48b4e6 (9 123.40 2 103.00 3 255.00){0.00 0.00 0.00 0.00 45.60 0}{45.60 0.00 0.00 0.00 91.20 0}{91.20 103.00 108.12 115.00 182.40 8}{182.40 0.00 0.00 0.00 228.00 0}{228.00 255.00 255.00 255.00 282.00 1}
LOOP0: iter: ( 4 )[ 1 -1 0 1 0 ]( 2 )[ 1 -1 1 1 0 ] mem: ( 3 )[ 1 -1 0 1 0 ]( 1 )[ 1 -1 1 1 0 ]
10 2 
12 20480 
14 16 
1a ( 1 2 )[ 1 -1 0 1 0 ]
1a ( 3 2 )[ 1 -1 1 2 2 ]
1a ( 2 )[ 1 -1 2 1 0 ]
1b 0 

RANKS: 1 -1 0 2 1
EVENT9: 1090 47a046_47a41b_47a586_47a6a7
COMP 4b-0: 48217a_4824fa_482633_482727 (5 13.33 0 9.00 0 21.00){0.00 0.00 0.00 0.00 8.40 0}{8.40 9.00 9.50 11.00 16.80 4}{16.80 21.00 21.00 21.00 25.20 1}{25.20 0.00 0.00 0.00 33.60 0}{33.60 0.00 0.00 0.00 42.00 0}
COMP 4c-0: 48217a_4824fa_482633_482727 (5 26.17 0 25.00 0 27.00){0.00 0.00 0.00 0.00 10.80 0}{10.80 0.00 0.00 0.00 21.60 0}{21.60 25.00 26.00 27.00 32.40 5}{32.40 0.00 0.00 0.00 43.20 0}{43.20 0.00 0.00 0.00 54.00 0}
COMM 4b-0: 48217a_4824fa_482633_482727 (5 2.67 0 2.00 0 4.00){0.00 0.00 0.00 0.00 1.60 0}{1.60 2.00 2.00 2.00 3.20 4}{3.20 4.00 4.00 4.00 4.80 1}{4.80 0.00 0.00 0.00 6.40 0}{6.40 0.00 0.00 0.00 8.00 0}
10 2 
12 20480 
14 16 
1b 0 
2b 2147483647 

RANKS: 1 -1 0 2 1
EVENT10: 1148 48b0d5_48b359_48b42d_48b4e6
COMP 4b-0: 47a046_47a41b_47a586_47a6a7 (5 12.17 0 9.00 0 16.00){0.00 0.00 0.00 0.00 6.40 0}{6.40 9.00 9.33 10.00 12.80 3}{12.80 13.00 14.50 16.00 19.20 2}{19.20 0.00 0.00 0.00 25.60 0}{25.60 0.00 0.00 0.00 32.00 0}
COMP 4c-0: 47a046_47a41b_47a586_47a6a7 (5 26.00 0 25.00 0 27.00){0.00 0.00 0.00 0.00 10.80 0}{10.80 0.00 0.00 0.00 21.60 0}{21.60 25.00 25.80 27.00 32.40 5}{32.40 0.00 0.00 0.00 43.20 0}{43.20 0.00 0.00 0.00 54.00 0}
COMM 4b-0: 47a046_47a41b_47a586_47a6a7 (5 246.50 1 116.00 0 395.00){0.00 116.00 116.00 116.00 158.00 1}{158.00 174.00 191.00 216.00 316.00 3}{316.00 395.00 395.00 395.00 474.00 1}{474.00 0.00 0.00 0.00 632.00 0}{632.00 0.00 0.00 0.00 790.00 0}
1c 9999 

RANKS: 1 -1 0 4 1
EVENT11: 1004 46a5af_46a90f_46aa52_46ab44
COMP 4b-0: 48217a_4824fa_482633_482727 (2 10326.67 3 10324.00 2 10332.00){0.00 0.00 0.00 0.00 4129.60 0}{4129.60 0.00 0.00 0.00 8259.20 0}{8259.20 10324.00 10328.00 10332.00 12388.80 2}{12388.80 0.00 0.00 0.00 16518.40 0}{16518.40 0.00 0.00 0.00 20648.00 0}
COMP 4b-1: 48b0d5_48b359_48b42d_48b4e6 (2 10388.33 1 10381.00 0 10392.00){0.00 0.00 0.00 0.00 4156.80 0}{4156.80 0.00 0.00 0.00 8313.60 0}{8313.60 10381.00 10386.50 10392.00 12470.40 2}{12470.40 0.00 0.00 0.00 16627.20 0}{16627.20 0.00 0.00 0.00 20784.00 0}
COMP 4c-0: 48217a_4824fa_482633_482727 (2 44563.00 2 44559.00 3 44565.00){0.00 0.00 0.00 0.00 17826.00 0}{17826.00 0.00 0.00 0.00 35652.00 0}{35652.00 44559.00 44562.00 44565.00 53478.00 2}{53478.00 0.00 0.00 0.00 71304.00 0}{71304.00 0.00 0.00 0.00 89130.00 0}
COMP 4c-1: 48b0d5_48b359_48b42d_48b4e6 (2 44614.33 1 44611.00 0 44616.00){0.00 0.00 0.00 0.00 17846.40 0}{17846.40 0.00 0.00 0.00 35692.80 0}{35692.80 44611.00 44613.50 44616.00 53539.20 2}{53539.20 0.00 0.00 0.00 71385.60 0}{71385.60 0.00 0.00 0.00 89232.00 0}
COMM 4b-0: 48217a_4824fa_482633_482727 (2 164.00 2 122.00 3 185.00){0.00 0.00 0.00 0.00 74.00 0}{74.00 122.00 122.00 122.00 148.00 1}{148.00 185.00 185.00 185.00 222.00 1}{222.00 0.00 0.00 0.00 296.00 0}{296.00 0.00 0.00 0.00 370.00 0}
COMM 4b-1: 48b0d5_48b359_48b42d_48b4e6 (2 81.67 0 41.00 1 163.00){0.00 0.00 0.00 0.00 16.40 0}{16.40 0.00 0.00 0.00 32.80 0}{32.80 41.00 41.00 41.00 65.60 1}{65.60 0.00 0.00 0.00 82.00 0}{82.00 163.00 163.00 163.00 244.00 1}
10 2 
12 5 
14 16 
18 3 

RANKS: 1 -1 0 4 1
EVENT12: 1010 46cf40_46d175_46d219_46d295
COMP 4b-0: 46a5af_46a90f_46aa52_46ab44 (4 11.80 1 11.00 0 12.00){0.00 0.00 0.00 0.00 4.80 0}{4.80 0.00 0.00 0.00 9.60 0}{9.60 11.00 11.75 12.00 14.40 4}{14.40 0.00 0.00 0.00 19.20 0}{19.20 0.00 0.00 0.00 24.00 0}
COMP 4c-0: 46a5af_46a90f_46aa52_46ab44 (4 25.40 0 25.00 3 26.00){0.00 0.00 0.00 0.00 10.00 0}{10.00 0.00 0.00 0.00 20.00 0}{20.00 25.00 25.50 26.00 30.00 4}{30.00 0.00 0.00 0.00 40.00 0}{40.00 0.00 0.00 0.00 50.00 0}
COMM 4b-0: 46a5af_46a90f_46aa52_46ab44 (4 182.20 2 144.00 3 292.00){0.00 0.00 0.00 0.00 63.60 0}{63.60 0.00 0.00 0.00 127.20 0}{127.20 144.00 153.33 159.00 190.80 3}{190.80 0.00 0.00 0.00 254.40 0}{254.40 292.00 292.00 292.00 318.00 1}
10 2 

RANKS: 1 -1 1 3 1
EVENT13: 1102 47d6b9_47da7e_47dbe8_47dd07
COMP 4b-0: 46cf40_46d175_46d219_46d295 (3 570.00 3 567.00 2 575.00){0.00 0.00 0.00 0.00 227.60 0}{227.60 0.00 0.00 0.00 455.20 0}{455.20 567.00 570.33 575.00 682.80 3}{682.80 0.00 0.00 0.00 910.40 0}{910.40 0.00 0.00 0.00 1138.00 0}
COMP 4b-1: 47d6b9_47da7e_47dbe8_47dd07 (123 174.99 3 10.00 3 355.00){0.00 0.00 0.00 0.00 4.80 0}{4.80 0.00 0.00 0.00 9.60 0}{9.60 10.00 10.38 12.00 19.20 60}{19.20 21.00 21.00 21.00 24.00 1}{24.00 34.00 339.40 355.00 666.00 62}
COMP 4b-2: 48217a_4824fa_482633_482727 (246 153.19 1 147.00 1 167.00){0.00 0.00 0.00 0.00 62.00 0}{62.00 0.00 0.00 0.00 124.00 0}{124.00 147.00 153.19 167.00 186.00 246}{186.00 0.00 0.00 0.00 248.00 0}{248.00 0.00 0.00 0.00 310.00 0}
COMP 4c-0: 46cf40_46d175_46d219_46d295 (3 3342.00 1 3342.00 1 3342.00){0.00 0.00 0.00 0.00 1336.80 0}{1336.80 0.00 0.00 0.00 2673.60 0}{2673.60 3342.00 3342.00 3342.00 4010.40 3}{4010.40 0.00 0.00 0.00 5347.20 0}{5347.20 0.00 0.00 0.00 6684.00 0}
COMP 4c-1: 47d6b9_47da7e_47dbe8_47dd07 (123 708.05 3 27.00 3 1410.00){0.00 0.00 0.00 0.00 10.80 0}{10.80 0.00 0.00 0.00 21.60 0}{21.60 27.00 28.42 29.00 43.20 62}{43.20 0.00 0.00 0.00 54.00 0}{54.00 1409.00 1409.98 1410.00 2764.00 61}
COMP 4c-2: 48217a_4824fa_482633_482727 (246 742.33 2 721.00 1 762.00){0.00 0.00 0.00 0.00 303.20 0}{303.20 0.00 0.00 0.00 606.40 0}{606.40 721.00 742.27 762.00 909.60 246}{909.60 0.00 0.00 0.00 1212.80 0}{1212.80 0.00 0.00 0.00 1516.00 0}
COMM 4b-0: 46cf40_46d175_46d219_46d295 (3 246.75 1 204.00 3 358.00){0.00 0.00 0.00 0.00 81.60 0}{81.60 0.00 0.00 0.00 163.20 0}{163.20 204.00 212.50 221.00 244.80 2}{244.80 0.00 0.00 0.00 326.40 0}{326.40 358.00 358.00 358.00 408.00 1}
COMM 4b-1: 47d6b9_47da7e_47dbe8_47dd07 (123 5.00 3 1.00 3 182.00){0.00 1.00 1.48 3.00 3.20 73}{3.20 4.00 4.00 4.00 4.00 37}{4.00 5.00 6.70 11.00 14.00 10}{14.00 47.00 56.50 66.00 118.00 2}{118.00 182.00 182.00 182.00 246.00 1}
COMM 4b-2: 48217a_4824fa_482633_482727 (246 9.92 1 1.00 1 611.00){0.00 1.00 1.75 2.00 2.00 8}{2.00 3.00 3.30 4.00 4.00 220}{4.00 5.00 6.00 10.00 10.00 10}{10.00 13.00 38.75 70.00 88.00 4}{88.00 171.00 372.50 611.00 1134.00 4}
LOOP0: iter: ( 124 )[ 1 -1 1 3 1 ] mem: ( 2 )[ 1 -1 1 2 1 ]( 1 )[ 1 -1 3 1 0 ]
10 2 
12 155 
14 16 
1b 0 
2b ( 3 3 3 3 3 3 3 3 3 3 3 3 3 3 3 3 3 3 3 3 3 3 3 3 3 3 3 3 3 3 3 3 3 3 3 3 3 3 3 3 3 3 3 3 3 3 3 3 3 3 3 3 3 3 3 3 3 3 3 3 3 3 2 2 2 2 2 2 2 2 2 2 2 2 2 2 2 2 2 2 2 2 2 2 2 2 2 2 2 2 2 2 2 2 2 2 2 2 2 2 2 2 2 2 2 2 2 2 2 2 2 2 2 2 2 2 2 2 2 2 2 2 2 2 )[ 1 -1 1 1 0 ]
2b ( 3 2 )[ 1 -1 3 1 0 ]
2b ( 2 2 2 2 2 2 2 2 2 2 2 2 2 2 2 2 2 2 2 2 2 2 2 2 2 2 2 2 2 2 2 2 2 2 2 2 2 2 2 2 2 2 2 2 2 2 2 2 2 2 2 2 2 2 2 2 2 2 2 2 2 2 1 1 1 1 1 1 1 1 1 1 1 1 1 1 1 1 1 1 1 1 1 1 1 1 1 1 1 1 1 1 1 1 1 1 1 1 1 1 1 1 1 1 1 1 1 1 1 1 1 1 1 1 1 1 1 1 1 1 1 1 1 1 )[ 1 -1 2 1 0 ]

RANKS: 1 -1 2 1 0
EVENT14: 1113 48217a_4824fa_482633_482727
COMP 4b-0: 47d6b9_47da7e_47dbe8_47dd07 (124 194.06 2 187.00 2 211.00){0.00 0.00 0.00 0.00 80.80 0}{80.80 0.00 0.00 0.00 161.60 0}{161.60 187.00 194.00 211.00 242.40 124}{242.40 0.00 0.00 0.00 323.20 0}{323.20 0.00 0.00 0.00 404.00 0}
COMP 4c-0: 47d6b9_47da7e_47dbe8_47dd07 (124 671.40 2 666.00 2 677.00){0.00 0.00 0.00 0.00 270.80 0}{270.80 0.00 0.00 0.00 541.60 0}{541.60 666.00 671.35 677.00 812.40 124}{812.40 0.00 0.00 0.00 1083.20 0}{1083.20 0.00 0.00 0.00 1354.00 0}
COMM 4b-0: 47d6b9_47da7e_47dbe8_47dd07 (124 3.48 2 2.00 2 93.00){0.00 2.00 2.00 2.00 2.00 50}{2.00 3.00 3.00 3.00 4.00 70}{4.00 5.00 5.00 5.00 8.00 1}{8.00 10.00 10.00 10.00 10.00 1}{10.00 12.00 52.50 93.00 176.00 2}
10 2 
12 155 
14 16 
1a 1 1 1 1 1 1 1 1 1 1 1 1 1 1 1 1 1 1 1 1 1 1 1 1 1 1 1 1 1 1 1 1 1 1 1 1 1 1 1 1 1 1 1 1 1 1 1 1 1 1 1 1 1 1 1 1 1 1 1 1 1 1 2 2 2 2 2 2 2 2 2 2 2 2 2 2 2 2 2 2 2 2 2 2 2 2 2 2 2 2 2 2 2 2 2 2 2 2 2 2 2 2 2 2 2 2 2 2 2 2 2 2 2 2 2 2 2 2 2 2 2 2 2 2 
1b 0 

RANKS: 1 -1 0 4 1
EVENT15: 1113 48217a_4824fa_482633_482727
COMP 4b-0: 46a5af_46a90f_46aa52_46ab44 (1 28254.00 2 28254.00 2 28254.00){0.00 0.00 0.00 0.00 11301.60 0}{11301.60 0.00 0.00 0.00 22603.20 0}{22603.20 28254.00 28254.00 28254.00 33904.80 1}{33904.80 0.00 0.00 0.00 45206.40 0}{45206.40 0.00 0.00 0.00 56508.00 0}
COMP 4b-1: 46cf40_46d175_46d219_46d295 (1 748.00 0 748.00 0 748.00){0.00 0.00 0.00 0.00 299.20 0}{299.20 0.00 0.00 0.00 598.40 0}{598.40 748.00 748.00 748.00 897.60 1}{897.60 0.00 0.00 0.00 1196.80 0}{1196.80 0.00 0.00 0.00 1496.00 0}
COMP 4b-2: 47d6b9_47da7e_47dbe8_47dd07 (125 197.20 1 187.00 3 533.00){0.00 0.00 0.00 0.00 80.80 0}{80.80 0.00 0.00 0.00 161.60 0}{161.60 187.00 194.45 223.00 323.20 124}{323.20 0.00 0.00 0.00 404.00 0}{404.00 533.00 533.00 533.00 662.00 1}
COMP 4b-3: 48217a_4824fa_482633_482727 (247 173.39 3 8.00 2 1058.00){0.00 0.00 0.00 0.00 3.60 0}{3.60 0.00 0.00 0.00 7.20 0}{7.20 8.00 9.83 13.00 18.00 124}{18.00 321.00 333.73 355.00 670.00 122}{670.00 1058.00 1058.00 1058.00 1446.00 1}
COMP 4c-0: 46a5af_46a90f_46aa52_46ab44 (1 133472.00 2 133472.00 2 133472.00){0.00 0.00 0.00 0.00 53388.80 0}{53388.80 0.00 0.00 0.00 106777.60 0}{106777.60 133472.00 133472.00 133472.00 160166.40 1}{160166.40 0.00 0.00 0.00 213555.20 0}{213555.20 0.00 0.00 0.00 266944.00 0}
COMP 4c-1: 46cf40_46d175_46d219_46d295 (1 3991.00 0 3991.00 0 3991.00){0.00 0.00 0.00 0.00 1596.40 0}{1596.40 0.00 0.00 0.00 3192.80 0}{3192.80 3991.00 3991.00 3991.00 4789.20 1}{4789.20 0.00 0.00 0.00 6385.60 0}{6385.60 0.00 0.00 0.00 7982.00 0}
COMP 4c-2: 47d6b9_47da7e_47dbe8_47dd07 (125 681.96 1 666.00 3 2011.00){0.00 0.00 0.00 0.00 270.80 0}{270.80 0.00 0.00 0.00 541.60 0}{541.60 666.00 671.28 677.00 1083.20 124}{1083.20 0.00 0.00 0.00 1354.00 0}{1354.00 2011.00 2011.00 2011.00 2668.00 1}
COMP 4c-3: 48217a_4824fa_482633_482727 (247 719.53 3 26.00 2 5819.00){0.00 0.00 0.00 0.00 10.80 0}{10.80 0.00 0.00 0.00 21.60 0}{21.60 26.00 28.78 29.00 54.00 124}{54.00 1360.00 1385.48 1410.00 2764.00 122}{2764.00 5819.00 5819.00 5819.00 8874.00 1}
COMM 4b-0: 46a5af_46a90f_46aa52_46ab44 (1 114.00 2 114.00 2 114.00){0.00 0.00 0.00 0.00 45.60 0}{45.60 0.00 0.00 0.00 91.20 0}{91.20 114.00 114.00 114.00 136.80 1}{136.80 0.00 0.00 0.00 182.40 0}{182.40 0.00 0.00 0.00 228.00 0}
COMM 4b-1: 46cf40_46d175_46d219_46d295 (1 5.00 0 5.00 0 5.00){0.00 0.00 0.00 0.00 2.00 0}{2.00 0.00 0.00 0.00 4.00 0}{4.00 5.00 5.00 5.00 6.00 1}{6.00 0.00 0.00 0.00 8.00 0}{8.00 0.00 0.00 0.00 10.00 0}
COMM 4b-2: 47d6b9_47da7e_47dbe8_47dd07 (125 3.62 1 2.00 1 104.00){0.00 2.00 2.00 2.00 2.00 45}{2.00 3.00 3.00 3.00 4.00 75}{4.00 5.00 5.00 5.00 8.00 2}{8.00 10.00 10.00 10.00 10.00 1}{10.00 12.00 58.00 104.00 198.00 2}
COMM 4b-3: 48217a_4824fa_482633_482727 (247 4.58 0 1.00 3 152.00){0.00 0.00 0.00 0.00 0.80 0}{0.80 1.00 1.00 1.00 1.60 34}{1.60 2.00 2.00 2.00 2.40 130}{2.40 3.00 3.00 3.00 4.00 74}{4.00 13.00 68.78 152.00 176.00 9}
LOOP0: iter: ( 124 )[ 1 -1 0 2 3 ]( 2 )[ 1 -1 2 1 0 ] mem: ( 1 )[ 1 -1 0 2 3 ]( 5 )[ 1 -1 2 1 0 ]
10 2 
12 ( 155 )[ 2 -1 0 2 1 -1 3 1 0 ]
12 ( 20480 )[ 1 -1 2 1 0 ]
14 16 
1a ( 1 2 )[ 1 -1 0 1 0 ]
1a ( 2 2 2 2 2 2 2 2 2 2 2 2 2 2 2 2 2 2 2 2 2 2 2 2 2 2 2 2 2 2 2 2 2 2 2 2 2 2 2 2 2 2 2 2 2 2 2 2 2 2 2 2 2 2 2 2 2 2 2 2 2 2 3 3 3 3 3 3 3 3 3 3 3 3 3 3 3 3 3 3 3 3 3 3 3 3 3 3 3 3 3 3 3 3 3 3 3 3 3 3 3 3 3 3 3 3 3 3 3 3 3 3 3 3 3 3 3 3 3 3 3 3 3 3 )[ 1 -1 1 1 0 ]
1a ( 3 2 )[ 1 -1 3 1 0 ]
1a ( 1 )[ 1 -1 2 1 0 ]
1b 0 

RANKS: 1 -1 0 1 0
EVENT16: 1102 47d6b9_47da7e_47dbe8_47dd07
COMP 4b-0: 47d6b9_47da7e_47dbe8_47dd07 (123 164.07 0 10.00 0 337.00){0.00 0.00 0.00 0.00 4.00 0}{4.00 0.00 0.00 0.00 8.00 0}{8.00 10.00 10.44 12.00 16.00 62}{16.00 0.00 0.00 0.00 20.00 0}{20.00 321.00 322.75 337.00 654.00 61}
COMP 4b-1: 48217a_4824fa_482633_482727 (1 155.00 0 155.00 0 155.00){0.00 0.00 0.00 0.00 62.00 0}{62.00 0.00 0.00 0.00 124.00 0}{124.00 155.00 155.00 155.00 186.00 1}{186.00 0.00 0.00 0.00 248.00 0}{248.00 0.00 0.00 0.00 310.00 0}
COMP 4c-0: 47d6b9_47da7e_47dbe8_47dd07 (123 684.19 0 27.00 0 1362.00){0.00 0.00 0.00 0.00 10.80 0}{10.80 0.00 0.00 0.00 21.60 0}{21.60 27.00 28.90 29.00 43.20 62}{43.20 0.00 0.00 0.00 54.00 0}{54.00 1360.00 1361.00 1362.00 2666.00 61}
COMP 4c-1: 48217a_4824fa_482633_482727 (1 721.00 0 721.00 0 721.00){0.00 0.00 0.00 0.00 288.40 0}{288.40 0.00 0.00 0.00 576.80 0}{576.80 721.00 721.00 721.00 865.20 1}{865.20 0.00 0.00 0.00 1153.60 0}{1153.60 0.00 0.00 0.00 1442.00 0}
COMM 4b-0: 47d6b9_47da7e_47dbe8_47dd07 (123 8.72 0 1.00 0 440.00){0.00 0.00 0.00 0.00 0.40 0}{0.40 0.00 0.00 0.00 0.80 0}{0.80 1.00 1.11 2.00 2.00 62}{2.00 3.00 9.52 23.00 24.00 60}{24.00 440.00 440.00 440.00 856.00 1}
COMM 4b-1: 48217a_4824fa_482633_482727 (1 1254.00 0 1254.00 0 1254.00){0.00 0.00 0.00 0.00 501.60 0}{501.60 0.00 0.00 0.00 1003.20 0}{1003.20 1254.00 1254.00 1254.00 1504.80 1}{1504.80 0.00 0.00 0.00 2006.40 0}{2006.40 0.00 0.00 0.00 2508.00 0}
LOOP0: iter: ( 124 )[ 1 -1 0 1 0 ] mem: ( 1 )[ 1 -1 0 1 0 ]
10 2 
12 155 
14 16 
1b 0 
2b 1 2 

RANKS: 1 -1 1 3 1
EVENT17: 1090 47a046_47a41b_47a586_47a6a7
COMP 4b-0: 46a5af_46a90f_46aa52_46ab44 (2 28195.00 3 28181.00 1 28202.00){0.00 0.00 0.00 0.00 11280.80 0}{11280.80 0.00 0.00 0.00 22561.60 0}{22561.60 28181.00 28191.50 28202.00 33842.40 2}{33842.40 0.00 0.00 0.00 45123.20 0}{45123.20 0.00 0.00 0.00 56404.00 0}
COMP 4b-1: 48217a_4824fa_482633_482727 (6 1851.86 2 10.00 3 4975.00){0.00 10.00 10.00 10.00 400.00 2}{400.00 0.00 0.00 0.00 800.00 0}{800.00 997.00 998.50 1000.00 1600.00 2}{1600.00 0.00 0.00 0.00 2000.00 0}{2000.00 4971.00 4973.00 4975.00 7950.00 2}
COMP 4b-2: 48b0d5_48b359_48b42d_48b4e6 (2 5033.33 2 5016.00 2 5042.00){0.00 0.00 0.00 0.00 2016.80 0}{2016.80 0.00 0.00 0.00 4033.60 0}{4033.60 5016.00 5029.00 5042.00 6050.40 2}{6050.40 0.00 0.00 0.00 8067.20 0}{8067.20 0.00 0.00 0.00 10084.00 0}
COMP 4c-0: 46a5af_46a90f_46aa52_46ab44 (2 133406.00 1 133404.00 3 133410.00){0.00 0.00 0.00 0.00 53361.60 0}{53361.60 0.00 0.00 0.00 106723.20 0}{106723.20 133404.00 133407.00 133410.00 160084.80 2}{160084.80 0.00 0.00 0.00 213446.40 0}{213446.40 0.00 0.00 0.00 266808.00 0}
COMP 4c-1: 48217a_4824fa_482633_482727 (6 8577.86 2 26.00 3 21380.00){0.00 26.00 26.00 26.00 2298.00 2}{2298.00 0.00 0.00 0.00 4596.00 0}{4596.00 5743.00 5744.00 5745.00 9192.00 2}{9192.00 0.00 0.00 0.00 11490.00 0}{11490.00 21380.00 21380.00 21380.00 31270.00 2}
COMP 4c-2: 48b0d5_48b359_48b42d_48b4e6 (2 21424.00 2 21424.00 2 21424.00){0.00 0.00 0.00 0.00 8569.60 0}{8569.60 0.00 0.00 0.00 17139.20 0}{17139.20 21424.00 21424.00 21424.00 25708.80 2}{25708.80 0.00 0.00 0.00 34278.40 0}{34278.40 0.00 0.00 0.00 42848.00 0}
COMM 4b-0: 46a5af_46a90f_46aa52_46ab44 (2 2.67 3 2.00 1 3.00){0.00 0.00 0.00 0.00 1.20 0}{1.20 2.00 2.00 2.00 2.40 1}{2.40 3.00 3.00 3.00 3.60 1}{3.60 0.00 0.00 0.00 4.80 0}{4.80 0.00 0.00 0.00 6.00 0}
COMM 4b-1: 48217a_4824fa_482633_482727 (6 2.00 1 2.00 1 2.00){0.00 0.00 0.00 0.00 0.80 0}{0.80 0.00 0.00 0.00 1.60 0}{1.60 2.00 2.00 2.00 2.40 6}{2.40 0.00 0.00 0.00 3.20 0}{3.20 0.00 0.00 0.00 4.00 0}
COMM 4b-2: 48b0d5_48b359_48b42d_48b4e6 (2 2.33 2 2.00 2 3.00){0.00 0.00 0.00 0.00 0.80 0}{0.80 0.00 0.00 0.00 1.60 0}{1.60 2.00 2.00 2.00 2.40 1}{2.40 3.00 3.00 3.00 3.20 1}{3.20 0.00 0.00 0.00 4.00 0}
LOOP0: iter: ( 2 )[ 1 -1 1 3 1 ] mem: ( 6 )[ 1 -1 1 1 0 ]( 4 )[ 1 -1 3 1 0 ]( 2 )[ 1 -1 2 1 0 ]
LOOP1: iter: ( 2 )[ 1 -1 3 1 0 ] mem: ( 3 )[ 1 -1 3 1 0 ]
10 2 
12 20480 
14 16 
1b 0 
2b 2147483647 

RANKS: 1 -1 1 3 1
EVENT18: 1148 48b0d5_48b359_48b42d_48b4e6
COMP 4b-0: 47a046_47a41b_47a586_47a6a7 (10 9.91 3 9.00 2 14.00){0.00 0.00 0.00 0.00 4.00 0}{4.00 0.00 0.00 0.00 8.00 0}{8.00 9.00 9.44 11.00 12.00 9}{12.00 14.00 14.00 14.00 16.00 1}{16.00 0.00 0.00 0.00 20.00 0}
COMP 4c-0: 47a046_47a41b_47a586_47a6a7 (10 25.91 3 25.00 1 26.00){0.00 0.00 0.00 0.00 10.40 0}{10.40 0.00 0.00 0.00 20.80 0}{20.80 25.00 25.90 26.00 31.20 10}{31.20 0.00 0.00 0.00 41.60 0}{41.60 0.00 0.00 0.00 52.00 0}
COMM 4b-0: 47a046_47a41b_47a586_47a6a7 (10 276.00 3 104.00 3 602.00){0.00 104.00 125.00 141.00 141.20 5}{141.20 158.00 158.00 158.00 282.40 1}{282.40 353.00 353.00 353.00 423.60 1}{423.60 452.00 472.50 493.00 564.80 2}{564.80 602.00 602.00 602.00 706.00 1}
1c 9999 

RANKS: 1 -1 0 4 1
EVENT19: 1113 48217a_4824fa_482633_482727
COMP 4b-0: 46a5af_46a90f_46aa52_46ab44 (1 28270.00 0 28270.00 0 28270.00){0.00 0.00 0.00 0.00 11308.00 0}{11308.00 0.00 0.00 0.00 22616.00 0}{22616.00 28270.00 28270.00 28270.00 33924.00 1}{33924.00 0.00 0.00 0.00 45232.00 0}{45232.00 0.00 0.00 0.00 56540.00 0}
COMP 4b-1: 47d6b9_47da7e_47dbe8_47dd07 (1 1243.00 0 1243.00 0 1243.00){0.00 0.00 0.00 0.00 497.20 0}{497.20 0.00 0.00 0.00 994.40 0}{994.40 1243.00 1243.00 1243.00 1491.60 1}{1491.60 0.00 0.00 0.00 1988.80 0}{1988.80 0.00 0.00 0.00 2486.00 0}
COMP 4b-2: 48217a_4824fa_482633_482727 (2 5021.00 1 5015.00 1 5024.00){0.00 0.00 0.00 0.00 2009.60 0}{2009.60 0.00 0.00 0.00 4019.20 0}{4019.20 5015.00 5019.50 5024.00 6028.80 2}{6028.80 0.00 0.00 0.00 8038.40 0}{8038.40 0.00 0.00 0.00 10048.00 0}
COMP 4b-3: 48b0d5_48b359_48b42d_48b4e6 (10 1451.36 3 86.00 0 5076.00){0.00 86.00 97.62 110.00 2021.60 8}{2021.60 0.00 0.00 0.00 4043.20 0}{4043.20 5054.00 5065.00 5076.00 6064.80 2}{6064.80 0.00 0.00 0.00 8086.40 0}{8086.40 0.00 0.00 0.00 10108.00 0}
COMP 4c-0: 46a5af_46a90f_46aa52_46ab44 (1 133465.00 0 133465.00 0 133465.00){0.00 0.00 0.00 0.00 53386.00 0}{53386.00 0.00 0.00 0.00 106772.00 0}{106772.00 133465.00 133465.00 133465.00 160158.00 1}{160158.00 0.00 0.00 0.00 213544.00 0}{213544.00 0.00 0.00 0.00 266930.00 0}
COMP 4c-1: 47d6b9_47da7e_47dbe8_47dd07 (1 6457.00 0 6457.00 0 6457.00){0.00 0.00 0.00 0.00 2582.80 0}{2582.80 0.00 0.00 0.00 5165.60 0}{5165.60 6457.00 6457.00 6457.00 7748.40 1}{7748.40 0.00 0.00 0.00 10331.20 0}{10331.20 0.00 0.00 0.00 12914.00 0}
COMP 4c-2: 48217a_4824fa_482633_482727 (2 21453.00 1 21453.00 1 21453.00){0.00 0.00 0.00 0.00 8581.20 0}{8581.20 0.00 0.00 0.00 17162.40 0}{17162.40 21453.00 21453.00 21453.00 25743.60 2}{25743.60 0.00 0.00 0.00 34324.80 0}{34324.80 0.00 0.00 0.00 42906.00 0}
COMP 4c-3: 48b0d5_48b359_48b42d_48b4e6 (10 5984.18 1 166.00 0 21497.00){0.00 166.00 166.88 169.00 8598.80 8}{8598.80 0.00 0.00 0.00 17197.60 0}{17197.60 21497.00 21497.00 21497.00 25796.40 2}{25796.40 0.00 0.00 0.00 34395.20 0}{34395.20 0.00 0.00 0.00 42994.00 0}
COMM 4b-0: 46a5af_46a90f_46aa52_46ab44 (1 113.00 0 113.00 0 113.00){0.00 0.00 0.00 0.00 45.20 0}{45.20 0.00 0.00 0.00 90.40 0}{90.40 113.00 113.00 113.00 135.60 1}{135.60 0.00 0.00 0.00 180.80 0}{180.80 0.00 0.00 0.00 226.00 0}
COMM 4b-1: 47d6b9_47da7e_47dbe8_47dd07 (1 111.00 0 111.00 0 111.00){0.00 0.00 0.00 0.00 44.40 0}{44.40 0.00 0.00 0.00 88.80 0}{88.80 111.00 111.00 111.00 133.20 1}{133.20 0.00 0.00 0.00 177.60 0}{177.60 0.00 0.00 0.00 222.00 0}
COMM 4b-2: 48217a_4824fa_482633_482727 (2 109.00 1 109.00 1 109.00){0.00 0.00 0.00 0.00 43.60 0}{43.60 0.00 0.00 0.00 87.20 0}{87.20 109.00 109.00 109.00 130.80 2}{130.80 0.00 0.00 0.00 174.40 0}{174.40 0.00 0.00 0.00 218.00 0}
COMM 4b-3: 48b0d5_48b359_48b42d_48b4e6 (10 106.00 2 101.00 1 114.00){0.00 0.00 0.00 0.00 43.20 0}{43.20 0.00 0.00 0.00 86.40 0}{86.40 101.00 105.80 114.00 129.60 10}{129.60 0.00 0.00 0.00 172.80 0}{172.80 0.00 0.00 0.00 216.00 0}
LOOP0: iter: ( 2 )[ 1 -1 0 2 1 ] mem: ( 4 )[ 1 -1 0 1 0 ]( 1 )[ 1 -1 1 1 0 ]
LOOP1: iter: ( 2 )[ 1 -1 0 1 0 ] mem: ( 3 )[ 1 -1 0 1 0 ]
10 2 
12 20480 
14 16 
1a ( 1 2 )[ 1 -1 0 1 0 ]
1a ( 3 2 )[ 1 -1 1 2 2 ]
1a ( 2 )[ 1 -1 2 1 0 ]
1b 0 

RANKS: 1 -1 0 2 1
EVENT20: 1090 47a046_47a41b_47a586_47a6a7
COMP 4b-0: 48217a_4824fa_482633_482727 (6 10.29 0 9.00 1 12.00){0.00 0.00 0.00 0.00 4.00 0}{4.00 0.00 0.00 0.00 8.00 0}{8.00 9.00 10.33 12.00 12.00 6}{12.00 0.00 0.00 0.00 16.00 0}{16.00 0.00 0.00 0.00 20.00 0}
COMP 4c-0: 48217a_4824fa_482633_482727 (6 26.14 0 25.00 1 27.00){0.00 0.00 0.00 0.00 10.40 0}{10.40 0.00 0.00 0.00 20.80 0}{20.80 25.00 26.17 27.00 31.20 6}{31.20 0.00 0.00 0.00 41.60 0}{41.60 0.00 0.00 0.00 52.00 0}
COMM 4b-0: 48217a_4824fa_482633_482727 (6 2.00 0 2.00 0 2.00){0.00 0.00 0.00 0.00 0.80 0}{0.80 0.00 0.00 0.00 1.60 0}{1.60 2.00 2.00 2.00 2.40 6}{2.40 0.00 0.00 0.00 3.20 0}{3.20 0.00 0.00 0.00 4.00 0}
10 2 
12 20480 
14 16 
1b 0 
2b 2147483647 

RANKS: 1 -1 0 2 1
EVENT21: 1148 48b0d5_48b359_48b42d_48b4e6
COMP 4b-0: 47a046_47a41b_47a586_47a6a7 (6 9.29 0 9.00 0 10.00){0.00 0.00 0.00 0.00 4.00 0}{4.00 0.00 0.00 0.00 8.00 0}{8.00 9.00 9.17 10.00 12.00 6}{12.00 0.00 0.00 0.00 16.00 0}{16.00 0.00 0.00 0.00 20.00 0}
COMP 4c-0: 47a046_47a41b_47a586_47a6a7 (6 26.00 0 26.00 0 26.00){0.00 0.00 0.00 0.00 10.40 0}{10.40 0.00 0.00 0.00 20.80 0}{20.80 26.00 26.00 26.00 31.20 6}{31.20 0.00 0.00 0.00 41.60 0}{41.60 0.00 0.00 0.00 52.00 0}
COMM 4b-0: 47a046_47a41b_47a586_47a6a7 (6 127.43 1 96.00 0 155.00){0.00 0.00 0.00 0.00 52.00 0}{52.00 96.00 96.50 97.00 104.00 2}{104.00 130.00 142.25 155.00 156.00 4}{156.00 0.00 0.00 0.00 208.00 0}{208.00 0.00 0.00 0.00 260.00 0}
1c 9999 

RANKS: 1 -1 0 4 1
EVENT22: 1004 46a5af_46a90f_46aa52_46ab44
COMP 4b-0: 48217a_4824fa_482633_482727 (4 10064.20 3 9907.00 2 10301.00){0.00 0.00 0.00 0.00 3962.80 0}{3962.80 0.00 0.00 0.00 7925.60 0}{7925.60 9907.00 10103.50 10301.00 11888.40 4}{11888.40 0.00 0.00 0.00 15851.20 0}{15851.20 0.00 0.00 0.00 19814.00 0}
COMP 4b-1: 48b0d5_48b359_48b42d_48b4e6 (4 10083.40 0 9929.00 0 10314.00){0.00 0.00 0.00 0.00 3971.60 0}{3971.60 0.00 0.00 0.00 7943.20 0}{7943.20 9929.00 10122.00 10314.00 11914.80 4}{11914.80 0.00 0.00 0.00 15886.40 0}{15886.40 0.00 0.00 0.00 19858.00 0}
COMP 4c-0: 48217a_4824fa_482633_482727 (4 43014.00 2 41979.00 3 44564.00){0.00 0.00 0.00 0.00 16793.60 0}{16793.60 0.00 0.00 0.00 33587.20 0}{33587.20 41979.00 43271.50 44564.00 50380.80 4}{50380.80 0.00 0.00 0.00 67174.40 0}{67174.40 0.00 0.00 0.00 83968.00 0}
COMP 4c-1: 48b0d5_48b359_48b42d_48b4e6 (4 43065.00 1 42030.00 0 44615.00){0.00 0.00 0.00 0.00 16814.00 0}{16814.00 0.00 0.00 0.00 33628.00 0}{33628.00 42030.00 43322.50 44615.00 50442.00 4}{50442.00 0.00 0.00 0.00 67256.00 0}{67256.00 0.00 0.00 0.00 84070.00 0}
COMM 4b-0: 48217a_4824fa_482633_482727 (4 62.40 2 53.00 3 88.00){0.00 0.00 0.00 0.00 22.80 0}{22.80 0.00 0.00 0.00 45.60 0}{45.60 53.00 55.67 57.00 68.40 3}{68.40 88.00 88.00 88.00 91.20 1}{91.20 0.00 0.00 0.00 114.00 0}
COMM 4b-1: 48b0d5_48b359_48b42d_48b4e6 (4 54.00 0 23.00 1 115.00){0.00 0.00 0.00 0.00 9.60 0}{9.60 0.00 0.00 0.00 19.20 0}{19.20 23.00 23.50 24.00 38.40 2}{38.40 0.00 0.00 0.00 48.00 0}{48.00 84.00 99.50 115.00 120.00 2}
10 2 
12 1 5 
14 16 
18 1 3 

RANKS: 1 -1 0 4 1
EVENT23: 1010 46cf40_46d175_46d219_46d295
COMP 4b-0: 46a5af_46a90f_46aa52_46ab44 (4 14.80 0 14.00 3 16.00){0.00 0.00 0.00 0.00 5.60 0}{5.60 0.00 0.00 0.00 11.20 0}{11.20 14.00 15.00 16.00 16.80 4}{16.80 0.00 0.00 0.00 22.40 0}{22.40 0.00 0.00 0.00 28.00 0}
COMP 4c-0: 46a5af_46a90f_46aa52_46ab44 (4 34.00 0 33.00 3 36.00){0.00 0.00 0.00 0.00 13.20 0}{13.20 0.00 0.00 0.00 26.40 0}{26.40 33.00 34.25 36.00 39.60 4}{39.60 0.00 0.00 0.00 52.80 0}{52.80 0.00 0.00 0.00 66.00 0}
COMM 4b-0: 46a5af_46a90f_46aa52_46ab44 (4 39.60 2 7.00 3 58.00){0.00 7.00 7.00 7.00 20.80 1}{20.80 29.00 29.00 29.00 41.60 1}{41.60 52.00 55.00 58.00 62.40 2}{62.40 0.00 0.00 0.00 83.20 0}{83.20 0.00 0.00 0.00 104.00 0}
10 2 

RANKS: 1 -1 2 1 0
EVENT24: 1102 47d6b9_47da7e_47dbe8_47dd07
COMP 4b-0: 46cf40_46d175_46d219_46d295 (1 545.00 2 545.00 2 545.00){0.00 0.00 0.00 0.00 218.00 0}{218.00 0.00 0.00 0.00 436.00 0}{436.00 545.00 545.00 545.00 654.00 1}{654.00 0.00 0.00 0.00 872.00 0}{872.00 0.00 0.00 0.00 1090.00 0}
COMP 4b-1: 48217a_4824fa_482633_482727 (123 154.58 2 147.00 2 298.00){0.00 0.00 0.00 0.00 62.00 0}{62.00 0.00 0.00 0.00 124.00 0}{124.00 147.00 153.40 168.00 186.00 122}{186.00 0.00 0.00 0.00 248.00 0}{248.00 298.00 298.00 298.00 310.00 1}
COMP 4c-0: 46cf40_46d175_46d219_46d295 (1 3337.00 2 3337.00 2 3337.00){0.00 0.00 0.00 0.00 1334.80 0}{1334.80 0.00 0.00 0.00 2669.60 0}{2669.60 3337.00 3337.00 3337.00 4004.40 1}{4004.40 0.00 0.00 0.00 5339.20 0}{5339.20 0.00 0.00 0.00 6674.00 0}
COMP 4c-1: 48217a_4824fa_482633_482727 (123 742.40 2 722.00 2 762.00){0.00 0.00 0.00 0.00 302.80 0}{302.80 0.00 0.00 0.00 605.60 0}{605.60 722.00 742.28 762.00 908.40 123}{908.40 0.00 0.00 0.00 1211.20 0}{1211.20 0.00 0.00 0.00 1514.00 0}
COMM 4b-0: 46cf40_46d175_46d219_46d295 (1 440.00 2 440.00 2 440.00){0.00 0.00 0.00 0.00 176.00 0}{176.00 0.00 0.00 0.00 352.00 0}{352.00 440.00 440.00 440.00 528.00 1}{528.00 0.00 0.00 0.00 704.00 0}{704.00 0.00 0.00 0.00 880.00 0}
COMM 4b-1: 48217a_4824fa_482633_482727 (123 8.65 2 2.00 2 581.00){0.00 2.00 3.27 8.00 10.40 120}{10.40 0.00 0.00 0.00 20.80 0}{20.80 26.00 26.00 26.00 41.60 1}{41.60 48.00 48.00 48.00 52.00 1}{52.00 581.00 581.00 581.00 1110.00 1}
LOOP0: iter: ( 124 )[ 1 -1 2 1 0 ] mem: ( 2 )[ 1 -1 2 1 0 ]
10 2 
12 155 
14 16 
1b 0 
2b 2 2 2 2 2 2 2 2 2 2 2 2 2 2 2 2 2 2 2 2 2 2 2 2 2 2 2 2 2 2 2 2 2 2 2 2 2 2 2 2 2 2 2 2 2 2 2 2 2 2 2 2 2 2 2 2 2 2 2 2 2 2 1 1 1 1 1 1 1 1 1 1 1 1 1 1 1 1 1 1 1 1 1 1 1 1 1 1 1 1 1 1 1 1 1 1 1 1 1 1 1 1 1 1 1 1 1 1 1 1 1 1 1 1 1 1 1 1 1 1 1 1 1 1 

RANKS: 1 -1 0 2 2
EVENT25: 1113 48217a_4824fa_482633_482727
COMP 4b-0: 46cf40_46d175_46d219_46d295 (1 939.00 0 939.00 0 939.00){0.00 0.00 0.00 0.00 375.60 0}{375.60 0.00 0.00 0.00 751.20 0}{751.20 939.00 939.00 939.00 1126.80 1}{1126.80 0.00 0.00 0.00 1502.40 0}{1502.40 0.00 0.00 0.00 1878.00 0}
COMP 4b-1: 47d6b9_47da7e_47dbe8_47dd07 (124 193.51 2 187.00 2 201.00){0.00 0.00 0.00 0.00 80.40 0}{80.40 0.00 0.00 0.00 160.80 0}{160.80 187.00 193.45 201.00 241.20 124}{241.20 0.00 0.00 0.00 321.60 0}{321.60 0.00 0.00 0.00 402.00 0}
COMP 4b-2: 48217a_4824fa_482633_482727 (30627 176.01 0 8.00 0 521.00){0.00 0.00 0.00 0.00 3.20 0}{3.20 0.00 0.00 0.00 6.40 0}{6.40 8.00 9.92 12.00 12.80 15392}{12.80 13.00 13.60 14.00 16.00 5}{16.00 17.00 343.94 521.00 670.00 15230}
COMP 4b-3: 48b0d5_48b359_48b42d_48b4e6 (248 10693.37 0 10656.00 0 10990.00){0.00 0.00 0.00 0.00 4262.40 0}{4262.40 0.00 0.00 0.00 8524.80 0}{8524.80 10656.00 10693.52 10990.00 12787.20 248}{12787.20 0.00 0.00 0.00 17049.60 0}{17049.60 0.00 0.00 0.00 21312.00 0}
COMP 4c-0: 46cf40_46d175_46d219_46d295 (1 3991.00 0 3991.00 0 3991.00){0.00 0.00 0.00 0.00 1596.40 0}{1596.40 0.00 0.00 0.00 3192.80 0}{3192.80 3991.00 3991.00 3991.00 4789.20 1}{4789.20 0.00 0.00 0.00 6385.60 0}{6385.60 0.00 0.00 0.00 7982.00 0}
COMP 4c-1: 47d6b9_47da7e_47dbe8_47dd07 (124 671.66 2 666.00 2 677.00){0.00 0.00 0.00 0.00 270.40 0}{270.40 0.00 0.00 0.00 540.80 0}{540.80 666.00 671.63 677.00 811.20 124}{811.20 0.00 0.00 0.00 1081.60 0}{1081.60 0.00 0.00 0.00 1352.00 0}
COMP 4c-2: 48217a_4824fa_482633_482727 (30627 713.79 0 25.00 0 1411.00){0.00 0.00 0.00 0.00 10.40 0}{10.40 0.00 0.00 0.00 20.80 0}{20.80 25.00 28.86 30.00 41.60 15438}{41.60 0.00 0.00 0.00 52.00 0}{52.00 1409.00 1410.00 1411.00 2766.00 15189}
COMP 4c-3: 48b0d5_48b359_48b42d_48b4e6 (248 46012.50 0 45996.00 0 46018.00){0.00 0.00 0.00 0.00 18398.40 0}{18398.40 0.00 0.00 0.00 36796.80 0}{36796.80 45996.00 46012.56 46018.00 55195.20 248}{55195.20 0.00 0.00 0.00 73593.60 0}{73593.60 0.00 0.00 0.00 91992.00 0}
COMM 4b-0: 46cf40_46d175_46d219_46d295 (1 5.00 0 5.00 0 5.00){0.00 0.00 0.00 0.00 2.00 0}{2.00 0.00 0.00 0.00 4.00 0}{4.00 5.00 5.00 5.00 6.00 1}{6.00 0.00 0.00 0.00 8.00 0}{8.00 0.00 0.00 0.00 10.00 0}
COMM 4b-1: 47d6b9_47da7e_47dbe8_47dd07 (124 2.72 2 2.00 2 12.00){0.00 2.00 2.00 2.00 2.00 48}{2.00 3.00 3.00 3.00 4.00 74}{4.00 5.00 5.00 5.00 8.00 1}{8.00 0.00 0.00 0.00 10.00 0}{10.00 12.00 12.00 12.00 14.00 1}
COMM 4b-2: 48217a_4824fa_482633_482727 (30627 2.35 0 1.00 0 68.00){0.00 0.00 0.00 0.00 0.80 0}{0.80 1.00 1.00 1.00 1.60 3855}{1.60 1.78 2.28 4.00 4.00 26255}{4.00 6.00 15.82 24.00 26.00 516}{26.00 68.00 68.00 68.00 110.00 1}
COMM 4b-3: 48b0d5_48b359_48b42d_48b4e6 (248 8.80 0 7.00 0 24.00){0.00 0.00 0.00 0.00 3.20 0}{3.20 0.00 0.00 0.00 6.40 0}{6.40 7.00 8.53 9.00 9.60 221}{9.60 10.00 10.00 10.00 16.00 25}{16.00 23.00 23.50 24.00 30.00 2}
LOOP0: iter: ( 249 )[ 1 -1 0 1 0 ] mem: ( 5 )[ 1 -1 0 1 0 ]
LOOP1: iter: ( 124 )[ 1 -1 0 1 0 ] mem: ( 1 )[ 1 -1 0 1 0 ]
10 2 
12 155 
14 16 
1a ( 1 2 )[ 1 -1 0 1 0 ]
1a ( 1 1 1 1 1 1 1 1 1 1 1 1 1 1 1 1 1 1 1 1 1 1 1 1 1 1 1 1 1 1 1 1 1 1 1 1 1 1 1 1 1 1 1 1 1 1 1 1 1 1 1 1 1 1 1 1 1 1 1 1 1 1 2 2 2 2 2 2 2 2 2 2 2 2 2 2 2 2 2 2 2 2 2 2 2 2 2 2 2 2 2 2 2 2 2 2 2 2 2 2 2 2 2 2 2 2 2 2 2 2 2 2 2 2 2 2 2 2 2 2 2 2 2 2 )[ 1 -1 2 1 0 ]
1b 0 

RANKS: 2 -1 0 2 1 -1 3 1 0
EVENT26: 1102 47d6b9_47da7e_47dbe8_47dd07
COMP 4b-0: 46cf40_46d175_46d219_46d295 (2 546.00 1 546.00 1 546.00){0.00 0.00 0.00 0.00 218.40 0}{218.40 0.00 0.00 0.00 436.80 0}{436.80 546.00 546.00 546.00 655.20 2}{655.20 0.00 0.00 0.00 873.60 0}{873.60 0.00 0.00 0.00 1092.00 0}
COMP 4b-1: 47d6b9_47da7e_47dbe8_47dd07 (61254 171.12 3 8.00 3 609.00){0.00 0.00 0.00 0.00 3.60 0}{3.60 0.00 0.00 0.00 7.20 0}{7.20 8.00 10.42 14.00 14.40 30796}{14.40 15.00 17.50 18.00 18.00 52}{18.00 19.00 334.15 609.00 634.00 30406}
COMP 4b-2: 48217a_4824fa_482633_482727 (31124 235.43 1 147.00 3 10546.00){0.00 0.00 0.00 0.00 119.20 0}{119.20 147.00 153.18 158.00 178.80 30833}{178.80 182.00 204.50 223.00 238.40 16}{238.40 250.00 290.22 313.00 328.00 27}{328.00 10426.00 10457.87 10546.00 20764.00 248}
COMP 4b-3: 48b0d5_48b359_48b42d_48b4e6 (248 10492.08 1 10463.00 1 10844.00){0.00 0.00 0.00 0.00 4186.00 0}{4186.00 0.00 0.00 0.00 8372.00 0}{8372.00 10463.00 10492.19 10844.00 12558.00 248}{12558.00 0.00 0.00 0.00 16744.00 0}{16744.00 0.00 0.00 0.00 20930.00 0}
COMP 4c-0: 46cf40_46d175_46d219_46d295 (2 3337.00 1 3337.00 1 3337.00){0.00 0.00 0.00 0.00 1334.80 0}{1334.80 0.00 0.00 0.00 2669.60 0}{2669.60 3337.00 3337.00 3337.00 4004.40 2}{4004.40 0.00 0.00 0.00 5339.20 0}{5339.20 0.00 0.00 0.00 6674.00 0}
COMP 4c-1: 47d6b9_47da7e_47dbe8_47dd07 (61254 701.98 3 25.00 3 1411.00){0.00 0.00 0.00 0.00 10.40 0}{10.40 0.00 0.00 0.00 20.80 0}{20.80 25.00 28.95 30.00 41.60 30876}{41.60 0.00 0.00 0.00 52.00 0}{52.00 1360.00 1386.06 1411.00 2670.00 30378}
COMP 4c-2: 48217a_4824fa_482633_482727 (31124 1097.23 0 721.00 3 45313.00){0.00 0.00 0.00 0.00 288.40 0}{288.40 0.00 0.00 0.00 576.80 0}{576.80 721.00 742.10 762.00 1153.60 30876}{1153.60 0.00 0.00 0.00 1442.00 0}{1442.00 45295.00 45311.75 45313.00 89184.00 248}
COMP 4c-3: 48b0d5_48b359_48b42d_48b4e6 (248 45357.86 1 45342.00 1 45359.00){0.00 0.00 0.00 0.00 18136.80 0}{18136.80 0.00 0.00 0.00 36273.60 0}{36273.60 45342.00 45357.93 45359.00 54410.40 248}{54410.40 0.00 0.00 0.00 72547.20 0}{72547.20 0.00 0.00 0.00 90684.00 0}
COMM 4b-0: 46cf40_46d175_46d219_46d295 (2 491.67 1 400.00 3 675.00){0.00 0.00 0.00 0.00 160.00 0}{160.00 0.00 0.00 0.00 320.00 0}{320.00 400.00 400.00 400.00 480.00 1}{480.00 0.00 0.00 0.00 640.00 0}{640.00 675.00 675.00 675.00 800.00 1}
COMM 4b-1: 47d6b9_47da7e_47dbe8_47dd07 (61254 7.28 0 1.00 3 307.00){0.00 0.00 0.00 0.00 0.80 0}{0.80 1.00 1.52 2.00 2.00 20632}{2.00 2.09 9.58 48.00 48.00 40393}{48.00 49.00 120.12 222.00 262.00 227}{262.00 282.00 294.50 307.00 352.00 2}
COMM 4b-2: 48217a_4824fa_482633_482727 (31124 28.15 1 1.00 0 2310.00){0.00 1.00 8.43 435.57 514.40 30643}{514.40 792.00 1003.10 1017.00 1028.80 229}{1028.80 1126.00 1486.16 1542.00 1543.20 186}{1543.20 1544.00 1637.13 1909.00 2057.60 62}{2057.60 2242.00 2272.00 2310.00 2572.00 4}
COMM 4b-3: 48b0d5_48b359_48b42d_48b4e6 (248 309.56 1 14.00 1 773.00){0.00 14.00 39.67 107.00 115.60 6}{115.60 121.00 172.50 229.00 231.20 14}{231.20 236.00 312.16 461.00 462.40 215}{462.40 485.00 520.92 630.00 656.00 12}{656.00 773.00 773.00 773.00 890.00 1}
LOOP0: iter: ( 124 )[ 1 -1 0 1 0 ]( 249 )[ 1 -1 1 2 2 ] mem: ( 1 )[ 1 -1 0 1 0 ]( 7 )[ 1 -1 1 1 0 ]( 5 )[ 1 -1 3 1 0 ]
LOOP1: iter: ( 124 )[ 1 -1 1 2 2 ] mem: ( 2 )[ 1 -1 1 1 0 ]( 1 )[ 1 -1 3 1 0 ]
10 2 
12 155 
14 16 
1b 0 
2b ( 1 2 )[ 1 -1 0 1 0 ]
2b ( 3 3 3 3 3 3 3 3 3 3 3 3 3 3 3 3 3 3 3 3 3 3 3 3 3 3 3 3 3 3 3 3 3 3 3 3 3 3 3 3 3 3 3 3 3 3 3 3 3 3 3 3 3 3 3 3 3 3 3 3 3 3 2 2 2 2 2 2 2 2 2 2 2 2 2 2 2 2 2 2 2 2 2 2 2 2 2 2 2 2 2 2 2 2 2 2 2 2 2 2 2 2 2 2 2 2 2 2 2 2 2 2 2 2 2 2 2 2 2 2 2 2 2 2 )[ 1 -1 1 1 0 ]
2b ( 3 2 )[ 1 -1 3 1 0 ]

RANKS: 1 -1 0 4 1
EVENT27: 1113 48217a_4824fa_482633_482727
COMP 4b-0: 47d6b9_47da7e_47dbe8_47dd07 (31374 204.99 1 187.00 0 1356.00){0.00 187.00 194.12 388.00 495.20 30876}{495.20 511.00 513.26 534.00 990.40 249}{990.40 1228.00 1240.90 1356.00 1485.60 249}{1485.60 0.00 0.00 0.00 1980.80 0}{1980.80 0.00 0.00 0.00 2476.00 0}
COMP 4b-1: 48217a_4824fa_482633_482727 (30628 165.33 3 8.00 2 1068.00){0.00 0.00 0.00 0.00 6.40 0}{6.40 8.00 9.90 12.00 12.80 15401}{12.80 13.00 14.50 16.00 16.00 8}{16.00 17.00 322.66 440.00 646.00 15218}{646.00 1068.00 1068.00 1068.00 1490.00 1}
COMP 4b-2: 48b0d5_48b359_48b42d_48b4e6 (249 5046.61 0 5032.00 0 5218.00){0.00 0.00 0.00 0.00 2018.00 0}{2018.00 0.00 0.00 0.00 4036.00 0}{4036.00 5032.00 5046.62 5218.00 6054.00 249}{6054.00 0.00 0.00 0.00 8072.00 0}{8072.00 0.00 0.00 0.00 10090.00 0}
COMP 4c-0: 47d6b9_47da7e_47dbe8_47dd07 (31374 728.03 1 666.00 0 6458.00){0.00 666.00 682.00 2012.00 2583.20 31125}{2583.20 0.00 0.00 0.00 5166.40 0}{5166.40 6457.00 6457.97 6458.00 7749.60 249}{7749.60 0.00 0.00 0.00 10332.80 0}{10332.80 0.00 0.00 0.00 12916.00 0}
COMP 4c-1: 48217a_4824fa_482633_482727 (30628 689.99 3 26.00 2 5819.00){0.00 0.00 0.00 0.00 10.40 0}{10.40 0.00 0.00 0.00 20.80 0}{20.80 26.00 28.77 30.00 52.00 15438}{52.00 1360.00 1361.77 1362.00 2668.00 15189}{2668.00 5819.00 5819.00 5819.00 8970.00 1}
COMP 4c-2: 48b0d5_48b359_48b42d_48b4e6 (249 21496.82 0 21496.00 0 21497.00){0.00 0.00 0.00 0.00 8598.80 0}{8598.80 0.00 0.00 0.00 17197.60 0}{17197.60 21496.00 21496.82 21497.00 25796.40 249}{25796.40 0.00 0.00 0.00 34395.20 0}{34395.20 0.00 0.00 0.00 42994.00 0}
COMM 4b-0: 47d6b9_47da7e_47dbe8_47dd07 (31374 3.59 1 2.00 0 131.00){0.00 2.00 2.74 18.00 43.60 31125}{43.60 0.00 0.00 0.00 87.20 0}{87.20 108.00 110.11 127.00 130.80 248}{130.80 131.00 131.00 131.00 174.40 1}{174.40 0.00 0.00 0.00 218.00 0}
COMM 4b-1: 48217a_4824fa_482633_482727 (30628 2.50 3 1.00 2 112.00){0.00 0.00 0.00 0.00 0.80 0}{0.80 1.00 2.31 4.00 4.00 30104}{4.00 5.00 12.89 19.00 26.00 522}{26.00 46.00 46.00 46.00 66.00 1}{66.00 112.00 112.00 112.00 158.00 1}
COMM 4b-2: 48b0d5_48b359_48b42d_48b4e6 (249 111.84 0 106.00 0 285.00){0.00 0.00 0.00 0.00 43.20 0}{43.20 0.00 0.00 0.00 86.40 0}{86.40 106.00 109.00 169.00 172.80 244}{172.80 0.00 0.00 0.00 216.00 0}{216.00 217.00 250.80 285.00 354.00 5}
LOOP0: iter: ( 2 )[ 1 -1 0 1 0 ]( 124 )[ 1 -1 3 1 0 ] mem: ( 3 )[ 1 -1 0 1 0 ]( 1 )[ 1 -1 3 1 0 ]
10 2 
12 ( 20480 )[ 1 -1 0 2 2 ]
12 ( 155 )[ 1 -1 1 2 2 ]
14 16 
1a ( 1 2 )[ 1 -1 0 1 0 ]
1a ( 2 2 2 2 2 2 2 2 2 2 2 2 2 2 2 2 2 2 2 2 2 2 2 2 2 2 2 2 2 2 2 2 2 2 2 2 2 2 2 2 2 2 2 2 2 2 2 2 2 2 2 2 2 2 2 2 2 2 2 2 2 2 3 3 3 3 3 3 3 3 3 3 3 3 3 3 3 3 3 3 3 3 3 3 3 3 3 3 3 3 3 3 3 3 3 3 3 3 3 3 3 3 3 3 3 3 3 3 3 3 3 3 3 3 3 3 3 3 3 3 3 3 3 3 )[ 1 -1 1 1 0 ]
1a ( 3 2 )[ 1 -1 3 1 0 ]
1a ( 1 )[ 1 -1 2 1 0 ]
1b 0 

RANKS: 1 -1 0 4 1
EVENT28: 1090 47a046_47a41b_47a586_47a6a7
COMP 4b-0: 48217a_4824fa_482633_482727 (1493 1166.95 0 8.00 3 5028.00){0.00 0.00 0.00 0.00 4.00 0}{4.00 8.00 9.79 12.00 16.00 497}{16.00 17.00 18.38 26.00 32.00 247}{32.00 35.00 993.48 1123.00 1928.00 500}{1928.00 4956.00 4968.95 5028.00 8128.00 249}
COMP 4b-1: 48b0d5_48b359_48b42d_48b4e6 (248 5028.17 2 5012.00 2 5240.00){0.00 0.00 0.00 0.00 2011.60 0}{2011.60 0.00 0.00 0.00 4023.20 0}{4023.20 5012.00 5028.17 5240.00 6034.80 248}{6034.80 0.00 0.00 0.00 8046.40 0}{8046.40 0.00 0.00 0.00 10058.00 0}
COMP 4c-0: 48217a_4824fa_482633_482727 (1493 5493.31 0 25.00 3 21380.00){0.00 0.00 0.00 0.00 10.40 0}{10.40 0.00 0.00 0.00 20.80 0}{20.80 25.00 30.66 41.00 52.00 746}{52.00 5743.00 5743.98 5745.00 11434.00 498}{11434.00 21379.00 21379.94 21380.00 31326.00 249}
COMP 4c-1: 48b0d5_48b359_48b42d_48b4e6 (248 21424.00 2 21424.00 2 21424.00){0.00 0.00 0.00 0.00 8569.60 0}{8569.60 0.00 0.00 0.00 17139.20 0}{17139.20 21424.00 21424.00 21424.00 25708.80 248}{25708.80 0.00 0.00 0.00 34278.40 0}{34278.40 0.00 0.00 0.00 42848.00 0}
COMM 4b-0: 48217a_4824fa_482633_482727 (1493 2.20 0 1.00 1 18.00){0.00 0.00 0.00 0.00 0.80 0}{0.80 1.00 1.00 1.00 1.60 46}{1.60 2.00 2.00 2.00 2.40 1122}{2.40 3.00 3.00 3.00 4.00 323}{4.00 13.00 15.50 18.00 32.00 2}
COMM 4b-1: 48b0d5_48b359_48b42d_48b4e6 (248 2.26 2 2.00 2 13.00){0.00 0.00 0.00 0.00 0.80 0}{0.80 0.00 0.00 0.00 1.60 0}{1.60 2.00 2.00 2.00 2.40 193}{2.40 3.00 3.00 3.00 4.00 54}{4.00 13.00 13.00 13.00 22.00 1}
LOOP0: iter: ( 2 )[ 1 -1 3 1 0 ]( 248 )[ 1 -1 2 1 0 ] mem: ( 3 )[ 1 -1 3 1 0 ]( 5 )[ 1 -1 2 1 0 ]
LOOP1: iter: ( 2 )[ 1 -1 2 1 0 ] mem: ( 2 )[ 1 -1 2 1 0 ]
10 2 
12 20480 
14 16 
1b 0 
2b 2147483647 

RANKS: 1 -1 0 4 1
EVENT29: 1148 48b0d5_48b359_48b42d_48b4e6
COMP 4b-0: 47a046_47a41b_47a586_47a6a7 (1741 9.48 0 8.00 3 28.00){0.00 0.00 0.00 0.00 4.00 0}{4.00 8.00 9.41 11.00 12.00 1731}{12.00 13.00 14.00 15.00 16.00 3}{16.00 17.00 18.00 19.00 20.00 2}{20.00 25.00 26.60 28.00 36.00 5}
COMP 4c-0: 47a046_47a41b_47a586_47a6a7 (1741 25.73 0 25.00 0 27.00){0.00 0.00 0.00 0.00 10.40 0}{10.40 0.00 0.00 0.00 20.80 0}{20.80 25.00 25.73 27.00 31.20 1741}{31.20 0.00 0.00 0.00 41.60 0}{41.60 0.00 0.00 0.00 52.00 0}
COMM 4b-0: 47a046_47a41b_47a586_47a6a7 (1741 329.21 0 96.00 3 2183.00){0.00 96.00 140.66 184.00 252.00 1231}{252.00 260.00 321.57 348.25 398.00 7}{398.00 459.64 588.84 706.00 714.00 222}{714.00 738.00 946.59 963.57 1000.00 280}{1000.00 2183.00 2183.00 2183.00 3366.00 1}
1c 9999 

RANKS: 1 -1 2 1 0
EVENT30: 1113 48217a_4824fa_482633_482727
COMP 4b-0: 47d6b9_47da7e_47dbe8_47dd07 (30504 197.26 2 190.00 2 357.00){0.00 0.00 0.00 0.00 85.20 0}{85.20 0.00 0.00 0.00 170.40 0}{170.40 190.00 197.02 255.00 255.60 30445}{255.60 257.00 320.17 339.00 340.80 48}{340.80 341.00 347.09 357.00 426.00 11}
COMP 4b-1: 48b0d5_48b359_48b42d_48b4e6 (248 93.90 2 91.00 2 109.00){0.00 0.00 0.00 0.00 37.60 0}{37.60 0.00 0.00 0.00 75.20 0}{75.20 91.00 93.90 109.00 112.80 248}{112.80 0.00 0.00 0.00 150.40 0}{150.40 0.00 0.00 0.00 188.00 0}
COMP 4c-0: 47d6b9_47da7e_47dbe8_47dd07 (30504 675.98 2 670.00 2 682.00){0.00 0.00 0.00 0.00 270.80 0}{270.80 0.00 0.00 0.00 541.60 0}{541.60 670.00 675.98 682.00 812.40 30504}{812.40 0.00 0.00 0.00 1083.20 0}{1083.20 0.00 0.00 0.00 1354.00 0}
COMP 4c-1: 48b0d5_48b359_48b42d_48b4e6 (248 169.08 2 169.00 2 170.00){0.00 0.00 0.00 0.00 67.60 0}{67.60 0.00 0.00 0.00 135.20 0}{135.20 169.00 169.08 170.00 202.80 248}{202.80 0.00 0.00 0.00 270.40 0}{270.40 0.00 0.00 0.00 338.00 0}
COMM 4b-0: 47d6b9_47da7e_47dbe8_47dd07 (30504 2.87 2 2.00 2 26.00){0.00 2.00 2.69 4.00 5.60 29732}{5.60 6.00 7.28 8.00 8.40 254}{8.40 9.00 10.03 11.00 11.20 275}{11.20 12.00 12.52 14.00 14.00 238}{14.00 16.00 20.40 26.00 38.00 5}
COMM 4b-1: 48b0d5_48b359_48b42d_48b4e6 (248 101.98 2 101.00 2 112.00){0.00 0.00 0.00 0.00 40.80 0}{40.80 0.00 0.00 0.00 81.60 0}{81.60 101.00 101.98 112.00 122.40 248}{122.40 0.00 0.00 0.00 163.20 0}{163.20 0.00 0.00 0.00 204.00 0}
LOOP0: iter: ( 124 )[ 1 -1 2 1 0 ] mem: ( 2 )[ 1 -1 2 1 0 ]
10 2 
12 20480 155 155 155 155 155 155 155 155 155 155 155 155 155 155 155 155 155 155 155 155 155 155 155 155 155 155 155 155 155 155 155 155 155 155 155 155 155 155 155 155 155 155 155 155 155 155 155 155 155 155 155 155 155 155 155 155 155 155 155 155 155 155 155 155 155 155 155 155 155 155 155 155 155 155 155 155 155 155 155 155 155 155 155 155 155 155 155 155 155 155 155 155 155 155 155 155 155 155 155 155 155 155 155 155 155 155 155 155 155 155 155 155 155 155 155 155 155 155 155 155 155 155 155 
14 16 
1a 2 1 1 1 1 1 1 1 1 1 1 1 1 1 1 1 1 1 1 1 1 1 1 1 1 1 1 1 1 1 1 1 1 1 1 1 1 1 1 1 1 1 1 1 1 1 1 1 1 1 1 1 1 1 1 1 1 1 1 1 1 1 1 2 2 2 2 2 2 2 2 2 2 2 2 2 2 2 2 2 2 2 2 2 2 2 2 2 2 2 2 2 2 2 2 2 2 2 2 2 2 2 2 2 2 2 2 2 2 2 2 2 2 2 2 2 2 2 2 2 2 2 2 2 
1b 0 

RANKS: 1 -1 2 1 0
EVENT31: 1102 47d6b9_47da7e_47dbe8_47dd07
COMP 4b-0: 48217a_4824fa_482633_482727 (30752 234.03 2 144.00 2 10786.00){0.00 144.00 150.57 311.00 4193.60 30504}{4193.60 0.00 0.00 0.00 8387.20 0}{8387.20 10433.00 10458.25 10786.00 12580.80 248}{12580.80 0.00 0.00 0.00 16774.40 0}{16774.40 0.00 0.00 0.00 20968.00 0}
COMP 4c-0: 48217a_4824fa_482633_482727 (30752 1098.70 2 718.00 2 45291.00){0.00 718.00 737.97 758.00 18116.00 30504}{18116.00 0.00 0.00 0.00 36232.00 0}{36232.00 45290.00 45290.83 45291.00 54348.00 248}{54348.00 0.00 0.00 0.00 72464.00 0}{72464.00 0.00 0.00 0.00 90580.00 0}
COMM 4b-0: 48217a_4824fa_482633_482727 (30752 10.74 2 1.00 2 803.00){0.00 1.00 3.38 194.00 202.40 30258}{202.40 211.00 328.00 388.00 404.80 12}{404.80 423.00 455.49 581.00 598.00 462}{598.00 601.00 655.44 718.00 722.00 18}{722.00 801.00 802.00 803.00 884.00 2}
10 2 
12 155 
14 16 
1b 0 
2b 2 2 2 2 2 2 2 2 2 2 2 2 2 2 2 2 2 2 2 2 2 2 2 2 2 2 2 2 2 2 2 2 2 2 2 2 2 2 2 2 2 2 2 2 2 2 2 2 2 2 2 2 2 2 2 2 2 2 2 2 2 2 1 1 1 1 1 1 1 1 1 1 1 1 1 1 1 1 1 1 1 1 1 1 1 1 1 1 1 1 1 1 1 1 1 1 1 1 1 1 1 1 1 1 1 1 1 1 1 1 1 1 1 1 1 1 1 1 1 1 1 1 1 1 

RANKS: 1 -1 0 4 1
EVENT32: 1113 48217a_4824fa_482633_482727
COMP 4b-0: 47d6b9_47da7e_47dbe8_47dd07 (248 191.76 2 190.00 2 328.00){0.00 0.00 0.00 0.00 76.00 0}{76.00 0.00 0.00 0.00 152.00 0}{152.00 190.00 191.21 200.00 228.00 247}{228.00 0.00 0.00 0.00 304.00 0}{304.00 328.00 328.00 328.00 380.00 1}
COMP 4b-1: 48217a_4824fa_482633_482727 (620 2461.03 0 8.00 1 5169.00){0.00 0.00 0.00 0.00 3.20 0}{3.20 0.00 0.00 0.00 6.40 0}{6.40 8.00 9.95 11.00 16.00 62}{16.00 343.00 344.72 355.00 670.00 61}{670.00 1032.00 3031.48 5169.00 9318.00 497}
COMP 4b-2: 48b0d5_48b359_48b42d_48b4e6 (748 122.68 3 85.00 0 10883.00){0.00 85.00 93.88 117.00 4353.20 747}{4353.20 0.00 0.00 0.00 8706.40 0}{8706.40 10883.00 10883.00 10883.00 13059.60 1}{13059.60 0.00 0.00 0.00 17412.80 0}{17412.80 0.00 0.00 0.00 21766.00 0}
COMP 4c-0: 47d6b9_47da7e_47dbe8_47dd07 (248 671.00 2 671.00 2 671.00){0.00 0.00 0.00 0.00 268.40 0}{268.40 0.00 0.00 0.00 536.80 0}{536.80 671.00 671.00 671.00 805.20 248}{805.20 0.00 0.00 0.00 1073.60 0}{1073.60 0.00 0.00 0.00 1342.00 0}
COMP 4c-1: 48217a_4824fa_482633_482727 (620 11065.21 0 25.00 1 21453.00){0.00 0.00 0.00 0.00 10.00 0}{10.00 0.00 0.00 0.00 20.00 0}{20.00 25.00 28.94 29.00 50.00 62}{50.00 1409.00 1409.98 1410.00 2768.00 61}{2768.00 5815.00 13649.24 21453.00 40136.00 497}
COMP 4c-2: 48b0d5_48b359_48b42d_48b4e6 (748 288.62 1 166.00 0 46018.00){0.00 166.00 166.19 167.00 18407.20 747}{18407.20 0.00 0.00 0.00 36814.40 0}{36814.40 46018.00 46018.00 46018.00 55221.60 1}{55221.60 0.00 0.00 0.00 73628.80 0}{73628.80 0.00 0.00 0.00 92036.00 0}
COMM 4b-0: 47d6b9_47da7e_47dbe8_47dd07 (248 2.69 2 2.00 2 3.00){0.00 0.00 0.00 0.00 1.20 0}{1.20 2.00 2.00 2.00 2.40 78}{2.40 3.00 3.00 3.00 3.60 170}{3.60 0.00 0.00 0.00 4.80 0}{4.80 0.00 0.00 0.00 6.00 0}
COMM 4b-1: 48217a_4824fa_482633_482727 (620 89.67 0 1.00 1 191.00){0.00 1.00 1.80 2.00 2.40 97}{2.40 3.00 3.00 3.00 4.00 24}{4.00 10.00 16.00 22.00 40.00 2}{40.00 108.00 111.32 127.00 176.00 496}{176.00 191.00 191.00 191.00 206.00 1}
COMM 4b-2: 48b0d5_48b359_48b42d_48b4e6 (748 150.37 0 9.00 3 274.00){0.00 9.00 9.00 9.00 18.00 1}{18.00 101.00 107.06 162.00 184.00 499}{184.00 189.00 189.00 189.00 194.00 1}{194.00 217.00 238.71 238.80 240.00 246}{240.00 274.00 274.00 274.00 308.00 1}
LOOP0: iter: ( 124 )[ 1 -1 0 1 0 ]( 2 )[ 1 -1 1 2 1 ] mem: ( 1 )[ 1 -1 0 3 1 ]
10 2 
12 ( 155 )[ 1 -1 0 1 0 ]
12 ( 20480 )[ 1 -1 1 2 2 ]
12 ( 155 20480 )[ 1 -1 2 1 0 ]
14 16 
1a ( 1 2 )[ 1 -1 0 1 0 ]
1a ( 3 2 )[ 1 -1 1 2 2 ]
1a ( 2 1 )[ 1 -1 2 1 0 ]
1b 0 

RANKS: 1 -1 1 2 1
EVENT33: 1090 47a046_47a41b_47a586_47a6a7
COMP 4b-0: 48217a_4824fa_482633_482727 (250 11.70 1 11.00 1 21.00){0.00 0.00 0.00 0.00 4.80 0}{4.80 0.00 0.00 0.00 9.60 0}{9.60 11.00 11.60 13.00 14.40 247}{14.40 19.00 19.00 19.00 19.20 1}{19.20 20.00 20.50 21.00 24.00 2}
COMP 4b-1: 48b0d5_48b359_48b42d_48b4e6 (1 5037.00 2 5037.00 2 5037.00){0.00 0.00 0.00 0.00 2014.80 0}{2014.80 0.00 0.00 0.00 4029.60 0}{4029.60 5037.00 5037.00 5037.00 6044.40 1}{6044.40 0.00 0.00 0.00 8059.20 0}{8059.20 0.00 0.00 0.00 10074.00 0}
COMP 4c-0: 48217a_4824fa_482633_482727 (250 27.07 1 27.00 2 41.00){0.00 0.00 0.00 0.00 10.80 0}{10.80 0.00 0.00 0.00 21.60 0}{21.60 27.00 27.01 28.00 32.40 249}{32.40 41.00 41.00 41.00 43.20 1}{43.20 0.00 0.00 0.00 54.00 0}
COMP 4c-1: 48b0d5_48b359_48b42d_48b4e6 (1 21424.00 2 21424.00 2 21424.00){0.00 0.00 0.00 0.00 8569.60 0}{8569.60 0.00 0.00 0.00 17139.20 0}{17139.20 21424.00 21424.00 21424.00 25708.80 1}{25708.80 0.00 0.00 0.00 34278.40 0}{34278.40 0.00 0.00 0.00 42848.00 0}
COMM 4b-0: 48217a_4824fa_482633_482727 (250 1.93 1 1.00 1 3.00){0.00 0.00 0.00 0.00 0.80 0}{0.80 1.00 1.00 1.00 1.60 24}{1.60 2.00 2.00 2.00 2.40 219}{2.40 3.00 3.00 3.00 3.20 7}{3.20 0.00 0.00 0.00 4.00 0}
COMM 4b-1: 48b0d5_48b359_48b42d_48b4e6 (1 2.00 2 2.00 2 2.00){0.00 0.00 0.00 0.00 0.80 0}{0.80 0.00 0.00 0.00 1.60 0}{1.60 2.00 2.00 2.00 2.40 1}{2.40 0.00 0.00 0.00 3.20 0}{3.20 0.00 0.00 0.00 4.00 0}
LOOP0: iter: ( 2 )[ 1 -1 2 1 0 ] mem: ( 2 )[ 1 -1 2 1 0 ]
10 2 
12 20480 
14 16 
1b 0 
2b 2147483647 

RANKS: 1 -1 1 2 1
EVENT34: 1148 48b0d5_48b359_48b42d_48b4e6
COMP 4b-0: 47a046_47a41b_47a586_47a6a7 (251 9.17 1 8.00 1 18.00){0.00 0.00 0.00 0.00 3.60 0}{3.60 0.00 0.00 0.00 7.20 0}{7.20 8.00 9.13 10.00 10.80 249}{10.80 11.00 11.00 11.00 14.40 1}{14.40 18.00 18.00 18.00 18.00 1}
COMP 4c-0: 47a046_47a41b_47a586_47a6a7 (251 25.53 1 25.00 1 26.00){0.00 0.00 0.00 0.00 10.40 0}{10.40 0.00 0.00 0.00 20.80 0}{20.80 25.00 25.53 26.00 31.20 251}{31.20 0.00 0.00 0.00 41.60 0}{41.60 0.00 0.00 0.00 52.00 0}
COMM 4b-0: 47a046_47a41b_47a586_47a6a7 (251 97.31 1 95.00 1 151.00){0.00 0.00 0.00 0.00 38.80 0}{38.80 0.00 0.00 0.00 77.60 0}{77.60 95.00 96.93 116.00 116.40 249}{116.40 138.00 144.50 151.00 155.20 2}{155.20 0.00 0.00 0.00 194.00 0}
1c 9999 

RANKS: 1 -1 2 1 0
EVENT35: 1113 48217a_4824fa_482633_482727
COMP 4b-0: 47d6b9_47da7e_47dbe8_47dd07 (123 196.79 2 190.00 2 212.00){0.00 0.00 0.00 0.00 80.80 0}{80.80 0.00 0.00 0.00 161.60 0}{161.60 190.00 196.75 212.00 242.40 123}{242.40 0.00 0.00 0.00 323.20 0}{323.20 0.00 0.00 0.00 404.00 0}
COMP 4b-1: 48b0d5_48b359_48b42d_48b4e6 (1 93.00 2 93.00 2 93.00){0.00 0.00 0.00 0.00 37.20 0}{37.20 0.00 0.00 0.00 74.40 0}{74.40 93.00 93.00 93.00 111.60 1}{111.60 0.00 0.00 0.00 148.80 0}{148.80 0.00 0.00 0.00 186.00 0}
COMP 4c-0: 47d6b9_47da7e_47dbe8_47dd07 (123 675.92 2 671.00 2 681.00){0.00 0.00 0.00 0.00 270.40 0}{270.40 0.00 0.00 0.00 540.80 0}{540.80 671.00 675.92 681.00 811.20 123}{811.20 0.00 0.00 0.00 1081.60 0}{1081.60 0.00 0.00 0.00 1352.00 0}
COMP 4c-1: 48b0d5_48b359_48b42d_48b4e6 (1 170.00 2 170.00 2 170.00){0.00 0.00 0.00 0.00 68.00 0}{68.00 0.00 0.00 0.00 136.00 0}{136.00 170.00 170.00 170.00 204.00 1}{204.00 0.00 0.00 0.00 272.00 0}{272.00 0.00 0.00 0.00 340.00 0}
COMM 4b-0: 47d6b9_47da7e_47dbe8_47dd07 (123 2.92 2 2.00 2 12.00){0.00 2.00 2.00 2.00 2.80 35}{2.80 3.00 3.00 3.00 5.60 85}{5.60 7.00 7.00 7.00 8.40 1}{8.40 11.00 11.00 11.00 11.20 1}{11.20 12.00 12.00 12.00 14.00 1}
COMM 4b-1: 48b0d5_48b359_48b42d_48b4e6 (1 102.00 2 102.00 2 102.00){0.00 0.00 0.00 0.00 40.80 0}{40.80 0.00 0.00 0.00 81.60 0}{81.60 102.00 102.00 102.00 122.40 1}{122.40 0.00 0.00 0.00 163.20 0}{163.20 0.00 0.00 0.00 204.00 0}
LOOP0: iter: ( 124 )[ 1 -1 2 1 0 ] mem: ( 2 )[ 1 -1 2 1 0 ]
10 2 
12 20480 155 155 155 155 155 155 155 155 155 155 155 155 155 155 155 155 155 155 155 155 155 155 155 155 155 155 155 155 155 155 155 155 155 155 155 155 155 155 155 155 155 155 155 155 155 155 155 155 155 155 155 155 155 155 155 155 155 155 155 155 155 155 155 155 155 155 155 155 155 155 155 155 155 155 155 155 155 155 155 155 155 155 155 155 155 155 155 155 155 155 155 155 155 155 155 155 155 155 155 155 155 155 155 155 155 155 155 155 155 155 155 155 155 155 155 155 155 155 155 155 155 155 155 
14 16 
1a 2 1 1 1 1 1 1 1 1 1 1 1 1 1 1 1 1 1 1 1 1 1 1 1 1 1 1 1 1 1 1 1 1 1 1 1 1 1 1 1 1 1 1 1 1 1 1 1 1 1 1 1 1 1 1 1 1 1 1 1 1 1 1 2 2 2 2 2 2 2 2 2 2 2 2 2 2 2 2 2 2 2 2 2 2 2 2 2 2 2 2 2 2 2 2 2 2 2 2 2 2 2 2 2 2 2 2 2 2 2 2 2 2 2 2 2 2 2 2 2 2 2 2 2 
1b 0 

RANKS: 1 -1 0 4 1
EVENT36: 1102 47d6b9_47da7e_47dbe8_47dd07
COMP 4b-0: 47d6b9_47da7e_47dbe8_47dd07 (246 170.41 3 9.00 3 357.00){0.00 0.00 0.00 0.00 4.00 0}{4.00 0.00 0.00 0.00 8.00 0}{8.00 9.00 10.50 11.00 16.00 123}{16.00 17.00 17.00 17.00 20.00 1}{20.00 322.00 334.20 357.00 632.00 122}
COMP 4b-1: 48217a_4824fa_482633_482727 (249 234.37 2 144.00 3 10460.00){0.00 0.00 0.00 0.00 63.20 0}{63.20 0.00 0.00 0.00 126.40 0}{126.40 144.00 151.93 175.00 252.80 247}{252.80 0.00 0.00 0.00 316.00 0}{316.00 10449.00 10454.50 10460.00 20604.00 2}
COMP 4b-2: 48b0d5_48b359_48b42d_48b4e6 (1 10482.00 1 10482.00 1 10482.00){0.00 0.00 0.00 0.00 4192.80 0}{4192.80 0.00 0.00 0.00 8385.60 0}{8385.60 10482.00 10482.00 10482.00 12578.40 1}{12578.40 0.00 0.00 0.00 16771.20 0}{16771.20 0.00 0.00 0.00 20964.00 0}
COMP 4c-0: 47d6b9_47da7e_47dbe8_47dd07 (246 699.24 3 25.00 3 1411.00){0.00 0.00 0.00 0.00 10.80 0}{10.80 0.00 0.00 0.00 21.60 0}{21.60 25.00 28.97 30.00 43.20 124}{43.20 0.00 0.00 0.00 54.00 0}{54.00 1361.00 1386.01 1411.00 2668.00 122}
COMP 4c-1: 48217a_4824fa_482633_482727 (249 1096.49 2 718.00 3 45313.00){0.00 0.00 0.00 0.00 288.40 0}{288.40 0.00 0.00 0.00 576.80 0}{576.80 718.00 740.07 762.00 1153.60 247}{1153.60 0.00 0.00 0.00 1442.00 0}{1442.00 45291.00 45302.00 45313.00 89184.00 2}
COMP 4c-2: 48b0d5_48b359_48b42d_48b4e6 (1 45359.00 1 45359.00 1 45359.00){0.00 0.00 0.00 0.00 18143.60 0}{18143.60 0.00 0.00 0.00 36287.20 0}{36287.20 45359.00 45359.00 45359.00 54430.80 1}{54430.80 0.00 0.00 0.00 72574.40 0}{72574.40 0.00 0.00 0.00 90718.00 0}
COMM 4b-0: 47d6b9_47da7e_47dbe8_47dd07 (246 7.05 0 1.00 0 100.00){0.00 1.00 1.00 1.00 1.60 54}{1.60 2.00 2.33 3.00 3.20 69}{3.20 4.00 4.00 4.00 4.00 8}{4.00 5.00 11.88 21.00 28.00 113}{28.00 50.00 75.00 100.00 172.00 2}
COMM 4b-1: 48217a_4824fa_482633_482727 (249 26.88 2 1.00 0 1513.00){0.00 1.00 5.16 441.00 605.20 245}{605.20 679.00 809.33 990.00 1210.40 3}{1210.40 1513.00 1513.00 1513.00 1815.60 1}{1815.60 0.00 0.00 0.00 2420.80 0}{2420.80 0.00 0.00 0.00 3026.00 0}
COMM 4b-2: 48b0d5_48b359_48b42d_48b4e6 (1 506.00 1 506.00 1 506.00){0.00 0.00 0.00 0.00 202.40 0}{202.40 0.00 0.00 0.00 404.80 0}{404.80 506.00 506.00 506.00 607.20 1}{607.20 0.00 0.00 0.00 809.60 0}{809.60 0.00 0.00 0.00 1012.00 0}
LOOP0: iter: ( 124 )[ 2 -1 0 2 1 -1 3 1 0 ] mem: ( 1 )[ 1 -1 0 2 3 ]( 2 )[ 1 -1 1 1 0 ]
10 2 
12 155 
14 16 
1b 0 
2b ( 1 2 )[ 1 -1 0 1 0 ]
2b ( 3 3 3 3 3 3 3 3 3 3 3 3 3 3 3 3 3 3 3 3 3 3 3 3 3 3 3 3 3 3 3 3 3 3 3 3 3 3 3 3 3 3 3 3 3 3 3 3 3 3 3 3 3 3 3 3 3 3 3 3 3 3 2 2 2 2 2 2 2 2 2 2 2 2 2 2 2 2 2 2 2 2 2 2 2 2 2 2 2 2 2 2 2 2 2 2 2 2 2 2 2 2 2 2 2 2 2 2 2 2 2 2 2 2 2 2 2 2 2 2 2 2 2 2 )[ 1 -1 1 1 0 ]
2b ( 3 2 )[ 1 -1 3 1 0 ]
2b ( 2 2 2 2 2 2 2 2 2 2 2 2 2 2 2 2 2 2 2 2 2 2 2 2 2 2 2 2 2 2 2 2 2 2 2 2 2 2 2 2 2 2 2 2 2 2 2 2 2 2 2 2 2 2 2 2 2 2 2 2 2 2 1 1 1 1 1 1 1 1 1 1 1 1 1 1 1 1 1 1 1 1 1 1 1 1 1 1 1 1 1 1 1 1 1 1 1 1 1 1 1 1 1 1 1 1 1 1 1 1 1 1 1 1 1 1 1 1 1 1 1 1 1 1 )[ 1 -1 2 1 0 ]

RANKS: 1 -1 1 3 1
EVENT37: 1113 48217a_4824fa_482633_482727
COMP 4b-0: 47d6b9_47da7e_47dbe8_47dd07 (126 197.46 1 187.00 3 512.00){0.00 0.00 0.00 0.00 80.80 0}{80.80 0.00 0.00 0.00 161.60 0}{161.60 187.00 193.85 208.00 323.20 124}{323.20 327.00 327.00 327.00 404.00 1}{404.00 512.00 512.00 512.00 620.00 1}
COMP 4b-1: 48217a_4824fa_482633_482727 (123 163.85 3 8.00 3 331.00){0.00 0.00 0.00 0.00 3.20 0}{3.20 0.00 0.00 0.00 6.40 0}{6.40 8.00 9.89 11.00 12.80 62}{12.80 0.00 0.00 0.00 16.00 0}{16.00 322.00 322.89 331.00 628.00 61}
COMP 4c-0: 47d6b9_47da7e_47dbe8_47dd07 (126 681.79 1 666.00 3 2012.00){0.00 0.00 0.00 0.00 270.00 0}{270.00 0.00 0.00 0.00 540.00 0}{540.00 666.00 671.20 676.00 1080.00 125}{1080.00 0.00 0.00 0.00 1350.00 0}{1350.00 2012.00 2012.00 2012.00 2674.00 1}
COMP 4c-1: 48217a_4824fa_482633_482727 (123 684.69 3 26.00 3 1362.00){0.00 0.00 0.00 0.00 10.40 0}{10.40 0.00 0.00 0.00 20.80 0}{20.80 26.00 28.95 29.00 41.60 62}{41.60 0.00 0.00 0.00 52.00 0}{52.00 1361.00 1361.98 1362.00 2670.00 61}
COMM 4b-0: 47d6b9_47da7e_47dbe8_47dd07 (126 2.77 1 2.00 1 11.00){0.00 2.00 2.00 2.00 2.80 56}{2.80 3.00 3.02 4.00 5.60 66}{5.60 6.00 6.50 7.00 8.40 2}{8.40 10.00 10.50 11.00 11.20 2}{11.20 0.00 0.00 0.00 14.00 0}
COMM 4b-1: 48217a_4824fa_482633_482727 (123 2.50 3 1.00 3 16.00){0.00 0.00 0.00 0.00 0.80 0}{0.80 1.00 1.00 1.00 1.60 12}{1.60 2.00 2.00 2.00 2.40 59}{2.40 3.00 3.00 3.00 4.00 50}{4.00 12.00 14.00 16.00 28.00 2}
LOOP0: iter: ( 124 )[ 1 -1 3 1 0 ] mem: ( 1 )[ 1 -1 3 1 0 ]
10 2 
12 155 
14 16 
1a ( 2 2 2 2 2 2 2 2 2 2 2 2 2 2 2 2 2 2 2 2 2 2 2 2 2 2 2 2 2 2 2 2 2 2 2 2 2 2 2 2 2 2 2 2 2 2 2 2 2 2 2 2 2 2 2 2 2 2 2 2 2 2 3 3 3 3 3 3 3 3 3 3 3 3 3 3 3 3 3 3 3 3 3 3 3 3 3 3 3 3 3 3 3 3 3 3 3 3 3 3 3 3 3 3 3 3 3 3 3 3 3 3 3 3 3 3 3 3 3 3 3 3 3 3 )[ 1 -1 1 1 0 ]
1a ( 3 2 )[ 1 -1 3 1 0 ]
1a ( 2 )[ 1 -1 2 1 0 ]
1b 0 

RANKS: 1 -1 0 4 1
EVENT38: 1004 46a5af_46a90f_46aa52_46ab44
COMP 4b-0: 47d6b9_47da7e_47dbe8_47dd07 (1 1010.00 0 1010.00 0 1010.00){0.00 0.00 0.00 0.00 404.00 0}{404.00 0.00 0.00 0.00 808.00 0}{808.00 1010.00 1010.00 1010.00 1212.00 1}{1212.00 0.00 0.00 0.00 1616.00 0}{1616.00 0.00 0.00 0.00 2020.00 0}
COMP 4b-1: 48217a_4824fa_482633_482727 (3 818.00 2 815.00 1 819.00){0.00 0.00 0.00 0.00 327.60 0}{327.60 0.00 0.00 0.00 655.20 0}{655.20 815.00 817.67 819.00 982.80 3}{982.80 0.00 0.00 0.00 1310.40 0}{1310.40 0.00 0.00 0.00 1638.00 0}
COMP 4c-0: 47d6b9_47da7e_47dbe8_47dd07 (1 6127.00 0 6127.00 0 6127.00){0.00 0.00 0.00 0.00 2450.80 0}{2450.80 0.00 0.00 0.00 4901.60 0}{4901.60 6127.00 6127.00 6127.00 7352.40 1}{7352.40 0.00 0.00 0.00 9803.20 0}{9803.20 0.00 0.00 0.00 12254.00 0}
COMP 4c-1: 48217a_4824fa_482633_482727 (3 5486.50 2 5484.00 1 5488.00){0.00 0.00 0.00 0.00 2195.20 0}{2195.20 0.00 0.00 0.00 4390.40 0}{4390.40 5484.00 5486.00 5488.00 6585.60 3}{6585.60 0.00 0.00 0.00 8780.80 0}{8780.80 0.00 0.00 0.00 10976.00 0}
COMM 4b-0: 47d6b9_47da7e_47dbe8_47dd07 (1 11.00 0 11.00 0 11.00){0.00 0.00 0.00 0.00 4.40 0}{4.40 0.00 0.00 0.00 8.80 0}{8.80 11.00 11.00 11.00 13.20 1}{13.20 0.00 0.00 0.00 17.60 0}{17.60 0.00 0.00 0.00 22.00 0}
COMM 4b-1: 48217a_4824fa_482633_482727 (3 483.25 2 219.00 3 1026.00){0.00 0.00 0.00 0.00 137.60 0}{137.60 219.00 219.00 219.00 275.20 1}{275.20 344.00 344.00 344.00 550.40 1}{550.40 0.00 0.00 0.00 688.00 0}{688.00 1026.00 1026.00 1026.00 1364.00 1}
10 2 
12 5 
14 16 
18 3 

RANKS: 1 -1 2 1 0
EVENT39: 1113 48217a_4824fa_482633_482727
COMP 4b-0: 46a5af_46a90f_46aa52_46ab44 (1 616.00 2 616.00 2 616.00){0.00 0.00 0.00 0.00 246.40 0}{246.40 0.00 0.00 0.00 492.80 0}{492.80 616.00 616.00 616.00 739.20 1}{739.20 0.00 0.00 0.00 985.60 0}{985.60 0.00 0.00 0.00 1232.00 0}
COMP 4c-0: 46a5af_46a90f_46aa52_46ab44 (1 2937.00 2 2937.00 2 2937.00){0.00 0.00 0.00 0.00 1174.80 0}{1174.80 0.00 0.00 0.00 2349.60 0}{2349.60 2937.00 2937.00 2937.00 3524.40 1}{3524.40 0.00 0.00 0.00 4699.20 0}{4699.20 0.00 0.00 0.00 5874.00 0}
COMM 4b-0: 46a5af_46a90f_46aa52_46ab44 (1 112.00 2 112.00 2 112.00){0.00 0.00 0.00 0.00 44.80 0}{44.80 0.00 0.00 0.00 89.60 0}{89.60 112.00 112.00 112.00 134.40 1}{134.40 0.00 0.00 0.00 179.20 0}{179.20 0.00 0.00 0.00 224.00 0}
10 2 
12 20480 
14 16 
1a 1 
1b 0 

RANKS: 1 -1 1 3 1
EVENT40: 1090 47a046_47a41b_47a586_47a6a7
COMP 4b-0: 46a5af_46a90f_46aa52_46ab44 (2 562.00 1 559.00 3 568.00){0.00 0.00 0.00 0.00 223.60 0}{223.60 0.00 0.00 0.00 447.20 0}{447.20 559.00 563.50 568.00 670.80 2}{670.80 0.00 0.00 0.00 894.40 0}{894.40 0.00 0.00 0.00 1118.00 0}
COMP 4b-1: 48217a_4824fa_482633_482727 (2 3316.67 2 10.00 3 4970.00){0.00 10.00 10.00 10.00 1988.00 1}{1988.00 0.00 0.00 0.00 3976.00 0}{3976.00 4970.00 4970.00 4970.00 5964.00 1}{5964.00 0.00 0.00 0.00 7952.00 0}{7952.00 0.00 0.00 0.00 9940.00 0}
COMP 4b-2: 48b0d5_48b359_48b42d_48b4e6 (1 5016.00 2 5016.00 2 5016.00){0.00 0.00 0.00 0.00 2006.40 0}{2006.40 0.00 0.00 0.00 4012.80 0}{4012.80 5016.00 5016.00 5016.00 6019.20 1}{6019.20 0.00 0.00 0.00 8025.60 0}{8025.60 0.00 0.00 0.00 10032.00 0}
COMP 4c-0: 46a5af_46a90f_46aa52_46ab44 (2 2862.33 1 2862.00 3 2863.00){0.00 0.00 0.00 0.00 1144.80 0}{1144.80 0.00 0.00 0.00 2289.60 0}{2289.60 2862.00 2862.50 2863.00 3434.40 2}{3434.40 0.00 0.00 0.00 4579.20 0}{4579.20 0.00 0.00 0.00 5724.00 0}
COMP 4c-1: 48217a_4824fa_482633_482727 (2 14262.00 2 26.00 3 21380.00){0.00 26.00 26.00 26.00 8552.00 1}{8552.00 0.00 0.00 0.00 17104.00 0}{17104.00 21380.00 21380.00 21380.00 25656.00 1}{25656.00 0.00 0.00 0.00 34208.00 0}{34208.00 0.00 0.00 0.00 42760.00 0}
COMP 4c-2: 48b0d5_48b359_48b42d_48b4e6 (1 21424.00 2 21424.00 2 21424.00){0.00 0.00 0.00 0.00 8569.60 0}{8569.60 0.00 0.00 0.00 17139.20 0}{17139.20 21424.00 21424.00 21424.00 25708.80 1}{25708.80 0.00 0.00 0.00 34278.40 0}{34278.40 0.00 0.00 0.00 42848.00 0}
COMM 4b-0: 46a5af_46a90f_46aa52_46ab44 (2 2.00 1 2.00 1 2.00){0.00 0.00 0.00 0.00 0.80 0}{0.80 0.00 0.00 0.00 1.60 0}{1.60 2.00 2.00 2.00 2.40 2}{2.40 0.00 0.00 0.00 3.20 0}{3.20 0.00 0.00 0.00 4.00 0}
COMM 4b-1: 48217a_4824fa_482633_482727 (2 2.33 3 2.00 2 3.00){0.00 0.00 0.00 0.00 0.80 0}{0.80 0.00 0.00 0.00 1.60 0}{1.60 2.00 2.00 2.00 2.40 1}{2.40 3.00 3.00 3.00 3.20 1}{3.20 0.00 0.00 0.00 4.00 0}
COMM 4b-2: 48b0d5_48b359_48b42d_48b4e6 (1 2.00 2 2.00 2 2.00){0.00 0.00 0.00 0.00 0.80 0}{0.80 0.00 0.00 0.00 1.60 0}{1.60 2.00 2.00 2.00 2.40 1}{2.40 0.00 0.00 0.00 3.20 0}{3.20 0.00 0.00 0.00 4.00 0}
LOOP0: iter: ( 2 )[ 1 -1 2 2 1 ] mem: ( 3 )[ 1 -1 3 1 0 ]( 2 )[ 1 -1 2 1 0 ]
10 2 
12 20480 
14 16 
1b 0 
2b 2147483647 

RANKS: 1 -1 1 3 1
EVENT41: 1148 48b0d5_48b359_48b42d_48b4e6
COMP 4b-0: 47a046_47a41b_47a586_47a6a7 (5 9.83 1 9.00 2 12.00){0.00 0.00 0.00 0.00 3.60 0}{3.60 0.00 0.00 0.00 7.20 0}{7.20 9.00 9.50 10.00 10.80 4}{10.80 12.00 12.00 12.00 14.40 1}{14.40 0.00 0.00 0.00 18.00 0}
COMP 4c-0: 47a046_47a41b_47a586_47a6a7 (5 25.50 1 25.00 3 26.00){0.00 0.00 0.00 0.00 10.00 0}{10.00 0.00 0.00 0.00 20.00 0}{20.00 25.00 25.60 26.00 30.00 5}{30.00 0.00 0.00 0.00 40.00 0}{40.00 0.00 0.00 0.00 50.00 0}
COMM 4b-0: 47a046_47a41b_47a586_47a6a7 (5 108.17 2 97.00 1 117.00){0.00 0.00 0.00 0.00 46.80 0}{46.80 0.00 0.00 0.00 93.60 0}{93.60 97.00 106.40 117.00 140.40 5}{140.40 0.00 0.00 0.00 187.20 0}{187.20 0.00 0.00 0.00 234.00 0}
1c 9999 

RANKS: 1 -1 0 4 1
EVENT42: 1113 48217a_4824fa_482633_482727
COMP 4b-0: 46a5af_46a90f_46aa52_46ab44 (1 617.00 0 617.00 0 617.00){0.00 0.00 0.00 0.00 246.80 0}{246.80 0.00 0.00 0.00 493.60 0}{493.60 617.00 617.00 617.00 740.40 1}{740.40 0.00 0.00 0.00 987.20 0}{987.20 0.00 0.00 0.00 1234.00 0}
COMP 4b-1: 48217a_4824fa_482633_482727 (1 5017.00 1 5017.00 1 5017.00){0.00 0.00 0.00 0.00 2006.80 0}{2006.80 0.00 0.00 0.00 4013.60 0}{4013.60 5017.00 5017.00 5017.00 6020.40 1}{6020.40 0.00 0.00 0.00 8027.20 0}{8027.20 0.00 0.00 0.00 10034.00 0}
COMP 4b-2: 48b0d5_48b359_48b42d_48b4e6 (5 1745.17 2 93.00 0 5043.00){0.00 93.00 96.25 101.00 2017.20 4}{2017.20 0.00 0.00 0.00 4034.40 0}{4034.40 5043.00 5043.00 5043.00 6051.60 1}{6051.60 0.00 0.00 0.00 8068.80 0}{8068.80 0.00 0.00 0.00 10086.00 0}
COMP 4c-0: 46a5af_46a90f_46aa52_46ab44 (1 2937.00 0 2937.00 0 2937.00){0.00 0.00 0.00 0.00 1174.80 0}{1174.80 0.00 0.00 0.00 2349.60 0}{2349.60 2937.00 2937.00 2937.00 3524.40 1}{3524.40 0.00 0.00 0.00 4699.20 0}{4699.20 0.00 0.00 0.00 5874.00 0}
COMP 4c-1: 48217a_4824fa_482633_482727 (1 21452.00 1 21452.00 1 21452.00){0.00 0.00 0.00 0.00 8580.80 0}{8580.80 0.00 0.00 0.00 17161.60 0}{17161.60 21452.00 21452.00 21452.00 25742.40 1}{25742.40 0.00 0.00 0.00 34323.20 0}{34323.20 0.00 0.00 0.00 42904.00 0}
COMP 4c-2: 48b0d5_48b359_48b42d_48b4e6 (5 7276.83 1 166.00 0 21497.00){0.00 166.00 166.75 169.00 8598.80 4}{8598.80 0.00 0.00 0.00 17197.60 0}{17197.60 21497.00 21497.00 21497.00 25796.40 1}{25796.40 0.00 0.00 0.00 34395.20 0}{34395.20 0.00 0.00 0.00 42994.00 0}
COMM 4b-0: 46a5af_46a90f_46aa52_46ab44 (1 109.00 0 109.00 0 109.00){0.00 0.00 0.00 0.00 43.60 0}{43.60 0.00 0.00 0.00 87.20 0}{87.20 109.00 109.00 109.00 130.80 1}{130.80 0.00 0.00 0.00 174.40 0}{174.40 0.00 0.00 0.00 218.00 0}
COMM 4b-1: 48217a_4824fa_482633_482727 (1 122.00 1 122.00 1 122.00){0.00 0.00 0.00 0.00 48.80 0}{48.80 0.00 0.00 0.00 97.60 0}{97.60 122.00 122.00 122.00 146.40 1}{146.40 0.00 0.00 0.00 195.20 0}{195.20 0.00 0.00 0.00 244.00 0}
COMM 4b-2: 48b0d5_48b359_48b42d_48b4e6 (5 123.33 1 101.00 0 161.00){0.00 0.00 0.00 0.00 64.40 0}{64.40 101.00 104.50 112.00 128.80 4}{128.80 161.00 161.00 161.00 193.20 1}{193.20 0.00 0.00 0.00 257.60 0}{257.60 0.00 0.00 0.00 322.00 0}
LOOP0: iter: ( 2 )[ 1 -1 0 2 1 ] mem: ( 3 )[ 1 -1 0 1 0 ]( 1 )[ 1 -1 1 1 0 ]
10 2 
12 20480 
14 16 
1a ( 1 2 )[ 1 -1 0 1 0 ]
1a ( 3 2 )[ 1 -1 1 2 2 ]
1a ( 2 )[ 1 -1 2 1 0 ]
1b 0 

RANKS: 1 -1 0 2 1
EVENT43: 1090 47a046_47a41b_47a586_47a6a7
COMP 4b-0: 48217a_4824fa_482633_482727 (3 10.50 0 10.00 1 12.00){0.00 0.00 0.00 0.00 4.00 0}{4.00 0.00 0.00 0.00 8.00 0}{8.00 10.00 10.67 12.00 12.00 3}{12.00 0.00 0.00 0.00 16.00 0}{16.00 0.00 0.00 0.00 20.00 0}
COMP 4c-0: 48217a_4824fa_482633_482727 (3 25.75 0 25.00 1 27.00){0.00 0.00 0.00 0.00 10.00 0}{10.00 0.00 0.00 0.00 20.00 0}{20.00 25.00 26.00 27.00 30.00 3}{30.00 0.00 0.00 0.00 40.00 0}{40.00 0.00 0.00 0.00 50.00 0}
COMM 4b-0: 48217a_4824fa_482633_482727 (3 2.00 0 2.00 0 2.00){0.00 0.00 0.00 0.00 0.80 0}{0.80 0.00 0.00 0.00 1.60 0}{1.60 2.00 2.00 2.00 2.40 3}{2.40 0.00 0.00 0.00 3.20 0}{3.20 0.00 0.00 0.00 4.00 0}
10 2 
12 20480 
14 16 
1b 0 
2b 2147483647 

RANKS: 1 -1 0 2 1
EVENT44: 1148 48b0d5_48b359_48b42d_48b4e6
COMP 4b-0: 47a046_47a41b_47a586_47a6a7 (3 9.75 0 9.00 0 10.00){0.00 0.00 0.00 0.00 4.00 0}{4.00 0.00 0.00 0.00 8.00 0}{8.00 9.00 9.67 10.00 12.00 3}{12.00 0.00 0.00 0.00 16.00 0}{16.00 0.00 0.00 0.00 20.00 0}
COMP 4c-0: 47a046_47a41b_47a586_47a6a7 (3 26.00 0 26.00 0 26.00){0.00 0.00 0.00 0.00 10.40 0}{10.40 0.00 0.00 0.00 20.80 0}{20.80 26.00 26.00 26.00 31.20 3}{31.20 0.00 0.00 0.00 41.60 0}{41.60 0.00 0.00 0.00 52.00 0}
COMM 4b-0: 47a046_47a41b_47a586_47a6a7 (3 126.00 1 99.00 0 145.00){0.00 0.00 0.00 0.00 52.00 0}{52.00 99.00 99.00 99.00 104.00 1}{104.00 130.00 137.50 145.00 156.00 2}{156.00 0.00 0.00 0.00 208.00 0}{208.00 0.00 0.00 0.00 260.00 0}
1c 9999 

RANKS: 1 -1 0 4 1
EVENT45: 1004 46a5af_46a90f_46aa52_46ab44
COMP 4b-0: 46a5af_46a90f_46aa52_46ab44 (8 2121.56 0 10.00 1 4768.00){0.00 0.00 0.00 0.00 4.00 0}{4.00 0.00 0.00 0.00 8.00 0}{8.00 10.00 10.75 11.00 16.00 4}{16.00 0.00 0.00 0.00 20.00 0}{20.00 4756.00 4760.25 4768.00 9492.00 4}
COMP 4b-1: 48217a_4824fa_482633_482727 (2 10284.00 3 10279.00 2 10294.00){0.00 0.00 0.00 0.00 4111.60 0}{4111.60 0.00 0.00 0.00 8223.20 0}{8223.20 10279.00 10286.50 10294.00 12334.80 2}{12334.80 0.00 0.00 0.00 16446.40 0}{16446.40 0.00 0.00 0.00 20558.00 0}
COMP 4b-2: 48b0d5_48b359_48b42d_48b4e6 (2 10311.33 0 10311.00 1 10312.00){0.00 0.00 0.00 0.00 4124.40 0}{4124.40 0.00 0.00 0.00 8248.80 0}{8248.80 10311.00 10311.50 10312.00 12373.20 2}{12373.20 0.00 0.00 0.00 16497.60 0}{16497.60 0.00 0.00 0.00 20622.00 0}
COMP 4c-0: 46a5af_46a90f_46aa52_46ab44 (8 10073.78 0 25.00 0 22634.00){0.00 0.00 0.00 0.00 10.00 0}{10.00 0.00 0.00 0.00 20.00 0}{20.00 25.00 25.75 26.00 40.00 4}{40.00 0.00 0.00 0.00 50.00 0}{50.00 22634.00 22634.00 22634.00 45218.00 4}
COMP 4c-1: 48217a_4824fa_482633_482727 (2 44562.33 2 44559.00 3 44564.00){0.00 0.00 0.00 0.00 17825.60 0}{17825.60 0.00 0.00 0.00 35651.20 0}{35651.20 44559.00 44561.50 44564.00 53476.80 2}{53476.80 0.00 0.00 0.00 71302.40 0}{71302.40 0.00 0.00 0.00 89128.00 0}
COMP 4c-2: 48b0d5_48b359_48b42d_48b4e6 (2 44613.33 1 44610.00 0 44615.00){0.00 0.00 0.00 0.00 17846.00 0}{17846.00 0.00 0.00 0.00 35692.00 0}{35692.00 44610.00 44612.50 44615.00 53538.00 2}{53538.00 0.00 0.00 0.00 71384.00 0}{71384.00 0.00 0.00 0.00 89230.00 0}
COMM 4b-0: 46a5af_46a90f_46aa52_46ab44 (8 19.11 2 6.00 3 29.00){0.00 6.00 6.50 7.00 8.80 2}{8.80 0.00 0.00 0.00 17.60 0}{17.60 20.00 21.60 23.00 26.40 5}{26.40 29.00 29.00 29.00 35.20 1}{35.20 0.00 0.00 0.00 44.00 0}
COMM 4b-1: 48217a_4824fa_482633_482727 (2 86.33 2 57.00 3 101.00){0.00 0.00 0.00 0.00 40.40 0}{40.40 57.00 57.00 57.00 80.80 1}{80.80 101.00 101.00 101.00 121.20 1}{121.20 0.00 0.00 0.00 161.60 0}{161.60 0.00 0.00 0.00 202.00 0}
COMM 4b-2: 48b0d5_48b359_48b42d_48b4e6 (2 53.33 0 23.00 1 114.00){0.00 0.00 0.00 0.00 9.20 0}{9.20 0.00 0.00 0.00 18.40 0}{18.40 23.00 23.00 23.00 36.80 1}{36.80 0.00 0.00 0.00 46.00 0}{46.00 114.00 114.00 114.00 182.00 1}
LOOP0: iter: ( 3 )[ 1 -1 0 4 1 ] mem: ( 1 )[ 1 -1 0 4 1 ]
10 2 
12 5 1 5 
14 16 
18 3 1 3 

RANKS: 1 -1 0 2 1
EVENT46: 1090 47a046_47a41b_47a586_47a6a7_45ecb0
COMP 4b-0: 46a5af_46a90f_46aa52_46ab44 (2 45.67 1 41.00 0 48.00){0.00 0.00 0.00 0.00 19.20 0}{19.20 0.00 0.00 0.00 38.40 0}{38.40 41.00 44.50 48.00 57.60 2}{57.60 0.00 0.00 0.00 76.80 0}{76.80 0.00 0.00 0.00 96.00 0}
COMP 4c-0: 46a5af_46a90f_46aa52_46ab44 (2 76.00 0 76.00 0 76.00){0.00 0.00 0.00 0.00 30.40 0}{30.40 0.00 0.00 0.00 60.80 0}{60.80 76.00 76.00 76.00 91.20 2}{91.20 0.00 0.00 0.00 121.60 0}{121.60 0.00 0.00 0.00 152.00 0}
COMM 4b-0: 46a5af_46a90f_46aa52_46ab44 (2 1.33 0 1.00 1 2.00){0.00 0.00 0.00 0.00 0.40 0}{0.40 0.00 0.00 0.00 0.80 0}{0.80 1.00 1.00 1.00 1.20 1}{1.20 0.00 0.00 0.00 1.60 0}{1.60 2.00 2.00 2.00 2.00 1}
10 2 
12 64 
14 16 
1b 0 
2b 2147483647 

RANKS: 1 -1 0 2 1
EVENT47: 1148 48b0d5_48b359_48b42d_48b4e6_45ecc9
COMP 4b-0: 47a046_47a41b_47a586_47a6a7_45ecb0 (2 10.33 0 9.00 1 13.00){0.00 0.00 0.00 0.00 3.60 0}{3.60 0.00 0.00 0.00 7.20 0}{7.20 9.00 9.00 9.00 10.80 1}{10.80 13.00 13.00 13.00 14.40 1}{14.40 0.00 0.00 0.00 18.00 0}
COMP 4c-0: 47a046_47a41b_47a586_47a6a7_45ecb0 (2 27.00 0 27.00 0 27.00){0.00 0.00 0.00 0.00 10.80 0}{10.80 0.00 0.00 0.00 21.60 0}{21.60 27.00 27.00 27.00 32.40 2}{32.40 0.00 0.00 0.00 43.20 0}{43.20 0.00 0.00 0.00 54.00 0}
COMM 4b-0: 47a046_47a41b_47a586_47a6a7_45ecb0 (2 4.00 0 4.00 0 4.00){0.00 0.00 0.00 0.00 1.60 0}{1.60 0.00 0.00 0.00 3.20 0}{3.20 4.00 4.00 4.00 4.80 2}{4.80 0.00 0.00 0.00 6.40 0}{6.40 0.00 0.00 0.00 8.00 0}
1c 9999 

RANKS: 1 -1 2 1 0
EVENT48: 1113 48217a_4824fa_482633_482727_45ed9e
COMP 4b-0: 46a5af_46a90f_46aa52_46ab44 (1 40.00 2 40.00 2 40.00){0.00 0.00 0.00 0.00 16.00 0}{16.00 0.00 0.00 0.00 32.00 0}{32.00 40.00 40.00 40.00 48.00 1}{48.00 0.00 0.00 0.00 64.00 0}{64.00 0.00 0.00 0.00 80.00 0}
COMP 4c-0: 46a5af_46a90f_46aa52_46ab44 (1 75.00 2 75.00 2 75.00){0.00 0.00 0.00 0.00 30.00 0}{30.00 0.00 0.00 0.00 60.00 0}{60.00 75.00 75.00 75.00 90.00 1}{90.00 0.00 0.00 0.00 120.00 0}{120.00 0.00 0.00 0.00 150.00 0}
COMM 4b-0: 46a5af_46a90f_46aa52_46ab44 (1 3.00 2 3.00 2 3.00){0.00 0.00 0.00 0.00 1.20 0}{1.20 0.00 0.00 0.00 2.40 0}{2.40 3.00 3.00 3.00 3.60 1}{3.60 0.00 0.00 0.00 4.80 0}{4.80 0.00 0.00 0.00 6.00 0}
10 2 
12 64 
14 16 
1a 2 
1b 0 

RANKS: 1 -1 0 2 2
EVENT49: 1090 47a046_47a41b_47a586_47a6a7_45edfa
COMP 4b-0: 48217a_4824fa_482633_482727_45ed9e (1 13.00 2 13.00 2 13.00){0.00 0.00 0.00 0.00 5.20 0}{5.20 0.00 0.00 0.00 10.40 0}{10.40 13.00 13.00 13.00 15.60 1}{15.60 0.00 0.00 0.00 20.80 0}{20.80 0.00 0.00 0.00 26.00 0}
COMP 4b-1: 48b0d5_48b359_48b42d_48b4e6_45ecc9 (1 9.00 0 9.00 0 9.00){0.00 0.00 0.00 0.00 3.60 0}{3.60 0.00 0.00 0.00 7.20 0}{7.20 9.00 9.00 9.00 10.80 1}{10.80 0.00 0.00 0.00 14.40 0}{14.40 0.00 0.00 0.00 18.00 0}
COMP 4c-0: 48217a_4824fa_482633_482727_45ed9e (1 28.00 2 28.00 2 28.00){0.00 0.00 0.00 0.00 11.20 0}{11.20 0.00 0.00 0.00 22.40 0}{22.40 28.00 28.00 28.00 33.60 1}{33.60 0.00 0.00 0.00 44.80 0}{44.80 0.00 0.00 0.00 56.00 0}
COMP 4c-1: 48b0d5_48b359_48b42d_48b4e6_45ecc9 (1 28.00 0 28.00 0 28.00){0.00 0.00 0.00 0.00 11.20 0}{11.20 0.00 0.00 0.00 22.40 0}{22.40 28.00 28.00 28.00 33.60 1}{33.60 0.00 0.00 0.00 44.80 0}{44.80 0.00 0.00 0.00 56.00 0}
COMM 4b-0: 48217a_4824fa_482633_482727_45ed9e (1 1.00 2 1.00 2 1.00){0.00 0.00 0.00 0.00 0.40 0}{0.40 0.00 0.00 0.00 0.80 0}{0.80 1.00 1.00 1.00 1.20 1}{1.20 0.00 0.00 0.00 1.60 0}{1.60 0.00 0.00 0.00 2.00 0}
COMM 4b-1: 48b0d5_48b359_48b42d_48b4e6_45ecc9 (1 0.00 0 0.00 0 0.00){0.00 0.00 0.00 0.00 1.00 1}{1.00 0.00 0.00 0.00 2.00 0}{2.00 0.00 0.00 0.00 3.00 0}{3.00 0.00 0.00 0.00 4.00 0}{4.00 0.00 0.00 0.00 5.00 0}
10 2 
12 68 
14 16 
1b 0 
2b 2147483647 

RANKS: 1 -1 0 2 2
EVENT50: 1148 48b0d5_48b359_48b42d_48b4e6_45ee0f
COMP 4b-0: 47a046_47a41b_47a586_47a6a7_45edfa (2 9.33 0 8.00 2 12.00){0.00 0.00 0.00 0.00 3.20 0}{3.20 0.00 0.00 0.00 6.40 0}{6.40 8.00 8.00 8.00 9.60 1}{9.60 12.00 12.00 12.00 12.80 1}{12.80 0.00 0.00 0.00 16.00 0}
COMP 4c-0: 47a046_47a41b_47a586_47a6a7_45edfa (2 27.33 0 27.00 2 28.00){0.00 0.00 0.00 0.00 10.80 0}{10.80 0.00 0.00 0.00 21.60 0}{21.60 27.00 27.50 28.00 32.40 2}{32.40 0.00 0.00 0.00 43.20 0}{43.20 0.00 0.00 0.00 54.00 0}
COMM 4b-0: 47a046_47a41b_47a586_47a6a7_45edfa (2 2.33 0 2.00 2 3.00){0.00 0.00 0.00 0.00 0.80 0}{0.80 0.00 0.00 0.00 1.60 0}{1.60 2.00 2.00 2.00 2.40 1}{2.40 3.00 3.00 3.00 3.20 1}{3.20 0.00 0.00 0.00 4.00 0}
1c 9999 

RANKS: 1 -1 3 1 0
EVENT51: 1113 48217a_4824fa_482633_482727_45ed9e
COMP 4b-0: 46a5af_46a90f_46aa52_46ab44 (1 44.00 3 44.00 3 44.00){0.00 0.00 0.00 0.00 17.60 0}{17.60 0.00 0.00 0.00 35.20 0}{35.20 44.00 44.00 44.00 52.80 1}{52.80 0.00 0.00 0.00 70.40 0}{70.40 0.00 0.00 0.00 88.00 0}
COMP 4c-0: 46a5af_46a90f_46aa52_46ab44 (1 75.00 3 75.00 3 75.00){0.00 0.00 0.00 0.00 30.00 0}{30.00 0.00 0.00 0.00 60.00 0}{60.00 75.00 75.00 75.00 90.00 1}{90.00 0.00 0.00 0.00 120.00 0}{120.00 0.00 0.00 0.00 150.00 0}
COMM 4b-0: 46a5af_46a90f_46aa52_46ab44 (1 4.00 3 4.00 3 4.00){0.00 0.00 0.00 0.00 1.60 0}{1.60 0.00 0.00 0.00 3.20 0}{3.20 4.00 4.00 4.00 4.80 1}{4.80 0.00 0.00 0.00 6.40 0}{6.40 0.00 0.00 0.00 8.00 0}
10 2 
12 64 
14 16 
1a 2 
1b 0 

RANKS: 1 -1 1 2 2
EVENT52: 1113 48217a_4824fa_482633_482727_45ef0f
COMP 4b-0: 48217a_4824fa_482633_482727_45ed9e (1 9.00 3 9.00 3 9.00){0.00 0.00 0.00 0.00 3.60 0}{3.60 0.00 0.00 0.00 7.20 0}{7.20 9.00 9.00 9.00 10.80 1}{10.80 0.00 0.00 0.00 14.40 0}{14.40 0.00 0.00 0.00 18.00 0}
COMP 4b-1: 48b0d5_48b359_48b42d_48b4e6_45ecc9 (1 10.00 1 10.00 1 10.00){0.00 0.00 0.00 0.00 4.00 0}{4.00 0.00 0.00 0.00 8.00 0}{8.00 10.00 10.00 10.00 12.00 1}{12.00 0.00 0.00 0.00 16.00 0}{16.00 0.00 0.00 0.00 20.00 0}
COMP 4c-0: 48217a_4824fa_482633_482727_45ed9e (1 28.00 3 28.00 3 28.00){0.00 0.00 0.00 0.00 11.20 0}{11.20 0.00 0.00 0.00 22.40 0}{22.40 28.00 28.00 28.00 33.60 1}{33.60 0.00 0.00 0.00 44.80 0}{44.80 0.00 0.00 0.00 56.00 0}
COMP 4c-1: 48b0d5_48b359_48b42d_48b4e6_45ecc9 (1 28.00 1 28.00 1 28.00){0.00 0.00 0.00 0.00 11.20 0}{11.20 0.00 0.00 0.00 22.40 0}{22.40 28.00 28.00 28.00 33.60 1}{33.60 0.00 0.00 0.00 44.80 0}{44.80 0.00 0.00 0.00 56.00 0}
COMM 4b-0: 48217a_4824fa_482633_482727_45ed9e (1 1.00 3 1.00 3 1.00){0.00 0.00 0.00 0.00 0.40 0}{0.40 0.00 0.00 0.00 0.80 0}{0.80 1.00 1.00 1.00 1.20 1}{1.20 0.00 0.00 0.00 1.60 0}{1.60 0.00 0.00 0.00 2.00 0}
COMM 4b-1: 48b0d5_48b359_48b42d_48b4e6_45ecc9 (1 4.00 1 4.00 1 4.00){0.00 0.00 0.00 0.00 1.60 0}{1.60 0.00 0.00 0.00 3.20 0}{3.20 4.00 4.00 4.00 4.80 1}{4.80 0.00 0.00 0.00 6.40 0}{6.40 0.00 0.00 0.00 8.00 0}
10 2 
12 68 
14 16 
1a 3 
1b 0 

RANKS: 1 -1 0 4 1
EVENT53: 1004 46a5af_46a90f_46aa52_46ab44_466841
COMP 4b-0: 48217a_4824fa_482633_482727_45ef0f (2 13.33 3 12.00 1 14.00){0.00 0.00 0.00 0.00 5.60 0}{5.60 0.00 0.00 0.00 11.20 0}{11.20 12.00 13.00 14.00 16.80 2}{16.80 0.00 0.00 0.00 22.40 0}{22.40 0.00 0.00 0.00 28.00 0}
COMP 4b-1: 48b0d5_48b359_48b42d_48b4e6_45ee0f (2 15.33 2 14.00 0 16.00){0.00 0.00 0.00 0.00 6.40 0}{6.40 0.00 0.00 0.00 12.80 0}{12.80 14.00 15.00 16.00 19.20 2}{19.20 0.00 0.00 0.00 25.60 0}{25.60 0.00 0.00 0.00 32.00 0}
COMP 4c-0: 48217a_4824fa_482633_482727_45ef0f (2 44.33 3 43.00 1 45.00){0.00 0.00 0.00 0.00 18.00 0}{18.00 0.00 0.00 0.00 36.00 0}{36.00 43.00 44.00 45.00 54.00 2}{54.00 0.00 0.00 0.00 72.00 0}{72.00 0.00 0.00 0.00 90.00 0}
COMP 4c-1: 48b0d5_48b359_48b42d_48b4e6_45ee0f (2 45.67 2 45.00 0 46.00){0.00 0.00 0.00 0.00 18.40 0}{18.40 0.00 0.00 0.00 36.80 0}{36.80 45.00 45.50 46.00 55.20 2}{55.20 0.00 0.00 0.00 73.60 0}{73.60 0.00 0.00 0.00 92.00 0}
COMM 4b-0: 48217a_4824fa_482633_482727_45ef0f (2 44.00 1 33.00 3 66.00){0.00 0.00 0.00 0.00 13.20 0}{13.20 0.00 0.00 0.00 26.40 0}{26.40 33.00 33.00 33.00 39.60 1}{39.60 0.00 0.00 0.00 52.80 0}{52.80 66.00 66.00 66.00 66.00 1}
COMM 4b-1: 48b0d5_48b359_48b42d_48b4e6_45ee0f (2 13.67 0 5.00 2 31.00){0.00 0.00 0.00 0.00 2.00 0}{2.00 0.00 0.00 0.00 4.00 0}{4.00 5.00 5.00 5.00 8.00 1}{8.00 0.00 0.00 0.00 10.00 0}{10.00 31.00 31.00 31.00 52.00 1}
10 2 
12 1 
14 16 
18 3 

RANKS: 1 -1 0 2 2
EVENT54: 1090 47a046_47a41b_47a586_47a6a7
COMP 4b-0: 46a5af_46a90f_46aa52_46ab44_466841 (2 32.33 2 31.00 0 33.00){0.00 0.00 0.00 0.00 13.20 0}{13.20 0.00 0.00 0.00 26.40 0}{26.40 31.00 32.00 33.00 39.60 2}{39.60 0.00 0.00 0.00 52.80 0}{52.80 0.00 0.00 0.00 66.00 0}
COMP 4c-0: 46a5af_46a90f_46aa52_46ab44_466841 (2 78.00 0 78.00 0 78.00){0.00 0.00 0.00 0.00 31.20 0}{31.20 0.00 0.00 0.00 62.40 0}{62.40 78.00 78.00 78.00 93.60 2}{93.60 0.00 0.00 0.00 124.80 0}{124.80 0.00 0.00 0.00 156.00 0}
COMM 4b-0: 46a5af_46a90f_46aa52_46ab44_466841 (2 1.00 0 1.00 0 1.00){0.00 0.00 0.00 0.00 0.40 0}{0.40 0.00 0.00 0.00 0.80 0}{0.80 1.00 1.00 1.00 1.20 2}{1.20 0.00 0.00 0.00 1.60 0}{1.60 0.00 0.00 0.00 2.00 0}
10 2 
12 64 
14 16 
1b 0 
2b 2147483647 

RANKS: 1 -1 0 2 2
EVENT55: 1148 48b0d5_48b359_48b42d_48b4e6
COMP 4b-0: 47a046_47a41b_47a586_47a6a7 (2 10.00 0 10.00 0 10.00){0.00 0.00 0.00 0.00 4.00 0}{4.00 0.00 0.00 0.00 8.00 0}{8.00 10.00 10.00 10.00 12.00 2}{12.00 0.00 0.00 0.00 16.00 0}{16.00 0.00 0.00 0.00 20.00 0}
COMP 4c-0: 47a046_47a41b_47a586_47a6a7 (2 26.00 0 26.00 0 26.00){0.00 0.00 0.00 0.00 10.40 0}{10.40 0.00 0.00 0.00 20.80 0}{20.80 26.00 26.00 26.00 31.20 2}{31.20 0.00 0.00 0.00 41.60 0}{41.60 0.00 0.00 0.00 52.00 0}
COMM 4b-0: 47a046_47a41b_47a586_47a6a7 (2 3.00 0 3.00 0 3.00){0.00 0.00 0.00 0.00 1.20 0}{1.20 0.00 0.00 0.00 2.40 0}{2.40 3.00 3.00 3.00 3.60 2}{3.60 0.00 0.00 0.00 4.80 0}{4.80 0.00 0.00 0.00 6.00 0}
1c 9999 

RANKS: 1 -1 1 2 2
EVENT56: 1113 48217a_4824fa_482633_482727
COMP 4b-0: 46a5af_46a90f_46aa52_46ab44_466841 (2 31.33 1 31.00 3 32.00){0.00 0.00 0.00 0.00 12.40 0}{12.40 0.00 0.00 0.00 24.80 0}{24.80 31.00 31.50 32.00 37.20 2}{37.20 0.00 0.00 0.00 49.60 0}{49.60 0.00 0.00 0.00 62.00 0}
COMP 4c-0: 46a5af_46a90f_46aa52_46ab44_466841 (2 78.00 1 78.00 1 78.00){0.00 0.00 0.00 0.00 31.20 0}{31.20 0.00 0.00 0.00 62.40 0}{62.40 78.00 78.00 78.00 93.60 2}{93.60 0.00 0.00 0.00 124.80 0}{124.80 0.00 0.00 0.00 156.00 0}
COMM 4b-0: 46a5af_46a90f_46aa52_46ab44_466841 (2 2.00 1 2.00 1 2.00){0.00 0.00 0.00 0.00 0.80 0}{0.80 0.00 0.00 0.00 1.60 0}{1.60 2.00 2.00 2.00 2.40 2}{2.40 0.00 0.00 0.00 3.20 0}{3.20 0.00 0.00 0.00 4.00 0}
10 2 
12 64 
14 16 
1a 3 
1b 0 

RANKS: 1 -1 0 4 1
EVENT57: 1004 46a5af_46a90f_46aa52_46ab44_466c14
COMP 4b-0: 48217a_4824fa_482633_482727 (2 17.00 1 17.00 1 17.00){0.00 0.00 0.00 0.00 6.80 0}{6.80 0.00 0.00 0.00 13.60 0}{13.60 17.00 17.00 17.00 20.40 2}{20.40 0.00 0.00 0.00 27.20 0}{27.20 0.00 0.00 0.00 34.00 0}
COMP 4b-1: 48b0d5_48b359_48b42d_48b4e6 (2 18.00 0 18.00 0 18.00){0.00 0.00 0.00 0.00 7.20 0}{7.20 0.00 0.00 0.00 14.40 0}{14.40 18.00 18.00 18.00 21.60 2}{21.60 0.00 0.00 0.00 28.80 0}{28.80 0.00 0.00 0.00 36.00 0}
COMP 4c-0: 48217a_4824fa_482633_482727 (2 61.00 1 61.00 1 61.00){0.00 0.00 0.00 0.00 24.40 0}{24.40 0.00 0.00 0.00 48.80 0}{48.80 61.00 61.00 61.00 73.20 2}{73.20 0.00 0.00 0.00 97.60 0}{97.60 0.00 0.00 0.00 122.00 0}
COMP 4c-1: 48b0d5_48b359_48b42d_48b4e6 (2 62.33 0 62.00 2 63.00){0.00 0.00 0.00 0.00 24.80 0}{24.80 0.00 0.00 0.00 49.60 0}{49.60 62.00 62.50 63.00 74.40 2}{74.40 0.00 0.00 0.00 99.20 0}{99.20 0.00 0.00 0.00 124.00 0}
COMM 4b-0: 48217a_4824fa_482633_482727 (2 34.00 1 33.00 3 36.00){0.00 0.00 0.00 0.00 13.20 0}{13.20 0.00 0.00 0.00 26.40 0}{26.40 33.00 34.50 36.00 39.60 2}{39.60 0.00 0.00 0.00 52.80 0}{52.80 0.00 0.00 0.00 66.00 0}
COMM 4b-1: 48b0d5_48b359_48b42d_48b4e6 (2 9.67 2 5.00 0 12.00){0.00 0.00 0.00 0.00 4.80 0}{4.80 5.00 5.00 5.00 9.60 1}{9.60 12.00 12.00 12.00 14.40 1}{14.40 0.00 0.00 0.00 19.20 0}{19.20 0.00 0.00 0.00 24.00 0}
10 2 
12 1 
14 16 
18 3 

RANKS: 1 -1 0 2 1
EVENT58: 1090 47a046_47a41b_47a586_47a6a7_45f0e8
COMP 4b-0: 46a5af_46a90f_46aa52_46ab44_466c14 (2 35.67 1 35.00 0 36.00){0.00 0.00 0.00 0.00 14.40 0}{14.40 0.00 0.00 0.00 28.80 0}{28.80 35.00 35.50 36.00 43.20 2}{43.20 0.00 0.00 0.00 57.60 0}{57.60 0.00 0.00 0.00 72.00 0}
COMP 4c-0: 46a5af_46a90f_46aa52_46ab44_466c14 (2 81.00 0 81.00 0 81.00){0.00 0.00 0.00 0.00 32.40 0}{32.40 0.00 0.00 0.00 64.80 0}{64.80 81.00 81.00 81.00 97.20 2}{97.20 0.00 0.00 0.00 129.60 0}{129.60 0.00 0.00 0.00 162.00 0}
COMM 4b-0: 46a5af_46a90f_46aa52_46ab44_466c14 (2 1.00 0 1.00 0 1.00){0.00 0.00 0.00 0.00 0.40 0}{0.40 0.00 0.00 0.00 0.80 0}{0.80 1.00 1.00 1.00 1.20 2}{1.20 0.00 0.00 0.00 1.60 0}{1.60 0.00 0.00 0.00 2.00 0}
10 2 
12 64 
14 16 
1b 0 
2b 2147483647 

RANKS: 1 -1 0 2 1
EVENT59: 1148 48b0d5_48b359_48b42d_48b4e6_45f0fd
COMP 4b-0: 47a046_47a41b_47a586_47a6a7_45f0e8 (2 10.00 0 9.00 1 12.00){0.00 0.00 0.00 0.00 3.60 0}{3.60 0.00 0.00 0.00 7.20 0}{7.20 9.00 9.00 9.00 10.80 1}{10.80 12.00 12.00 12.00 14.40 1}{14.40 0.00 0.00 0.00 18.00 0}
COMP 4c-0: 47a046_47a41b_47a586_47a6a7_45f0e8 (2 27.00 0 27.00 0 27.00){0.00 0.00 0.00 0.00 10.80 0}{10.80 0.00 0.00 0.00 21.60 0}{21.60 27.00 27.00 27.00 32.40 2}{32.40 0.00 0.00 0.00 43.20 0}{43.20 0.00 0.00 0.00 54.00 0}
COMM 4b-0: 47a046_47a41b_47a586_47a6a7_45f0e8 (2 2.00 0 2.00 0 2.00){0.00 0.00 0.00 0.00 0.80 0}{0.80 0.00 0.00 0.00 1.60 0}{1.60 2.00 2.00 2.00 2.40 2}{2.40 0.00 0.00 0.00 3.20 0}{3.20 0.00 0.00 0.00 4.00 0}
1c 9999 

RANKS: 1 -1 2 2 1
EVENT60: 1113 48217a_4824fa_482633_482727_45f1aa
COMP 4b-0: 46a5af_46a90f_46aa52_46ab44_466c14 (2 36.00 3 36.00 3 36.00){0.00 0.00 0.00 0.00 14.40 0}{14.40 0.00 0.00 0.00 28.80 0}{28.80 36.00 36.00 36.00 43.20 2}{43.20 0.00 0.00 0.00 57.60 0}{57.60 0.00 0.00 0.00 72.00 0}
COMP 4c-0: 46a5af_46a90f_46aa52_46ab44_466c14 (2 80.00 3 80.00 3 80.00){0.00 0.00 0.00 0.00 32.00 0}{32.00 0.00 0.00 0.00 64.00 0}{64.00 80.00 80.00 80.00 96.00 2}{96.00 0.00 0.00 0.00 128.00 0}{128.00 0.00 0.00 0.00 160.00 0}
COMM 4b-0: 46a5af_46a90f_46aa52_46ab44_466c14 (2 3.00 3 3.00 3 3.00){0.00 0.00 0.00 0.00 1.20 0}{1.20 0.00 0.00 0.00 2.40 0}{2.40 3.00 3.00 3.00 3.60 2}{3.60 0.00 0.00 0.00 4.80 0}{4.80 0.00 0.00 0.00 6.00 0}
10 2 
12 64 
14 16 
1a 2 
1b 0 

RANKS: 1 -1 0 4 1
EVENT61: 1004 46a5af_46a90f_46aa52_46ab44
COMP 4b-0: 48217a_4824fa_482633_482727_45f1aa (2 17.00 3 17.00 3 17.00){0.00 0.00 0.00 0.00 6.80 0}{6.80 0.00 0.00 0.00 13.60 0}{13.60 17.00 17.00 17.00 20.40 2}{20.40 0.00 0.00 0.00 27.20 0}{27.20 0.00 0.00 0.00 34.00 0}
COMP 4b-1: 48b0d5_48b359_48b42d_48b4e6_45f0fd (2 17.00 0 17.00 0 17.00){0.00 0.00 0.00 0.00 6.80 0}{6.80 0.00 0.00 0.00 13.60 0}{13.60 17.00 17.00 17.00 20.40 2}{20.40 0.00 0.00 0.00 27.20 0}{27.20 0.00 0.00 0.00 34.00 0}
COMP 4c-0: 48217a_4824fa_482633_482727_45f1aa (2 58.00 3 58.00 3 58.00){0.00 0.00 0.00 0.00 23.20 0}{23.20 0.00 0.00 0.00 46.40 0}{46.40 58.00 58.00 58.00 69.60 2}{69.60 0.00 0.00 0.00 92.80 0}{92.80 0.00 0.00 0.00 116.00 0}
COMP 4c-1: 48b0d5_48b359_48b42d_48b4e6_45f0fd (2 61.00 0 61.00 0 61.00){0.00 0.00 0.00 0.00 24.40 0}{24.40 0.00 0.00 0.00 48.80 0}{48.80 61.00 61.00 61.00 73.20 2}{73.20 0.00 0.00 0.00 97.60 0}{97.60 0.00 0.00 0.00 122.00 0}
COMM 4b-0: 48217a_4824fa_482633_482727_45f1aa (2 29.67 3 28.00 2 33.00){0.00 0.00 0.00 0.00 11.20 0}{11.20 0.00 0.00 0.00 22.40 0}{22.40 28.00 30.50 33.00 33.60 2}{33.60 0.00 0.00 0.00 44.80 0}{44.80 0.00 0.00 0.00 56.00 0}
COMM 4b-1: 48b0d5_48b359_48b42d_48b4e6_45f0fd (2 7.33 1 6.00 0 8.00){0.00 0.00 0.00 0.00 3.20 0}{3.20 6.00 6.00 6.00 6.40 1}{6.40 8.00 8.00 8.00 9.60 1}{9.60 0.00 0.00 0.00 12.80 0}{12.80 0.00 0.00 0.00 16.00 0}
10 2 
12 1 
14 16 
18 3 

RANKS: 1 -1 0 4 1
EVENT62: 1045 472f0f_472f83_472fe9_473044
COMP 4b-0: 46a5af_46a90f_46aa52_46ab44 (4 1374.80 0 1312.00 2 1442.00){0.00 0.00 0.00 0.00 524.80 0}{524.80 0.00 0.00 0.00 1049.60 0}{1049.60 1312.00 1390.50 1442.00 1574.40 4}{1574.40 0.00 0.00 0.00 2099.20 0}{2099.20 0.00 0.00 0.00 2624.00 0}
COMP 4c-0: 46a5af_46a90f_46aa52_46ab44 (4 4215.60 0 573.00 1 6880.00){0.00 0.00 0.00 0.00 229.20 0}{229.20 0.00 0.00 0.00 458.40 0}{458.40 573.00 573.00 573.00 916.80 1}{916.80 0.00 0.00 0.00 1146.00 0}{1146.00 6361.00 6644.00 6880.00 12236.00 3}

