RANKS: 1 -1 0 4 1
EVENT0: 1084 479384_479443_4794d9_479534
33 2 
34 0 

RANKS: 1 -1 0 4 1
EVENT1: 1011 46d561_46d890_46d9ab_46da97
COMP 4b-0: 46d561_46d890_46d9ab_46da97 (32 5.64 0 5.00 0 6.00){0.00 0.00 0.00 0.00 2.40 0}{2.40 0.00 0.00 0.00 4.80 0}{4.80 5.00 5.62 6.00 7.20 32}{7.20 0.00 0.00 0.00 9.60 0}{9.60 0.00 0.00 0.00 12.00 0}
COMP 4b-1: 479384_479443_4794d9_479534 (4 263.80 3 57.00 0 573.00){0.00 57.00 57.67 58.00 229.20 3}{229.20 0.00 0.00 0.00 458.40 0}{458.40 573.00 573.00 573.00 687.60 1}{687.60 0.00 0.00 0.00 916.80 0}{916.80 0.00 0.00 0.00 1146.00 0}
COMM 4b-0: 46d561_46d890_46d9ab_46da97 (32 11.48 0 1.00 2 80.00){0.00 1.00 1.00 1.00 1.20 1}{1.20 2.00 2.08 2.33 2.40 12}{2.40 3.00 3.00 3.00 4.80 11}{4.80 0.00 0.00 0.00 6.00 0}{6.00 9.00 39.62 80.00 124.00 8}
COMM 4b-1: 479384_479443_4794d9_479534 (4 729.00 0 19.00 1 1545.00){0.00 0.00 0.00 0.00 7.60 0}{7.60 0.00 0.00 0.00 15.20 0}{15.20 19.00 19.00 19.00 30.40 1}{30.40 0.00 0.00 0.00 38.00 0}{38.00 542.00 1202.33 1545.00 3002.00 3}
LOOP0: iter: ( 9 )[ 1 -1 0 4 1 ] mem: ( 1 )[ 1 -1 0 4 1 ]
10 2 
12 1 1 1 1 1 5 1 1 1 
14 14 14 14 16 16 16 14 14 14 
19 0 

RANKS: 1 -1 2 1 0
EVENT2: 1113 4822b2_482632_48276b_48285f
COMP 4b-0: 46d561_46d890_46d9ab_46da97 (1 566906.00 2 566906.00 2 566906.00){0.00 0.00 0.00 0.00 226762.40 0}{226762.40 0.00 0.00 0.00 453524.80 0}{453524.80 566906.00 566906.00 566906.00 680287.20 1}{680287.20 0.00 0.00 0.00 907049.60 0}{907049.60 0.00 0.00 0.00 1133812.00 0}
COMM 4b-0: 46d561_46d890_46d9ab_46da97 (1 962.00 2 962.00 2 962.00){0.00 0.00 0.00 0.00 384.80 0}{384.80 0.00 0.00 0.00 769.60 0}{769.60 962.00 962.00 962.00 1154.40 1}{1154.40 0.00 0.00 0.00 1539.20 0}{1539.20 0.00 0.00 0.00 1924.00 0}
10 2 
12 131220 
14 16 
1a 1 
1b 0 

RANKS: 1 -1 1 2 1
EVENT3: 1090 47a17e_47a553_47a6be_47a7df
COMP 4b-0: 46d561_46d890_46d9ab_46da97 (1 566156.00 1 566156.00 1 566156.00){0.00 0.00 0.00 0.00 226462.40 0}{226462.40 0.00 0.00 0.00 452924.80 0}{452924.80 566156.00 566156.00 566156.00 679387.20 1}{679387.20 0.00 0.00 0.00 905849.60 0}{905849.60 0.00 0.00 0.00 1132312.00 0}
COMP 4b-1: 4822b2_482632_48276b_48285f (1 11.00 2 11.00 2 11.00){0.00 0.00 0.00 0.00 4.40 0}{4.40 0.00 0.00 0.00 8.80 0}{8.80 11.00 11.00 11.00 13.20 1}{13.20 0.00 0.00 0.00 17.60 0}{17.60 0.00 0.00 0.00 22.00 0}
COMP 4b-2: 48b20d_48b491_48b565_48b61e (1 106636.00 2 106636.00 2 106636.00){0.00 0.00 0.00 0.00 42654.40 0}{42654.40 0.00 0.00 0.00 85308.80 0}{85308.80 106636.00 106636.00 106636.00 127963.20 1}{127963.20 0.00 0.00 0.00 170617.60 0}{170617.60 0.00 0.00 0.00 213272.00 0}
COMM 4b-0: 46d561_46d890_46d9ab_46da97 (1 6.00 1 6.00 1 6.00){0.00 0.00 0.00 0.00 2.40 0}{2.40 0.00 0.00 0.00 4.80 0}{4.80 6.00 6.00 6.00 7.20 1}{7.20 0.00 0.00 0.00 9.60 0}{9.60 0.00 0.00 0.00 12.00 0}
COMM 4b-1: 4822b2_482632_48276b_48285f (1 4.00 2 4.00 2 4.00){0.00 0.00 0.00 0.00 1.60 0}{1.60 0.00 0.00 0.00 3.20 0}{3.20 4.00 4.00 4.00 4.80 1}{4.80 0.00 0.00 0.00 6.40 0}{6.40 0.00 0.00 0.00 8.00 0}
COMM 4b-2: 48b20d_48b491_48b565_48b61e (1 3.00 2 3.00 2 3.00){0.00 0.00 0.00 0.00 1.20 0}{1.20 0.00 0.00 0.00 2.40 0}{2.40 3.00 3.00 3.00 3.60 1}{3.60 0.00 0.00 0.00 4.80 0}{4.80 0.00 0.00 0.00 6.00 0}
LOOP0: iter: ( 2 )[ 1 -1 2 1 0 ] mem: ( 2 )[ 1 -1 2 1 0 ]
10 2 
12 131220 
14 16 
1b 0 
2b 2147483647 

RANKS: 1 -1 1 2 1
EVENT4: 1148 48b20d_48b491_48b565_48b61e
COMP 4b-0: 47a17e_47a553_47a6be_47a7df (3 12.75 2 6.00 1 16.00){0.00 6.00 6.00 6.00 6.40 1}{6.40 0.00 0.00 0.00 12.80 0}{12.80 13.00 14.50 16.00 19.20 2}{19.20 0.00 0.00 0.00 25.60 0}{25.60 0.00 0.00 0.00 32.00 0}
COMM 4b-0: 47a17e_47a553_47a6be_47a7df (3 1741.50 2 1129.00 1 1974.00){0.00 0.00 0.00 0.00 789.60 0}{789.60 1129.00 1129.00 1129.00 1579.20 1}{1579.20 1889.00 1931.50 1974.00 2368.80 2}{2368.80 0.00 0.00 0.00 3158.40 0}{3158.40 0.00 0.00 0.00 3948.00 0}
1c 9999 

RANKS: 1 -1 1 2 1
EVENT5: 1113 4822b2_482632_48276b_48285f
COMP 4b-0: 4822b2_482632_48276b_48285f (2 143012.00 1 106373.00 2 216290.00){0.00 0.00 0.00 0.00 42549.20 0}{42549.20 0.00 0.00 0.00 85098.40 0}{85098.40 106373.00 106373.00 106373.00 170196.80 1}{170196.80 0.00 0.00 0.00 212746.00 0}{212746.00 216290.00 216290.00 216290.00 219834.00 1}
COMP 4b-1: 48b20d_48b491_48b565_48b61e (2 939.33 2 710.00 1 1054.00){0.00 0.00 0.00 0.00 421.60 0}{421.60 710.00 710.00 710.00 843.20 1}{843.20 1054.00 1054.00 1054.00 1264.80 1}{1264.80 0.00 0.00 0.00 1686.40 0}{1686.40 0.00 0.00 0.00 2108.00 0}
COMM 4b-0: 4822b2_482632_48276b_48285f (2 574.00 2 572.00 1 575.00){0.00 0.00 0.00 0.00 230.00 0}{230.00 0.00 0.00 0.00 460.00 0}{460.00 572.00 573.50 575.00 690.00 2}{690.00 0.00 0.00 0.00 920.00 0}{920.00 0.00 0.00 0.00 1150.00 0}
COMM 4b-1: 48b20d_48b491_48b565_48b61e (2 791.00 2 559.00 1 907.00){0.00 0.00 0.00 0.00 362.80 0}{362.80 559.00 559.00 559.00 725.60 1}{725.60 907.00 907.00 907.00 1088.40 1}{1088.40 0.00 0.00 0.00 1451.20 0}{1451.20 0.00 0.00 0.00 1814.00 0}
LOOP0: iter: ( 2 )[ 1 -1 1 2 1 ] mem: ( 1 )[ 1 -1 1 2 1 ]
10 2 
12 131220 
14 16 
1a ( 3 2 )[ 1 -1 1 1 0 ]
1a ( 2 1 )[ 1 -1 2 1 0 ]
1b 0 

RANKS: 1 -1 1 3 1
EVENT6: 1090 47a17e_47a553_47a6be_47a7df
COMP 4b-0: 46d561_46d890_46d9ab_46da97 (1 566292.00 3 566292.00 3 566292.00){0.00 0.00 0.00 0.00 226516.80 0}{226516.80 0.00 0.00 0.00 453033.60 0}{453033.60 566292.00 566292.00 566292.00 679550.40 1}{679550.40 0.00 0.00 0.00 906067.20 0}{906067.20 0.00 0.00 0.00 1132584.00 0}
COMP 4b-1: 4822b2_482632_48276b_48285f (5 68417.67 1 7.00 3 215993.00){0.00 0.00 0.00 0.00 2.80 0}{2.80 0.00 0.00 0.00 5.60 0}{5.60 7.00 7.50 8.00 14.00 2}{14.00 88288.00 97245.50 106203.00 176562.00 2}{176562.00 215993.00 215993.00 215993.00 255424.00 1}
COMP 4b-2: 48b20d_48b491_48b565_48b61e (2 173535.67 2 88629.00 1 215989.00){0.00 0.00 0.00 0.00 86395.60 0}{86395.60 88629.00 88629.00 88629.00 172791.20 1}{172791.20 215989.00 215989.00 215989.00 259186.80 1}{259186.80 0.00 0.00 0.00 345582.40 0}{345582.40 0.00 0.00 0.00 431978.00 0}
COMM 4b-0: 46d561_46d890_46d9ab_46da97 (1 5.00 3 5.00 3 5.00){0.00 0.00 0.00 0.00 2.00 0}{2.00 0.00 0.00 0.00 4.00 0}{4.00 5.00 5.00 5.00 6.00 1}{6.00 0.00 0.00 0.00 8.00 0}{8.00 0.00 0.00 0.00 10.00 0}
COMM 4b-1: 4822b2_482632_48276b_48285f (5 2.50 1 2.00 3 3.00){0.00 0.00 0.00 0.00 0.80 0}{0.80 0.00 0.00 0.00 1.60 0}{1.60 2.00 2.00 2.00 2.40 2}{2.40 3.00 3.00 3.00 3.20 3}{3.20 0.00 0.00 0.00 4.00 0}
COMM 4b-2: 48b20d_48b491_48b565_48b61e (2 3.00 1 3.00 1 3.00){0.00 0.00 0.00 0.00 1.20 0}{1.20 0.00 0.00 0.00 2.40 0}{2.40 3.00 3.00 3.00 3.60 2}{3.60 0.00 0.00 0.00 4.80 0}{4.80 0.00 0.00 0.00 6.00 0}
LOOP0: iter: ( 2 )[ 1 -1 1 2 1 ]( 4 )[ 1 -1 3 1 0 ] mem: ( 2 )[ 1 -1 1 2 1 ]( 3 )[ 1 -1 3 1 0 ]
10 2 
12 131220 
14 16 
1b 0 
2b 2147483647 

RANKS: 1 -1 1 3 1
EVENT7: 1148 48b20d_48b491_48b565_48b61e
COMP 4b-0: 47a17e_47a553_47a6be_47a7df (8 7.44 1 6.00 3 14.00){0.00 0.00 0.00 0.00 2.80 0}{2.80 0.00 0.00 0.00 5.60 0}{5.60 6.00 6.17 7.00 8.40 6}{8.40 9.00 9.00 9.00 11.20 1}{11.20 14.00 14.00 14.00 14.00 1}
COMM 4b-0: 47a17e_47a553_47a6be_47a7df (8 1247.89 2 560.00 1 1871.00){0.00 0.00 0.00 0.00 473.20 0}{473.20 560.00 560.00 560.00 946.40 1}{946.40 1004.00 1219.80 1348.00 1419.60 5}{1419.60 1518.00 1694.50 1871.00 1892.80 2}{1892.80 0.00 0.00 0.00 2366.00 0}
1c 9999 

RANKS: 1 -1 0 4 1
EVENT8: 1113 4822b2_482632_48276b_48285f
COMP 4b-0: 46d561_46d890_46d9ab_46da97 (1 567227.00 0 567227.00 0 567227.00){0.00 0.00 0.00 0.00 226890.80 0}{226890.80 0.00 0.00 0.00 453781.60 0}{453781.60 567227.00 567227.00 567227.00 680672.40 1}{680672.40 0.00 0.00 0.00 907563.20 0}{907563.20 0.00 0.00 0.00 1134454.00 0}
COMP 4b-1: 4822b2_482632_48276b_48285f (1 88535.00 1 88535.00 1 88535.00){0.00 0.00 0.00 0.00 35414.00 0}{35414.00 0.00 0.00 0.00 70828.00 0}{70828.00 88535.00 88535.00 88535.00 106242.00 1}{106242.00 0.00 0.00 0.00 141656.00 0}{141656.00 0.00 0.00 0.00 177070.00 0}
COMP 4b-2: 48b20d_48b491_48b565_48b61e (9 52285.00 3 706.00 0 216749.00){0.00 706.00 827.67 1058.00 42774.40 6}{42774.40 0.00 0.00 0.00 85548.80 0}{85548.80 87263.00 97099.50 106936.00 171097.60 2}{171097.60 0.00 0.00 0.00 213872.00 0}{213872.00 216749.00 216749.00 216749.00 219626.00 1}
COMM 4b-0: 46d561_46d890_46d9ab_46da97 (1 963.00 0 963.00 0 963.00){0.00 0.00 0.00 0.00 385.20 0}{385.20 0.00 0.00 0.00 770.40 0}{770.40 963.00 963.00 963.00 1155.60 1}{1155.60 0.00 0.00 0.00 1540.80 0}{1540.80 0.00 0.00 0.00 1926.00 0}
COMM 4b-1: 4822b2_482632_48276b_48285f (1 574.00 1 574.00 1 574.00){0.00 0.00 0.00 0.00 229.60 0}{229.60 0.00 0.00 0.00 459.20 0}{459.20 574.00 574.00 574.00 688.80 1}{688.80 0.00 0.00 0.00 918.40 0}{918.40 0.00 0.00 0.00 1148.00 0}
COMM 4b-2: 48b20d_48b491_48b565_48b61e (9 687.00 2 555.00 0 1445.00){0.00 0.00 0.00 0.00 227.20 0}{227.20 0.00 0.00 0.00 454.40 0}{454.40 555.00 563.14 568.00 908.80 7}{908.80 915.00 915.00 915.00 1136.00 1}{1136.00 1445.00 1445.00 1445.00 1754.00 1}
LOOP0: iter: ( 4 )[ 1 -1 0 1 0 ]( 2 )[ 1 -1 1 1 0 ] mem: ( 3 )[ 1 -1 0 1 0 ]( 1 )[ 1 -1 1 1 0 ]
10 2 
12 131220 
14 16 
1a ( 1 2 )[ 1 -1 0 1 0 ]
1a ( 3 2 )[ 1 -1 1 2 2 ]
1a ( 2 )[ 1 -1 2 1 0 ]
1b 0 

RANKS: 1 -1 0 2 1
EVENT9: 1090 47a17e_47a553_47a6be_47a7df
COMP 4b-0: 4822b2_482632_48276b_48285f (5 8.50 0 6.00 0 13.00){0.00 0.00 0.00 0.00 5.20 0}{5.20 6.00 6.25 7.00 10.40 4}{10.40 13.00 13.00 13.00 15.60 1}{15.60 0.00 0.00 0.00 20.80 0}{20.80 0.00 0.00 0.00 26.00 0}
COMM 4b-0: 4822b2_482632_48276b_48285f (5 2.67 0 2.00 0 4.00){0.00 0.00 0.00 0.00 1.60 0}{1.60 2.00 2.00 2.00 3.20 4}{3.20 4.00 4.00 4.00 4.80 1}{4.80 0.00 0.00 0.00 6.40 0}{6.40 0.00 0.00 0.00 8.00 0}
10 2 
12 131220 
14 16 
1b 0 
2b 2147483647 

RANKS: 1 -1 0 2 1
EVENT10: 1148 48b20d_48b491_48b565_48b61e
COMP 4b-0: 47a17e_47a553_47a6be_47a7df (5 7.67 0 6.00 0 11.00){0.00 0.00 0.00 0.00 4.40 0}{4.40 6.00 6.00 6.00 8.80 4}{8.80 11.00 11.00 11.00 13.20 1}{13.20 0.00 0.00 0.00 17.60 0}{17.60 0.00 0.00 0.00 22.00 0}
COMM 4b-0: 47a17e_47a553_47a6be_47a7df (5 1477.83 1 1218.00 0 1881.00){0.00 0.00 0.00 0.00 752.40 0}{752.40 1218.00 1276.25 1373.00 1504.80 4}{1504.80 1881.00 1881.00 1881.00 2257.20 1}{2257.20 0.00 0.00 0.00 3009.60 0}{3009.60 0.00 0.00 0.00 3762.00 0}
1c 9999 

RANKS: 1 -1 0 4 1
EVENT11: 1004 46a6e7_46aa47_46ab8a_46ac7c
COMP 4b-0: 4822b2_482632_48276b_48285f (2 188261.33 2 188190.00 3 188297.00){0.00 0.00 0.00 0.00 75318.80 0}{75318.80 0.00 0.00 0.00 150637.60 0}{150637.60 188190.00 188243.50 188297.00 225956.40 2}{225956.40 0.00 0.00 0.00 301275.20 0}{301275.20 0.00 0.00 0.00 376594.00 0}
COMP 4b-1: 48b20d_48b491_48b565_48b61e (2 188860.67 1 188822.00 0 188880.00){0.00 0.00 0.00 0.00 75552.00 0}{75552.00 0.00 0.00 0.00 151104.00 0}{151104.00 188822.00 188851.00 188880.00 226656.00 2}{226656.00 0.00 0.00 0.00 302208.00 0}{302208.00 0.00 0.00 0.00 377760.00 0}
COMM 4b-0: 4822b2_482632_48276b_48285f (2 684.00 3 526.00 2 1000.00){0.00 0.00 0.00 0.00 210.40 0}{210.40 0.00 0.00 0.00 420.80 0}{420.80 526.00 526.00 526.00 631.20 1}{631.20 0.00 0.00 0.00 841.60 0}{841.60 1000.00 1000.00 1000.00 1052.00 1}
COMM 4b-1: 48b20d_48b491_48b565_48b61e (2 205.67 1 39.00 0 289.00){0.00 39.00 39.00 39.00 115.60 1}{115.60 0.00 0.00 0.00 231.20 0}{231.20 289.00 289.00 289.00 346.80 1}{346.80 0.00 0.00 0.00 462.40 0}{462.40 0.00 0.00 0.00 578.00 0}
10 2 
12 5 
14 16 
18 3 

RANKS: 1 -1 0 4 1
EVENT12: 1010 46d078_46d2ad_46d351_46d3cd
COMP 4b-0: 46a6e7_46aa47_46ab8a_46ac7c (4 8.20 0 7.00 2 13.00){0.00 0.00 0.00 0.00 2.80 0}{2.80 0.00 0.00 0.00 5.60 0}{5.60 7.00 7.00 7.00 8.40 3}{8.40 0.00 0.00 0.00 11.20 0}{11.20 13.00 13.00 13.00 14.00 1}
COMM 4b-0: 46a6e7_46aa47_46ab8a_46ac7c (4 115.00 0 28.00 3 255.00){0.00 0.00 0.00 0.00 11.20 0}{11.20 0.00 0.00 0.00 22.40 0}{22.40 28.00 28.00 28.00 56.00 1}{56.00 124.00 132.00 140.00 192.00 2}{192.00 255.00 255.00 255.00 318.00 1}
10 2 

RANKS: 1 -1 1 3 1
EVENT13: 1102 47d7f1_47dbb6_47dd20_47de3f
COMP 4b-0: 46d078_46d2ad_46d351_46d3cd (3 8746.00 1 8680.00 2 8813.00){0.00 0.00 0.00 0.00 3472.00 0}{3472.00 0.00 0.00 0.00 6944.00 0}{6944.00 8680.00 8768.00 8813.00 10416.00 3}{10416.00 0.00 0.00 0.00 13888.00 0}{13888.00 0.00 0.00 0.00 17360.00 0}
COMP 4b-1: 47d7f1_47dbb6_47dd20_47de3f (319 1098.52 3 7.00 3 2224.00){0.00 0.00 0.00 0.00 2.80 0}{2.80 0.00 0.00 0.00 5.60 0}{5.60 7.00 7.48 9.00 11.20 160}{11.20 0.00 0.00 0.00 14.00 0}{14.00 2195.00 2203.28 2224.00 4402.00 159}
COMP 4b-2: 4822b2_482632_48276b_48285f (638 922.40 1 883.00 2 989.00){0.00 0.00 0.00 0.00 382.40 0}{382.40 0.00 0.00 0.00 764.80 0}{764.80 883.00 922.34 989.00 1147.20 638}{1147.20 0.00 0.00 0.00 1529.60 0}{1529.60 0.00 0.00 0.00 1912.00 0}
COMM 4b-0: 46d078_46d2ad_46d351_46d3cd (3 1655.00 2 1296.00 3 2512.00){0.00 0.00 0.00 0.00 562.40 0}{562.40 0.00 0.00 0.00 1124.80 0}{1124.80 1296.00 1351.00 1406.00 1687.20 2}{1687.20 0.00 0.00 0.00 2249.60 0}{2249.60 2512.00 2512.00 2512.00 2812.00 1}
COMM 4b-1: 47d7f1_47dbb6_47dd20_47de3f (319 5.18 3 1.00 3 137.00){0.00 0.00 0.00 0.00 0.80 0}{0.80 1.00 1.00 1.00 1.60 45}{1.60 2.00 3.01 4.00 4.00 175}{4.00 5.00 5.90 8.00 8.00 61}{8.00 9.00 19.08 137.00 200.00 38}
COMM 4b-2: 4822b2_482632_48276b_48285f (638 14.36 2 2.00 2 2967.00){0.00 2.00 2.00 2.00 2.00 1}{2.00 3.00 3.68 4.00 4.00 477}{4.00 5.00 7.67 10.00 10.00 106}{10.00 11.00 18.85 160.00 202.00 52}{202.00 2654.00 2810.50 2967.00 5106.00 2}
LOOP0: iter: ( 320 )[ 1 -1 1 3 1 ] mem: ( 2 )[ 1 -1 1 2 1 ]( 1 )[ 1 -1 3 1 0 ]
10 2 
12 400 
14 16 
1b 0 
2b ( 3 3 3 3 3 3 3 3 3 3 3 3 3 3 3 3 3 3 3 3 3 3 3 3 3 3 3 3 3 3 3 3 3 3 3 3 3 3 3 3 3 3 3 3 3 3 3 3 3 3 3 3 3 3 3 3 3 3 3 3 3 3 3 3 3 3 3 3 3 3 3 3 3 3 3 3 3 3 3 3 3 3 3 3 3 3 3 3 3 3 3 3 3 3 3 3 3 3 3 3 3 3 3 3 3 3 3 3 3 3 3 3 3 3 3 3 3 3 3 3 3 3 3 3 3 3 3 3 3 3 3 3 3 3 3 3 3 3 3 3 3 3 3 3 3 3 3 3 3 3 3 3 3 3 3 3 3 3 3 3 2 2 2 2 2 2 2 2 2 2 2 2 2 2 2 2 2 2 2 2 2 2 2 2 2 2 2 2 2 2 2 2 2 2 2 2 2 2 2 2 2 2 2 2 2 2 2 2 2 2 2 2 2 2 2 2 2 2 2 2 2 2 2 2 2 2 2 2 2 2 2 2 2 2 2 2 2 2 2 2 2 2 2 2 2 2 2 2 2 2 2 2 2 2 2 2 2 2 2 2 2 2 2 2 2 2 2 2 2 2 2 2 2 2 2 2 2 2 2 2 2 2 2 2 2 2 2 2 2 2 2 2 2 2 2 2 2 2 2 2 2 2 2 2 2 2 2 2 2 2 2 2 2 2 2 2 2 2 2 2 )[ 1 -1 1 1 0 ]
2b ( 3 2 )[ 1 -1 3 1 0 ]
2b ( 2 2 2 2 2 2 2 2 2 2 2 2 2 2 2 2 2 2 2 2 2 2 2 2 2 2 2 2 2 2 2 2 2 2 2 2 2 2 2 2 2 2 2 2 2 2 2 2 2 2 2 2 2 2 2 2 2 2 2 2 2 2 2 2 2 2 2 2 2 2 2 2 2 2 2 2 2 2 2 2 2 2 2 2 2 2 2 2 2 2 2 2 2 2 2 2 2 2 2 2 2 2 2 2 2 2 2 2 2 2 2 2 2 2 2 2 2 2 2 2 2 2 2 2 2 2 2 2 2 2 2 2 2 2 2 2 2 2 2 2 2 2 2 2 2 2 2 2 2 2 2 2 2 2 2 2 2 2 2 2 1 1 1 1 1 1 1 1 1 1 1 1 1 1 1 1 1 1 1 1 1 1 1 1 1 1 1 1 1 1 1 1 1 1 1 1 1 1 1 1 1 1 1 1 1 1 1 1 1 1 1 1 1 1 1 1 1 1 1 1 1 1 1 1 1 1 1 1 1 1 1 1 1 1 1 1 1 1 1 1 1 1 1 1 1 1 1 1 1 1 1 1 1 1 1 1 1 1 1 1 1 1 1 1 1 1 1 1 1 1 1 1 1 1 1 1 1 1 1 1 1 1 1 1 1 1 1 1 1 1 1 1 1 1 1 1 1 1 1 1 1 1 1 1 1 1 1 1 1 1 1 1 1 1 1 1 1 1 1 1 )[ 1 -1 2 1 0 ]

RANKS: 1 -1 2 1 0
EVENT14: 1113 4822b2_482632_48276b_48285f
COMP 4b-0: 47d7f1_47dbb6_47dd20_47de3f (320 1220.43 2 1177.00 2 1278.00){0.00 0.00 0.00 0.00 506.00 0}{506.00 0.00 0.00 0.00 1012.00 0}{1012.00 1177.00 1220.29 1278.00 1518.00 320}{1518.00 0.00 0.00 0.00 2024.00 0}{2024.00 0.00 0.00 0.00 2530.00 0}
COMM 4b-0: 47d7f1_47dbb6_47dd20_47de3f (320 3.94 2 2.00 2 177.00){0.00 2.00 2.00 2.00 2.80 14}{2.80 3.00 3.08 4.00 5.60 295}{5.60 7.00 9.00 11.00 11.20 2}{11.20 12.00 12.25 13.00 14.00 4}{14.00 15.00 50.60 177.00 340.00 5}
10 2 
12 400 
14 16 
1a 1 1 1 1 1 1 1 1 1 1 1 1 1 1 1 1 1 1 1 1 1 1 1 1 1 1 1 1 1 1 1 1 1 1 1 1 1 1 1 1 1 1 1 1 1 1 1 1 1 1 1 1 1 1 1 1 1 1 1 1 1 1 1 1 1 1 1 1 1 1 1 1 1 1 1 1 1 1 1 1 1 1 1 1 1 1 1 1 1 1 1 1 1 1 1 1 1 1 1 1 1 1 1 1 1 1 1 1 1 1 1 1 1 1 1 1 1 1 1 1 1 1 1 1 1 1 1 1 1 1 1 1 1 1 1 1 1 1 1 1 1 1 1 1 1 1 1 1 1 1 1 1 1 1 1 1 1 1 1 1 2 2 2 2 2 2 2 2 2 2 2 2 2 2 2 2 2 2 2 2 2 2 2 2 2 2 2 2 2 2 2 2 2 2 2 2 2 2 2 2 2 2 2 2 2 2 2 2 2 2 2 2 2 2 2 2 2 2 2 2 2 2 2 2 2 2 2 2 2 2 2 2 2 2 2 2 2 2 2 2 2 2 2 2 2 2 2 2 2 2 2 2 2 2 2 2 2 2 2 2 2 2 2 2 2 2 2 2 2 2 2 2 2 2 2 2 2 2 2 2 2 2 2 2 2 2 2 2 2 2 2 2 2 2 2 2 2 2 2 2 2 2 2 2 2 2 2 2 2 2 2 2 2 2 2 2 2 2 2 2 
1b 0 

RANKS: 1 -1 0 4 1
EVENT15: 1113 4822b2_482632_48276b_48285f
COMP 4b-0: 46a6e7_46aa47_46ab8a_46ac7c (1 477574.00 2 477574.00 2 477574.00){0.00 0.00 0.00 0.00 191029.60 0}{191029.60 0.00 0.00 0.00 382059.20 0}{382059.20 477574.00 477574.00 477574.00 573088.80 1}{573088.80 0.00 0.00 0.00 764118.40 0}{764118.40 0.00 0.00 0.00 955148.00 0}
COMP 4b-1: 46d078_46d2ad_46d351_46d3cd (1 10177.00 0 10177.00 0 10177.00){0.00 0.00 0.00 0.00 4070.80 0}{4070.80 0.00 0.00 0.00 8141.60 0}{8141.60 10177.00 10177.00 10177.00 12212.40 1}{12212.40 0.00 0.00 0.00 16283.20 0}{16283.20 0.00 0.00 0.00 20354.00 0}
COMP 4b-2: 47d7f1_47dbb6_47dd20_47de3f (321 1226.79 1 1177.00 3 3393.00){0.00 0.00 0.00 0.00 509.20 0}{509.20 0.00 0.00 0.00 1018.40 0}{1018.40 1177.00 1219.87 1291.00 2036.80 320}{2036.80 0.00 0.00 0.00 2546.00 0}{2546.00 3393.00 3393.00 3393.00 4240.00 1}
COMP 4b-3: 4822b2_482632_48276b_48285f (639 1095.05 0 5.00 2 20913.00){0.00 0.00 0.00 0.00 2.40 0}{2.40 0.00 0.00 0.00 4.80 0}{4.80 5.00 5.94 7.00 12.00 320}{12.00 2050.00 2132.11 2243.00 4388.00 318}{4388.00 20913.00 20913.00 20913.00 37438.00 1}
COMM 4b-0: 46a6e7_46aa47_46ab8a_46ac7c (1 572.00 2 572.00 2 572.00){0.00 0.00 0.00 0.00 228.80 0}{228.80 0.00 0.00 0.00 457.60 0}{457.60 572.00 572.00 572.00 686.40 1}{686.40 0.00 0.00 0.00 915.20 0}{915.20 0.00 0.00 0.00 1144.00 0}
COMM 4b-1: 46d078_46d2ad_46d351_46d3cd (1 10.00 0 10.00 0 10.00){0.00 0.00 0.00 0.00 4.00 0}{4.00 0.00 0.00 0.00 8.00 0}{8.00 10.00 10.00 10.00 12.00 1}{12.00 0.00 0.00 0.00 16.00 0}{16.00 0.00 0.00 0.00 20.00 0}
COMM 4b-2: 47d7f1_47dbb6_47dd20_47de3f (321 4.05 1 2.00 1 181.00){0.00 2.00 2.00 2.00 2.80 2}{2.80 3.00 3.17 4.00 5.60 308}{5.60 7.00 7.00 7.00 11.20 2}{11.20 12.00 12.75 13.00 14.00 4}{14.00 15.00 50.40 181.00 348.00 5}
COMM 4b-3: 4822b2_482632_48276b_48285f (639 4.85 0 1.00 2 569.00){0.00 1.00 1.00 1.00 1.60 38}{1.60 2.00 2.00 2.00 2.40 285}{2.40 3.00 3.12 4.00 4.00 299}{4.00 18.00 62.00 176.00 336.00 16}{336.00 569.00 569.00 569.00 802.00 1}
LOOP0: iter: ( 320 )[ 1 -1 0 2 3 ]( 2 )[ 1 -1 2 1 0 ] mem: ( 1 )[ 1 -1 0 2 3 ]( 5 )[ 1 -1 2 1 0 ]
10 2 
12 ( 400 )[ 2 -1 0 2 1 -1 3 1 0 ]
12 ( 131220 )[ 1 -1 2 1 0 ]
14 16 
1a ( 1 2 )[ 1 -1 0 1 0 ]
1a ( 2 2 2 2 2 2 2 2 2 2 2 2 2 2 2 2 2 2 2 2 2 2 2 2 2 2 2 2 2 2 2 2 2 2 2 2 2 2 2 2 2 2 2 2 2 2 2 2 2 2 2 2 2 2 2 2 2 2 2 2 2 2 2 2 2 2 2 2 2 2 2 2 2 2 2 2 2 2 2 2 2 2 2 2 2 2 2 2 2 2 2 2 2 2 2 2 2 2 2 2 2 2 2 2 2 2 2 2 2 2 2 2 2 2 2 2 2 2 2 2 2 2 2 2 2 2 2 2 2 2 2 2 2 2 2 2 2 2 2 2 2 2 2 2 2 2 2 2 2 2 2 2 2 2 2 2 2 2 2 2 3 3 3 3 3 3 3 3 3 3 3 3 3 3 3 3 3 3 3 3 3 3 3 3 3 3 3 3 3 3 3 3 3 3 3 3 3 3 3 3 3 3 3 3 3 3 3 3 3 3 3 3 3 3 3 3 3 3 3 3 3 3 3 3 3 3 3 3 3 3 3 3 3 3 3 3 3 3 3 3 3 3 3 3 3 3 3 3 3 3 3 3 3 3 3 3 3 3 3 3 3 3 3 3 3 3 3 3 3 3 3 3 3 3 3 3 3 3 3 3 3 3 3 3 3 3 3 3 3 3 3 3 3 3 3 3 3 3 3 3 3 3 3 3 3 3 3 3 3 3 3 3 3 3 3 3 3 3 3 3 )[ 1 -1 1 1 0 ]
1a ( 3 2 )[ 1 -1 3 1 0 ]
1a ( 1 )[ 1 -1 2 1 0 ]
1b 0 

RANKS: 1 -1 0 1 0
EVENT16: 1102 47d7f1_47dbb6_47dd20_47de3f
COMP 4b-0: 47d7f1_47dbb6_47dd20_47de3f (319 1027.69 0 6.00 0 2130.00){0.00 0.00 0.00 0.00 2.40 0}{2.40 0.00 0.00 0.00 4.80 0}{4.80 6.00 7.46 9.00 9.60 160}{9.60 0.00 0.00 0.00 12.00 0}{12.00 2050.00 2060.76 2130.00 4248.00 159}
COMP 4b-1: 4822b2_482632_48276b_48285f (1 895.00 0 895.00 0 895.00){0.00 0.00 0.00 0.00 358.00 0}{358.00 0.00 0.00 0.00 716.00 0}{716.00 895.00 895.00 895.00 1074.00 1}{1074.00 0.00 0.00 0.00 1432.00 0}{1432.00 0.00 0.00 0.00 1790.00 0}
COMM 4b-0: 47d7f1_47dbb6_47dd20_47de3f (319 8.87 0 1.00 0 316.00){0.00 1.00 1.00 1.00 1.60 84}{1.60 2.00 2.25 4.00 4.00 81}{4.00 5.00 5.21 6.00 6.00 24}{6.00 7.00 8.53 10.00 10.00 19}{10.00 11.00 20.58 316.00 622.00 111}
COMM 4b-1: 4822b2_482632_48276b_48285f (1 5850.00 0 5850.00 0 5850.00){0.00 0.00 0.00 0.00 2340.00 0}{2340.00 0.00 0.00 0.00 4680.00 0}{4680.00 5850.00 5850.00 5850.00 7020.00 1}{7020.00 0.00 0.00 0.00 9360.00 0}{9360.00 0.00 0.00 0.00 11700.00 0}
LOOP0: iter: ( 320 )[ 1 -1 0 1 0 ] mem: ( 1 )[ 1 -1 0 1 0 ]
10 2 
12 400 
14 16 
1b 0 
2b 1 2 

RANKS: 1 -1 1 3 1
EVENT17: 1090 47a17e_47a553_47a6be_47a7df
COMP 4b-0: 46a6e7_46aa47_46ab8a_46ac7c (2 477183.00 3 477079.00 1 477235.00){0.00 0.00 0.00 0.00 190894.00 0}{190894.00 0.00 0.00 0.00 381788.00 0}{381788.00 477079.00 477157.00 477235.00 572682.00 2}{572682.00 0.00 0.00 0.00 763576.00 0}{763576.00 0.00 0.00 0.00 954470.00 0}
COMP 4b-1: 4822b2_482632_48276b_48285f (6 33566.57 2 6.00 3 86829.00){0.00 6.00 10.00 14.00 8215.20 2}{8215.20 0.00 0.00 0.00 16430.40 0}{16430.40 20382.00 20460.00 20538.00 32860.80 2}{32860.80 0.00 0.00 0.00 41076.00 0}{41076.00 86659.00 86744.00 86829.00 132582.00 2}
COMP 4b-2: 48b20d_48b491_48b565_48b61e (2 87090.67 2 86924.00 2 87174.00){0.00 0.00 0.00 0.00 34869.60 0}{34869.60 0.00 0.00 0.00 69739.20 0}{69739.20 86924.00 87049.00 87174.00 104608.80 2}{104608.80 0.00 0.00 0.00 139478.40 0}{139478.40 0.00 0.00 0.00 174348.00 0}
COMM 4b-0: 46a6e7_46aa47_46ab8a_46ac7c (2 2.67 3 2.00 1 3.00){0.00 0.00 0.00 0.00 1.20 0}{1.20 2.00 2.00 2.00 2.40 1}{2.40 3.00 3.00 3.00 3.60 1}{3.60 0.00 0.00 0.00 4.80 0}{4.80 0.00 0.00 0.00 6.00 0}
COMM 4b-1: 4822b2_482632_48276b_48285f (6 2.43 3 2.00 1 3.00){0.00 0.00 0.00 0.00 1.20 0}{1.20 2.00 2.00 2.00 2.40 4}{2.40 3.00 3.00 3.00 3.60 2}{3.60 0.00 0.00 0.00 4.80 0}{4.80 0.00 0.00 0.00 6.00 0}
COMM 4b-2: 48b20d_48b491_48b565_48b61e (2 3.00 2 3.00 2 3.00){0.00 0.00 0.00 0.00 1.20 0}{1.20 0.00 0.00 0.00 2.40 0}{2.40 3.00 3.00 3.00 3.60 2}{3.60 0.00 0.00 0.00 4.80 0}{4.80 0.00 0.00 0.00 6.00 0}
LOOP0: iter: ( 2 )[ 1 -1 1 3 1 ] mem: ( 6 )[ 1 -1 1 1 0 ]( 4 )[ 1 -1 3 1 0 ]( 2 )[ 1 -1 2 1 0 ]
LOOP1: iter: ( 2 )[ 1 -1 3 1 0 ] mem: ( 3 )[ 1 -1 3 1 0 ]
10 2 
12 131220 
14 16 
1b 0 
2b 2147483647 

RANKS: 1 -1 1 3 1
EVENT18: 1148 48b20d_48b491_48b565_48b61e
COMP 4b-0: 47a17e_47a553_47a6be_47a7df (10 7.73 2 5.00 2 15.00){0.00 0.00 0.00 0.00 2.40 0}{2.40 0.00 0.00 0.00 4.80 0}{4.80 5.00 6.25 8.00 9.60 8}{9.60 0.00 0.00 0.00 12.00 0}{12.00 14.00 14.50 15.00 16.00 2}
COMM 4b-0: 47a17e_47a553_47a6be_47a7df (10 1680.64 3 661.00 3 4108.00){0.00 661.00 766.33 831.00 860.80 3}{860.80 1042.00 1246.00 1351.00 1721.60 3}{1721.60 1915.00 2063.33 2152.00 2582.40 3}{2582.40 0.00 0.00 0.00 3443.20 0}{3443.20 4108.00 4108.00 4108.00 4304.00 1}
1c 9999 

RANKS: 1 -1 0 4 1
EVENT19: 1113 4822b2_482632_48276b_48285f
COMP 4b-0: 46a6e7_46aa47_46ab8a_46ac7c (1 477553.00 0 477553.00 0 477553.00){0.00 0.00 0.00 0.00 191021.20 0}{191021.20 0.00 0.00 0.00 382042.40 0}{382042.40 477553.00 477553.00 477553.00 573063.60 1}{573063.60 0.00 0.00 0.00 764084.80 0}{764084.80 0.00 0.00 0.00 955106.00 0}
COMP 4b-1: 47d7f1_47dbb6_47dd20_47de3f (1 22139.00 0 22139.00 0 22139.00){0.00 0.00 0.00 0.00 8855.60 0}{8855.60 0.00 0.00 0.00 17711.20 0}{17711.20 22139.00 22139.00 22139.00 26566.80 1}{26566.80 0.00 0.00 0.00 35422.40 0}{35422.40 0.00 0.00 0.00 44278.00 0}
COMP 4b-2: 4822b2_482632_48276b_48285f (2 86920.00 1 86858.00 1 86951.00){0.00 0.00 0.00 0.00 34780.40 0}{34780.40 0.00 0.00 0.00 69560.80 0}{69560.80 86858.00 86904.50 86951.00 104341.20 2}{104341.20 0.00 0.00 0.00 139121.60 0}{139121.60 0.00 0.00 0.00 173902.00 0}
COMP 4b-3: 48b20d_48b491_48b565_48b61e (10 24361.64 2 553.00 0 87498.00){0.00 553.00 712.50 854.00 34999.20 8}{34999.20 0.00 0.00 0.00 69998.40 0}{69998.40 87282.00 87390.00 87498.00 104997.60 2}{104997.60 0.00 0.00 0.00 139996.80 0}{139996.80 0.00 0.00 0.00 174996.00 0}
COMM 4b-0: 46a6e7_46aa47_46ab8a_46ac7c (1 566.00 0 566.00 0 566.00){0.00 0.00 0.00 0.00 226.40 0}{226.40 0.00 0.00 0.00 452.80 0}{452.80 566.00 566.00 566.00 679.20 1}{679.20 0.00 0.00 0.00 905.60 0}{905.60 0.00 0.00 0.00 1132.00 0}
COMM 4b-1: 47d7f1_47dbb6_47dd20_47de3f (1 564.00 0 564.00 0 564.00){0.00 0.00 0.00 0.00 225.60 0}{225.60 0.00 0.00 0.00 451.20 0}{451.20 564.00 564.00 564.00 676.80 1}{676.80 0.00 0.00 0.00 902.40 0}{902.40 0.00 0.00 0.00 1128.00 0}
COMM 4b-2: 4822b2_482632_48276b_48285f (2 571.00 1 569.00 1 572.00){0.00 0.00 0.00 0.00 228.80 0}{228.80 0.00 0.00 0.00 457.60 0}{457.60 569.00 570.50 572.00 686.40 2}{686.40 0.00 0.00 0.00 915.20 0}{915.20 0.00 0.00 0.00 1144.00 0}
COMM 4b-3: 48b20d_48b491_48b565_48b61e (10 560.09 2 555.00 0 564.00){0.00 0.00 0.00 0.00 225.60 0}{225.60 0.00 0.00 0.00 451.20 0}{451.20 555.00 559.70 564.00 676.80 10}{676.80 0.00 0.00 0.00 902.40 0}{902.40 0.00 0.00 0.00 1128.00 0}
LOOP0: iter: ( 2 )[ 1 -1 0 2 1 ] mem: ( 4 )[ 1 -1 0 1 0 ]( 1 )[ 1 -1 1 1 0 ]
LOOP1: iter: ( 2 )[ 1 -1 0 1 0 ] mem: ( 3 )[ 1 -1 0 1 0 ]
10 2 
12 131220 
14 16 
1a ( 1 2 )[ 1 -1 0 1 0 ]
1a ( 3 2 )[ 1 -1 1 2 2 ]
1a ( 2 )[ 1 -1 2 1 0 ]
1b 0 

RANKS: 1 -1 0 2 1
EVENT20: 1090 47a17e_47a553_47a6be_47a7df
COMP 4b-0: 4822b2_482632_48276b_48285f (6 7.29 0 6.00 0 13.00){0.00 0.00 0.00 0.00 2.40 0}{2.40 0.00 0.00 0.00 4.80 0}{4.80 6.00 6.40 7.00 9.60 5}{9.60 0.00 0.00 0.00 12.00 0}{12.00 13.00 13.00 13.00 14.00 1}
COMM 4b-0: 4822b2_482632_48276b_48285f (6 2.00 0 2.00 0 2.00){0.00 0.00 0.00 0.00 0.80 0}{0.80 0.00 0.00 0.00 1.60 0}{1.60 2.00 2.00 2.00 2.40 6}{2.40 0.00 0.00 0.00 3.20 0}{3.20 0.00 0.00 0.00 4.00 0}
10 2 
12 131220 
14 16 
1b 0 
2b 2147483647 

RANKS: 1 -1 0 2 1
EVENT21: 1148 48b20d_48b491_48b565_48b61e
COMP 4b-0: 47a17e_47a553_47a6be_47a7df (6 6.71 0 6.00 1 8.00){0.00 0.00 0.00 0.00 2.40 0}{2.40 0.00 0.00 0.00 4.80 0}{4.80 6.00 6.25 7.00 7.20 4}{7.20 8.00 8.00 8.00 9.60 2}{9.60 0.00 0.00 0.00 12.00 0}
COMM 4b-0: 47a17e_47a553_47a6be_47a7df (6 1188.57 1 1071.00 0 1350.00){0.00 0.00 0.00 0.00 540.00 0}{540.00 1071.00 1073.25 1076.00 1080.00 4}{1080.00 1327.00 1338.50 1350.00 1620.00 2}{1620.00 0.00 0.00 0.00 2160.00 0}{2160.00 0.00 0.00 0.00 2700.00 0}
1c 9999 

RANKS: 1 -1 0 4 1
EVENT22: 1004 46a6e7_46aa47_46ab8a_46ac7c
COMP 4b-0: 4822b2_482632_48276b_48285f (4 183688.00 2 180701.00 3 188172.00){0.00 0.00 0.00 0.00 72293.20 0}{72293.20 0.00 0.00 0.00 144586.40 0}{144586.40 180701.00 184426.75 188172.00 216879.60 4}{216879.60 0.00 0.00 0.00 289172.80 0}{289172.80 0.00 0.00 0.00 361466.00 0}
COMP 4b-1: 48b20d_48b491_48b565_48b61e (4 184031.20 1 180923.00 0 188565.00){0.00 0.00 0.00 0.00 72468.40 0}{72468.40 0.00 0.00 0.00 144936.80 0}{144936.80 180923.00 184746.25 188565.00 217405.20 4}{217405.20 0.00 0.00 0.00 289873.60 0}{289873.60 0.00 0.00 0.00 362342.00 0}
COMM 4b-0: 4822b2_482632_48276b_48285f (4 732.60 2 508.00 3 939.00){0.00 0.00 0.00 0.00 375.60 0}{375.60 508.00 511.50 515.00 751.20 2}{751.20 762.00 850.50 939.00 1126.80 2}{1126.80 0.00 0.00 0.00 1502.40 0}{1502.40 0.00 0.00 0.00 1878.00 0}
COMM 4b-1: 48b20d_48b491_48b565_48b61e (4 305.00 0 24.00 1 797.00){0.00 0.00 0.00 0.00 10.40 0}{10.40 0.00 0.00 0.00 20.80 0}{20.80 24.00 25.00 26.00 41.60 2}{41.60 0.00 0.00 0.00 52.00 0}{52.00 652.00 724.50 797.00 1252.00 2}
10 2 
12 1 5 
14 16 
18 1 3 

RANKS: 1 -1 0 4 1
EVENT23: 1010 46d078_46d2ad_46d351_46d3cd
COMP 4b-0: 46a6e7_46aa47_46ab8a_46ac7c (4 9.00 3 8.00 2 10.00){0.00 0.00 0.00 0.00 3.60 0}{3.60 0.00 0.00 0.00 7.20 0}{7.20 8.00 9.00 10.00 10.80 4}{10.80 0.00 0.00 0.00 14.40 0}{14.40 0.00 0.00 0.00 18.00 0}
COMM 4b-0: 46a6e7_46aa47_46ab8a_46ac7c (4 18.40 1 5.00 3 29.00){0.00 5.00 5.00 5.00 9.20 1}{9.20 12.00 12.00 12.00 18.40 1}{18.40 23.00 23.00 23.00 27.60 1}{27.60 29.00 29.00 29.00 36.80 1}{36.80 0.00 0.00 0.00 46.00 0}
10 2 

RANKS: 1 -1 2 1 0
EVENT24: 1102 47d7f1_47dbb6_47dd20_47de3f
COMP 4b-0: 46d078_46d2ad_46d351_46d3cd (1 8738.00 2 8738.00 2 8738.00){0.00 0.00 0.00 0.00 3495.20 0}{3495.20 0.00 0.00 0.00 6990.40 0}{6990.40 8738.00 8738.00 8738.00 10485.60 1}{10485.60 0.00 0.00 0.00 13980.80 0}{13980.80 0.00 0.00 0.00 17476.00 0}
COMP 4b-1: 4822b2_482632_48276b_48285f (319 921.97 2 883.00 2 1027.00){0.00 0.00 0.00 0.00 380.40 0}{380.40 0.00 0.00 0.00 760.80 0}{760.80 883.00 921.88 1027.00 1141.20 319}{1141.20 0.00 0.00 0.00 1521.60 0}{1521.60 0.00 0.00 0.00 1902.00 0}
COMM 4b-0: 46d078_46d2ad_46d351_46d3cd (1 1676.00 2 1676.00 2 1676.00){0.00 0.00 0.00 0.00 670.40 0}{670.40 0.00 0.00 0.00 1340.80 0}{1340.80 1676.00 1676.00 1676.00 2011.20 1}{2011.20 0.00 0.00 0.00 2681.60 0}{2681.60 0.00 0.00 0.00 3352.00 0}
COMM 4b-1: 4822b2_482632_48276b_48285f (319 14.32 2 2.00 2 3070.00){0.00 2.00 2.00 2.00 2.40 1}{2.40 3.00 3.67 6.00 6.00 253}{6.00 7.00 8.94 11.00 12.00 63}{12.00 17.00 17.00 17.00 22.00 1}{22.00 3070.00 3070.00 3070.00 6118.00 1}
LOOP0: iter: ( 320 )[ 1 -1 2 1 0 ] mem: ( 2 )[ 1 -1 2 1 0 ]
10 2 
12 400 
14 16 
1b 0 
2b 2 2 2 2 2 2 2 2 2 2 2 2 2 2 2 2 2 2 2 2 2 2 2 2 2 2 2 2 2 2 2 2 2 2 2 2 2 2 2 2 2 2 2 2 2 2 2 2 2 2 2 2 2 2 2 2 2 2 2 2 2 2 2 2 2 2 2 2 2 2 2 2 2 2 2 2 2 2 2 2 2 2 2 2 2 2 2 2 2 2 2 2 2 2 2 2 2 2 2 2 2 2 2 2 2 2 2 2 2 2 2 2 2 2 2 2 2 2 2 2 2 2 2 2 2 2 2 2 2 2 2 2 2 2 2 2 2 2 2 2 2 2 2 2 2 2 2 2 2 2 2 2 2 2 2 2 2 2 2 2 1 1 1 1 1 1 1 1 1 1 1 1 1 1 1 1 1 1 1 1 1 1 1 1 1 1 1 1 1 1 1 1 1 1 1 1 1 1 1 1 1 1 1 1 1 1 1 1 1 1 1 1 1 1 1 1 1 1 1 1 1 1 1 1 1 1 1 1 1 1 1 1 1 1 1 1 1 1 1 1 1 1 1 1 1 1 1 1 1 1 1 1 1 1 1 1 1 1 1 1 1 1 1 1 1 1 1 1 1 1 1 1 1 1 1 1 1 1 1 1 1 1 1 1 1 1 1 1 1 1 1 1 1 1 1 1 1 1 1 1 1 1 1 1 1 1 1 1 1 1 1 1 1 1 1 1 1 1 1 1 

RANKS: 1 -1 0 2 2
EVENT25: 1113 4822b2_482632_48276b_48285f
COMP 4b-0: 46d078_46d2ad_46d351_46d3cd (1 10361.00 0 10361.00 0 10361.00){0.00 0.00 0.00 0.00 4144.40 0}{4144.40 0.00 0.00 0.00 8288.80 0}{8288.80 10361.00 10361.00 10361.00 12433.20 1}{12433.20 0.00 0.00 0.00 16577.60 0}{16577.60 0.00 0.00 0.00 20722.00 0}
COMP 4b-1: 47d7f1_47dbb6_47dd20_47de3f (320 1220.17 2 1176.00 2 1284.00){0.00 0.00 0.00 0.00 512.00 0}{512.00 0.00 0.00 0.00 1024.00 0}{1024.00 1176.00 1219.99 1284.00 1536.00 320}{1536.00 0.00 0.00 0.00 2048.00 0}{2048.00 0.00 0.00 0.00 2560.00 0}
COMP 4b-2: 4822b2_482632_48276b_48285f (79431 1102.09 0 4.00 0 2590.00){0.00 0.00 0.00 0.00 2.00 0}{2.00 4.00 4.00 4.00 4.00 6}{4.00 5.00 6.10 8.00 8.00 39770}{8.00 0.00 0.00 0.00 10.00 0}{10.00 13.00 2201.45 2590.00 4386.00 39655}
COMP 4b-3: 48b20d_48b491_48b565_48b61e (248 191407.71 0 191261.00 0 192121.00){0.00 0.00 0.00 0.00 76538.00 0}{76538.00 0.00 0.00 0.00 153076.00 0}{153076.00 191261.00 191407.96 192121.00 229614.00 248}{229614.00 0.00 0.00 0.00 306152.00 0}{306152.00 0.00 0.00 0.00 382690.00 0}
COMM 4b-0: 46d078_46d2ad_46d351_46d3cd (1 11.00 0 11.00 0 11.00){0.00 0.00 0.00 0.00 4.40 0}{4.40 0.00 0.00 0.00 8.80 0}{8.80 11.00 11.00 11.00 13.20 1}{13.20 0.00 0.00 0.00 17.60 0}{17.60 0.00 0.00 0.00 22.00 0}
COMM 4b-1: 47d7f1_47dbb6_47dd20_47de3f (320 3.25 2 2.00 2 17.00){0.00 2.00 2.93 4.00 6.40 310}{6.40 8.00 8.00 8.00 9.60 1}{9.60 10.00 11.33 12.00 12.80 3}{12.80 13.00 13.60 15.00 16.00 5}{16.00 17.00 17.00 17.00 18.00 1}
COMM 4b-2: 4822b2_482632_48276b_48285f (79431 2.89 0 1.00 0 195.00){0.00 1.00 1.93 2.00 2.40 38372}{2.40 2.49 2.98 3.07 3.60 34644}{3.60 4.00 4.00 5.00 6.00 5114}{6.00 9.00 24.22 45.00 46.00 1299}{46.00 194.00 194.50 195.00 342.00 2}
COMM 4b-3: 48b20d_48b491_48b565_48b61e (248 10.31 0 9.00 0 11.00){0.00 0.00 0.00 0.00 4.00 0}{4.00 0.00 0.00 0.00 8.00 0}{8.00 9.00 10.31 11.00 12.00 248}{12.00 0.00 0.00 0.00 16.00 0}{16.00 0.00 0.00 0.00 20.00 0}
LOOP0: iter: ( 249 )[ 1 -1 0 1 0 ] mem: ( 5 )[ 1 -1 0 1 0 ]
LOOP1: iter: ( 320 )[ 1 -1 0 1 0 ] mem: ( 1 )[ 1 -1 0 1 0 ]
10 2 
12 400 
14 16 
1a ( 1 2 )[ 1 -1 0 1 0 ]
1a ( 1 1 1 1 1 1 1 1 1 1 1 1 1 1 1 1 1 1 1 1 1 1 1 1 1 1 1 1 1 1 1 1 1 1 1 1 1 1 1 1 1 1 1 1 1 1 1 1 1 1 1 1 1 1 1 1 1 1 1 1 1 1 1 1 1 1 1 1 1 1 1 1 1 1 1 1 1 1 1 1 1 1 1 1 1 1 1 1 1 1 1 1 1 1 1 1 1 1 1 1 1 1 1 1 1 1 1 1 1 1 1 1 1 1 1 1 1 1 1 1 1 1 1 1 1 1 1 1 1 1 1 1 1 1 1 1 1 1 1 1 1 1 1 1 1 1 1 1 1 1 1 1 1 1 1 1 1 1 1 1 2 2 2 2 2 2 2 2 2 2 2 2 2 2 2 2 2 2 2 2 2 2 2 2 2 2 2 2 2 2 2 2 2 2 2 2 2 2 2 2 2 2 2 2 2 2 2 2 2 2 2 2 2 2 2 2 2 2 2 2 2 2 2 2 2 2 2 2 2 2 2 2 2 2 2 2 2 2 2 2 2 2 2 2 2 2 2 2 2 2 2 2 2 2 2 2 2 2 2 2 2 2 2 2 2 2 2 2 2 2 2 2 2 2 2 2 2 2 2 2 2 2 2 2 2 2 2 2 2 2 2 2 2 2 2 2 2 2 2 2 2 2 2 2 2 2 2 2 2 2 2 2 2 2 2 2 2 2 2 2 )[ 1 -1 2 1 0 ]
1b 0 

RANKS: 2 -1 0 2 1 -1 3 1 0
EVENT26: 1102 47d7f1_47dbb6_47dd20_47de3f
COMP 4b-0: 46d078_46d2ad_46d351_46d3cd (2 8695.33 1 8667.00 3 8752.00){0.00 0.00 0.00 0.00 3466.80 0}{3466.80 0.00 0.00 0.00 6933.60 0}{6933.60 8667.00 8709.50 8752.00 10400.40 2}{10400.40 0.00 0.00 0.00 13867.20 0}{13867.20 0.00 0.00 0.00 17334.00 0}
COMP 4b-1: 47d7f1_47dbb6_47dd20_47de3f (158862 1066.89 0 6.00 3 2533.00){0.00 0.00 0.00 0.00 2.40 0}{2.40 0.00 0.00 0.00 4.80 0}{4.80 6.00 7.57 9.00 9.60 79520}{9.60 10.00 10.00 10.00 12.00 6}{12.00 14.00 2128.77 2533.00 4118.00 79336}
COMP 4b-2: 4822b2_482632_48276b_48285f (79928 1508.74 1 882.00 3 190349.00){0.00 0.00 0.00 0.00 358.00 0}{358.00 0.00 0.00 0.00 716.00 0}{716.00 882.00 923.15 923.26 1074.00 79660}{1074.00 1109.00 1160.85 1281.00 1790.00 20}{1790.00 189504.00 189635.75 190349.00 378908.00 248}
COMP 4b-3: 48b20d_48b491_48b565_48b61e (248 189708.82 1 189562.00 1 190606.00){0.00 0.00 0.00 0.00 75824.80 0}{75824.80 0.00 0.00 0.00 151649.60 0}{151649.60 189562.00 189709.41 190606.00 227474.40 248}{227474.40 0.00 0.00 0.00 303299.20 0}{303299.20 0.00 0.00 0.00 379124.00 0}
COMM 4b-0: 46d078_46d2ad_46d351_46d3cd (2 2135.33 1 1710.00 3 2986.00){0.00 0.00 0.00 0.00 684.00 0}{684.00 0.00 0.00 0.00 1368.00 0}{1368.00 1710.00 1710.00 1710.00 2052.00 1}{2052.00 0.00 0.00 0.00 2736.00 0}{2736.00 2986.00 2986.00 2986.00 3420.00 1}
COMM 4b-1: 47d7f1_47dbb6_47dd20_47de3f (158862 8.84 0 1.00 0 371.00){0.00 1.00 8.55 40.00 40.00 158228}{40.00 40.14 49.21 66.00 66.00 445}{66.00 67.00 67.17 68.00 68.00 6}{68.00 69.00 122.44 200.00 200.00 133}{200.00 201.00 229.62 371.00 542.00 50}
COMM 4b-2: 4822b2_482632_48276b_48285f (79928 47.07 1 2.00 0 7077.00){0.00 2.00 26.44 1548.77 2463.60 79678}{2463.60 4037.00 4037.00 4037.00 4927.20 1}{4927.20 6069.00 6609.35 7077.00 7390.80 249}{7390.80 0.00 0.00 0.00 9854.40 0}{9854.40 0.00 0.00 0.00 12318.00 0}
COMM 4b-3: 48b20d_48b491_48b565_48b61e (248 2107.55 1 1485.00 1 2520.00){0.00 0.00 0.00 0.00 859.60 0}{859.60 1485.00 1546.00 1607.00 1719.20 2}{1719.20 1806.00 2111.94 2520.00 2578.80 246}{2578.80 0.00 0.00 0.00 3438.40 0}{3438.40 0.00 0.00 0.00 4298.00 0}
LOOP0: iter: ( 320 )[ 1 -1 0 1 0 ]( 249 )[ 1 -1 1 2 2 ] mem: ( 1 )[ 1 -1 0 1 0 ]( 7 )[ 1 -1 1 1 0 ]( 5 )[ 1 -1 3 1 0 ]
LOOP1: iter: ( 320 )[ 1 -1 1 2 2 ] mem: ( 2 )[ 1 -1 1 1 0 ]( 1 )[ 1 -1 3 1 0 ]
10 2 
12 400 
14 16 
1b 0 
2b ( 1 2 )[ 1 -1 0 1 0 ]
2b ( 3 3 3 3 3 3 3 3 3 3 3 3 3 3 3 3 3 3 3 3 3 3 3 3 3 3 3 3 3 3 3 3 3 3 3 3 3 3 3 3 3 3 3 3 3 3 3 3 3 3 3 3 3 3 3 3 3 3 3 3 3 3 3 3 3 3 3 3 3 3 3 3 3 3 3 3 3 3 3 3 3 3 3 3 3 3 3 3 3 3 3 3 3 3 3 3 3 3 3 3 3 3 3 3 3 3 3 3 3 3 3 3 3 3 3 3 3 3 3 3 3 3 3 3 3 3 3 3 3 3 3 3 3 3 3 3 3 3 3 3 3 3 3 3 3 3 3 3 3 3 3 3 3 3 3 3 3 3 3 3 2 2 2 2 2 2 2 2 2 2 2 2 2 2 2 2 2 2 2 2 2 2 2 2 2 2 2 2 2 2 2 2 2 2 2 2 2 2 2 2 2 2 2 2 2 2 2 2 2 2 2 2 2 2 2 2 2 2 2 2 2 2 2 2 2 2 2 2 2 2 2 2 2 2 2 2 2 2 2 2 2 2 2 2 2 2 2 2 2 2 2 2 2 2 2 2 2 2 2 2 2 2 2 2 2 2 2 2 2 2 2 2 2 2 2 2 2 2 2 2 2 2 2 2 2 2 2 2 2 2 2 2 2 2 2 2 2 2 2 2 2 2 2 2 2 2 2 2 2 2 2 2 2 2 2 2 2 2 2 2 )[ 1 -1 1 1 0 ]
2b ( 3 2 )[ 1 -1 3 1 0 ]

RANKS: 1 -1 0 4 1
EVENT27: 1113 4822b2_482632_48276b_48285f
COMP 4b-0: 47d7f1_47dbb6_47dd20_47de3f (80178 1291.72 1 1175.00 0 22350.00){0.00 1175.00 1226.52 3345.00 8850.00 79929}{8850.00 0.00 0.00 0.00 17700.00 0}{17700.00 22100.00 22135.39 22350.00 26550.00 249}{26550.00 0.00 0.00 0.00 35400.00 0}{35400.00 0.00 0.00 0.00 44250.00 0}
COMP 4b-1: 4822b2_482632_48276b_48285f (79432 1030.83 3 5.00 2 20921.00){0.00 0.00 0.00 0.00 2.40 0}{2.40 0.00 0.00 0.00 4.80 0}{4.80 5.00 6.10 8.00 12.00 39773}{12.00 13.00 2058.05 2269.00 4146.00 39658}{4146.00 20921.00 20921.00 20921.00 37696.00 1}
COMP 4b-2: 48b20d_48b491_48b565_48b61e (249 87301.25 0 87230.00 0 87636.00){0.00 0.00 0.00 0.00 34907.20 0}{34907.20 0.00 0.00 0.00 69814.40 0}{69814.40 87230.00 87301.38 87636.00 104721.60 249}{104721.60 0.00 0.00 0.00 139628.80 0}{139628.80 0.00 0.00 0.00 174536.00 0}
COMM 4b-0: 47d7f1_47dbb6_47dd20_47de3f (80178 5.13 1 2.00 0 582.00){0.00 2.00 3.38 33.00 225.60 79929}{225.60 0.00 0.00 0.00 451.20 0}{451.20 562.00 563.93 582.00 676.80 249}{676.80 0.00 0.00 0.00 902.40 0}{902.40 0.00 0.00 0.00 1128.00 0}
COMM 4b-1: 4822b2_482632_48276b_48285f (79432 2.84 3 1.00 2 568.00){0.00 1.00 1.88 2.00 2.40 40269}{2.40 2.48 3.10 4.00 4.00 37817}{4.00 5.00 23.36 35.00 42.00 1344}{42.00 60.00 60.00 60.00 78.00 1}{78.00 568.00 568.00 568.00 1058.00 1}
COMM 4b-2: 48b20d_48b491_48b565_48b61e (249 563.96 0 562.00 0 576.00){0.00 0.00 0.00 0.00 225.60 0}{225.60 0.00 0.00 0.00 451.20 0}{451.20 562.00 563.96 576.00 676.80 249}{676.80 0.00 0.00 0.00 902.40 0}{902.40 0.00 0.00 0.00 1128.00 0}
LOOP0: iter: ( 2 )[ 1 -1 0 1 0 ]( 320 )[ 1 -1 3 1 0 ] mem: ( 3 )[ 1 -1 0 1 0 ]( 1 )[ 1 -1 3 1 0 ]
10 2 
12 ( 131220 )[ 1 -1 0 2 2 ]
12 ( 400 )[ 1 -1 1 2 2 ]
14 16 
1a ( 1 2 )[ 1 -1 0 1 0 ]
1a ( 2 2 2 2 2 2 2 2 2 2 2 2 2 2 2 2 2 2 2 2 2 2 2 2 2 2 2 2 2 2 2 2 2 2 2 2 2 2 2 2 2 2 2 2 2 2 2 2 2 2 2 2 2 2 2 2 2 2 2 2 2 2 2 2 2 2 2 2 2 2 2 2 2 2 2 2 2 2 2 2 2 2 2 2 2 2 2 2 2 2 2 2 2 2 2 2 2 2 2 2 2 2 2 2 2 2 2 2 2 2 2 2 2 2 2 2 2 2 2 2 2 2 2 2 2 2 2 2 2 2 2 2 2 2 2 2 2 2 2 2 2 2 2 2 2 2 2 2 2 2 2 2 2 2 2 2 2 2 2 2 3 3 3 3 3 3 3 3 3 3 3 3 3 3 3 3 3 3 3 3 3 3 3 3 3 3 3 3 3 3 3 3 3 3 3 3 3 3 3 3 3 3 3 3 3 3 3 3 3 3 3 3 3 3 3 3 3 3 3 3 3 3 3 3 3 3 3 3 3 3 3 3 3 3 3 3 3 3 3 3 3 3 3 3 3 3 3 3 3 3 3 3 3 3 3 3 3 3 3 3 3 3 3 3 3 3 3 3 3 3 3 3 3 3 3 3 3 3 3 3 3 3 3 3 3 3 3 3 3 3 3 3 3 3 3 3 3 3 3 3 3 3 3 3 3 3 3 3 3 3 3 3 3 3 3 3 3 3 3 3 )[ 1 -1 1 1 0 ]
1a ( 3 2 )[ 1 -1 3 1 0 ]
1a ( 1 )[ 1 -1 2 1 0 ]
1b 0 

RANKS: 1 -1 0 4 1
EVENT28: 1090 47a17e_47a553_47a6be_47a7df
COMP 4b-0: 4822b2_482632_48276b_48285f (1493 21263.06 0 5.00 3 86901.00){0.00 0.00 0.00 0.00 2.80 0}{2.80 5.00 5.00 5.00 5.60 38}{5.60 6.00 8.53 14.00 14.00 708}{14.00 20331.00 20459.83 20774.00 40648.00 498}{40648.00 86568.00 86633.68 86901.00 133154.00 249}
COMP 4b-1: 48b20d_48b491_48b565_48b61e (248 86964.39 2 86900.00 2 87380.00){0.00 0.00 0.00 0.00 34771.60 0}{34771.60 0.00 0.00 0.00 69543.20 0}{69543.20 86900.00 86964.53 87380.00 104314.80 248}{104314.80 0.00 0.00 0.00 139086.40 0}{139086.40 0.00 0.00 0.00 173858.00 0}
COMM 4b-0: 4822b2_482632_48276b_48285f (1493 2.29 0 1.00 3 4.00){0.00 0.00 0.00 0.00 0.80 0}{0.80 1.00 1.00 1.00 1.60 94}{1.60 2.00 2.00 2.00 2.40 874}{2.40 3.00 3.00 3.00 3.20 523}{3.20 4.00 4.00 4.00 4.00 2}
COMM 4b-1: 48b20d_48b491_48b565_48b61e (248 2.75 2 2.00 2 13.00){0.00 0.00 0.00 0.00 1.20 0}{1.20 2.00 2.00 2.00 2.40 73}{2.40 3.00 3.00 3.00 3.60 173}{3.60 4.00 4.00 4.00 6.00 1}{6.00 13.00 13.00 13.00 20.00 1}
LOOP0: iter: ( 2 )[ 1 -1 3 1 0 ]( 248 )[ 1 -1 2 1 0 ] mem: ( 3 )[ 1 -1 3 1 0 ]( 5 )[ 1 -1 2 1 0 ]
LOOP1: iter: ( 2 )[ 1 -1 2 1 0 ] mem: ( 2 )[ 1 -1 2 1 0 ]
10 2 
12 131220 
14 16 
1b 0 
2b 2147483647 

RANKS: 1 -1 0 4 1
EVENT29: 1148 48b20d_48b491_48b565_48b61e
COMP 4b-0: 47a17e_47a553_47a6be_47a7df (1741 6.18 0 5.00 3 26.00){0.00 0.00 0.00 0.00 2.40 0}{2.40 0.00 0.00 0.00 4.80 0}{4.80 5.00 6.14 7.00 7.20 1735}{7.20 8.00 8.50 9.00 12.00 2}{12.00 20.00 23.75 26.00 40.00 4}
COMM 4b-0: 47a17e_47a553_47a6be_47a7df (1741 2175.21 0 1062.00 3 5169.00){0.00 0.00 0.00 0.00 533.60 0}{533.60 1062.00 1188.54 1368.00 1600.80 746}{1600.80 1662.00 2032.69 2586.00 2668.00 500}{2668.00 3001.93 3014.01 4022.00 4104.00 247}{4104.00 4588.74 4598.48 5169.00 6234.00 248}
1c 9999 

RANKS: 1 -1 2 1 0
EVENT30: 1113 4822b2_482632_48276b_48285f
COMP 4b-0: 47d7f1_47dbb6_47dd20_47de3f (79112 1222.44 2 1177.00 2 1589.00){0.00 0.00 0.00 0.00 505.20 0}{505.20 0.00 0.00 0.00 1010.40 0}{1010.40 1177.00 1222.42 1464.00 1515.60 79109}{1515.60 1554.00 1576.33 1589.00 2020.80 3}{2020.80 0.00 0.00 0.00 2526.00 0}
COMP 4b-1: 48b20d_48b491_48b565_48b61e (248 556.90 2 550.00 2 578.00){0.00 0.00 0.00 0.00 221.60 0}{221.60 0.00 0.00 0.00 443.20 0}{443.20 550.00 556.91 578.00 664.80 248}{664.80 0.00 0.00 0.00 886.40 0}{886.40 0.00 0.00 0.00 1108.00 0}
COMM 4b-0: 47d7f1_47dbb6_47dd20_47de3f (79112 3.33 2 2.00 2 42.00){0.00 2.00 3.01 5.00 6.40 76826}{6.40 7.00 13.99 20.00 20.00 2264}{20.00 21.00 22.47 26.00 26.00 19}{26.00 27.00 28.50 30.00 34.00 2}{34.00 42.00 42.00 42.00 50.00 1}
COMM 4b-1: 48b20d_48b491_48b565_48b61e (248 554.86 2 554.00 2 564.00){0.00 0.00 0.00 0.00 222.00 0}{222.00 0.00 0.00 0.00 444.00 0}{444.00 554.00 554.86 564.00 666.00 248}{666.00 0.00 0.00 0.00 888.00 0}{888.00 0.00 0.00 0.00 1110.00 0}
LOOP0: iter: ( 320 )[ 1 -1 2 1 0 ] mem: ( 2 )[ 1 -1 2 1 0 ]
10 2 
12 131220 400 400 400 400 400 400 400 400 400 400 400 400 400 400 400 400 400 400 400 400 400 400 400 400 400 400 400 400 400 400 400 400 400 400 400 400 400 400 400 400 400 400 400 400 400 400 400 400 400 400 400 400 400 400 400 400 400 400 400 400 400 400 400 400 400 400 400 400 400 400 400 400 400 400 400 400 400 400 400 400 400 400 400 400 400 400 400 400 400 400 400 400 400 400 400 400 400 400 400 400 400 400 400 400 400 400 400 400 400 400 400 400 400 400 400 400 400 400 400 400 400 400 400 400 400 400 400 400 400 400 400 400 400 400 400 400 400 400 400 400 400 400 400 400 400 400 400 400 400 400 400 400 400 400 400 400 400 400 400 400 400 400 400 400 400 400 400 400 400 400 400 400 400 400 400 400 400 400 400 400 400 400 400 400 400 400 400 400 400 400 400 400 400 400 400 400 400 400 400 400 400 400 400 400 400 400 400 400 400 400 400 400 400 400 400 400 400 400 400 400 400 400 400 400 400 400 400 400 400 400 400 400 400 400 400 400 400 400 400 400 400 400 400 400 400 400 400 400 400 400 400 400 400 400 400 400 400 400 400 400 400 400 400 400 400 400 400 400 400 400 400 400 400 400 400 400 400 400 400 400 400 400 400 400 400 400 400 400 400 400 400 400 400 400 400 400 400 400 400 400 400 400 400 400 400 400 400 400 400 400 400 400 400 400 400 400 400 400 400 
14 16 
1a 2 1 1 1 1 1 1 1 1 1 1 1 1 1 1 1 1 1 1 1 1 1 1 1 1 1 1 1 1 1 1 1 1 1 1 1 1 1 1 1 1 1 1 1 1 1 1 1 1 1 1 1 1 1 1 1 1 1 1 1 1 1 1 1 1 1 1 1 1 1 1 1 1 1 1 1 1 1 1 1 1 1 1 1 1 1 1 1 1 1 1 1 1 1 1 1 1 1 1 1 1 1 1 1 1 1 1 1 1 1 1 1 1 1 1 1 1 1 1 1 1 1 1 1 1 1 1 1 1 1 1 1 1 1 1 1 1 1 1 1 1 1 1 1 1 1 1 1 1 1 1 1 1 1 1 1 1 1 1 1 1 2 2 2 2 2 2 2 2 2 2 2 2 2 2 2 2 2 2 2 2 2 2 2 2 2 2 2 2 2 2 2 2 2 2 2 2 2 2 2 2 2 2 2 2 2 2 2 2 2 2 2 2 2 2 2 2 2 2 2 2 2 2 2 2 2 2 2 2 2 2 2 2 2 2 2 2 2 2 2 2 2 2 2 2 2 2 2 2 2 2 2 2 2 2 2 2 2 2 2 2 2 2 2 2 2 2 2 2 2 2 2 2 2 2 2 2 2 2 2 2 2 2 2 2 2 2 2 2 2 2 2 2 2 2 2 2 2 2 2 2 2 2 2 2 2 2 2 2 2 2 2 2 2 2 2 2 2 2 2 
1b 0 

RANKS: 1 -1 2 1 0
EVENT31: 1102 47d7f1_47dbb6_47dd20_47de3f
COMP 4b-0: 4822b2_482632_48276b_48285f (79360 1511.41 2 879.00 2 190155.00){0.00 879.00 919.73 1212.00 75781.60 79112}{75781.60 0.00 0.00 0.00 151563.20 0}{151563.20 189362.00 189500.90 190155.00 227344.80 248}{227344.80 0.00 0.00 0.00 303126.40 0}{303126.40 0.00 0.00 0.00 378908.00 0}
COMM 4b-0: 4822b2_482632_48276b_48285f (79360 19.41 2 2.00 2 2843.00){0.00 2.00 4.79 144.00 784.80 78864}{784.80 0.00 0.00 0.00 1569.60 0}{1569.60 1825.00 2158.63 2352.00 2354.40 241}{2354.40 2381.00 2510.75 2843.00 3139.20 255}{3139.20 0.00 0.00 0.00 3924.00 0}
10 2 
12 400 
14 16 
1b 0 
2b 2 2 2 2 2 2 2 2 2 2 2 2 2 2 2 2 2 2 2 2 2 2 2 2 2 2 2 2 2 2 2 2 2 2 2 2 2 2 2 2 2 2 2 2 2 2 2 2 2 2 2 2 2 2 2 2 2 2 2 2 2 2 2 2 2 2 2 2 2 2 2 2 2 2 2 2 2 2 2 2 2 2 2 2 2 2 2 2 2 2 2 2 2 2 2 2 2 2 2 2 2 2 2 2 2 2 2 2 2 2 2 2 2 2 2 2 2 2 2 2 2 2 2 2 2 2 2 2 2 2 2 2 2 2 2 2 2 2 2 2 2 2 2 2 2 2 2 2 2 2 2 2 2 2 2 2 2 2 2 2 1 1 1 1 1 1 1 1 1 1 1 1 1 1 1 1 1 1 1 1 1 1 1 1 1 1 1 1 1 1 1 1 1 1 1 1 1 1 1 1 1 1 1 1 1 1 1 1 1 1 1 1 1 1 1 1 1 1 1 1 1 1 1 1 1 1 1 1 1 1 1 1 1 1 1 1 1 1 1 1 1 1 1 1 1 1 1 1 1 1 1 1 1 1 1 1 1 1 1 1 1 1 1 1 1 1 1 1 1 1 1 1 1 1 1 1 1 1 1 1 1 1 1 1 1 1 1 1 1 1 1 1 1 1 1 1 1 1 1 1 1 1 1 1 1 1 1 1 1 1 1 1 1 1 1 1 1 1 1 1 

RANKS: 1 -1 0 4 1
EVENT32: 1113 4822b2_482632_48276b_48285f
COMP 4b-0: 47d7f1_47dbb6_47dd20_47de3f (248 1183.23 2 1179.00 2 1230.00){0.00 0.00 0.00 0.00 472.00 0}{472.00 0.00 0.00 0.00 944.00 0}{944.00 1179.00 1183.25 1230.00 1416.00 248}{1416.00 0.00 0.00 0.00 1888.00 0}{1888.00 0.00 0.00 0.00 2360.00 0}
COMP 4b-1: 4822b2_482632_48276b_48285f (816 33256.50 0 5.00 1 87141.00){0.00 0.00 0.00 0.00 2.00 0}{2.00 0.00 0.00 0.00 4.00 0}{4.00 5.00 6.18 7.00 10.00 160}{10.00 2197.00 2205.23 2249.00 4388.00 159}{4388.00 20869.00 53961.64 87141.00 169242.00 497}
COMP 4b-2: 48b20d_48b491_48b565_48b61e (748 1271.98 3 597.00 0 191476.00){0.00 597.00 762.73 892.00 76590.40 747}{76590.40 0.00 0.00 0.00 153180.80 0}{153180.80 191476.00 191476.00 191476.00 229771.20 1}{229771.20 0.00 0.00 0.00 306361.60 0}{306361.60 0.00 0.00 0.00 382952.00 0}
COMM 4b-0: 47d7f1_47dbb6_47dd20_47de3f (248 3.08 2 2.00 2 11.00){0.00 0.00 0.00 0.00 1.20 0}{1.20 2.00 2.00 2.00 2.40 7}{2.40 3.00 3.00 3.00 3.60 222}{3.60 4.00 4.00 4.00 6.00 18}{6.00 11.00 11.00 11.00 16.00 1}
COMM 4b-1: 4822b2_482632_48276b_48285f (816 347.63 0 1.00 1 589.00){0.00 1.00 1.94 2.00 2.40 155}{2.40 3.00 3.00 3.00 3.60 133}{3.60 4.00 4.00 4.00 6.00 26}{6.00 21.00 25.20 28.00 50.00 5}{50.00 565.00 569.59 589.00 1080.00 497}
COMM 4b-2: 48b20d_48b491_48b565_48b61e (748 558.52 0 11.00 1 595.00){0.00 0.00 0.00 0.00 4.40 0}{4.40 0.00 0.00 0.00 8.80 0}{8.80 11.00 11.00 11.00 17.60 1}{17.60 0.00 0.00 0.00 22.00 0}{22.00 555.00 559.99 595.00 1088.00 747}
LOOP0: iter: ( 320 )[ 1 -1 0 1 0 ]( 2 )[ 1 -1 1 2 1 ] mem: ( 1 )[ 1 -1 0 3 1 ]
10 2 
12 ( 400 )[ 1 -1 0 1 0 ]
12 ( 131220 )[ 1 -1 1 2 2 ]
12 ( 400 131220 )[ 1 -1 2 1 0 ]
14 16 
1a ( 1 2 )[ 1 -1 0 1 0 ]
1a ( 3 2 )[ 1 -1 1 2 2 ]
1a ( 2 1 )[ 1 -1 2 1 0 ]
1b 0 

RANKS: 1 -1 1 2 1
EVENT33: 1090 47a17e_47a553_47a6be_47a7df
COMP 4b-0: 4822b2_482632_48276b_48285f (250 7.00 1 6.00 2 14.00){0.00 0.00 0.00 0.00 2.80 0}{2.80 0.00 0.00 0.00 5.60 0}{5.60 6.00 6.97 8.00 8.40 249}{8.40 0.00 0.00 0.00 11.20 0}{11.20 14.00 14.00 14.00 14.00 1}
COMP 4b-1: 48b20d_48b491_48b565_48b61e (1 86957.00 2 86957.00 2 86957.00){0.00 0.00 0.00 0.00 34782.80 0}{34782.80 0.00 0.00 0.00 69565.60 0}{69565.60 86957.00 86957.00 86957.00 104348.40 1}{104348.40 0.00 0.00 0.00 139131.20 0}{139131.20 0.00 0.00 0.00 173914.00 0}
COMM 4b-0: 4822b2_482632_48276b_48285f (250 1.82 1 1.00 1 2.00){0.00 0.00 0.00 0.00 0.80 0}{0.80 1.00 1.00 1.00 1.60 46}{1.60 2.00 2.00 2.00 2.40 204}{2.40 0.00 0.00 0.00 3.20 0}{3.20 0.00 0.00 0.00 4.00 0}
COMM 4b-1: 48b20d_48b491_48b565_48b61e (1 3.00 2 3.00 2 3.00){0.00 0.00 0.00 0.00 1.20 0}{1.20 0.00 0.00 0.00 2.40 0}{2.40 3.00 3.00 3.00 3.60 1}{3.60 0.00 0.00 0.00 4.80 0}{4.80 0.00 0.00 0.00 6.00 0}
LOOP0: iter: ( 2 )[ 1 -1 2 1 0 ] mem: ( 2 )[ 1 -1 2 1 0 ]
10 2 
12 131220 
14 16 
1b 0 
2b 2147483647 

RANKS: 1 -1 1 2 1
EVENT34: 1148 48b20d_48b491_48b565_48b61e
COMP 4b-0: 47a17e_47a553_47a6be_47a7df (251 5.90 1 5.00 1 19.00){0.00 0.00 0.00 0.00 2.40 0}{2.40 0.00 0.00 0.00 4.80 0}{4.80 5.00 5.77 7.00 12.00 248}{12.00 14.00 14.00 14.00 16.00 1}{16.00 17.00 18.00 19.00 22.00 2}
COMM 4b-0: 47a17e_47a553_47a6be_47a7df (251 1082.41 1 1058.00 2 2082.00){0.00 0.00 0.00 0.00 427.20 0}{427.20 0.00 0.00 0.00 854.40 0}{854.40 1058.00 1078.47 1120.00 1281.60 250}{1281.60 0.00 0.00 0.00 1708.80 0}{1708.80 2082.00 2082.00 2082.00 2136.00 1}
1c 9999 

RANKS: 1 -1 2 1 0
EVENT35: 1113 4822b2_482632_48276b_48285f
COMP 4b-0: 47d7f1_47dbb6_47dd20_47de3f (319 1222.70 2 1180.00 2 1298.00){0.00 0.00 0.00 0.00 508.40 0}{508.40 0.00 0.00 0.00 1016.80 0}{1016.80 1180.00 1222.55 1298.00 1525.20 319}{1525.20 0.00 0.00 0.00 2033.60 0}{2033.60 0.00 0.00 0.00 2542.00 0}
COMP 4b-1: 48b20d_48b491_48b565_48b61e (1 554.00 2 554.00 2 554.00){0.00 0.00 0.00 0.00 221.60 0}{221.60 0.00 0.00 0.00 443.20 0}{443.20 554.00 554.00 554.00 664.80 1}{664.80 0.00 0.00 0.00 886.40 0}{886.40 0.00 0.00 0.00 1108.00 0}
COMM 4b-0: 47d7f1_47dbb6_47dd20_47de3f (319 3.31 2 2.00 2 18.00){0.00 2.00 2.92 3.00 3.20 291}{3.20 4.00 4.00 4.00 6.40 19}{6.40 8.00 8.00 8.00 9.60 1}{9.60 12.00 13.86 16.00 16.00 7}{16.00 18.00 18.00 18.00 20.00 1}
COMM 4b-1: 48b20d_48b491_48b565_48b61e (1 555.00 2 555.00 2 555.00){0.00 0.00 0.00 0.00 222.00 0}{222.00 0.00 0.00 0.00 444.00 0}{444.00 555.00 555.00 555.00 666.00 1}{666.00 0.00 0.00 0.00 888.00 0}{888.00 0.00 0.00 0.00 1110.00 0}
LOOP0: iter: ( 320 )[ 1 -1 2 1 0 ] mem: ( 2 )[ 1 -1 2 1 0 ]
10 2 
12 131220 400 400 400 400 400 400 400 400 400 400 400 400 400 400 400 400 400 400 400 400 400 400 400 400 400 400 400 400 400 400 400 400 400 400 400 400 400 400 400 400 400 400 400 400 400 400 400 400 400 400 400 400 400 400 400 400 400 400 400 400 400 400 400 400 400 400 400 400 400 400 400 400 400 400 400 400 400 400 400 400 400 400 400 400 400 400 400 400 400 400 400 400 400 400 400 400 400 400 400 400 400 400 400 400 400 400 400 400 400 400 400 400 400 400 400 400 400 400 400 400 400 400 400 400 400 400 400 400 400 400 400 400 400 400 400 400 400 400 400 400 400 400 400 400 400 400 400 400 400 400 400 400 400 400 400 400 400 400 400 400 400 400 400 400 400 400 400 400 400 400 400 400 400 400 400 400 400 400 400 400 400 400 400 400 400 400 400 400 400 400 400 400 400 400 400 400 400 400 400 400 400 400 400 400 400 400 400 400 400 400 400 400 400 400 400 400 400 400 400 400 400 400 400 400 400 400 400 400 400 400 400 400 400 400 400 400 400 400 400 400 400 400 400 400 400 400 400 400 400 400 400 400 400 400 400 400 400 400 400 400 400 400 400 400 400 400 400 400 400 400 400 400 400 400 400 400 400 400 400 400 400 400 400 400 400 400 400 400 400 400 400 400 400 400 400 400 400 400 400 400 400 400 400 400 400 400 400 400 400 400 400 400 400 400 400 400 400 400 400 
14 16 
1a 2 1 1 1 1 1 1 1 1 1 1 1 1 1 1 1 1 1 1 1 1 1 1 1 1 1 1 1 1 1 1 1 1 1 1 1 1 1 1 1 1 1 1 1 1 1 1 1 1 1 1 1 1 1 1 1 1 1 1 1 1 1 1 1 1 1 1 1 1 1 1 1 1 1 1 1 1 1 1 1 1 1 1 1 1 1 1 1 1 1 1 1 1 1 1 1 1 1 1 1 1 1 1 1 1 1 1 1 1 1 1 1 1 1 1 1 1 1 1 1 1 1 1 1 1 1 1 1 1 1 1 1 1 1 1 1 1 1 1 1 1 1 1 1 1 1 1 1 1 1 1 1 1 1 1 1 1 1 1 1 1 2 2 2 2 2 2 2 2 2 2 2 2 2 2 2 2 2 2 2 2 2 2 2 2 2 2 2 2 2 2 2 2 2 2 2 2 2 2 2 2 2 2 2 2 2 2 2 2 2 2 2 2 2 2 2 2 2 2 2 2 2 2 2 2 2 2 2 2 2 2 2 2 2 2 2 2 2 2 2 2 2 2 2 2 2 2 2 2 2 2 2 2 2 2 2 2 2 2 2 2 2 2 2 2 2 2 2 2 2 2 2 2 2 2 2 2 2 2 2 2 2 2 2 2 2 2 2 2 2 2 2 2 2 2 2 2 2 2 2 2 2 2 2 2 2 2 2 2 2 2 2 2 2 2 2 2 2 2 2 
1b 0 

RANKS: 1 -1 0 4 1
EVENT36: 1102 47d7f1_47dbb6_47dd20_47de3f
COMP 4b-0: 47d7f1_47dbb6_47dd20_47de3f (638 1066.47 0 6.00 3 2523.00){0.00 0.00 0.00 0.00 2.40 0}{2.40 0.00 0.00 0.00 4.80 0}{4.80 6.00 7.58 9.00 9.60 320}{9.60 0.00 0.00 0.00 12.00 0}{12.00 2053.00 2135.35 2523.00 4104.00 318}
COMP 4b-1: 4822b2_482632_48276b_48285f (641 1509.07 2 881.00 3 189620.00){0.00 0.00 0.00 0.00 354.40 0}{354.40 0.00 0.00 0.00 708.80 0}{708.80 881.00 921.33 986.00 1063.20 638}{1063.20 1151.00 1151.00 1151.00 1772.00 1}{1772.00 189359.00 189489.50 189620.00 377468.00 2}
COMP 4b-2: 48b20d_48b491_48b565_48b61e (1 189617.00 1 189617.00 1 189617.00){0.00 0.00 0.00 0.00 75846.80 0}{75846.80 0.00 0.00 0.00 151693.60 0}{151693.60 189617.00 189617.00 189617.00 227540.40 1}{227540.40 0.00 0.00 0.00 303387.20 0}{303387.20 0.00 0.00 0.00 379234.00 0}
COMM 4b-0: 47d7f1_47dbb6_47dd20_47de3f (638 7.86 0 1.00 0 54.00){0.00 0.00 0.00 0.00 0.80 0}{0.80 1.00 1.00 1.00 1.60 12}{1.60 2.00 2.68 4.00 4.00 377}{4.00 5.00 15.30 34.00 34.00 242}{34.00 38.00 42.29 54.00 74.00 7}
COMM 4b-1: 4822b2_482632_48276b_48285f (641 44.70 1 2.00 0 6724.00){0.00 2.00 12.68 2668.00 2689.60 638}{2689.60 3494.00 3579.00 3664.00 5379.20 2}{5379.20 6724.00 6724.00 6724.00 8068.80 1}{8068.80 0.00 0.00 0.00 10758.40 0}{10758.40 0.00 0.00 0.00 13448.00 0}
COMM 4b-2: 48b20d_48b491_48b565_48b61e (1 2350.00 1 2350.00 1 2350.00){0.00 0.00 0.00 0.00 940.00 0}{940.00 0.00 0.00 0.00 1880.00 0}{1880.00 2350.00 2350.00 2350.00 2820.00 1}{2820.00 0.00 0.00 0.00 3760.00 0}{3760.00 0.00 0.00 0.00 4700.00 0}
LOOP0: iter: ( 320 )[ 2 -1 0 2 1 -1 3 1 0 ] mem: ( 1 )[ 1 -1 0 2 3 ]( 2 )[ 1 -1 1 1 0 ]
10 2 
12 400 
14 16 
1b 0 
2b ( 1 2 )[ 1 -1 0 1 0 ]
2b ( 3 3 3 3 3 3 3 3 3 3 3 3 3 3 3 3 3 3 3 3 3 3 3 3 3 3 3 3 3 3 3 3 3 3 3 3 3 3 3 3 3 3 3 3 3 3 3 3 3 3 3 3 3 3 3 3 3 3 3 3 3 3 3 3 3 3 3 3 3 3 3 3 3 3 3 3 3 3 3 3 3 3 3 3 3 3 3 3 3 3 3 3 3 3 3 3 3 3 3 3 3 3 3 3 3 3 3 3 3 3 3 3 3 3 3 3 3 3 3 3 3 3 3 3 3 3 3 3 3 3 3 3 3 3 3 3 3 3 3 3 3 3 3 3 3 3 3 3 3 3 3 3 3 3 3 3 3 3 3 3 2 2 2 2 2 2 2 2 2 2 2 2 2 2 2 2 2 2 2 2 2 2 2 2 2 2 2 2 2 2 2 2 2 2 2 2 2 2 2 2 2 2 2 2 2 2 2 2 2 2 2 2 2 2 2 2 2 2 2 2 2 2 2 2 2 2 2 2 2 2 2 2 2 2 2 2 2 2 2 2 2 2 2 2 2 2 2 2 2 2 2 2 2 2 2 2 2 2 2 2 2 2 2 2 2 2 2 2 2 2 2 2 2 2 2 2 2 2 2 2 2 2 2 2 2 2 2 2 2 2 2 2 2 2 2 2 2 2 2 2 2 2 2 2 2 2 2 2 2 2 2 2 2 2 2 2 2 2 2 2 )[ 1 -1 1 1 0 ]
2b ( 3 2 )[ 1 -1 3 1 0 ]
2b ( 2 2 2 2 2 2 2 2 2 2 2 2 2 2 2 2 2 2 2 2 2 2 2 2 2 2 2 2 2 2 2 2 2 2 2 2 2 2 2 2 2 2 2 2 2 2 2 2 2 2 2 2 2 2 2 2 2 2 2 2 2 2 2 2 2 2 2 2 2 2 2 2 2 2 2 2 2 2 2 2 2 2 2 2 2 2 2 2 2 2 2 2 2 2 2 2 2 2 2 2 2 2 2 2 2 2 2 2 2 2 2 2 2 2 2 2 2 2 2 2 2 2 2 2 2 2 2 2 2 2 2 2 2 2 2 2 2 2 2 2 2 2 2 2 2 2 2 2 2 2 2 2 2 2 2 2 2 2 2 2 1 1 1 1 1 1 1 1 1 1 1 1 1 1 1 1 1 1 1 1 1 1 1 1 1 1 1 1 1 1 1 1 1 1 1 1 1 1 1 1 1 1 1 1 1 1 1 1 1 1 1 1 1 1 1 1 1 1 1 1 1 1 1 1 1 1 1 1 1 1 1 1 1 1 1 1 1 1 1 1 1 1 1 1 1 1 1 1 1 1 1 1 1 1 1 1 1 1 1 1 1 1 1 1 1 1 1 1 1 1 1 1 1 1 1 1 1 1 1 1 1 1 1 1 1 1 1 1 1 1 1 1 1 1 1 1 1 1 1 1 1 1 1 1 1 1 1 1 1 1 1 1 1 1 1 1 1 1 1 1 )[ 1 -1 2 1 0 ]

RANKS: 1 -1 1 3 1
EVENT37: 1113 4822b2_482632_48276b_48285f
COMP 4b-0: 47d7f1_47dbb6_47dd20_47de3f (322 1226.49 1 1177.00 3 3318.00){0.00 0.00 0.00 0.00 508.40 0}{508.40 0.00 0.00 0.00 1016.80 0}{1016.80 1177.00 1219.83 1275.00 2033.60 321}{2033.60 0.00 0.00 0.00 2542.00 0}{2542.00 3318.00 3318.00 3318.00 4094.00 1}
COMP 4b-1: 4822b2_482632_48276b_48285f (319 1027.36 3 5.00 3 2096.00){0.00 0.00 0.00 0.00 2.00 0}{2.00 0.00 0.00 0.00 4.00 0}{4.00 5.00 6.17 7.00 8.00 160}{8.00 0.00 0.00 0.00 10.00 0}{10.00 2051.00 2061.40 2096.00 4092.00 159}
COMM 4b-0: 47d7f1_47dbb6_47dd20_47de3f (322 3.37 1 2.00 1 17.00){0.00 2.00 2.00 2.00 2.80 17}{2.80 3.00 3.12 4.00 5.60 295}{5.60 7.00 7.50 8.00 11.20 2}{11.20 12.00 12.60 14.00 14.00 5}{14.00 16.00 16.67 17.00 20.00 3}
COMM 4b-1: 4822b2_482632_48276b_48285f (319 2.89 3 1.00 3 26.00){0.00 1.00 1.91 2.00 2.40 161}{2.40 3.00 3.00 3.00 3.60 131}{3.60 4.00 4.00 4.00 4.80 19}{4.80 5.00 5.00 5.00 6.00 2}{6.00 10.00 22.50 26.00 44.00 6}
LOOP0: iter: ( 320 )[ 1 -1 3 1 0 ] mem: ( 1 )[ 1 -1 3 1 0 ]
10 2 
12 400 
14 16 
1a ( 2 2 2 2 2 2 2 2 2 2 2 2 2 2 2 2 2 2 2 2 2 2 2 2 2 2 2 2 2 2 2 2 2 2 2 2 2 2 2 2 2 2 2 2 2 2 2 2 2 2 2 2 2 2 2 2 2 2 2 2 2 2 2 2 2 2 2 2 2 2 2 2 2 2 2 2 2 2 2 2 2 2 2 2 2 2 2 2 2 2 2 2 2 2 2 2 2 2 2 2 2 2 2 2 2 2 2 2 2 2 2 2 2 2 2 2 2 2 2 2 2 2 2 2 2 2 2 2 2 2 2 2 2 2 2 2 2 2 2 2 2 2 2 2 2 2 2 2 2 2 2 2 2 2 2 2 2 2 2 2 3 3 3 3 3 3 3 3 3 3 3 3 3 3 3 3 3 3 3 3 3 3 3 3 3 3 3 3 3 3 3 3 3 3 3 3 3 3 3 3 3 3 3 3 3 3 3 3 3 3 3 3 3 3 3 3 3 3 3 3 3 3 3 3 3 3 3 3 3 3 3 3 3 3 3 3 3 3 3 3 3 3 3 3 3 3 3 3 3 3 3 3 3 3 3 3 3 3 3 3 3 3 3 3 3 3 3 3 3 3 3 3 3 3 3 3 3 3 3 3 3 3 3 3 3 3 3 3 3 3 3 3 3 3 3 3 3 3 3 3 3 3 3 3 3 3 3 3 3 3 3 3 3 3 3 3 3 3 3 3 )[ 1 -1 1 1 0 ]
1a ( 3 2 )[ 1 -1 3 1 0 ]
1a ( 2 )[ 1 -1 2 1 0 ]
1b 0 

RANKS: 1 -1 0 4 1
EVENT38: 1004 46a6e7_46aa47_46ab8a_46ac7c
COMP 4b-0: 47d7f1_47dbb6_47dd20_47de3f (1 19016.00 0 19016.00 0 19016.00){0.00 0.00 0.00 0.00 7606.40 0}{7606.40 0.00 0.00 0.00 15212.80 0}{15212.80 19016.00 19016.00 19016.00 22819.20 1}{22819.20 0.00 0.00 0.00 30425.60 0}{30425.60 0.00 0.00 0.00 38032.00 0}
COMP 4b-1: 4822b2_482632_48276b_48285f (3 17950.00 3 17926.00 1 17962.00){0.00 0.00 0.00 0.00 7184.80 0}{7184.80 0.00 0.00 0.00 14369.60 0}{14369.60 17926.00 17946.00 17962.00 21554.40 3}{21554.40 0.00 0.00 0.00 28739.20 0}{28739.20 0.00 0.00 0.00 35924.00 0}
COMM 4b-0: 47d7f1_47dbb6_47dd20_47de3f (1 25.00 0 25.00 0 25.00){0.00 0.00 0.00 0.00 10.00 0}{10.00 0.00 0.00 0.00 20.00 0}{20.00 25.00 25.00 25.00 30.00 1}{30.00 0.00 0.00 0.00 40.00 0}{40.00 0.00 0.00 0.00 50.00 0}
COMM 4b-1: 4822b2_482632_48276b_48285f (3 2421.75 2 1127.00 3 4682.00){0.00 0.00 0.00 0.00 775.60 0}{775.60 1127.00 1127.00 1127.00 1551.20 1}{1551.20 1939.00 1939.00 1939.00 3102.40 1}{3102.40 0.00 0.00 0.00 3878.00 0}{3878.00 4682.00 4682.00 4682.00 5486.00 1}
10 2 
12 5 
14 16 
18 3 

RANKS: 1 -1 0 2 2
EVENT39: 1113 4822b2_482632_48276b_48285f
COMP 4b-0: 46a6e7_46aa47_46ab8a_46ac7c (2 10398.00 2 10300.00 0 10447.00){0.00 0.00 0.00 0.00 4178.80 0}{4178.80 0.00 0.00 0.00 8357.60 0}{8357.60 10300.00 10373.50 10447.00 12536.40 2}{12536.40 0.00 0.00 0.00 16715.20 0}{16715.20 0.00 0.00 0.00 20894.00 0}
COMP 4b-1: 48b20d_48b491_48b565_48b61e (1 87285.00 0 87285.00 0 87285.00){0.00 0.00 0.00 0.00 34914.00 0}{34914.00 0.00 0.00 0.00 69828.00 0}{69828.00 87285.00 87285.00 87285.00 104742.00 1}{104742.00 0.00 0.00 0.00 139656.00 0}{139656.00 0.00 0.00 0.00 174570.00 0}
COMM 4b-0: 46a6e7_46aa47_46ab8a_46ac7c (2 566.33 0 564.00 2 571.00){0.00 0.00 0.00 0.00 225.60 0}{225.60 0.00 0.00 0.00 451.20 0}{451.20 564.00 567.50 571.00 676.80 2}{676.80 0.00 0.00 0.00 902.40 0}{902.40 0.00 0.00 0.00 1128.00 0}
COMM 4b-1: 48b20d_48b491_48b565_48b61e (1 566.00 0 566.00 0 566.00){0.00 0.00 0.00 0.00 226.40 0}{226.40 0.00 0.00 0.00 452.80 0}{452.80 566.00 566.00 566.00 679.20 1}{679.20 0.00 0.00 0.00 905.60 0}{905.60 0.00 0.00 0.00 1132.00 0}
LOOP0: iter: ( 2 )[ 1 -1 0 1 0 ] mem: ( 3 )[ 1 -1 0 1 0 ]
10 2 
12 131220 
14 16 
1a ( 1 2 )[ 1 -1 0 1 0 ]
1a ( 1 )[ 1 -1 2 1 0 ]
1b 0 

RANKS: 1 -1 0 4 1
EVENT40: 1090 47a17e_47a553_47a6be_47a7df
COMP 4b-0: 46a6e7_46aa47_46ab8a_46ac7c (2 9818.67 3 9766.00 1 9845.00){0.00 0.00 0.00 0.00 3938.00 0}{3938.00 0.00 0.00 0.00 7876.00 0}{7876.00 9766.00 9805.50 9845.00 11814.00 2}{11814.00 0.00 0.00 0.00 15752.00 0}{15752.00 0.00 0.00 0.00 19690.00 0}
COMP 4b-1: 4822b2_482632_48276b_48285f (4 17329.20 0 6.00 3 86621.00){0.00 0.00 0.00 0.00 2.40 0}{2.40 0.00 0.00 0.00 4.80 0}{4.80 6.00 6.33 7.00 9.60 3}{9.60 0.00 0.00 0.00 12.00 0}{12.00 86621.00 86621.00 86621.00 173230.00 1}
COMP 4b-2: 48b20d_48b491_48b565_48b61e (1 86955.00 2 86955.00 2 86955.00){0.00 0.00 0.00 0.00 34782.00 0}{34782.00 0.00 0.00 0.00 69564.00 0}{69564.00 86955.00 86955.00 86955.00 104346.00 1}{104346.00 0.00 0.00 0.00 139128.00 0}{139128.00 0.00 0.00 0.00 173910.00 0}
COMM 4b-0: 46a6e7_46aa47_46ab8a_46ac7c (2 2.67 3 2.00 1 3.00){0.00 0.00 0.00 0.00 1.20 0}{1.20 2.00 2.00 2.00 2.40 1}{2.40 3.00 3.00 3.00 3.60 1}{3.60 0.00 0.00 0.00 4.80 0}{4.80 0.00 0.00 0.00 6.00 0}
COMM 4b-1: 4822b2_482632_48276b_48285f (4 2.20 0 2.00 3 3.00){0.00 0.00 0.00 0.00 0.80 0}{0.80 0.00 0.00 0.00 1.60 0}{1.60 2.00 2.00 2.00 2.40 3}{2.40 3.00 3.00 3.00 3.20 1}{3.20 0.00 0.00 0.00 4.00 0}
COMM 4b-2: 48b20d_48b491_48b565_48b61e (1 3.00 2 3.00 2 3.00){0.00 0.00 0.00 0.00 1.20 0}{1.20 0.00 0.00 0.00 2.40 0}{2.40 3.00 3.00 3.00 3.60 1}{3.60 0.00 0.00 0.00 4.80 0}{4.80 0.00 0.00 0.00 6.00 0}
LOOP0: iter: ( 2 )[ 1 -1 2 2 1 ] mem: ( 3 )[ 1 -1 3 1 0 ]( 2 )[ 1 -1 2 1 0 ]
10 2 
12 131220 
14 16 
1b 0 
2b 2147483647 

RANKS: 1 -1 0 4 1
EVENT41: 1148 48b20d_48b491_48b565_48b61e
COMP 4b-0: 47a17e_47a553_47a6be_47a7df (7 8.00 0 6.00 0 14.00){0.00 0.00 0.00 0.00 2.40 0}{2.40 0.00 0.00 0.00 4.80 0}{4.80 6.00 6.00 6.00 9.60 5}{9.60 0.00 0.00 0.00 12.00 0}{12.00 14.00 14.00 14.00 16.00 2}
COMM 4b-0: 47a17e_47a553_47a6be_47a7df (7 1133.00 3 859.00 2 1347.00){0.00 0.00 0.00 0.00 530.80 0}{530.80 859.00 897.50 936.00 1061.60 2}{1061.60 1070.00 1188.40 1347.00 1592.40 5}{1592.40 0.00 0.00 0.00 2123.20 0}{2123.20 0.00 0.00 0.00 2654.00 0}
1c 9999 

RANKS: 1 -1 2 2 1
EVENT42: 1113 4822b2_482632_48276b_48285f
COMP 4b-0: 48b20d_48b491_48b565_48b61e (3 723.50 2 555.00 3 867.00){0.00 0.00 0.00 0.00 346.80 0}{346.80 555.00 580.00 605.00 693.60 2}{693.60 867.00 867.00 867.00 1040.40 1}{1040.40 0.00 0.00 0.00 1387.20 0}{1387.20 0.00 0.00 0.00 1734.00 0}
COMM 4b-0: 48b20d_48b491_48b565_48b61e (3 557.75 2 555.00 3 559.00){0.00 0.00 0.00 0.00 223.60 0}{223.60 0.00 0.00 0.00 447.20 0}{447.20 555.00 557.33 559.00 670.80 3}{670.80 0.00 0.00 0.00 894.40 0}{894.40 0.00 0.00 0.00 1118.00 0}
10 2 
12 131220 
14 16 
1a ( 3 2 )[ 1 -1 3 1 0 ]
1a ( 2 )[ 1 -1 2 1 0 ]
1b 0 

RANKS: 2 -1 0 2 2 -1 3 1 0
EVENT43: 1004 46a6e7_46aa47_46ab8a_46ac7c
COMP 4b-0: 46a6e7_46aa47_46ab8a_46ac7c (6 35159.00 0 6.00 2 82241.00){0.00 0.00 0.00 0.00 2.40 0}{2.40 0.00 0.00 0.00 4.80 0}{4.80 6.00 6.67 7.00 9.60 3}{9.60 0.00 0.00 0.00 12.00 0}{12.00 81912.00 82029.00 82241.00 163812.00 3}
COMP 4b-1: 4822b2_482632_48276b_48285f (2 188168.33 2 188141.00 3 188182.00){0.00 0.00 0.00 0.00 75272.80 0}{75272.80 0.00 0.00 0.00 150545.60 0}{150545.60 188141.00 188161.50 188182.00 225818.40 2}{225818.40 0.00 0.00 0.00 301091.20 0}{301091.20 0.00 0.00 0.00 376364.00 0}
COMP 4b-2: 48b20d_48b491_48b565_48b61e (1 188621.00 0 188621.00 0 188621.00){0.00 0.00 0.00 0.00 75448.40 0}{75448.40 0.00 0.00 0.00 150896.80 0}{150896.80 188621.00 188621.00 188621.00 226345.20 1}{226345.20 0.00 0.00 0.00 301793.60 0}{301793.60 0.00 0.00 0.00 377242.00 0}
COMM 4b-0: 46a6e7_46aa47_46ab8a_46ac7c (6 111.29 2 5.00 0 365.00){0.00 5.00 5.00 5.00 6.00 1}{6.00 0.00 0.00 0.00 12.00 0}{12.00 15.00 17.50 20.00 24.00 2}{24.00 26.00 26.00 26.00 30.00 1}{30.00 333.00 349.00 365.00 700.00 2}
COMM 4b-1: 4822b2_482632_48276b_48285f (2 713.00 2 519.00 3 810.00){0.00 0.00 0.00 0.00 324.00 0}{324.00 519.00 519.00 519.00 648.00 1}{648.00 810.00 810.00 810.00 972.00 1}{972.00 0.00 0.00 0.00 1296.00 0}{1296.00 0.00 0.00 0.00 1620.00 0}
COMM 4b-2: 48b20d_48b491_48b565_48b61e (1 24.00 0 24.00 0 24.00){0.00 0.00 0.00 0.00 9.60 0}{9.60 0.00 0.00 0.00 19.20 0}{19.20 24.00 24.00 24.00 28.80 1}{28.80 0.00 0.00 0.00 38.40 0}{38.40 0.00 0.00 0.00 48.00 0}
LOOP0: iter: ( 3 )[ 2 -1 0 2 2 -1 3 1 0 ] mem: ( 1 )[ 2 -1 0 2 2 -1 3 1 0 ]
10 2 
12 5 1 5 
14 16 
18 3 1 3 

RANKS: 1 -1 1 3 1
EVENT44: 1113 4822b2_482632_48276b_48285f
COMP 4b-0: 46a6e7_46aa47_46ab8a_46ac7c (2 225.33 2 224.00 3 226.00){0.00 0.00 0.00 0.00 90.40 0}{90.40 0.00 0.00 0.00 180.80 0}{180.80 224.00 225.00 226.00 271.20 2}{271.20 0.00 0.00 0.00 361.60 0}{361.60 0.00 0.00 0.00 452.00 0}
COMP 4b-1: 4822b2_482632_48276b_48285f (2 57899.00 3 5.00 1 86846.00){0.00 5.00 5.00 5.00 34738.40 1}{34738.40 0.00 0.00 0.00 69476.80 0}{69476.80 86846.00 86846.00 86846.00 104215.20 1}{104215.20 0.00 0.00 0.00 138953.60 0}{138953.60 0.00 0.00 0.00 173692.00 0}
COMP 4b-2: 48b20d_48b491_48b565_48b61e (1 828.00 1 828.00 1 828.00){0.00 0.00 0.00 0.00 331.20 0}{331.20 0.00 0.00 0.00 662.40 0}{662.40 828.00 828.00 828.00 993.60 1}{993.60 0.00 0.00 0.00 1324.80 0}{1324.80 0.00 0.00 0.00 1656.00 0}
COMM 4b-0: 46a6e7_46aa47_46ab8a_46ac7c (2 4.67 2 4.00 3 5.00){0.00 0.00 0.00 0.00 2.00 0}{2.00 4.00 4.00 4.00 4.00 1}{4.00 5.00 5.00 5.00 6.00 1}{6.00 0.00 0.00 0.00 8.00 0}{8.00 0.00 0.00 0.00 10.00 0}
COMM 4b-1: 4822b2_482632_48276b_48285f (2 389.33 3 2.00 1 583.00){0.00 2.00 2.00 2.00 233.20 1}{233.20 0.00 0.00 0.00 466.40 0}{466.40 583.00 583.00 583.00 699.60 1}{699.60 0.00 0.00 0.00 932.80 0}{932.80 0.00 0.00 0.00 1166.00 0}
COMM 4b-2: 48b20d_48b491_48b565_48b61e (1 556.00 1 556.00 1 556.00){0.00 0.00 0.00 0.00 222.40 0}{222.40 0.00 0.00 0.00 444.80 0}{444.80 556.00 556.00 556.00 667.20 1}{667.20 0.00 0.00 0.00 889.60 0}{889.60 0.00 0.00 0.00 1112.00 0}
LOOP0: iter: ( 2 )[ 1 -1 1 2 2 ] mem: ( 1 )[ 1 -1 1 2 2 ]
10 2 
12 ( 131220 )[ 1 -1 1 1 0 ]
12 ( 162 166 )[ 1 -1 3 1 0 ]
12 ( 162 )[ 1 -1 2 1 0 ]
14 16 
1a ( 3 2 )[ 1 -1 1 1 0 ]
1a ( 2 3 )[ 1 -1 3 1 0 ]
1a ( 2 )[ 1 -1 2 1 0 ]
1b 0 

RANKS: 1 -1 0 2 1
EVENT45: 1090 47a17e_47a553_47a6be_47a7df
COMP 4b-0: 46a6e7_46aa47_46ab8a_46ac7c (1 228.00 0 228.00 0 228.00){0.00 0.00 0.00 0.00 91.20 0}{91.20 0.00 0.00 0.00 182.40 0}{182.40 228.00 228.00 228.00 273.60 1}{273.60 0.00 0.00 0.00 364.80 0}{364.80 0.00 0.00 0.00 456.00 0}
COMP 4b-1: 4822b2_482632_48276b_48285f (1 7.00 1 7.00 1 7.00){0.00 0.00 0.00 0.00 2.80 0}{2.80 0.00 0.00 0.00 5.60 0}{5.60 7.00 7.00 7.00 8.40 1}{8.40 0.00 0.00 0.00 11.20 0}{11.20 0.00 0.00 0.00 14.00 0}
COMP 4b-2: 48b20d_48b491_48b565_48b61e (1 5.00 0 5.00 0 5.00){0.00 0.00 0.00 0.00 2.00 0}{2.00 0.00 0.00 0.00 4.00 0}{4.00 5.00 5.00 5.00 6.00 1}{6.00 0.00 0.00 0.00 8.00 0}{8.00 0.00 0.00 0.00 10.00 0}
COMM 4b-0: 46a6e7_46aa47_46ab8a_46ac7c (1 2.00 0 2.00 0 2.00){0.00 0.00 0.00 0.00 0.80 0}{0.80 0.00 0.00 0.00 1.60 0}{1.60 2.00 2.00 2.00 2.40 1}{2.40 0.00 0.00 0.00 3.20 0}{3.20 0.00 0.00 0.00 4.00 0}
COMM 4b-1: 4822b2_482632_48276b_48285f (1 2.00 1 2.00 1 2.00){0.00 0.00 0.00 0.00 0.80 0}{0.80 0.00 0.00 0.00 1.60 0}{1.60 2.00 2.00 2.00 2.40 1}{2.40 0.00 0.00 0.00 3.20 0}{3.20 0.00 0.00 0.00 4.00 0}
COMM 4b-2: 48b20d_48b491_48b565_48b61e (1 0.00 0 0.00 0 0.00){0.00 0.00 0.00 0.00 1.00 1}{1.00 0.00 0.00 0.00 2.00 0}{2.00 0.00 0.00 0.00 3.00 0}{3.00 0.00 0.00 0.00 4.00 0}{4.00 0.00 0.00 0.00 5.00 0}
LOOP0: iter: ( 2 )[ 1 -1 0 1 0 ] mem: ( 2 )[ 1 -1 0 1 0 ]
10 2 
12 ( 162 166 )[ 1 -1 0 1 0 ]
12 ( 131220 )[ 1 -1 1 1 0 ]
14 16 
1b 0 
2b 2147483647 

RANKS: 1 -1 0 2 1
EVENT46: 1148 48b20d_48b491_48b565_48b61e
COMP 4b-0: 47a17e_47a553_47a6be_47a7df (3 6.00 0 5.00 1 7.00){0.00 0.00 0.00 0.00 2.40 0}{2.40 0.00 0.00 0.00 4.80 0}{4.80 5.00 6.00 7.00 7.20 3}{7.20 0.00 0.00 0.00 9.60 0}{9.60 0.00 0.00 0.00 12.00 0}
COMM 4b-0: 47a17e_47a553_47a6be_47a7df (3 268.75 0 2.00 1 1065.00){0.00 0.00 0.00 0.00 1.60 0}{1.60 2.00 2.00 2.00 3.20 1}{3.20 4.00 4.00 4.00 6.40 1}{6.40 0.00 0.00 0.00 8.00 0}{8.00 1065.00 1065.00 1065.00 2122.00 1}
1c 9999 

RANKS: 2 -1 0 2 1 -1 3 1 0
EVENT47: 1004 46a6e7_46aa47_46ab8a_46ac7c
COMP 4b-0: 46a6e7_46aa47_46ab8a_46ac7c (2 27314.67 1 7.00 1 81930.00){0.00 0.00 0.00 0.00 2.80 0}{2.80 0.00 0.00 0.00 5.60 0}{5.60 7.00 7.00 7.00 11.20 1}{11.20 0.00 0.00 0.00 14.00 0}{14.00 81930.00 81930.00 81930.00 163846.00 1}
COMP 4b-1: 4822b2_482632_48276b_48285f (1 35.00 3 35.00 3 35.00){0.00 0.00 0.00 0.00 14.00 0}{14.00 0.00 0.00 0.00 28.00 0}{28.00 35.00 35.00 35.00 42.00 1}{42.00 0.00 0.00 0.00 56.00 0}{56.00 0.00 0.00 0.00 70.00 0}
COMP 4b-2: 48b20d_48b491_48b565_48b61e (2 62830.00 0 37.00 1 188416.00){0.00 0.00 0.00 0.00 14.80 0}{14.80 0.00 0.00 0.00 29.60 0}{29.60 37.00 37.00 37.00 59.20 1}{59.20 0.00 0.00 0.00 74.00 0}{74.00 188416.00 188416.00 188416.00 376758.00 1}
COMM 4b-0: 46a6e7_46aa47_46ab8a_46ac7c (2 119.00 1 13.00 1 331.00){0.00 0.00 0.00 0.00 5.20 0}{5.20 0.00 0.00 0.00 10.40 0}{10.40 13.00 13.00 13.00 20.80 1}{20.80 0.00 0.00 0.00 26.00 0}{26.00 331.00 331.00 331.00 636.00 1}
COMM 4b-1: 4822b2_482632_48276b_48285f (1 65.00 3 65.00 3 65.00){0.00 0.00 0.00 0.00 26.00 0}{26.00 0.00 0.00 0.00 52.00 0}{52.00 65.00 65.00 65.00 78.00 1}{78.00 0.00 0.00 0.00 104.00 0}{104.00 0.00 0.00 0.00 130.00 0}
COMM 4b-2: 48b20d_48b491_48b565_48b61e (2 216.00 0 7.00 1 634.00){0.00 0.00 0.00 0.00 2.80 0}{2.80 0.00 0.00 0.00 5.60 0}{5.60 7.00 7.00 7.00 11.20 1}{11.20 0.00 0.00 0.00 14.00 0}{14.00 634.00 634.00 634.00 1254.00 1}
LOOP0: iter: ( 3 )[ 1 -1 1 1 0 ] mem: ( 1 )[ 1 -1 1 1 0 ]
10 2 
12 ( 1 )[ 1 -1 0 2 3 ]
12 ( 5 1 5 )[ 1 -1 1 1 0 ]
14 16 
18 ( 3 )[ 1 -1 0 2 3 ]
18 ( 3 1 3 )[ 1 -1 1 1 0 ]

RANKS: 1 -1 0 3 1
EVENT48: 1090 47a17e_47a553_47a6be_47a7df
COMP 4b-0: 46a6e7_46aa47_46ab8a_46ac7c (3 192.50 0 180.00 1 227.00){0.00 0.00 0.00 0.00 72.00 0}{72.00 0.00 0.00 0.00 144.00 0}{144.00 180.00 181.50 183.00 216.00 2}{216.00 227.00 227.00 227.00 288.00 1}{288.00 0.00 0.00 0.00 360.00 0}
COMP 4b-1: 4822b2_482632_48276b_48285f (1 6.00 2 6.00 2 6.00){0.00 0.00 0.00 0.00 2.40 0}{2.40 0.00 0.00 0.00 4.80 0}{4.80 6.00 6.00 6.00 7.20 1}{7.20 0.00 0.00 0.00 9.60 0}{9.60 0.00 0.00 0.00 12.00 0}
COMM 4b-0: 46a6e7_46aa47_46ab8a_46ac7c (3 1.25 0 1.00 1 2.00){0.00 0.00 0.00 0.00 0.40 0}{0.40 0.00 0.00 0.00 0.80 0}{0.80 1.00 1.00 1.00 1.20 2}{1.20 0.00 0.00 0.00 1.60 0}{1.60 2.00 2.00 2.00 2.00 1}
COMM 4b-1: 4822b2_482632_48276b_48285f (1 1.00 2 1.00 2 1.00){0.00 0.00 0.00 0.00 0.40 0}{0.40 0.00 0.00 0.00 0.80 0}{0.80 1.00 1.00 1.00 1.20 1}{1.20 0.00 0.00 0.00 1.60 0}{1.60 0.00 0.00 0.00 2.00 0}
LOOP0: iter: ( 2 )[ 1 -1 2 1 0 ] mem: ( 3 )[ 1 -1 2 1 0 ]
10 2 
12 ( 162 )[ 1 -1 0 2 1 ]
12 ( 166 162 )[ 1 -1 2 1 0 ]
14 16 
1b 0 
2b 2147483647 

RANKS: 1 -1 0 3 1
EVENT49: 1148 48b20d_48b491_48b565_48b61e
COMP 4b-0: 47a17e_47a553_47a6be_47a7df (4 6.40 0 5.00 1 10.00){0.00 0.00 0.00 0.00 2.00 0}{2.00 0.00 0.00 0.00 4.00 0}{4.00 5.00 5.00 5.00 6.00 2}{6.00 7.00 7.00 7.00 8.00 1}{8.00 10.00 10.00 10.00 10.00 1}
COMM 4b-0: 47a17e_47a553_47a6be_47a7df (4 2.80 2 2.00 0 3.00){0.00 0.00 0.00 0.00 1.20 0}{1.20 2.00 2.00 2.00 2.40 1}{2.40 3.00 3.00 3.00 3.60 3}{3.60 0.00 0.00 0.00 4.80 0}{4.80 0.00 0.00 0.00 6.00 0}
1c 9999 

RANKS: 1 -1 1 2 2
EVENT50: 1113 4822b2_482632_48276b_48285f
COMP 4b-0: 46a6e7_46aa47_46ab8a_46ac7c (2 183.00 1 182.00 3 185.00){0.00 0.00 0.00 0.00 72.80 0}{72.80 0.00 0.00 0.00 145.60 0}{145.60 182.00 183.50 185.00 218.40 2}{218.40 0.00 0.00 0.00 291.20 0}{291.20 0.00 0.00 0.00 364.00 0}
COMP 4b-1: 48b20d_48b491_48b565_48b61e (1 6.00 1 6.00 1 6.00){0.00 0.00 0.00 0.00 2.40 0}{2.40 0.00 0.00 0.00 4.80 0}{4.80 6.00 6.00 6.00 7.20 1}{7.20 0.00 0.00 0.00 9.60 0}{9.60 0.00 0.00 0.00 12.00 0}
COMM 4b-0: 46a6e7_46aa47_46ab8a_46ac7c (2 3.00 1 3.00 1 3.00){0.00 0.00 0.00 0.00 1.20 0}{1.20 0.00 0.00 0.00 2.40 0}{2.40 3.00 3.00 3.00 3.60 2}{3.60 0.00 0.00 0.00 4.80 0}{4.80 0.00 0.00 0.00 6.00 0}
COMM 4b-1: 48b20d_48b491_48b565_48b61e (1 4.00 1 4.00 1 4.00){0.00 0.00 0.00 0.00 1.60 0}{1.60 0.00 0.00 0.00 3.20 0}{3.20 4.00 4.00 4.00 4.80 1}{4.80 0.00 0.00 0.00 6.40 0}{6.40 0.00 0.00 0.00 8.00 0}
LOOP0: iter: ( 2 )[ 1 -1 1 1 0 ] mem: ( 2 )[ 1 -1 1 1 0 ]
10 2 
12 ( 166 162 )[ 1 -1 1 1 0 ]
12 ( 162 )[ 1 -1 3 1 0 ]
14 16 
1a 3 
1b 0 

RANKS: 1 -1 0 4 1
EVENT51: 1004 46a6e7_46aa47_46ab8a_46ac7c
COMP 4b-0: 4822b2_482632_48276b_48285f (3 50.00 1 34.00 1 66.00){0.00 0.00 0.00 0.00 13.60 0}{13.60 0.00 0.00 0.00 27.20 0}{27.20 34.00 34.00 34.00 40.80 1}{40.80 0.00 0.00 0.00 54.40 0}{54.40 66.00 66.00 66.00 68.00 2}
COMP 4b-1: 48b20d_48b491_48b565_48b61e (3 58.00 2 34.00 0 67.00){0.00 0.00 0.00 0.00 26.80 0}{26.80 34.00 34.00 34.00 53.60 1}{53.60 64.00 65.50 67.00 80.40 2}{80.40 0.00 0.00 0.00 107.20 0}{107.20 0.00 0.00 0.00 134.00 0}
COMM 4b-0: 4822b2_482632_48276b_48285f (3 44.50 1 41.00 3 50.00){0.00 0.00 0.00 0.00 16.40 0}{16.40 0.00 0.00 0.00 32.80 0}{32.80 41.00 43.50 46.00 49.20 2}{49.20 50.00 50.00 50.00 65.60 1}{65.60 0.00 0.00 0.00 82.00 0}
COMM 4b-1: 48b20d_48b491_48b565_48b61e (3 21.75 2 6.00 2 37.00){0.00 6.00 6.00 6.00 8.80 1}{8.80 0.00 0.00 0.00 17.60 0}{17.60 22.00 22.00 22.00 26.40 1}{26.40 0.00 0.00 0.00 35.20 0}{35.20 37.00 37.00 37.00 44.00 1}
10 2 
12 1 
14 16 
18 3 

RANKS: 1 -1 0 2 1
EVENT52: 1090 47a17e_47a553_47a6be_47a7df_45f104
COMP 4b-0: 46a6e7_46aa47_46ab8a_46ac7c (2 388.33 0 386.00 1 393.00){0.00 0.00 0.00 0.00 154.40 0}{154.40 0.00 0.00 0.00 308.80 0}{308.80 386.00 389.50 393.00 463.20 2}{463.20 0.00 0.00 0.00 617.60 0}{617.60 0.00 0.00 0.00 772.00 0}
COMM 4b-0: 46a6e7_46aa47_46ab8a_46ac7c (2 1.00 0 1.00 0 1.00){0.00 0.00 0.00 0.00 0.40 0}{0.40 0.00 0.00 0.00 0.80 0}{0.80 1.00 1.00 1.00 1.20 2}{1.20 0.00 0.00 0.00 1.60 0}{1.60 0.00 0.00 0.00 2.00 0}
10 2 
12 162 
14 16 
1b 0 
2b 2147483647 

RANKS: 1 -1 0 2 1
EVENT53: 1148 48b20d_48b491_48b565_48b61e_45f119
COMP 4b-0: 47a17e_47a553_47a6be_47a7df_45f104 (2 5.67 1 5.00 0 6.00){0.00 0.00 0.00 0.00 2.40 0}{2.40 0.00 0.00 0.00 4.80 0}{4.80 5.00 5.50 6.00 7.20 2}{7.20 0.00 0.00 0.00 9.60 0}{9.60 0.00 0.00 0.00 12.00 0}
COMM 4b-0: 47a17e_47a553_47a6be_47a7df_45f104 (2 6.33 1 3.00 0 8.00){0.00 3.00 3.00 3.00 3.20 1}{3.20 0.00 0.00 0.00 6.40 0}{6.40 8.00 8.00 8.00 9.60 1}{9.60 0.00 0.00 0.00 12.80 0}{12.80 0.00 0.00 0.00 16.00 0}
1c 9999 

RANKS: 1 -1 2 2 1
EVENT54: 1113 4822b2_482632_48276b_48285f_45f1c8
COMP 4b-0: 46a6e7_46aa47_46ab8a_46ac7c (2 385.67 3 383.00 2 391.00){0.00 0.00 0.00 0.00 153.20 0}{153.20 0.00 0.00 0.00 306.40 0}{306.40 383.00 387.00 391.00 459.60 2}{459.60 0.00 0.00 0.00 612.80 0}{612.80 0.00 0.00 0.00 766.00 0}
COMM 4b-0: 46a6e7_46aa47_46ab8a_46ac7c (2 3.00 3 3.00 3 3.00){0.00 0.00 0.00 0.00 1.20 0}{1.20 0.00 0.00 0.00 2.40 0}{2.40 3.00 3.00 3.00 3.60 2}{3.60 0.00 0.00 0.00 4.80 0}{4.80 0.00 0.00 0.00 6.00 0}
10 2 
12 162 
14 16 
1a 2 
1b 0 

RANKS: 1 -1 0 4 1
EVENT55: 1004 46a6e7_46aa47_46ab8a_46ac7c
COMP 4b-0: 4822b2_482632_48276b_48285f_45f1c8 (2 66.00 3 66.00 3 66.00){0.00 0.00 0.00 0.00 26.40 0}{26.40 0.00 0.00 0.00 52.80 0}{52.80 66.00 66.00 66.00 79.20 2}{79.20 0.00 0.00 0.00 105.60 0}{105.60 0.00 0.00 0.00 132.00 0}
COMP 4b-1: 48b20d_48b491_48b565_48b61e_45f119 (2 70.00 0 69.00 1 72.00){0.00 0.00 0.00 0.00 27.60 0}{27.60 0.00 0.00 0.00 55.20 0}{55.20 69.00 70.50 72.00 82.80 2}{82.80 0.00 0.00 0.00 110.40 0}{110.40 0.00 0.00 0.00 138.00 0}
COMM 4b-0: 4822b2_482632_48276b_48285f_45f1c8 (2 55.00 2 31.00 3 67.00){0.00 0.00 0.00 0.00 26.80 0}{26.80 31.00 31.00 31.00 53.60 1}{53.60 67.00 67.00 67.00 80.40 1}{80.40 0.00 0.00 0.00 107.20 0}{107.20 0.00 0.00 0.00 134.00 0}
COMM 4b-1: 48b20d_48b491_48b565_48b61e_45f119 (2 24.67 1 6.00 0 34.00){0.00 6.00 6.00 6.00 13.60 1}{13.60 0.00 0.00 0.00 27.20 0}{27.20 34.00 34.00 34.00 40.80 1}{40.80 0.00 0.00 0.00 54.40 0}{54.40 0.00 0.00 0.00 68.00 0}
10 2 
12 1 
14 16 
18 3 

RANKS: 1 -1 0 4 1
EVENT56: 1045 473047_4730bb_473121_47317c
COMP 4b-0: 46a6e7_46aa47_46ab8a_46ac7c (4 3290.20 3 3284.00 0 3297.00){0.00 0.00 0.00 0.00 1318.80 0}{1318.80 0.00 0.00 0.00 2637.60 0}{2637.60 3284.00 3288.50 3297.00 3956.40 4}{3956.40 0.00 0.00 0.00 5275.20 0}{5275.20 0.00 0.00 0.00 6594.00 0}

