RANKS: 1 -1 0 4 1
EVENT0: 1084 4798a4_479963_4799f9_479a54
33 2 
34 0 

RANKS: 1 -1 0 4 1
EVENT1: 1011 46da81_46ddb0_46decb_46dfb7
COMP 4c-0: 46da81_46ddb0_46decb_46dfb7 (32 15.82 3 14.00 0 16.00){0.00 0.00 0.00 0.00 6.00 0}{6.00 0.00 0.00 0.00 12.00 0}{12.00 14.00 15.84 16.00 18.00 32}{18.00 0.00 0.00 0.00 24.00 0}{24.00 0.00 0.00 0.00 30.00 0}
COMP 4c-1: 4798a4_479963_4799f9_479a54 (4 55.20 1 24.00 0 102.00){0.00 24.00 24.00 24.00 40.80 3}{40.80 0.00 0.00 0.00 81.60 0}{81.60 102.00 102.00 102.00 122.40 1}{122.40 0.00 0.00 0.00 163.20 0}{163.20 0.00 0.00 0.00 204.00 0}
COMM 4b-0: 46da81_46ddb0_46decb_46dfb7 (32 23.18 0 3.00 0 137.00){0.00 0.00 0.00 0.00 1.60 0}{1.60 3.00 3.00 3.00 3.20 3}{3.20 4.00 4.54 6.00 6.40 13}{6.40 7.00 7.00 7.00 8.00 3}{8.00 10.00 51.69 137.00 266.00 13}
COMM 4b-1: 4798a4_479963_4799f9_479a54 (4 614.60 0 17.00 1 1399.00){0.00 0.00 0.00 0.00 6.80 0}{6.80 0.00 0.00 0.00 13.60 0}{13.60 17.00 17.00 17.00 27.20 1}{27.20 0.00 0.00 0.00 34.00 0}{34.00 338.00 1013.00 1399.00 2570.00 3}
LOOP0: iter: ( 9 )[ 1 -1 0 4 1 ] mem: ( 1 )[ 1 -1 0 4 1 ]
10 2 
12 1 1 1 1 1 5 1 1 1 
14 14 14 14 16 16 16 14 14 14 
19 0 

RANKS: 1 -1 2 1 0
EVENT2: 1113 4827d2_482b52_482c8b_482d7f
COMP 4c-0: 46da81_46ddb0_46decb_46dfb7 (1 2577455.00 2 2577455.00 2 2577455.00){0.00 0.00 0.00 0.00 1030982.00 0}{1030982.00 0.00 0.00 0.00 2061964.00 0}{2061964.00 2577455.00 2577455.00 2577455.00 3092946.00 1}{3092946.00 0.00 0.00 0.00 4123928.00 0}{4123928.00 0.00 0.00 0.00 5154910.00 0}
COMM 4b-0: 46da81_46ddb0_46decb_46dfb7 (1 1065.00 2 1065.00 2 1065.00){0.00 0.00 0.00 0.00 426.00 0}{426.00 0.00 0.00 0.00 852.00 0}{852.00 1065.00 1065.00 1065.00 1278.00 1}{1278.00 0.00 0.00 0.00 1704.00 0}{1704.00 0.00 0.00 0.00 2130.00 0}
10 2 
12 131220 
14 16 
1a 1 
1b 0 

RANKS: 1 -1 1 2 1
EVENT3: 1090 47a69e_47aa73_47abde_47acff
COMP 4c-0: 46da81_46ddb0_46decb_46dfb7 (1 2577020.00 1 2577020.00 1 2577020.00){0.00 0.00 0.00 0.00 1030808.00 0}{1030808.00 0.00 0.00 0.00 2061616.00 0}{2061616.00 2577020.00 2577020.00 2577020.00 3092424.00 1}{3092424.00 0.00 0.00 0.00 4123232.00 0}{4123232.00 0.00 0.00 0.00 5154040.00 0}
COMP 4c-1: 4827d2_482b52_482c8b_482d7f (1 15.00 2 15.00 2 15.00){0.00 0.00 0.00 0.00 6.00 0}{6.00 0.00 0.00 0.00 12.00 0}{12.00 15.00 15.00 15.00 18.00 1}{18.00 0.00 0.00 0.00 24.00 0}{24.00 0.00 0.00 0.00 30.00 0}
COMP 4c-2: 48b72d_48b9b1_48ba85_48bb3e (1 414482.00 2 414482.00 2 414482.00){0.00 0.00 0.00 0.00 165792.80 0}{165792.80 0.00 0.00 0.00 331585.60 0}{331585.60 414482.00 414482.00 414482.00 497378.40 1}{497378.40 0.00 0.00 0.00 663171.20 0}{663171.20 0.00 0.00 0.00 828964.00 0}
COMM 4b-0: 46da81_46ddb0_46decb_46dfb7 (1 7.00 1 7.00 1 7.00){0.00 0.00 0.00 0.00 2.80 0}{2.80 0.00 0.00 0.00 5.60 0}{5.60 7.00 7.00 7.00 8.40 1}{8.40 0.00 0.00 0.00 11.20 0}{11.20 0.00 0.00 0.00 14.00 0}
COMM 4b-1: 4827d2_482b52_482c8b_482d7f (1 5.00 2 5.00 2 5.00){0.00 0.00 0.00 0.00 2.00 0}{2.00 0.00 0.00 0.00 4.00 0}{4.00 5.00 5.00 5.00 6.00 1}{6.00 0.00 0.00 0.00 8.00 0}{8.00 0.00 0.00 0.00 10.00 0}
COMM 4b-2: 48b72d_48b9b1_48ba85_48bb3e (1 4.00 2 4.00 2 4.00){0.00 0.00 0.00 0.00 1.60 0}{1.60 0.00 0.00 0.00 3.20 0}{3.20 4.00 4.00 4.00 4.80 1}{4.80 0.00 0.00 0.00 6.40 0}{6.40 0.00 0.00 0.00 8.00 0}
LOOP0: iter: ( 2 )[ 1 -1 2 1 0 ] mem: ( 2 )[ 1 -1 2 1 0 ]
10 2 
12 131220 
14 16 
1b 0 
2b 2147483647 

RANKS: 1 -1 1 2 1
EVENT4: 1148 48b72d_48b9b1_48ba85_48bb3e
COMP 4c-0: 47a69e_47aa73_47abde_47acff (3 15.75 2 15.00 1 16.00){0.00 0.00 0.00 0.00 6.40 0}{6.40 0.00 0.00 0.00 12.80 0}{12.80 15.00 15.67 16.00 19.20 3}{19.20 0.00 0.00 0.00 25.60 0}{25.60 0.00 0.00 0.00 32.00 0}
COMM 4b-0: 47a69e_47aa73_47abde_47acff (3 1066.50 2 566.00 2 1906.00){0.00 0.00 0.00 0.00 358.80 0}{358.80 566.00 566.00 566.00 717.60 1}{717.60 897.00 897.00 897.00 1435.20 1}{1435.20 0.00 0.00 0.00 1794.00 0}{1794.00 1906.00 1906.00 1906.00 2018.00 1}
1c 9999 

RANKS: 1 -1 1 2 1
EVENT5: 1113 4827d2_482b52_482c8b_482d7f
COMP 4c-0: 4827d2_482b52_482c8b_482d7f (2 566533.33 1 414686.00 2 870228.00){0.00 0.00 0.00 0.00 165874.40 0}{165874.40 0.00 0.00 0.00 331748.80 0}{331748.80 414686.00 414686.00 414686.00 663497.60 1}{663497.60 0.00 0.00 0.00 829372.00 0}{829372.00 870228.00 870228.00 870228.00 911084.00 1}
COMP 4c-1: 48b72d_48b9b1_48ba85_48bb3e (2 911.67 1 911.00 2 913.00){0.00 0.00 0.00 0.00 364.40 0}{364.40 0.00 0.00 0.00 728.80 0}{728.80 911.00 912.00 913.00 1093.20 2}{1093.20 0.00 0.00 0.00 1457.60 0}{1457.60 0.00 0.00 0.00 1822.00 0}
COMM 4b-0: 4827d2_482b52_482c8b_482d7f (2 684.00 2 568.00 1 742.00){0.00 0.00 0.00 0.00 296.80 0}{296.80 568.00 568.00 568.00 593.60 1}{593.60 742.00 742.00 742.00 890.40 1}{890.40 0.00 0.00 0.00 1187.20 0}{1187.20 0.00 0.00 0.00 1484.00 0}
COMM 4b-1: 48b72d_48b9b1_48ba85_48bb3e (2 836.33 2 559.00 1 975.00){0.00 0.00 0.00 0.00 390.00 0}{390.00 559.00 559.00 559.00 780.00 1}{780.00 975.00 975.00 975.00 1170.00 1}{1170.00 0.00 0.00 0.00 1560.00 0}{1560.00 0.00 0.00 0.00 1950.00 0}
LOOP0: iter: ( 2 )[ 1 -1 1 2 1 ] mem: ( 1 )[ 1 -1 1 2 1 ]
10 2 
12 131220 
14 16 
1a ( 3 2 )[ 1 -1 1 1 0 ]
1a ( 2 1 )[ 1 -1 2 1 0 ]
1b 0 

RANKS: 1 -1 1 3 1
EVENT6: 1090 47a69e_47aa73_47abde_47acff
COMP 4c-0: 46da81_46ddb0_46decb_46dfb7 (1 2577060.00 3 2577060.00 3 2577060.00){0.00 0.00 0.00 0.00 1030824.00 0}{1030824.00 0.00 0.00 0.00 2061648.00 0}{2061648.00 2577060.00 2577060.00 2577060.00 3092472.00 1}{3092472.00 0.00 0.00 0.00 4123296.00 0}{4123296.00 0.00 0.00 0.00 5154120.00 0}
COMP 4c-1: 4827d2_482b52_482c8b_482d7f (5 277718.33 1 16.00 3 869757.00){0.00 0.00 0.00 0.00 6.40 0}{6.40 0.00 0.00 0.00 12.80 0}{12.80 16.00 16.00 16.00 32.00 2}{32.00 382280.00 398252.50 414225.00 764528.00 2}{764528.00 869757.00 869757.00 869757.00 974986.00 1}
COMP 4c-2: 48b72d_48b9b1_48ba85_48bb3e (2 707560.33 2 382559.00 1 870061.00){0.00 0.00 0.00 0.00 348024.40 0}{348024.40 382559.00 382559.00 382559.00 696048.80 1}{696048.80 870061.00 870061.00 870061.00 1044073.20 1}{1044073.20 0.00 0.00 0.00 1392097.60 0}{1392097.60 0.00 0.00 0.00 1740122.00 0}
COMM 4b-0: 46da81_46ddb0_46decb_46dfb7 (1 7.00 3 7.00 3 7.00){0.00 0.00 0.00 0.00 2.80 0}{2.80 0.00 0.00 0.00 5.60 0}{5.60 7.00 7.00 7.00 8.40 1}{8.40 0.00 0.00 0.00 11.20 0}{11.20 0.00 0.00 0.00 14.00 0}
COMM 4b-1: 4827d2_482b52_482c8b_482d7f (5 2.67 1 2.00 3 3.00){0.00 0.00 0.00 0.00 0.80 0}{0.80 0.00 0.00 0.00 1.60 0}{1.60 2.00 2.00 2.00 2.40 1}{2.40 3.00 3.00 3.00 3.20 4}{3.20 0.00 0.00 0.00 4.00 0}
COMM 4b-2: 48b72d_48b9b1_48ba85_48bb3e (2 3.00 1 3.00 1 3.00){0.00 0.00 0.00 0.00 1.20 0}{1.20 0.00 0.00 0.00 2.40 0}{2.40 3.00 3.00 3.00 3.60 2}{3.60 0.00 0.00 0.00 4.80 0}{4.80 0.00 0.00 0.00 6.00 0}
LOOP0: iter: ( 2 )[ 1 -1 1 2 1 ]( 4 )[ 1 -1 3 1 0 ] mem: ( 2 )[ 1 -1 1 2 1 ]( 3 )[ 1 -1 3 1 0 ]
10 2 
12 131220 
14 16 
1b 0 
2b 2147483647 

RANKS: 1 -1 1 3 1
EVENT7: 1148 48b72d_48b9b1_48ba85_48bb3e
COMP 4c-0: 47a69e_47aa73_47abde_47acff (8 15.00 3 14.00 3 16.00){0.00 0.00 0.00 0.00 6.00 0}{6.00 0.00 0.00 0.00 12.00 0}{12.00 14.00 15.00 16.00 18.00 8}{18.00 0.00 0.00 0.00 24.00 0}{24.00 0.00 0.00 0.00 30.00 0}
COMM 4b-0: 47a69e_47aa73_47abde_47acff (8 1321.78 3 565.00 3 4142.00){0.00 0.00 0.00 0.00 481.20 0}{481.20 565.00 738.25 927.00 962.40 4}{962.40 1108.00 1199.33 1287.00 1924.80 3}{1924.80 0.00 0.00 0.00 2406.00 0}{2406.00 4142.00 4142.00 4142.00 5878.00 1}
1c 9999 

RANKS: 1 -1 0 4 1
EVENT8: 1113 4827d2_482b52_482c8b_482d7f
COMP 4c-0: 46da81_46ddb0_46decb_46dfb7 (1 2577416.00 0 2577416.00 0 2577416.00){0.00 0.00 0.00 0.00 1030966.40 0}{1030966.40 0.00 0.00 0.00 2061932.80 0}{2061932.80 2577416.00 2577416.00 2577416.00 3092899.20 1}{3092899.20 0.00 0.00 0.00 4123865.60 0}{4123865.60 0.00 0.00 0.00 5154832.00 0}
COMP 4c-1: 4827d2_482b52_482c8b_482d7f (1 382738.00 1 382738.00 1 382738.00){0.00 0.00 0.00 0.00 153095.20 0}{153095.20 0.00 0.00 0.00 306190.40 0}{306190.40 382738.00 382738.00 382738.00 459285.60 1}{459285.60 0.00 0.00 0.00 612380.80 0}{612380.80 0.00 0.00 0.00 765476.00 0}
COMP 4c-2: 48b72d_48b9b1_48ba85_48bb3e (9 208891.70 3 910.00 0 870539.00){0.00 910.00 911.00 913.00 165977.60 6}{165977.60 0.00 0.00 0.00 331955.20 0}{331955.20 383024.00 398984.00 414944.00 663910.40 2}{663910.40 0.00 0.00 0.00 829888.00 0}{829888.00 870539.00 870539.00 870539.00 911190.00 1}
COMM 4b-0: 46da81_46ddb0_46decb_46dfb7 (1 5956.00 0 5956.00 0 5956.00){0.00 0.00 0.00 0.00 2382.40 0}{2382.40 0.00 0.00 0.00 4764.80 0}{4764.80 5956.00 5956.00 5956.00 7147.20 1}{7147.20 0.00 0.00 0.00 9529.60 0}{9529.60 0.00 0.00 0.00 11912.00 0}
COMM 4b-1: 4827d2_482b52_482c8b_482d7f (1 585.00 1 585.00 1 585.00){0.00 0.00 0.00 0.00 234.00 0}{234.00 0.00 0.00 0.00 468.00 0}{468.00 585.00 585.00 585.00 702.00 1}{702.00 0.00 0.00 0.00 936.00 0}{936.00 0.00 0.00 0.00 1170.00 0}
COMM 4b-2: 48b72d_48b9b1_48ba85_48bb3e (9 603.20 2 557.00 3 921.00){0.00 0.00 0.00 0.00 229.20 0}{229.20 0.00 0.00 0.00 458.40 0}{458.40 557.00 567.25 576.00 687.60 8}{687.60 0.00 0.00 0.00 916.80 0}{916.80 921.00 921.00 921.00 1146.00 1}
LOOP0: iter: ( 4 )[ 1 -1 0 1 0 ]( 2 )[ 1 -1 1 1 0 ] mem: ( 3 )[ 1 -1 0 1 0 ]( 1 )[ 1 -1 1 1 0 ]
10 2 
12 131220 
14 16 
1a ( 1 2 )[ 1 -1 0 1 0 ]
1a ( 3 2 )[ 1 -1 1 2 2 ]
1a ( 2 )[ 1 -1 2 1 0 ]
1b 0 

RANKS: 1 -1 0 2 1
EVENT9: 1090 47a69e_47aa73_47abde_47acff
COMP 4c-0: 4827d2_482b52_482c8b_482d7f (5 14.83 0 14.00 1 16.00){0.00 0.00 0.00 0.00 6.00 0}{6.00 0.00 0.00 0.00 12.00 0}{12.00 14.00 14.80 16.00 18.00 5}{18.00 0.00 0.00 0.00 24.00 0}{24.00 0.00 0.00 0.00 30.00 0}
COMM 4b-0: 4827d2_482b52_482c8b_482d7f (5 4.17 1 2.00 0 6.00){0.00 2.00 2.00 2.00 2.40 1}{2.40 3.00 3.67 4.00 4.80 3}{4.80 6.00 6.00 6.00 7.20 1}{7.20 0.00 0.00 0.00 9.60 0}{9.60 0.00 0.00 0.00 12.00 0}
10 2 
12 131220 
14 16 
1b 0 
2b 2147483647 

RANKS: 1 -1 0 2 1
EVENT10: 1148 48b72d_48b9b1_48ba85_48bb3e
COMP 4c-0: 47a69e_47aa73_47abde_47acff (5 15.33 0 15.00 0 16.00){0.00 0.00 0.00 0.00 6.40 0}{6.40 0.00 0.00 0.00 12.80 0}{12.80 15.00 15.20 16.00 19.20 5}{19.20 0.00 0.00 0.00 25.60 0}{25.60 0.00 0.00 0.00 32.00 0}
COMM 4b-0: 47a69e_47aa73_47abde_47acff (5 1433.67 1 1127.00 0 1869.00){0.00 0.00 0.00 0.00 747.60 0}{747.60 1127.00 1216.00 1345.00 1495.20 4}{1495.20 1869.00 1869.00 1869.00 2242.80 1}{2242.80 0.00 0.00 0.00 2990.40 0}{2990.40 0.00 0.00 0.00 3738.00 0}
1c 9999 

RANKS: 1 -1 0 4 1
EVENT11: 1004 46ac07_46af67_46b0aa_46b19c
COMP 4c-0: 4827d2_482b52_482c8b_482d7f (2 796631.67 2 796629.00 3 796633.00){0.00 0.00 0.00 0.00 318653.20 0}{318653.20 0.00 0.00 0.00 637306.40 0}{637306.40 796629.00 796631.00 796633.00 955959.60 2}{955959.60 0.00 0.00 0.00 1274612.80 0}{1274612.80 0.00 0.00 0.00 1593266.00 0}
COMP 4c-1: 48b72d_48b9b1_48ba85_48bb3e (2 796951.67 1 796949.00 0 796953.00){0.00 0.00 0.00 0.00 318781.20 0}{318781.20 0.00 0.00 0.00 637562.40 0}{637562.40 796949.00 796951.00 796953.00 956343.60 2}{956343.60 0.00 0.00 0.00 1275124.80 0}{1275124.80 0.00 0.00 0.00 1593906.00 0}
COMM 4b-0: 4827d2_482b52_482c8b_482d7f (2 421.33 3 170.00 2 924.00){0.00 0.00 0.00 0.00 68.00 0}{68.00 0.00 0.00 0.00 136.00 0}{136.00 170.00 170.00 170.00 272.00 1}{272.00 0.00 0.00 0.00 340.00 0}{340.00 924.00 924.00 924.00 1508.00 1}
COMM 4b-1: 48b72d_48b9b1_48ba85_48bb3e (2 144.33 1 39.00 0 197.00){0.00 39.00 39.00 39.00 78.80 1}{78.80 0.00 0.00 0.00 157.60 0}{157.60 197.00 197.00 197.00 236.40 1}{236.40 0.00 0.00 0.00 315.20 0}{315.20 0.00 0.00 0.00 394.00 0}
10 2 
12 5 
14 16 
18 3 

RANKS: 1 -1 0 4 1
EVENT12: 1010 46d598_46d7cd_46d871_46d8ed
COMP 4c-0: 46ac07_46af67_46b0aa_46b19c (4 14.40 0 14.00 3 15.00){0.00 0.00 0.00 0.00 5.60 0}{5.60 0.00 0.00 0.00 11.20 0}{11.20 14.00 14.50 15.00 16.80 4}{16.80 0.00 0.00 0.00 22.40 0}{22.40 0.00 0.00 0.00 28.00 0}
COMM 4b-0: 46ac07_46af67_46b0aa_46b19c (4 186.40 0 106.00 3 338.00){0.00 0.00 0.00 0.00 42.40 0}{42.40 0.00 0.00 0.00 84.80 0}{84.80 106.00 106.00 106.00 127.20 1}{127.20 140.00 140.00 140.00 212.00 1}{212.00 242.00 290.00 338.00 464.00 2}
10 2 

RANKS: 1 -1 1 3 1
EVENT13: 1102 47dd11_47e0d6_47e240_47e35f
COMP 4c-0: 46d598_46d7cd_46d871_46d8ed (3 49007.00 1 49007.00 1 49007.00){0.00 0.00 0.00 0.00 19602.80 0}{19602.80 0.00 0.00 0.00 39205.60 0}{39205.60 49007.00 49007.00 49007.00 58808.40 3}{58808.40 0.00 0.00 0.00 78411.20 0}{78411.20 0.00 0.00 0.00 98014.00 0}
COMP 4c-1: 47dd11_47e0d6_47e240_47e35f (319 4568.36 3 16.00 3 9176.00){0.00 0.00 0.00 0.00 6.40 0}{6.40 0.00 0.00 0.00 12.80 0}{12.80 16.00 17.98 18.00 25.60 160}{25.60 0.00 0.00 0.00 32.00 0}{32.00 9175.00 9175.99 9176.00 18318.00 159}
COMP 4c-2: 4827d2_482b52_482c8b_482d7f (638 4729.28 1 4601.00 1 4858.00){0.00 0.00 0.00 0.00 1942.00 0}{1942.00 0.00 0.00 0.00 3884.00 0}{3884.00 4601.00 4729.08 4858.00 5826.00 638}{5826.00 0.00 0.00 0.00 7768.00 0}{7768.00 0.00 0.00 0.00 9710.00 0}
COMM 4b-0: 46d598_46d7cd_46d871_46d8ed (3 1156.50 1 779.00 3 2067.00){0.00 0.00 0.00 0.00 311.60 0}{311.60 0.00 0.00 0.00 623.20 0}{623.20 779.00 890.00 1001.00 1246.40 2}{1246.40 0.00 0.00 0.00 1558.00 0}{1558.00 2067.00 2067.00 2067.00 2576.00 1}
COMM 4b-1: 47dd11_47e0d6_47e240_47e35f (319 50.49 3 2.00 3 340.00){0.00 0.00 0.00 0.00 1.60 0}{1.60 2.00 3.29 4.00 4.00 79}{4.00 5.00 15.15 44.00 44.00 111}{44.00 45.00 89.92 137.00 138.00 106}{138.00 139.00 203.57 340.00 542.00 23}
COMM 4b-2: 4827d2_482b52_482c8b_482d7f (638 31.55 1 2.00 1 2743.00){0.00 2.00 2.88 3.00 3.20 26}{3.20 4.00 4.00 4.00 4.80 60}{4.80 5.00 5.62 8.00 8.00 322}{8.00 9.00 55.43 301.00 416.00 228}{416.00 2650.00 2696.50 2743.00 5070.00 2}
LOOP0: iter: ( 320 )[ 1 -1 1 3 1 ] mem: ( 2 )[ 1 -1 1 2 1 ]( 1 )[ 1 -1 3 1 0 ]
10 2 
12 400 
14 16 
1b 0 
2b ( 3 3 3 3 3 3 3 3 3 3 3 3 3 3 3 3 3 3 3 3 3 3 3 3 3 3 3 3 3 3 3 3 3 3 3 3 3 3 3 3 3 3 3 3 3 3 3 3 3 3 3 3 3 3 3 3 3 3 3 3 3 3 3 3 3 3 3 3 3 3 3 3 3 3 3 3 3 3 3 3 3 3 3 3 3 3 3 3 3 3 3 3 3 3 3 3 3 3 3 3 3 3 3 3 3 3 3 3 3 3 3 3 3 3 3 3 3 3 3 3 3 3 3 3 3 3 3 3 3 3 3 3 3 3 3 3 3 3 3 3 3 3 3 3 3 3 3 3 3 3 3 3 3 3 3 3 3 3 3 3 2 2 2 2 2 2 2 2 2 2 2 2 2 2 2 2 2 2 2 2 2 2 2 2 2 2 2 2 2 2 2 2 2 2 2 2 2 2 2 2 2 2 2 2 2 2 2 2 2 2 2 2 2 2 2 2 2 2 2 2 2 2 2 2 2 2 2 2 2 2 2 2 2 2 2 2 2 2 2 2 2 2 2 2 2 2 2 2 2 2 2 2 2 2 2 2 2 2 2 2 2 2 2 2 2 2 2 2 2 2 2 2 2 2 2 2 2 2 2 2 2 2 2 2 2 2 2 2 2 2 2 2 2 2 2 2 2 2 2 2 2 2 2 2 2 2 2 2 2 2 2 2 2 2 2 2 2 2 2 2 )[ 1 -1 1 1 0 ]
2b ( 3 2 )[ 1 -1 3 1 0 ]
2b ( 2 2 2 2 2 2 2 2 2 2 2 2 2 2 2 2 2 2 2 2 2 2 2 2 2 2 2 2 2 2 2 2 2 2 2 2 2 2 2 2 2 2 2 2 2 2 2 2 2 2 2 2 2 2 2 2 2 2 2 2 2 2 2 2 2 2 2 2 2 2 2 2 2 2 2 2 2 2 2 2 2 2 2 2 2 2 2 2 2 2 2 2 2 2 2 2 2 2 2 2 2 2 2 2 2 2 2 2 2 2 2 2 2 2 2 2 2 2 2 2 2 2 2 2 2 2 2 2 2 2 2 2 2 2 2 2 2 2 2 2 2 2 2 2 2 2 2 2 2 2 2 2 2 2 2 2 2 2 2 2 1 1 1 1 1 1 1 1 1 1 1 1 1 1 1 1 1 1 1 1 1 1 1 1 1 1 1 1 1 1 1 1 1 1 1 1 1 1 1 1 1 1 1 1 1 1 1 1 1 1 1 1 1 1 1 1 1 1 1 1 1 1 1 1 1 1 1 1 1 1 1 1 1 1 1 1 1 1 1 1 1 1 1 1 1 1 1 1 1 1 1 1 1 1 1 1 1 1 1 1 1 1 1 1 1 1 1 1 1 1 1 1 1 1 1 1 1 1 1 1 1 1 1 1 1 1 1 1 1 1 1 1 1 1 1 1 1 1 1 1 1 1 1 1 1 1 1 1 1 1 1 1 1 1 1 1 1 1 1 1 )[ 1 -1 2 1 0 ]

RANKS: 1 -1 2 1 0
EVENT14: 1113 4827d2_482b52_482c8b_482d7f
COMP 4c-0: 47dd11_47e0d6_47e240_47e35f (320 4303.90 2 4271.00 2 4336.00){0.00 0.00 0.00 0.00 1734.40 0}{1734.40 0.00 0.00 0.00 3468.80 0}{3468.80 4271.00 4303.80 4336.00 5203.20 320}{5203.20 0.00 0.00 0.00 6937.60 0}{6937.60 0.00 0.00 0.00 8672.00 0}
COMM 4b-0: 47dd11_47e0d6_47e240_47e35f (320 5.17 2 3.00 2 221.00){0.00 3.00 3.00 3.00 3.20 2}{3.20 4.00 4.27 6.00 6.40 309}{6.40 8.00 9.20 12.00 12.80 5}{12.80 13.00 13.50 14.00 16.00 2}{16.00 33.00 127.00 221.00 426.00 2}
10 2 
12 400 
14 16 
1a 1 1 1 1 1 1 1 1 1 1 1 1 1 1 1 1 1 1 1 1 1 1 1 1 1 1 1 1 1 1 1 1 1 1 1 1 1 1 1 1 1 1 1 1 1 1 1 1 1 1 1 1 1 1 1 1 1 1 1 1 1 1 1 1 1 1 1 1 1 1 1 1 1 1 1 1 1 1 1 1 1 1 1 1 1 1 1 1 1 1 1 1 1 1 1 1 1 1 1 1 1 1 1 1 1 1 1 1 1 1 1 1 1 1 1 1 1 1 1 1 1 1 1 1 1 1 1 1 1 1 1 1 1 1 1 1 1 1 1 1 1 1 1 1 1 1 1 1 1 1 1 1 1 1 1 1 1 1 1 1 2 2 2 2 2 2 2 2 2 2 2 2 2 2 2 2 2 2 2 2 2 2 2 2 2 2 2 2 2 2 2 2 2 2 2 2 2 2 2 2 2 2 2 2 2 2 2 2 2 2 2 2 2 2 2 2 2 2 2 2 2 2 2 2 2 2 2 2 2 2 2 2 2 2 2 2 2 2 2 2 2 2 2 2 2 2 2 2 2 2 2 2 2 2 2 2 2 2 2 2 2 2 2 2 2 2 2 2 2 2 2 2 2 2 2 2 2 2 2 2 2 2 2 2 2 2 2 2 2 2 2 2 2 2 2 2 2 2 2 2 2 2 2 2 2 2 2 2 2 2 2 2 2 2 2 2 2 2 2 2 
1b 0 

RANKS: 1 -1 0 4 1
EVENT15: 1113 4827d2_482b52_482c8b_482d7f
COMP 4c-0: 46ac07_46af67_46b0aa_46b19c (1 2264150.00 2 2264150.00 2 2264150.00){0.00 0.00 0.00 0.00 905660.00 0}{905660.00 0.00 0.00 0.00 1811320.00 0}{1811320.00 2264150.00 2264150.00 2264150.00 2716980.00 1}{2716980.00 0.00 0.00 0.00 3622640.00 0}{3622640.00 0.00 0.00 0.00 4528300.00 0}
COMP 4c-1: 46d598_46d7cd_46d871_46d8ed (1 53327.00 0 53327.00 0 53327.00){0.00 0.00 0.00 0.00 21330.80 0}{21330.80 0.00 0.00 0.00 42661.60 0}{42661.60 53327.00 53327.00 53327.00 63992.40 1}{63992.40 0.00 0.00 0.00 85323.20 0}{85323.20 0.00 0.00 0.00 106654.00 0}
COMP 4c-2: 47dd11_47e0d6_47e240_47e35f (321 4331.39 1 4271.00 3 13174.00){0.00 0.00 0.00 0.00 1734.40 0}{1734.40 0.00 0.00 0.00 3468.80 0}{3468.80 4271.00 4303.75 4336.00 6937.60 320}{6937.60 0.00 0.00 0.00 8672.00 0}{8672.00 13174.00 13174.00 13174.00 17676.00 1}
COMP 4c-3: 4827d2_482b52_482c8b_482d7f (639 4637.70 0 16.00 2 95584.00){0.00 0.00 0.00 0.00 6.40 0}{6.40 0.00 0.00 0.00 12.80 0}{12.80 16.00 17.98 18.00 32.00 320}{32.00 8854.00 9015.02 9176.00 18318.00 318}{18318.00 95584.00 95584.00 95584.00 172850.00 1}
COMM 4b-0: 46ac07_46af67_46b0aa_46b19c (1 567.00 2 567.00 2 567.00){0.00 0.00 0.00 0.00 226.80 0}{226.80 0.00 0.00 0.00 453.60 0}{453.60 567.00 567.00 567.00 680.40 1}{680.40 0.00 0.00 0.00 907.20 0}{907.20 0.00 0.00 0.00 1134.00 0}
COMM 4b-1: 46d598_46d7cd_46d871_46d8ed (1 10.00 0 10.00 0 10.00){0.00 0.00 0.00 0.00 4.00 0}{4.00 0.00 0.00 0.00 8.00 0}{8.00 10.00 10.00 10.00 12.00 1}{12.00 0.00 0.00 0.00 16.00 0}{16.00 0.00 0.00 0.00 20.00 0}
COMM 4b-2: 47dd11_47e0d6_47e240_47e35f (321 5.11 1 3.00 1 198.00){0.00 3.00 3.00 3.00 3.20 6}{3.20 4.00 4.18 6.00 6.40 303}{6.40 8.00 9.33 12.00 12.80 6}{12.80 15.00 15.00 15.00 16.00 2}{16.00 18.00 67.00 198.00 380.00 4}
COMM 4b-3: 4827d2_482b52_482c8b_482d7f (639 7.40 0 2.00 2 566.00){0.00 2.00 2.00 2.00 2.40 4}{2.40 3.00 3.00 3.00 3.60 136}{3.60 4.00 4.25 4.41 4.80 258}{4.80 5.00 5.16 6.00 6.00 49}{6.00 6.44 15.45 566.00 592.00 192}
LOOP0: iter: ( 320 )[ 1 -1 0 2 3 ]( 2 )[ 1 -1 2 1 0 ] mem: ( 1 )[ 1 -1 0 2 3 ]( 5 )[ 1 -1 2 1 0 ]
10 2 
12 ( 400 )[ 2 -1 0 2 1 -1 3 1 0 ]
12 ( 131220 )[ 1 -1 2 1 0 ]
14 16 
1a ( 1 2 )[ 1 -1 0 1 0 ]
1a ( 2 2 2 2 2 2 2 2 2 2 2 2 2 2 2 2 2 2 2 2 2 2 2 2 2 2 2 2 2 2 2 2 2 2 2 2 2 2 2 2 2 2 2 2 2 2 2 2 2 2 2 2 2 2 2 2 2 2 2 2 2 2 2 2 2 2 2 2 2 2 2 2 2 2 2 2 2 2 2 2 2 2 2 2 2 2 2 2 2 2 2 2 2 2 2 2 2 2 2 2 2 2 2 2 2 2 2 2 2 2 2 2 2 2 2 2 2 2 2 2 2 2 2 2 2 2 2 2 2 2 2 2 2 2 2 2 2 2 2 2 2 2 2 2 2 2 2 2 2 2 2 2 2 2 2 2 2 2 2 2 3 3 3 3 3 3 3 3 3 3 3 3 3 3 3 3 3 3 3 3 3 3 3 3 3 3 3 3 3 3 3 3 3 3 3 3 3 3 3 3 3 3 3 3 3 3 3 3 3 3 3 3 3 3 3 3 3 3 3 3 3 3 3 3 3 3 3 3 3 3 3 3 3 3 3 3 3 3 3 3 3 3 3 3 3 3 3 3 3 3 3 3 3 3 3 3 3 3 3 3 3 3 3 3 3 3 3 3 3 3 3 3 3 3 3 3 3 3 3 3 3 3 3 3 3 3 3 3 3 3 3 3 3 3 3 3 3 3 3 3 3 3 3 3 3 3 3 3 3 3 3 3 3 3 3 3 3 3 3 3 )[ 1 -1 1 1 0 ]
1a ( 3 2 )[ 1 -1 3 1 0 ]
1a ( 1 )[ 1 -1 2 1 0 ]
1b 0 

RANKS: 1 -1 0 1 0
EVENT16: 1102 47dd11_47e0d6_47e240_47e35f
COMP 4c-0: 47dd11_47e0d6_47e240_47e35f (319 4408.41 0 16.00 0 8855.00){0.00 0.00 0.00 0.00 6.40 0}{6.40 0.00 0.00 0.00 12.80 0}{12.80 16.00 17.99 18.00 25.60 160}{25.60 0.00 0.00 0.00 32.00 0}{32.00 8854.00 8854.08 8855.00 17676.00 159}
COMP 4c-1: 4827d2_482b52_482c8b_482d7f (1 4599.00 0 4599.00 0 4599.00){0.00 0.00 0.00 0.00 1839.60 0}{1839.60 0.00 0.00 0.00 3679.20 0}{3679.20 4599.00 4599.00 4599.00 5518.80 1}{5518.80 0.00 0.00 0.00 7358.40 0}{7358.40 0.00 0.00 0.00 9198.00 0}
COMM 4b-0: 47dd11_47e0d6_47e240_47e35f (319 6.52 0 1.00 0 252.00){0.00 1.00 2.56 4.00 4.80 216}{4.80 5.00 5.26 6.00 6.00 27}{6.00 7.00 8.12 10.00 10.00 26}{10.00 11.00 12.37 14.00 14.00 16}{14.00 15.00 28.79 252.00 490.00 34}
COMM 4b-1: 4827d2_482b52_482c8b_482d7f (1 5399.00 0 5399.00 0 5399.00){0.00 0.00 0.00 0.00 2159.60 0}{2159.60 0.00 0.00 0.00 4319.20 0}{4319.20 5399.00 5399.00 5399.00 6478.80 1}{6478.80 0.00 0.00 0.00 8638.40 0}{8638.40 0.00 0.00 0.00 10798.00 0}
LOOP0: iter: ( 320 )[ 1 -1 0 1 0 ] mem: ( 1 )[ 1 -1 0 1 0 ]
10 2 
12 400 
14 16 
1b 0 
2b 1 2 

RANKS: 1 -1 1 3 1
EVENT17: 1090 47a69e_47aa73_47abde_47acff
COMP 4c-0: 46ac07_46af67_46b0aa_46b19c (2 2263726.33 1 2263713.00 3 2263753.00){0.00 0.00 0.00 0.00 905485.20 0}{905485.20 0.00 0.00 0.00 1810970.40 0}{1810970.40 2263713.00 2263733.00 2263753.00 2716455.60 2}{2716455.60 0.00 0.00 0.00 3621940.80 0}{3621940.80 0.00 0.00 0.00 4527426.00 0}
COMP 4c-1: 4827d2_482b52_482c8b_482d7f (6 149987.00 2 14.00 3 382276.00){0.00 14.00 14.50 15.00 38044.00 2}{38044.00 0.00 0.00 0.00 76088.00 0}{76088.00 95108.00 95109.00 95110.00 152176.00 2}{152176.00 0.00 0.00 0.00 190220.00 0}{190220.00 382276.00 382276.00 382276.00 574332.00 2}
COMP 4c-2: 48b72d_48b9b1_48ba85_48bb3e (2 382559.00 2 382559.00 2 382559.00){0.00 0.00 0.00 0.00 153023.60 0}{153023.60 0.00 0.00 0.00 306047.20 0}{306047.20 382559.00 382559.00 382559.00 459070.80 2}{459070.80 0.00 0.00 0.00 612094.40 0}{612094.40 0.00 0.00 0.00 765118.00 0}
COMM 4b-0: 46ac07_46af67_46b0aa_46b19c (2 3.67 3 3.00 1 4.00){0.00 0.00 0.00 0.00 1.60 0}{1.60 3.00 3.00 3.00 3.20 1}{3.20 4.00 4.00 4.00 4.80 1}{4.80 0.00 0.00 0.00 6.40 0}{6.40 0.00 0.00 0.00 8.00 0}
COMM 4b-1: 4827d2_482b52_482c8b_482d7f (6 3.00 2 2.00 3 4.00){0.00 0.00 0.00 0.00 1.20 0}{1.20 2.00 2.00 2.00 2.40 1}{2.40 3.00 3.00 3.00 3.60 4}{3.60 4.00 4.00 4.00 4.80 1}{4.80 0.00 0.00 0.00 6.00 0}
COMM 4b-2: 48b72d_48b9b1_48ba85_48bb3e (2 4.00 2 4.00 2 4.00){0.00 0.00 0.00 0.00 1.60 0}{1.60 0.00 0.00 0.00 3.20 0}{3.20 4.00 4.00 4.00 4.80 2}{4.80 0.00 0.00 0.00 6.40 0}{6.40 0.00 0.00 0.00 8.00 0}
LOOP0: iter: ( 2 )[ 1 -1 1 3 1 ] mem: ( 6 )[ 1 -1 1 1 0 ]( 4 )[ 1 -1 3 1 0 ]( 2 )[ 1 -1 2 1 0 ]
LOOP1: iter: ( 2 )[ 1 -1 3 1 0 ] mem: ( 3 )[ 1 -1 3 1 0 ]
10 2 
12 131220 
14 16 
1b 0 
2b 2147483647 

RANKS: 1 -1 1 3 1
EVENT18: 1148 48b72d_48b9b1_48ba85_48bb3e
COMP 4c-0: 47a69e_47aa73_47abde_47acff (10 14.91 2 14.00 1 15.00){0.00 0.00 0.00 0.00 6.00 0}{6.00 0.00 0.00 0.00 12.00 0}{12.00 14.00 14.90 15.00 18.00 10}{18.00 0.00 0.00 0.00 24.00 0}{24.00 0.00 0.00 0.00 30.00 0}
COMM 4b-0: 47a69e_47aa73_47abde_47acff (10 7199.45 1 560.00 2 20337.00){0.00 560.00 1673.57 5240.00 5480.40 7}{5480.40 0.00 0.00 0.00 10960.80 0}{10960.80 13701.00 13701.00 13701.00 16441.20 1}{16441.20 19740.00 20038.50 20337.00 21921.60 2}{21921.60 0.00 0.00 0.00 27402.00 0}
1c 9999 

RANKS: 1 -1 0 4 1
EVENT19: 1113 4827d2_482b52_482c8b_482d7f
COMP 4c-0: 46ac07_46af67_46b0aa_46b19c (1 2264110.00 0 2264110.00 0 2264110.00){0.00 0.00 0.00 0.00 905644.00 0}{905644.00 0.00 0.00 0.00 1811288.00 0}{1811288.00 2264110.00 2264110.00 2264110.00 2716932.00 1}{2716932.00 0.00 0.00 0.00 3622576.00 0}{3622576.00 0.00 0.00 0.00 4528220.00 0}
COMP 4c-1: 47dd11_47e0d6_47e240_47e35f (1 99838.00 0 99838.00 0 99838.00){0.00 0.00 0.00 0.00 39935.20 0}{39935.20 0.00 0.00 0.00 79870.40 0}{79870.40 99838.00 99838.00 99838.00 119805.60 1}{119805.60 0.00 0.00 0.00 159740.80 0}{159740.80 0.00 0.00 0.00 199676.00 0}
COMP 4c-2: 4827d2_482b52_482c8b_482d7f (2 382738.00 1 382738.00 1 382738.00){0.00 0.00 0.00 0.00 153095.20 0}{153095.20 0.00 0.00 0.00 306190.40 0}{306190.40 382738.00 382738.00 382738.00 459285.60 2}{459285.60 0.00 0.00 0.00 612380.80 0}{612380.80 0.00 0.00 0.00 765476.00 0}
COMP 4c-3: 48b72d_48b9b1_48ba85_48bb3e (10 105122.27 1 910.00 0 383020.00){0.00 910.00 910.62 912.00 153208.00 8}{153208.00 0.00 0.00 0.00 306416.00 0}{306416.00 383020.00 383020.00 383020.00 459624.00 2}{459624.00 0.00 0.00 0.00 612832.00 0}{612832.00 0.00 0.00 0.00 766040.00 0}
COMM 4b-0: 46ac07_46af67_46b0aa_46b19c (1 4539.00 0 4539.00 0 4539.00){0.00 0.00 0.00 0.00 1815.60 0}{1815.60 0.00 0.00 0.00 3631.20 0}{3631.20 4539.00 4539.00 4539.00 5446.80 1}{5446.80 0.00 0.00 0.00 7262.40 0}{7262.40 0.00 0.00 0.00 9078.00 0}
COMM 4b-1: 47dd11_47e0d6_47e240_47e35f (1 574.00 0 574.00 0 574.00){0.00 0.00 0.00 0.00 229.60 0}{229.60 0.00 0.00 0.00 459.20 0}{459.20 574.00 574.00 574.00 688.80 1}{688.80 0.00 0.00 0.00 918.40 0}{918.40 0.00 0.00 0.00 1148.00 0}
COMM 4b-2: 4827d2_482b52_482c8b_482d7f (2 581.00 1 571.00 1 586.00){0.00 0.00 0.00 0.00 234.40 0}{234.40 0.00 0.00 0.00 468.80 0}{468.80 571.00 578.50 586.00 703.20 2}{703.20 0.00 0.00 0.00 937.60 0}{937.60 0.00 0.00 0.00 1172.00 0}
COMM 4b-3: 48b72d_48b9b1_48ba85_48bb3e (10 562.36 2 556.00 0 569.00){0.00 0.00 0.00 0.00 226.40 0}{226.40 0.00 0.00 0.00 452.80 0}{452.80 556.00 562.00 569.00 679.20 10}{679.20 0.00 0.00 0.00 905.60 0}{905.60 0.00 0.00 0.00 1132.00 0}
LOOP0: iter: ( 2 )[ 1 -1 0 2 1 ] mem: ( 4 )[ 1 -1 0 1 0 ]( 1 )[ 1 -1 1 1 0 ]
LOOP1: iter: ( 2 )[ 1 -1 0 1 0 ] mem: ( 3 )[ 1 -1 0 1 0 ]
10 2 
12 131220 
14 16 
1a ( 1 2 )[ 1 -1 0 1 0 ]
1a ( 3 2 )[ 1 -1 1 2 2 ]
1a ( 2 )[ 1 -1 2 1 0 ]
1b 0 

RANKS: 1 -1 0 2 1
EVENT20: 1090 47a69e_47aa73_47abde_47acff
COMP 4c-0: 4827d2_482b52_482c8b_482d7f (6 15.14 0 14.00 1 16.00){0.00 0.00 0.00 0.00 6.00 0}{6.00 0.00 0.00 0.00 12.00 0}{12.00 14.00 15.17 16.00 18.00 6}{18.00 0.00 0.00 0.00 24.00 0}{24.00 0.00 0.00 0.00 30.00 0}
COMM 4b-0: 4827d2_482b52_482c8b_482d7f (6 2.71 0 2.00 0 3.00){0.00 0.00 0.00 0.00 1.20 0}{1.20 2.00 2.00 2.00 2.40 2}{2.40 3.00 3.00 3.00 3.60 4}{3.60 0.00 0.00 0.00 4.80 0}{4.80 0.00 0.00 0.00 6.00 0}
10 2 
12 131220 
14 16 
1b 0 
2b 2147483647 

RANKS: 1 -1 0 2 1
EVENT21: 1148 48b72d_48b9b1_48ba85_48bb3e
COMP 4c-0: 47a69e_47aa73_47abde_47acff (6 15.00 0 15.00 0 15.00){0.00 0.00 0.00 0.00 6.00 0}{6.00 0.00 0.00 0.00 12.00 0}{12.00 15.00 15.00 15.00 18.00 6}{18.00 0.00 0.00 0.00 24.00 0}{24.00 0.00 0.00 0.00 30.00 0}
COMM 4b-0: 47a69e_47aa73_47abde_47acff (6 1178.57 1 948.00 0 1394.00){0.00 0.00 0.00 0.00 557.60 0}{557.60 948.00 1032.50 1087.00 1115.20 4}{1115.20 1332.00 1363.00 1394.00 1672.80 2}{1672.80 0.00 0.00 0.00 2230.40 0}{2230.40 0.00 0.00 0.00 2788.00 0}
1c 9999 

RANKS: 1 -1 0 4 1
EVENT22: 1004 46ac07_46af67_46b0aa_46b19c
COMP 4c-0: 4827d2_482b52_482c8b_482d7f (4 770141.20 2 752479.00 3 796632.00){0.00 0.00 0.00 0.00 300993.20 0}{300993.20 0.00 0.00 0.00 601986.40 0}{601986.40 752479.00 774555.75 796632.00 902979.60 4}{902979.60 0.00 0.00 0.00 1203972.80 0}{1203972.80 0.00 0.00 0.00 1504966.00 0}
COMP 4c-1: 48b72d_48b9b1_48ba85_48bb3e (4 770461.00 1 752799.00 0 796952.00){0.00 0.00 0.00 0.00 301121.20 0}{301121.20 0.00 0.00 0.00 602242.40 0}{602242.40 752799.00 774875.50 796952.00 903363.60 4}{903363.60 0.00 0.00 0.00 1204484.80 0}{1204484.80 0.00 0.00 0.00 1505606.00 0}
COMM 4b-0: 4827d2_482b52_482c8b_482d7f (4 950.40 2 483.00 2 1215.00){0.00 0.00 0.00 0.00 413.20 0}{413.20 483.00 483.00 483.00 826.40 1}{826.40 988.00 1078.67 1215.00 1239.60 3}{1239.60 0.00 0.00 0.00 1652.80 0}{1652.80 0.00 0.00 0.00 2066.00 0}
COMM 4b-1: 48b72d_48b9b1_48ba85_48bb3e (4 377.40 0 24.00 0 913.00){0.00 0.00 0.00 0.00 9.60 0}{9.60 0.00 0.00 0.00 19.20 0}{19.20 24.00 24.00 24.00 38.40 2}{38.40 0.00 0.00 0.00 48.00 0}{48.00 902.00 907.50 913.00 1778.00 2}
10 2 
12 1 5 
14 16 
18 1 3 

RANKS: 1 -1 0 4 1
EVENT23: 1010 46d598_46d7cd_46d871_46d8ed
COMP 4c-0: 46ac07_46af67_46b0aa_46b19c (4 21.40 3 20.00 3 23.00){0.00 0.00 0.00 0.00 8.40 0}{8.40 0.00 0.00 0.00 16.80 0}{16.80 20.00 21.50 23.00 25.20 4}{25.20 0.00 0.00 0.00 33.60 0}{33.60 0.00 0.00 0.00 42.00 0}
COMM 4b-0: 46ac07_46af67_46b0aa_46b19c (4 39.00 1 7.00 0 52.00){0.00 7.00 7.00 7.00 20.80 1}{20.80 0.00 0.00 0.00 41.60 0}{41.60 42.00 45.33 52.00 62.40 3}{62.40 0.00 0.00 0.00 83.20 0}{83.20 0.00 0.00 0.00 104.00 0}
10 2 

RANKS: 1 -1 2 1 0
EVENT24: 1102 47dd11_47e0d6_47e240_47e35f
COMP 4c-0: 46d598_46d7cd_46d871_46d8ed (1 49003.00 2 49003.00 2 49003.00){0.00 0.00 0.00 0.00 19601.20 0}{19601.20 0.00 0.00 0.00 39202.40 0}{39202.40 49003.00 49003.00 49003.00 58803.60 1}{58803.60 0.00 0.00 0.00 78404.80 0}{78404.80 0.00 0.00 0.00 98006.00 0}
COMP 4c-1: 4827d2_482b52_482c8b_482d7f (319 4729.46 2 4599.00 2 4858.00){0.00 0.00 0.00 0.00 1941.60 0}{1941.60 0.00 0.00 0.00 3883.20 0}{3883.20 4599.00 4729.07 4858.00 5824.80 319}{5824.80 0.00 0.00 0.00 7766.40 0}{7766.40 0.00 0.00 0.00 9708.00 0}
COMM 4b-0: 46d598_46d7cd_46d871_46d8ed (1 1217.00 2 1217.00 2 1217.00){0.00 0.00 0.00 0.00 486.80 0}{486.80 0.00 0.00 0.00 973.60 0}{973.60 1217.00 1217.00 1217.00 1460.40 1}{1460.40 0.00 0.00 0.00 1947.20 0}{1947.20 0.00 0.00 0.00 2434.00 0}
COMM 4b-1: 4827d2_482b52_482c8b_482d7f (319 60.47 2 2.00 2 2547.00){0.00 2.00 11.19 54.00 54.00 205}{54.00 55.00 77.83 106.00 108.00 47}{108.00 111.00 135.20 161.00 162.00 35}{162.00 165.00 193.06 242.00 270.00 31}{270.00 2547.00 2547.00 2547.00 4824.00 1}
LOOP0: iter: ( 320 )[ 1 -1 2 1 0 ] mem: ( 2 )[ 1 -1 2 1 0 ]
10 2 
12 400 
14 16 
1b 0 
2b 2 2 2 2 2 2 2 2 2 2 2 2 2 2 2 2 2 2 2 2 2 2 2 2 2 2 2 2 2 2 2 2 2 2 2 2 2 2 2 2 2 2 2 2 2 2 2 2 2 2 2 2 2 2 2 2 2 2 2 2 2 2 2 2 2 2 2 2 2 2 2 2 2 2 2 2 2 2 2 2 2 2 2 2 2 2 2 2 2 2 2 2 2 2 2 2 2 2 2 2 2 2 2 2 2 2 2 2 2 2 2 2 2 2 2 2 2 2 2 2 2 2 2 2 2 2 2 2 2 2 2 2 2 2 2 2 2 2 2 2 2 2 2 2 2 2 2 2 2 2 2 2 2 2 2 2 2 2 2 2 1 1 1 1 1 1 1 1 1 1 1 1 1 1 1 1 1 1 1 1 1 1 1 1 1 1 1 1 1 1 1 1 1 1 1 1 1 1 1 1 1 1 1 1 1 1 1 1 1 1 1 1 1 1 1 1 1 1 1 1 1 1 1 1 1 1 1 1 1 1 1 1 1 1 1 1 1 1 1 1 1 1 1 1 1 1 1 1 1 1 1 1 1 1 1 1 1 1 1 1 1 1 1 1 1 1 1 1 1 1 1 1 1 1 1 1 1 1 1 1 1 1 1 1 1 1 1 1 1 1 1 1 1 1 1 1 1 1 1 1 1 1 1 1 1 1 1 1 1 1 1 1 1 1 1 1 1 1 1 1 

RANKS: 1 -1 0 2 2
EVENT25: 1113 4827d2_482b52_482c8b_482d7f
COMP 4c-0: 46d598_46d7cd_46d871_46d8ed (1 53326.00 0 53326.00 0 53326.00){0.00 0.00 0.00 0.00 21330.40 0}{21330.40 0.00 0.00 0.00 42660.80 0}{42660.80 53326.00 53326.00 53326.00 63991.20 1}{63991.20 0.00 0.00 0.00 85321.60 0}{85321.60 0.00 0.00 0.00 106652.00 0}
COMP 4c-1: 47dd11_47e0d6_47e240_47e35f (320 4303.88 2 4271.00 2 4336.00){0.00 0.00 0.00 0.00 1734.40 0}{1734.40 0.00 0.00 0.00 3468.80 0}{3468.80 4271.00 4303.77 4336.00 5203.20 320}{5203.20 0.00 0.00 0.00 6937.60 0}{6937.60 0.00 0.00 0.00 8672.00 0}
COMP 4c-2: 4827d2_482b52_482c8b_482d7f (79431 4582.59 0 15.00 0 9177.00){0.00 0.00 0.00 0.00 6.40 0}{6.40 0.00 0.00 0.00 12.80 0}{12.80 15.00 17.99 19.00 25.60 39840}{25.60 0.00 0.00 0.00 32.00 0}{32.00 9175.00 9176.01 9177.00 18318.00 39591}
COMP 4c-3: 48b72d_48b9b1_48ba85_48bb3e (248 806123.90 0 806111.00 0 806129.00){0.00 0.00 0.00 0.00 322444.40 0}{322444.40 0.00 0.00 0.00 644888.80 0}{644888.80 806111.00 806123.95 806129.00 967333.20 248}{967333.20 0.00 0.00 0.00 1289777.60 0}{1289777.60 0.00 0.00 0.00 1612222.00 0}
COMM 4b-0: 46d598_46d7cd_46d871_46d8ed (1 10.00 0 10.00 0 10.00){0.00 0.00 0.00 0.00 4.00 0}{4.00 0.00 0.00 0.00 8.00 0}{8.00 10.00 10.00 10.00 12.00 1}{12.00 0.00 0.00 0.00 16.00 0}{16.00 0.00 0.00 0.00 20.00 0}
COMM 4b-1: 47dd11_47e0d6_47e240_47e35f (320 4.46 2 3.00 2 20.00){0.00 3.00 3.00 3.00 3.60 9}{3.60 4.00 4.24 7.00 7.20 302}{7.20 8.00 8.80 9.00 14.40 5}{14.40 17.00 17.67 18.00 18.00 3}{18.00 20.00 20.00 20.00 22.00 1}
COMM 4b-2: 4827d2_482b52_482c8b_482d7f (79431 4.78 0 2.00 0 57.00){0.00 2.00 3.85 6.00 6.00 69455}{6.00 6.11 8.12 10.00 10.00 7136}{10.00 10.03 18.91 48.00 48.00 2824}{48.00 49.00 51.27 54.00 54.00 15}{54.00 57.00 57.00 57.00 60.00 1}
COMM 4b-3: 48b72d_48b9b1_48ba85_48bb3e (248 10.85 0 10.00 0 16.00){0.00 0.00 0.00 0.00 4.00 0}{4.00 0.00 0.00 0.00 8.00 0}{8.00 10.00 10.74 12.00 12.00 240}{12.00 13.00 14.38 16.00 16.00 8}{16.00 0.00 0.00 0.00 20.00 0}
LOOP0: iter: ( 249 )[ 1 -1 0 1 0 ] mem: ( 5 )[ 1 -1 0 1 0 ]
LOOP1: iter: ( 320 )[ 1 -1 0 1 0 ] mem: ( 1 )[ 1 -1 0 1 0 ]
10 2 
12 400 
14 16 
1a ( 1 2 )[ 1 -1 0 1 0 ]
1a ( 1 1 1 1 1 1 1 1 1 1 1 1 1 1 1 1 1 1 1 1 1 1 1 1 1 1 1 1 1 1 1 1 1 1 1 1 1 1 1 1 1 1 1 1 1 1 1 1 1 1 1 1 1 1 1 1 1 1 1 1 1 1 1 1 1 1 1 1 1 1 1 1 1 1 1 1 1 1 1 1 1 1 1 1 1 1 1 1 1 1 1 1 1 1 1 1 1 1 1 1 1 1 1 1 1 1 1 1 1 1 1 1 1 1 1 1 1 1 1 1 1 1 1 1 1 1 1 1 1 1 1 1 1 1 1 1 1 1 1 1 1 1 1 1 1 1 1 1 1 1 1 1 1 1 1 1 1 1 1 1 2 2 2 2 2 2 2 2 2 2 2 2 2 2 2 2 2 2 2 2 2 2 2 2 2 2 2 2 2 2 2 2 2 2 2 2 2 2 2 2 2 2 2 2 2 2 2 2 2 2 2 2 2 2 2 2 2 2 2 2 2 2 2 2 2 2 2 2 2 2 2 2 2 2 2 2 2 2 2 2 2 2 2 2 2 2 2 2 2 2 2 2 2 2 2 2 2 2 2 2 2 2 2 2 2 2 2 2 2 2 2 2 2 2 2 2 2 2 2 2 2 2 2 2 2 2 2 2 2 2 2 2 2 2 2 2 2 2 2 2 2 2 2 2 2 2 2 2 2 2 2 2 2 2 2 2 2 2 2 2 )[ 1 -1 2 1 0 ]
1b 0 

RANKS: 2 -1 0 2 1 -1 3 1 0
EVENT26: 1102 47dd11_47e0d6_47e240_47e35f
COMP 4c-0: 46d598_46d7cd_46d871_46d8ed (2 49003.00 1 49003.00 1 49003.00){0.00 0.00 0.00 0.00 19601.20 0}{19601.20 0.00 0.00 0.00 39202.40 0}{39202.40 49003.00 49003.00 49003.00 58803.60 2}{58803.60 0.00 0.00 0.00 78404.80 0}{78404.80 0.00 0.00 0.00 98006.00 0}
COMP 4c-1: 47dd11_47e0d6_47e240_47e35f (158862 4502.85 0 16.00 3 9177.00){0.00 0.00 0.00 0.00 6.40 0}{6.40 0.00 0.00 0.00 12.80 0}{12.80 16.00 18.52 19.00 25.60 79680}{25.60 0.00 0.00 0.00 32.00 0}{32.00 8854.00 9015.43 9177.00 17676.00 79182}
COMP 4c-2: 4827d2_482b52_482c8b_482d7f (79928 7201.05 1 4598.00 3 801487.00){0.00 0.00 0.00 0.00 1839.60 0}{1839.60 0.00 0.00 0.00 3679.20 0}{3679.20 4598.00 4728.91 4859.00 7358.40 79680}{7358.40 0.00 0.00 0.00 9198.00 0}{9198.00 801472.00 801485.97 801487.00 1593776.00 248}
COMP 4c-3: 48b72d_48b9b1_48ba85_48bb3e (248 801801.63 1 801787.00 1 801803.00){0.00 0.00 0.00 0.00 320714.80 0}{320714.80 0.00 0.00 0.00 641429.60 0}{641429.60 801787.00 801801.69 801803.00 962144.40 248}{962144.40 0.00 0.00 0.00 1282859.20 0}{1282859.20 0.00 0.00 0.00 1603574.00 0}
COMM 4b-0: 46d598_46d7cd_46d871_46d8ed (2 1329.67 1 794.00 3 2401.00){0.00 0.00 0.00 0.00 317.60 0}{317.60 0.00 0.00 0.00 635.20 0}{635.20 794.00 794.00 794.00 1270.40 1}{1270.40 0.00 0.00 0.00 1588.00 0}{1588.00 2401.00 2401.00 2401.00 3214.00 1}
COMM 4b-1: 47dd11_47e0d6_47e240_47e35f (158862 21.95 0 1.00 3 1130.00){0.00 1.00 21.14 180.00 200.00 158386}{200.00 210.00 212.70 245.00 246.00 20}{246.00 260.00 291.23 314.00 382.00 445}{382.00 389.00 416.30 482.00 568.00 10}{568.00 1130.00 1130.00 1130.00 1692.00 1}
COMM 4b-2: 4827d2_482b52_482c8b_482d7f (79928 56.26 1 2.00 0 17915.00){0.00 2.00 21.92 227.00 2048.40 79111}{2048.40 2458.39 2458.39 2458.39 4096.80 564}{4096.80 4828.00 5304.55 5692.00 6145.20 248}{6145.20 6499.00 7275.67 8484.00 10242.00 3}{10242.00 15362.00 16638.50 17915.00 25588.00 2}
COMM 4b-3: 48b72d_48b9b1_48ba85_48bb3e (248 1345.98 1 16.00 1 6948.00){0.00 16.00 295.28 634.00 635.20 39}{635.20 659.00 1398.00 1877.00 1905.60 190}{1905.60 1927.00 2125.50 2497.00 2540.80 8}{2540.80 2604.00 2890.67 3076.00 3176.00 6}{3176.00 3213.00 4415.60 6948.00 7086.00 5}
LOOP0: iter: ( 320 )[ 1 -1 0 1 0 ]( 249 )[ 1 -1 1 2 2 ] mem: ( 1 )[ 1 -1 0 1 0 ]( 7 )[ 1 -1 1 1 0 ]( 5 )[ 1 -1 3 1 0 ]
LOOP1: iter: ( 320 )[ 1 -1 1 2 2 ] mem: ( 2 )[ 1 -1 1 1 0 ]( 1 )[ 1 -1 3 1 0 ]
10 2 
12 400 
14 16 
1b 0 
2b ( 1 2 )[ 1 -1 0 1 0 ]
2b ( 3 3 3 3 3 3 3 3 3 3 3 3 3 3 3 3 3 3 3 3 3 3 3 3 3 3 3 3 3 3 3 3 3 3 3 3 3 3 3 3 3 3 3 3 3 3 3 3 3 3 3 3 3 3 3 3 3 3 3 3 3 3 3 3 3 3 3 3 3 3 3 3 3 3 3 3 3 3 3 3 3 3 3 3 3 3 3 3 3 3 3 3 3 3 3 3 3 3 3 3 3 3 3 3 3 3 3 3 3 3 3 3 3 3 3 3 3 3 3 3 3 3 3 3 3 3 3 3 3 3 3 3 3 3 3 3 3 3 3 3 3 3 3 3 3 3 3 3 3 3 3 3 3 3 3 3 3 3 3 3 2 2 2 2 2 2 2 2 2 2 2 2 2 2 2 2 2 2 2 2 2 2 2 2 2 2 2 2 2 2 2 2 2 2 2 2 2 2 2 2 2 2 2 2 2 2 2 2 2 2 2 2 2 2 2 2 2 2 2 2 2 2 2 2 2 2 2 2 2 2 2 2 2 2 2 2 2 2 2 2 2 2 2 2 2 2 2 2 2 2 2 2 2 2 2 2 2 2 2 2 2 2 2 2 2 2 2 2 2 2 2 2 2 2 2 2 2 2 2 2 2 2 2 2 2 2 2 2 2 2 2 2 2 2 2 2 2 2 2 2 2 2 2 2 2 2 2 2 2 2 2 2 2 2 2 2 2 2 2 2 )[ 1 -1 1 1 0 ]
2b ( 3 2 )[ 1 -1 3 1 0 ]

RANKS: 1 -1 0 4 1
EVENT27: 1113 4827d2_482b52_482c8b_482d7f
COMP 4c-0: 47dd11_47e0d6_47e240_47e35f (80178 4628.80 1 4271.00 0 99838.00){0.00 4271.00 4331.00 13175.00 39935.20 79929}{39935.20 0.00 0.00 0.00 79870.40 0}{79870.40 99838.00 99838.00 99838.00 119805.60 249}{119805.60 0.00 0.00 0.00 159740.80 0}{159740.80 0.00 0.00 0.00 199676.00 0}
COMP 4c-1: 4827d2_482b52_482c8b_482d7f (79432 4423.68 3 16.00 2 95584.00){0.00 0.00 0.00 0.00 6.40 0}{6.40 0.00 0.00 0.00 12.80 0}{12.80 16.00 18.00 19.00 32.00 39840}{32.00 8854.00 8854.89 8855.00 17676.00 39591}{17676.00 95584.00 95584.00 95584.00 173492.00 1}
COMP 4c-2: 48b72d_48b9b1_48ba85_48bb3e (249 383020.02 0 383020.00 0 383021.00){0.00 0.00 0.00 0.00 153208.00 0}{153208.00 0.00 0.00 0.00 306416.00 0}{306416.00 383020.00 383020.02 383021.00 459624.00 249}{459624.00 0.00 0.00 0.00 612832.00 0}{612832.00 0.00 0.00 0.00 766040.00 0}
COMM 4b-0: 47dd11_47e0d6_47e240_47e35f (80178 6.19 1 3.00 0 594.00){0.00 3.00 4.42 115.00 228.40 79929}{228.40 0.00 0.00 0.00 456.80 0}{456.80 567.00 572.79 594.00 685.20 249}{685.20 0.00 0.00 0.00 913.60 0}{913.60 0.00 0.00 0.00 1142.00 0}
COMM 4b-1: 4827d2_482b52_482c8b_482d7f (79432 4.99 3 2.00 2 566.00){0.00 2.00 4.58 8.00 8.00 77529}{8.00 8.00 21.12 36.00 36.00 1880}{36.00 37.00 38.95 56.00 74.00 21}{74.00 125.00 125.00 125.00 176.00 1}{176.00 566.00 566.00 566.00 956.00 1}
COMM 4b-2: 48b72d_48b9b1_48ba85_48bb3e (249 567.72 0 564.00 0 652.00){0.00 0.00 0.00 0.00 227.20 0}{227.20 0.00 0.00 0.00 454.40 0}{454.40 564.00 567.72 652.00 681.60 249}{681.60 0.00 0.00 0.00 908.80 0}{908.80 0.00 0.00 0.00 1136.00 0}
LOOP0: iter: ( 2 )[ 1 -1 0 1 0 ]( 320 )[ 1 -1 3 1 0 ] mem: ( 3 )[ 1 -1 0 1 0 ]( 1 )[ 1 -1 3 1 0 ]
10 2 
12 ( 131220 )[ 1 -1 0 2 2 ]
12 ( 400 )[ 1 -1 1 2 2 ]
14 16 
1a ( 1 2 )[ 1 -1 0 1 0 ]
1a ( 2 2 2 2 2 2 2 2 2 2 2 2 2 2 2 2 2 2 2 2 2 2 2 2 2 2 2 2 2 2 2 2 2 2 2 2 2 2 2 2 2 2 2 2 2 2 2 2 2 2 2 2 2 2 2 2 2 2 2 2 2 2 2 2 2 2 2 2 2 2 2 2 2 2 2 2 2 2 2 2 2 2 2 2 2 2 2 2 2 2 2 2 2 2 2 2 2 2 2 2 2 2 2 2 2 2 2 2 2 2 2 2 2 2 2 2 2 2 2 2 2 2 2 2 2 2 2 2 2 2 2 2 2 2 2 2 2 2 2 2 2 2 2 2 2 2 2 2 2 2 2 2 2 2 2 2 2 2 2 2 3 3 3 3 3 3 3 3 3 3 3 3 3 3 3 3 3 3 3 3 3 3 3 3 3 3 3 3 3 3 3 3 3 3 3 3 3 3 3 3 3 3 3 3 3 3 3 3 3 3 3 3 3 3 3 3 3 3 3 3 3 3 3 3 3 3 3 3 3 3 3 3 3 3 3 3 3 3 3 3 3 3 3 3 3 3 3 3 3 3 3 3 3 3 3 3 3 3 3 3 3 3 3 3 3 3 3 3 3 3 3 3 3 3 3 3 3 3 3 3 3 3 3 3 3 3 3 3 3 3 3 3 3 3 3 3 3 3 3 3 3 3 3 3 3 3 3 3 3 3 3 3 3 3 3 3 3 3 3 3 )[ 1 -1 1 1 0 ]
1a ( 3 2 )[ 1 -1 3 1 0 ]
1a ( 1 )[ 1 -1 2 1 0 ]
1b 0 

RANKS: 1 -1 0 4 1
EVENT28: 1090 47a69e_47aa73_47abde_47acff
COMP 4c-0: 4827d2_482b52_482c8b_482d7f (1493 95424.99 0 14.00 3 382277.00){0.00 0.00 0.00 0.00 6.00 0}{6.00 0.00 0.00 0.00 12.00 0}{12.00 14.00 18.24 30.00 30.00 746}{30.00 95108.00 95109.59 95111.00 190186.00 498}{190186.00 382276.00 382276.06 382277.00 574368.00 249}
COMP 4c-1: 48b72d_48b9b1_48ba85_48bb3e (248 382558.96 2 382558.00 2 382559.00){0.00 0.00 0.00 0.00 153023.60 0}{153023.60 0.00 0.00 0.00 306047.20 0}{306047.20 382558.00 382558.96 382559.00 459070.80 248}{459070.80 0.00 0.00 0.00 612094.40 0}{612094.40 0.00 0.00 0.00 765118.00 0}
COMM 4b-0: 4827d2_482b52_482c8b_482d7f (1493 3.05 0 2.00 3 6.00){0.00 0.00 0.00 0.00 1.20 0}{1.20 2.00 2.00 2.00 2.40 396}{2.40 3.00 3.00 3.00 3.60 636}{3.60 4.00 4.00 4.00 4.80 451}{4.80 5.00 5.10 6.00 6.00 10}
COMM 4b-1: 48b72d_48b9b1_48ba85_48bb3e (248 3.50 2 3.00 2 7.00){0.00 0.00 0.00 0.00 1.20 0}{1.20 0.00 0.00 0.00 2.40 0}{2.40 3.00 3.00 3.00 3.60 127}{3.60 4.00 4.00 4.00 6.00 120}{6.00 7.00 7.00 7.00 8.00 1}
LOOP0: iter: ( 2 )[ 1 -1 3 1 0 ]( 248 )[ 1 -1 2 1 0 ] mem: ( 3 )[ 1 -1 3 1 0 ]( 5 )[ 1 -1 2 1 0 ]
LOOP1: iter: ( 2 )[ 1 -1 2 1 0 ] mem: ( 2 )[ 1 -1 2 1 0 ]
10 2 
12 131220 
14 16 
1b 0 
2b 2147483647 

RANKS: 1 -1 0 4 1
EVENT29: 1148 48b72d_48b9b1_48ba85_48bb3e
COMP 4c-0: 47a69e_47aa73_47abde_47acff (1741 14.60 0 14.00 0 15.00){0.00 0.00 0.00 0.00 6.00 0}{6.00 0.00 0.00 0.00 12.00 0}{12.00 14.00 14.60 15.00 18.00 1741}{18.00 0.00 0.00 0.00 24.00 0}{24.00 0.00 0.00 0.00 30.00 0}
COMM 4b-0: 47a69e_47aa73_47abde_47acff (1741 9205.46 3 559.00 3 37470.00){0.00 559.00 1246.29 1725.00 2904.00 884}{2904.00 3940.00 3959.50 3979.00 4976.00 2}{4976.00 6056.31 6671.73 9087.00 9311.23 113}{9311.23 17694.21 19049.73 31886.00 34996.77 740}{34996.77 36637.00 37053.50 37470.00 39943.23 2}
1c 9999 

RANKS: 1 -1 2 1 0
EVENT30: 1113 4827d2_482b52_482c8b_482d7f
COMP 4c-0: 47dd11_47e0d6_47e240_47e35f (79112 4307.08 2 4272.00 2 4340.00){0.00 0.00 0.00 0.00 1734.40 0}{1734.40 0.00 0.00 0.00 3468.80 0}{3468.80 4272.00 4307.08 4340.00 5203.20 79112}{5203.20 0.00 0.00 0.00 6937.60 0}{6937.60 0.00 0.00 0.00 8672.00 0}
COMP 4c-1: 48b72d_48b9b1_48ba85_48bb3e (248 912.96 2 912.00 2 914.00){0.00 0.00 0.00 0.00 364.80 0}{364.80 0.00 0.00 0.00 729.60 0}{729.60 912.00 912.97 914.00 1094.40 248}{1094.40 0.00 0.00 0.00 1459.20 0}{1459.20 0.00 0.00 0.00 1824.00 0}
COMM 4b-0: 47dd11_47e0d6_47e240_47e35f (79112 4.45 2 3.00 2 47.00){0.00 3.00 4.25 7.00 7.20 76996}{7.20 7.28 9.16 14.00 14.40 1546}{14.40 14.50 16.88 18.00 18.00 347}{18.00 18.50 20.64 28.00 28.00 212}{28.00 30.00 35.18 47.00 50.00 11}
COMM 4b-1: 48b72d_48b9b1_48ba85_48bb3e (248 556.69 2 555.00 2 578.00){0.00 0.00 0.00 0.00 222.80 0}{222.80 0.00 0.00 0.00 445.60 0}{445.60 555.00 556.69 578.00 668.40 248}{668.40 0.00 0.00 0.00 891.20 0}{891.20 0.00 0.00 0.00 1114.00 0}
LOOP0: iter: ( 320 )[ 1 -1 2 1 0 ] mem: ( 2 )[ 1 -1 2 1 0 ]
10 2 
12 131220 400 400 400 400 400 400 400 400 400 400 400 400 400 400 400 400 400 400 400 400 400 400 400 400 400 400 400 400 400 400 400 400 400 400 400 400 400 400 400 400 400 400 400 400 400 400 400 400 400 400 400 400 400 400 400 400 400 400 400 400 400 400 400 400 400 400 400 400 400 400 400 400 400 400 400 400 400 400 400 400 400 400 400 400 400 400 400 400 400 400 400 400 400 400 400 400 400 400 400 400 400 400 400 400 400 400 400 400 400 400 400 400 400 400 400 400 400 400 400 400 400 400 400 400 400 400 400 400 400 400 400 400 400 400 400 400 400 400 400 400 400 400 400 400 400 400 400 400 400 400 400 400 400 400 400 400 400 400 400 400 400 400 400 400 400 400 400 400 400 400 400 400 400 400 400 400 400 400 400 400 400 400 400 400 400 400 400 400 400 400 400 400 400 400 400 400 400 400 400 400 400 400 400 400 400 400 400 400 400 400 400 400 400 400 400 400 400 400 400 400 400 400 400 400 400 400 400 400 400 400 400 400 400 400 400 400 400 400 400 400 400 400 400 400 400 400 400 400 400 400 400 400 400 400 400 400 400 400 400 400 400 400 400 400 400 400 400 400 400 400 400 400 400 400 400 400 400 400 400 400 400 400 400 400 400 400 400 400 400 400 400 400 400 400 400 400 400 400 400 400 400 400 400 400 400 400 400 400 400 400 400 400 400 400 400 400 400 400 400 
14 16 
1a 2 1 1 1 1 1 1 1 1 1 1 1 1 1 1 1 1 1 1 1 1 1 1 1 1 1 1 1 1 1 1 1 1 1 1 1 1 1 1 1 1 1 1 1 1 1 1 1 1 1 1 1 1 1 1 1 1 1 1 1 1 1 1 1 1 1 1 1 1 1 1 1 1 1 1 1 1 1 1 1 1 1 1 1 1 1 1 1 1 1 1 1 1 1 1 1 1 1 1 1 1 1 1 1 1 1 1 1 1 1 1 1 1 1 1 1 1 1 1 1 1 1 1 1 1 1 1 1 1 1 1 1 1 1 1 1 1 1 1 1 1 1 1 1 1 1 1 1 1 1 1 1 1 1 1 1 1 1 1 1 1 2 2 2 2 2 2 2 2 2 2 2 2 2 2 2 2 2 2 2 2 2 2 2 2 2 2 2 2 2 2 2 2 2 2 2 2 2 2 2 2 2 2 2 2 2 2 2 2 2 2 2 2 2 2 2 2 2 2 2 2 2 2 2 2 2 2 2 2 2 2 2 2 2 2 2 2 2 2 2 2 2 2 2 2 2 2 2 2 2 2 2 2 2 2 2 2 2 2 2 2 2 2 2 2 2 2 2 2 2 2 2 2 2 2 2 2 2 2 2 2 2 2 2 2 2 2 2 2 2 2 2 2 2 2 2 2 2 2 2 2 2 2 2 2 2 2 2 2 2 2 2 2 2 2 2 2 2 2 2 
1b 0 

RANKS: 1 -1 2 1 0
EVENT31: 1102 47dd11_47e0d6_47e240_47e35f
COMP 4c-0: 4827d2_482b52_482c8b_482d7f (79360 7225.25 2 4597.00 2 801468.00){0.00 4597.00 4725.42 4855.00 320587.20 79112}{320587.20 0.00 0.00 0.00 641174.40 0}{641174.40 801467.00 801467.28 801468.00 961761.60 248}{961761.60 0.00 0.00 0.00 1282348.80 0}{1282348.80 0.00 0.00 0.00 1602936.00 0}
COMM 4b-0: 4827d2_482b52_482c8b_482d7f (79360 55.57 2 2.00 2 6058.00){0.00 2.00 42.92 697.00 698.80 78887}{698.80 738.00 1588.48 2095.00 2096.40 206}{2096.40 2098.00 2584.81 3426.00 3494.00 264}{3494.00 3595.00 3614.50 3634.00 3774.00 2}{3774.00 6058.00 6058.00 6058.00 8342.00 1}
10 2 
12 400 
14 16 
1b 0 
2b 2 2 2 2 2 2 2 2 2 2 2 2 2 2 2 2 2 2 2 2 2 2 2 2 2 2 2 2 2 2 2 2 2 2 2 2 2 2 2 2 2 2 2 2 2 2 2 2 2 2 2 2 2 2 2 2 2 2 2 2 2 2 2 2 2 2 2 2 2 2 2 2 2 2 2 2 2 2 2 2 2 2 2 2 2 2 2 2 2 2 2 2 2 2 2 2 2 2 2 2 2 2 2 2 2 2 2 2 2 2 2 2 2 2 2 2 2 2 2 2 2 2 2 2 2 2 2 2 2 2 2 2 2 2 2 2 2 2 2 2 2 2 2 2 2 2 2 2 2 2 2 2 2 2 2 2 2 2 2 2 1 1 1 1 1 1 1 1 1 1 1 1 1 1 1 1 1 1 1 1 1 1 1 1 1 1 1 1 1 1 1 1 1 1 1 1 1 1 1 1 1 1 1 1 1 1 1 1 1 1 1 1 1 1 1 1 1 1 1 1 1 1 1 1 1 1 1 1 1 1 1 1 1 1 1 1 1 1 1 1 1 1 1 1 1 1 1 1 1 1 1 1 1 1 1 1 1 1 1 1 1 1 1 1 1 1 1 1 1 1 1 1 1 1 1 1 1 1 1 1 1 1 1 1 1 1 1 1 1 1 1 1 1 1 1 1 1 1 1 1 1 1 1 1 1 1 1 1 1 1 1 1 1 1 1 1 1 1 1 1 

RANKS: 1 -1 0 4 1
EVENT32: 1113 4827d2_482b52_482c8b_482d7f
COMP 4c-0: 47dd11_47e0d6_47e240_47e35f (248 4274.92 2 4272.00 2 4275.00){0.00 0.00 0.00 0.00 1710.00 0}{1710.00 0.00 0.00 0.00 3420.00 0}{3420.00 4272.00 4274.92 4275.00 5130.00 248}{5130.00 0.00 0.00 0.00 6840.00 0}{6840.00 0.00 0.00 0.00 8550.00 0}
COMP 4c-1: 4827d2_482b52_482c8b_482d7f (816 147451.27 0 15.00 1 382738.00){0.00 0.00 0.00 0.00 6.00 0}{6.00 0.00 0.00 0.00 12.00 0}{12.00 15.00 17.98 18.00 30.00 160}{30.00 9176.00 9176.00 9176.00 18322.00 159}{18322.00 95580.00 239448.31 382738.00 747154.00 497}
COMP 4c-2: 48b72d_48b9b1_48ba85_48bb3e (748 3060.22 1 910.00 0 806129.00){0.00 910.00 910.11 911.00 322451.60 747}{322451.60 0.00 0.00 0.00 644903.20 0}{644903.20 806129.00 806129.00 806129.00 967354.80 1}{967354.80 0.00 0.00 0.00 1289806.40 0}{1289806.40 0.00 0.00 0.00 1612258.00 0}
COMM 4b-0: 47dd11_47e0d6_47e240_47e35f (248 4.73 2 4.00 2 15.00){0.00 0.00 0.00 0.00 3.20 0}{3.20 4.00 4.00 4.00 4.80 125}{4.80 5.00 5.04 8.00 8.00 114}{8.00 9.00 10.14 12.00 12.00 7}{12.00 14.00 14.50 15.00 18.00 2}
COMM 4b-1: 4827d2_482b52_482c8b_482d7f (816 391.68 0 2.00 2 5654.00){0.00 2.00 4.93 38.00 44.00 319}{44.00 565.00 585.54 598.20 1094.00 473}{1094.00 1123.00 1148.00 1173.00 1194.00 2}{1194.00 1270.15 1289.80 1485.00 1506.00 15}{1506.00 2361.00 2831.43 5654.00 9802.00 7}
COMM 4b-2: 48b72d_48b9b1_48ba85_48bb3e (748 561.10 0 11.00 3 582.00){0.00 0.00 0.00 0.00 4.40 0}{4.40 0.00 0.00 0.00 8.80 0}{8.80 11.00 11.00 11.00 17.60 1}{17.60 0.00 0.00 0.00 22.00 0}{22.00 557.00 562.57 582.00 1092.00 747}
LOOP0: iter: ( 320 )[ 1 -1 0 1 0 ]( 2 )[ 1 -1 1 2 1 ] mem: ( 1 )[ 1 -1 0 3 1 ]
10 2 
12 ( 400 )[ 1 -1 0 1 0 ]
12 ( 131220 )[ 1 -1 1 2 2 ]
12 ( 400 131220 )[ 1 -1 2 1 0 ]
14 16 
1a ( 1 2 )[ 1 -1 0 1 0 ]
1a ( 3 2 )[ 1 -1 1 2 2 ]
1a ( 2 1 )[ 1 -1 2 1 0 ]
1b 0 

RANKS: 1 -1 1 2 1
EVENT33: 1090 47a69e_47aa73_47abde_47acff
COMP 4c-0: 4827d2_482b52_482c8b_482d7f (250 16.03 1 16.00 2 24.00){0.00 0.00 0.00 0.00 6.40 0}{6.40 0.00 0.00 0.00 12.80 0}{12.80 16.00 16.00 16.00 19.20 249}{19.20 24.00 24.00 24.00 25.60 1}{25.60 0.00 0.00 0.00 32.00 0}
COMP 4c-1: 48b72d_48b9b1_48ba85_48bb3e (1 382559.00 2 382559.00 2 382559.00){0.00 0.00 0.00 0.00 153023.60 0}{153023.60 0.00 0.00 0.00 306047.20 0}{306047.20 382559.00 382559.00 382559.00 459070.80 1}{459070.80 0.00 0.00 0.00 612094.40 0}{612094.40 0.00 0.00 0.00 765118.00 0}
COMM 4b-0: 4827d2_482b52_482c8b_482d7f (250 2.45 1 2.00 1 11.00){0.00 0.00 0.00 0.00 1.60 0}{1.60 2.00 2.00 2.00 2.40 145}{2.40 3.00 3.00 3.00 3.20 103}{3.20 4.00 4.00 4.00 4.00 1}{4.00 11.00 11.00 11.00 18.00 1}
COMM 4b-1: 48b72d_48b9b1_48ba85_48bb3e (1 4.00 2 4.00 2 4.00){0.00 0.00 0.00 0.00 1.60 0}{1.60 0.00 0.00 0.00 3.20 0}{3.20 4.00 4.00 4.00 4.80 1}{4.80 0.00 0.00 0.00 6.40 0}{6.40 0.00 0.00 0.00 8.00 0}
LOOP0: iter: ( 2 )[ 1 -1 2 1 0 ] mem: ( 2 )[ 1 -1 2 1 0 ]
10 2 
12 131220 
14 16 
1b 0 
2b 2147483647 

RANKS: 1 -1 1 2 1
EVENT34: 1148 48b72d_48b9b1_48ba85_48bb3e
COMP 4c-0: 47a69e_47aa73_47abde_47acff (251 14.99 1 14.00 1 16.00){0.00 0.00 0.00 0.00 6.00 0}{6.00 0.00 0.00 0.00 12.00 0}{12.00 14.00 14.99 16.00 18.00 251}{18.00 0.00 0.00 0.00 24.00 0}{24.00 0.00 0.00 0.00 30.00 0}
COMM 4b-0: 47a69e_47aa73_47abde_47acff (251 1106.54 1 922.00 2 28272.00){0.00 0.00 0.00 0.00 414.40 0}{414.40 0.00 0.00 0.00 828.80 0}{828.80 922.00 998.16 1142.00 1657.60 250}{1657.60 0.00 0.00 0.00 2072.00 0}{2072.00 28272.00 28272.00 28272.00 54472.00 1}
1c 9999 

RANKS: 1 -1 2 1 0
EVENT35: 1113 4827d2_482b52_482c8b_482d7f
COMP 4c-0: 47dd11_47e0d6_47e240_47e35f (319 4307.20 2 4275.00 2 4340.00){0.00 0.00 0.00 0.00 1734.40 0}{1734.40 0.00 0.00 0.00 3468.80 0}{3468.80 4275.00 4307.11 4340.00 5203.20 319}{5203.20 0.00 0.00 0.00 6937.60 0}{6937.60 0.00 0.00 0.00 8672.00 0}
COMP 4c-1: 48b72d_48b9b1_48ba85_48bb3e (1 913.00 2 913.00 2 913.00){0.00 0.00 0.00 0.00 365.20 0}{365.20 0.00 0.00 0.00 730.40 0}{730.40 913.00 913.00 913.00 1095.60 1}{1095.60 0.00 0.00 0.00 1460.80 0}{1460.80 0.00 0.00 0.00 1826.00 0}
COMM 4b-0: 47dd11_47e0d6_47e240_47e35f (319 4.47 2 3.00 2 21.00){0.00 3.00 4.25 5.00 7.20 313}{7.20 9.00 9.00 9.00 10.80 1}{10.80 12.00 12.00 12.00 14.40 1}{14.40 15.00 17.00 18.00 18.00 3}{18.00 21.00 21.00 21.00 24.00 1}
COMM 4b-1: 48b72d_48b9b1_48ba85_48bb3e (1 556.00 2 556.00 2 556.00){0.00 0.00 0.00 0.00 222.40 0}{222.40 0.00 0.00 0.00 444.80 0}{444.80 556.00 556.00 556.00 667.20 1}{667.20 0.00 0.00 0.00 889.60 0}{889.60 0.00 0.00 0.00 1112.00 0}
LOOP0: iter: ( 320 )[ 1 -1 2 1 0 ] mem: ( 2 )[ 1 -1 2 1 0 ]
10 2 
12 131220 400 400 400 400 400 400 400 400 400 400 400 400 400 400 400 400 400 400 400 400 400 400 400 400 400 400 400 400 400 400 400 400 400 400 400 400 400 400 400 400 400 400 400 400 400 400 400 400 400 400 400 400 400 400 400 400 400 400 400 400 400 400 400 400 400 400 400 400 400 400 400 400 400 400 400 400 400 400 400 400 400 400 400 400 400 400 400 400 400 400 400 400 400 400 400 400 400 400 400 400 400 400 400 400 400 400 400 400 400 400 400 400 400 400 400 400 400 400 400 400 400 400 400 400 400 400 400 400 400 400 400 400 400 400 400 400 400 400 400 400 400 400 400 400 400 400 400 400 400 400 400 400 400 400 400 400 400 400 400 400 400 400 400 400 400 400 400 400 400 400 400 400 400 400 400 400 400 400 400 400 400 400 400 400 400 400 400 400 400 400 400 400 400 400 400 400 400 400 400 400 400 400 400 400 400 400 400 400 400 400 400 400 400 400 400 400 400 400 400 400 400 400 400 400 400 400 400 400 400 400 400 400 400 400 400 400 400 400 400 400 400 400 400 400 400 400 400 400 400 400 400 400 400 400 400 400 400 400 400 400 400 400 400 400 400 400 400 400 400 400 400 400 400 400 400 400 400 400 400 400 400 400 400 400 400 400 400 400 400 400 400 400 400 400 400 400 400 400 400 400 400 400 400 400 400 400 400 400 400 400 400 400 400 400 400 400 400 400 400 
14 16 
1a 2 1 1 1 1 1 1 1 1 1 1 1 1 1 1 1 1 1 1 1 1 1 1 1 1 1 1 1 1 1 1 1 1 1 1 1 1 1 1 1 1 1 1 1 1 1 1 1 1 1 1 1 1 1 1 1 1 1 1 1 1 1 1 1 1 1 1 1 1 1 1 1 1 1 1 1 1 1 1 1 1 1 1 1 1 1 1 1 1 1 1 1 1 1 1 1 1 1 1 1 1 1 1 1 1 1 1 1 1 1 1 1 1 1 1 1 1 1 1 1 1 1 1 1 1 1 1 1 1 1 1 1 1 1 1 1 1 1 1 1 1 1 1 1 1 1 1 1 1 1 1 1 1 1 1 1 1 1 1 1 1 2 2 2 2 2 2 2 2 2 2 2 2 2 2 2 2 2 2 2 2 2 2 2 2 2 2 2 2 2 2 2 2 2 2 2 2 2 2 2 2 2 2 2 2 2 2 2 2 2 2 2 2 2 2 2 2 2 2 2 2 2 2 2 2 2 2 2 2 2 2 2 2 2 2 2 2 2 2 2 2 2 2 2 2 2 2 2 2 2 2 2 2 2 2 2 2 2 2 2 2 2 2 2 2 2 2 2 2 2 2 2 2 2 2 2 2 2 2 2 2 2 2 2 2 2 2 2 2 2 2 2 2 2 2 2 2 2 2 2 2 2 2 2 2 2 2 2 2 2 2 2 2 2 2 2 2 2 2 2 
1b 0 

RANKS: 1 -1 0 4 1
EVENT36: 1102 47dd11_47e0d6_47e240_47e35f
COMP 4c-0: 47dd11_47e0d6_47e240_47e35f (638 4495.90 0 16.00 3 9176.00){0.00 0.00 0.00 0.00 6.40 0}{6.40 0.00 0.00 0.00 12.80 0}{12.80 16.00 18.54 19.00 25.60 320}{25.60 0.00 0.00 0.00 32.00 0}{32.00 8854.00 9015.50 9176.00 17676.00 318}
COMP 4c-1: 4827d2_482b52_482c8b_482d7f (641 7209.33 2 4597.00 3 801487.00){0.00 0.00 0.00 0.00 1840.00 0}{1840.00 0.00 0.00 0.00 3680.00 0}{3680.00 4597.00 4727.44 4859.00 7360.00 639}{7360.00 0.00 0.00 0.00 9200.00 0}{9200.00 801467.00 801477.00 801487.00 1593774.00 2}
COMP 4c-2: 48b72d_48b9b1_48ba85_48bb3e (1 801803.00 1 801803.00 1 801803.00){0.00 0.00 0.00 0.00 320721.20 0}{320721.20 0.00 0.00 0.00 641442.40 0}{641442.40 801803.00 801803.00 801803.00 962163.60 1}{962163.60 0.00 0.00 0.00 1282884.80 0}{1282884.80 0.00 0.00 0.00 1603606.00 0}
COMM 4b-0: 47dd11_47e0d6_47e240_47e35f (638 26.17 0 2.00 3 251.00){0.00 0.00 0.00 0.00 1.20 0}{1.20 2.00 2.93 4.00 4.80 324}{4.80 5.00 5.35 6.00 6.00 43}{6.00 7.00 56.62 184.21 208.00 270}{208.00 251.00 251.00 251.00 294.00 1}
COMM 4b-1: 4827d2_482b52_482c8b_482d7f (641 68.44 1 2.00 0 5259.00){0.00 2.00 39.80 925.00 2103.60 637}{2103.60 2614.00 2690.67 2837.00 4207.20 3}{4207.20 5259.00 5259.00 5259.00 6310.80 1}{6310.80 0.00 0.00 0.00 8414.40 0}{8414.40 0.00 0.00 0.00 10518.00 0}
COMM 4b-2: 48b72d_48b9b1_48ba85_48bb3e (1 1502.00 1 1502.00 1 1502.00){0.00 0.00 0.00 0.00 600.80 0}{600.80 0.00 0.00 0.00 1201.60 0}{1201.60 1502.00 1502.00 1502.00 1802.40 1}{1802.40 0.00 0.00 0.00 2403.20 0}{2403.20 0.00 0.00 0.00 3004.00 0}
LOOP0: iter: ( 320 )[ 2 -1 0 2 1 -1 3 1 0 ] mem: ( 1 )[ 1 -1 0 2 3 ]( 2 )[ 1 -1 1 1 0 ]
10 2 
12 400 
14 16 
1b 0 
2b ( 1 2 )[ 1 -1 0 1 0 ]
2b ( 3 3 3 3 3 3 3 3 3 3 3 3 3 3 3 3 3 3 3 3 3 3 3 3 3 3 3 3 3 3 3 3 3 3 3 3 3 3 3 3 3 3 3 3 3 3 3 3 3 3 3 3 3 3 3 3 3 3 3 3 3 3 3 3 3 3 3 3 3 3 3 3 3 3 3 3 3 3 3 3 3 3 3 3 3 3 3 3 3 3 3 3 3 3 3 3 3 3 3 3 3 3 3 3 3 3 3 3 3 3 3 3 3 3 3 3 3 3 3 3 3 3 3 3 3 3 3 3 3 3 3 3 3 3 3 3 3 3 3 3 3 3 3 3 3 3 3 3 3 3 3 3 3 3 3 3 3 3 3 3 2 2 2 2 2 2 2 2 2 2 2 2 2 2 2 2 2 2 2 2 2 2 2 2 2 2 2 2 2 2 2 2 2 2 2 2 2 2 2 2 2 2 2 2 2 2 2 2 2 2 2 2 2 2 2 2 2 2 2 2 2 2 2 2 2 2 2 2 2 2 2 2 2 2 2 2 2 2 2 2 2 2 2 2 2 2 2 2 2 2 2 2 2 2 2 2 2 2 2 2 2 2 2 2 2 2 2 2 2 2 2 2 2 2 2 2 2 2 2 2 2 2 2 2 2 2 2 2 2 2 2 2 2 2 2 2 2 2 2 2 2 2 2 2 2 2 2 2 2 2 2 2 2 2 2 2 2 2 2 2 )[ 1 -1 1 1 0 ]
2b ( 3 2 )[ 1 -1 3 1 0 ]
2b ( 2 2 2 2 2 2 2 2 2 2 2 2 2 2 2 2 2 2 2 2 2 2 2 2 2 2 2 2 2 2 2 2 2 2 2 2 2 2 2 2 2 2 2 2 2 2 2 2 2 2 2 2 2 2 2 2 2 2 2 2 2 2 2 2 2 2 2 2 2 2 2 2 2 2 2 2 2 2 2 2 2 2 2 2 2 2 2 2 2 2 2 2 2 2 2 2 2 2 2 2 2 2 2 2 2 2 2 2 2 2 2 2 2 2 2 2 2 2 2 2 2 2 2 2 2 2 2 2 2 2 2 2 2 2 2 2 2 2 2 2 2 2 2 2 2 2 2 2 2 2 2 2 2 2 2 2 2 2 2 2 1 1 1 1 1 1 1 1 1 1 1 1 1 1 1 1 1 1 1 1 1 1 1 1 1 1 1 1 1 1 1 1 1 1 1 1 1 1 1 1 1 1 1 1 1 1 1 1 1 1 1 1 1 1 1 1 1 1 1 1 1 1 1 1 1 1 1 1 1 1 1 1 1 1 1 1 1 1 1 1 1 1 1 1 1 1 1 1 1 1 1 1 1 1 1 1 1 1 1 1 1 1 1 1 1 1 1 1 1 1 1 1 1 1 1 1 1 1 1 1 1 1 1 1 1 1 1 1 1 1 1 1 1 1 1 1 1 1 1 1 1 1 1 1 1 1 1 1 1 1 1 1 1 1 1 1 1 1 1 1 )[ 1 -1 2 1 0 ]

RANKS: 1 -1 1 3 1
EVENT37: 1113 4827d2_482b52_482c8b_482d7f
COMP 4c-0: 47dd11_47e0d6_47e240_47e35f (322 4330.94 1 4271.00 3 13174.00){0.00 0.00 0.00 0.00 1734.00 0}{1734.00 0.00 0.00 0.00 3468.00 0}{3468.00 4271.00 4303.38 4336.00 6936.00 321}{6936.00 0.00 0.00 0.00 8670.00 0}{8670.00 13174.00 13174.00 13174.00 17678.00 1}
COMP 4c-1: 4827d2_482b52_482c8b_482d7f (319 4408.87 3 16.00 3 8855.00){0.00 0.00 0.00 0.00 6.40 0}{6.40 0.00 0.00 0.00 12.80 0}{12.80 16.00 17.99 18.00 25.60 160}{25.60 0.00 0.00 0.00 32.00 0}{32.00 8854.00 8854.99 8855.00 17676.00 159}
COMM 4b-0: 47dd11_47e0d6_47e240_47e35f (322 4.40 1 3.00 1 22.00){0.00 3.00 3.00 3.00 3.20 11}{3.20 4.00 4.21 5.00 6.40 305}{6.40 8.00 8.50 9.00 12.80 2}{12.80 0.00 0.00 0.00 16.00 0}{16.00 17.00 19.50 22.00 22.00 4}
COMM 4b-1: 4827d2_482b52_482c8b_482d7f (319 4.24 3 2.00 3 26.00){0.00 0.00 0.00 0.00 1.20 0}{1.20 2.00 2.96 3.00 3.60 143}{3.60 4.00 4.00 4.00 4.80 70}{4.80 5.00 5.13 6.00 6.00 97}{6.00 7.00 17.00 26.00 42.00 9}
LOOP0: iter: ( 320 )[ 1 -1 3 1 0 ] mem: ( 1 )[ 1 -1 3 1 0 ]
10 2 
12 400 
14 16 
1a ( 2 2 2 2 2 2 2 2 2 2 2 2 2 2 2 2 2 2 2 2 2 2 2 2 2 2 2 2 2 2 2 2 2 2 2 2 2 2 2 2 2 2 2 2 2 2 2 2 2 2 2 2 2 2 2 2 2 2 2 2 2 2 2 2 2 2 2 2 2 2 2 2 2 2 2 2 2 2 2 2 2 2 2 2 2 2 2 2 2 2 2 2 2 2 2 2 2 2 2 2 2 2 2 2 2 2 2 2 2 2 2 2 2 2 2 2 2 2 2 2 2 2 2 2 2 2 2 2 2 2 2 2 2 2 2 2 2 2 2 2 2 2 2 2 2 2 2 2 2 2 2 2 2 2 2 2 2 2 2 2 3 3 3 3 3 3 3 3 3 3 3 3 3 3 3 3 3 3 3 3 3 3 3 3 3 3 3 3 3 3 3 3 3 3 3 3 3 3 3 3 3 3 3 3 3 3 3 3 3 3 3 3 3 3 3 3 3 3 3 3 3 3 3 3 3 3 3 3 3 3 3 3 3 3 3 3 3 3 3 3 3 3 3 3 3 3 3 3 3 3 3 3 3 3 3 3 3 3 3 3 3 3 3 3 3 3 3 3 3 3 3 3 3 3 3 3 3 3 3 3 3 3 3 3 3 3 3 3 3 3 3 3 3 3 3 3 3 3 3 3 3 3 3 3 3 3 3 3 3 3 3 3 3 3 3 3 3 3 3 3 )[ 1 -1 1 1 0 ]
1a ( 3 2 )[ 1 -1 3 1 0 ]
1a ( 2 )[ 1 -1 2 1 0 ]
1b 0 

RANKS: 1 -1 0 4 1
EVENT38: 1004 46ac07_46af67_46b0aa_46b19c
COMP 4c-0: 47dd11_47e0d6_47e240_47e35f (1 97690.00 0 97690.00 0 97690.00){0.00 0.00 0.00 0.00 39076.00 0}{39076.00 0.00 0.00 0.00 78152.00 0}{78152.00 97690.00 97690.00 97690.00 117228.00 1}{117228.00 0.00 0.00 0.00 156304.00 0}{156304.00 0.00 0.00 0.00 195380.00 0}
COMP 4c-1: 4827d2_482b52_482c8b_482d7f (3 93435.50 2 93433.00 1 93437.00){0.00 0.00 0.00 0.00 37374.80 0}{37374.80 0.00 0.00 0.00 74749.60 0}{74749.60 93433.00 93435.00 93437.00 112124.40 3}{112124.40 0.00 0.00 0.00 149499.20 0}{149499.20 0.00 0.00 0.00 186874.00 0}
COMM 4b-0: 47dd11_47e0d6_47e240_47e35f (1 25.00 0 25.00 0 25.00){0.00 0.00 0.00 0.00 10.00 0}{10.00 0.00 0.00 0.00 20.00 0}{20.00 25.00 25.00 25.00 30.00 1}{30.00 0.00 0.00 0.00 40.00 0}{40.00 0.00 0.00 0.00 50.00 0}
COMM 4b-1: 4827d2_482b52_482c8b_482d7f (3 18894.50 1 10852.00 3 27314.00){0.00 0.00 0.00 0.00 4340.80 0}{4340.80 0.00 0.00 0.00 8681.60 0}{8681.60 10852.00 10852.00 10852.00 17363.20 1}{17363.20 0.00 0.00 0.00 21704.00 0}{21704.00 26560.00 26937.00 27314.00 32924.00 2}
10 2 
12 5 
14 16 
18 3 

RANKS: 1 -1 0 2 2
EVENT39: 1113 4827d2_482b52_482c8b_482d7f
COMP 4c-0: 46ac07_46af67_46b0aa_46b19c (2 46312.00 0 46312.00 0 46312.00){0.00 0.00 0.00 0.00 18524.80 0}{18524.80 0.00 0.00 0.00 37049.60 0}{37049.60 46312.00 46312.00 46312.00 55574.40 2}{55574.40 0.00 0.00 0.00 74099.20 0}{74099.20 0.00 0.00 0.00 92624.00 0}
COMP 4c-1: 48b72d_48b9b1_48ba85_48bb3e (1 383020.00 0 383020.00 0 383020.00){0.00 0.00 0.00 0.00 153208.00 0}{153208.00 0.00 0.00 0.00 306416.00 0}{306416.00 383020.00 383020.00 383020.00 459624.00 1}{459624.00 0.00 0.00 0.00 612832.00 0}{612832.00 0.00 0.00 0.00 766040.00 0}
COMM 4b-0: 46ac07_46af67_46b0aa_46b19c (2 569.67 2 567.00 0 571.00){0.00 0.00 0.00 0.00 228.40 0}{228.40 0.00 0.00 0.00 456.80 0}{456.80 567.00 569.00 571.00 685.20 2}{685.20 0.00 0.00 0.00 913.60 0}{913.60 0.00 0.00 0.00 1142.00 0}
COMM 4b-1: 48b72d_48b9b1_48ba85_48bb3e (1 566.00 0 566.00 0 566.00){0.00 0.00 0.00 0.00 226.40 0}{226.40 0.00 0.00 0.00 452.80 0}{452.80 566.00 566.00 566.00 679.20 1}{679.20 0.00 0.00 0.00 905.60 0}{905.60 0.00 0.00 0.00 1132.00 0}
LOOP0: iter: ( 2 )[ 1 -1 0 1 0 ] mem: ( 3 )[ 1 -1 0 1 0 ]
10 2 
12 131220 
14 16 
1a ( 1 2 )[ 1 -1 0 1 0 ]
1a ( 1 )[ 1 -1 2 1 0 ]
1b 0 

RANKS: 1 -1 0 4 1
EVENT40: 1090 47a69e_47aa73_47abde_47acff
COMP 4c-0: 46ac07_46af67_46b0aa_46b19c (2 45838.00 1 45838.00 1 45838.00){0.00 0.00 0.00 0.00 18335.20 0}{18335.20 0.00 0.00 0.00 36670.40 0}{36670.40 45838.00 45838.00 45838.00 55005.60 2}{55005.60 0.00 0.00 0.00 73340.80 0}{73340.80 0.00 0.00 0.00 91676.00 0}
COMP 4c-1: 4827d2_482b52_482c8b_482d7f (4 76467.00 0 14.00 3 382276.00){0.00 0.00 0.00 0.00 6.00 0}{6.00 0.00 0.00 0.00 12.00 0}{12.00 14.00 14.67 15.00 24.00 3}{24.00 0.00 0.00 0.00 30.00 0}{30.00 382276.00 382276.00 382276.00 764522.00 1}
COMP 4c-2: 48b72d_48b9b1_48ba85_48bb3e (1 382559.00 2 382559.00 2 382559.00){0.00 0.00 0.00 0.00 153023.60 0}{153023.60 0.00 0.00 0.00 306047.20 0}{306047.20 382559.00 382559.00 382559.00 459070.80 1}{459070.80 0.00 0.00 0.00 612094.40 0}{612094.40 0.00 0.00 0.00 765118.00 0}
COMM 4b-0: 46ac07_46af67_46b0aa_46b19c (2 4.00 1 4.00 1 4.00){0.00 0.00 0.00 0.00 1.60 0}{1.60 0.00 0.00 0.00 3.20 0}{3.20 4.00 4.00 4.00 4.80 2}{4.80 0.00 0.00 0.00 6.40 0}{6.40 0.00 0.00 0.00 8.00 0}
COMM 4b-1: 4827d2_482b52_482c8b_482d7f (4 2.80 0 2.00 0 5.00){0.00 0.00 0.00 0.00 0.80 0}{0.80 0.00 0.00 0.00 1.60 0}{1.60 2.00 2.33 3.00 3.20 3}{3.20 0.00 0.00 0.00 4.00 0}{4.00 5.00 5.00 5.00 6.00 1}
COMM 4b-2: 48b72d_48b9b1_48ba85_48bb3e (1 4.00 2 4.00 2 4.00){0.00 0.00 0.00 0.00 1.60 0}{1.60 0.00 0.00 0.00 3.20 0}{3.20 4.00 4.00 4.00 4.80 1}{4.80 0.00 0.00 0.00 6.40 0}{6.40 0.00 0.00 0.00 8.00 0}
LOOP0: iter: ( 2 )[ 1 -1 2 2 1 ] mem: ( 3 )[ 1 -1 3 1 0 ]( 2 )[ 1 -1 2 1 0 ]
10 2 
12 131220 
14 16 
1b 0 
2b 2147483647 

RANKS: 1 -1 0 4 1
EVENT41: 1148 48b72d_48b9b1_48ba85_48bb3e
COMP 4c-0: 47a69e_47aa73_47abde_47acff (7 14.62 0 14.00 0 15.00){0.00 0.00 0.00 0.00 5.60 0}{5.60 0.00 0.00 0.00 11.20 0}{11.20 14.00 14.71 15.00 16.80 7}{16.80 0.00 0.00 0.00 22.40 0}{22.40 0.00 0.00 0.00 28.00 0}
COMM 4b-0: 47a69e_47aa73_47abde_47acff (7 1154.88 3 799.00 0 1395.00){0.00 0.00 0.00 0.00 558.00 0}{558.00 799.00 873.00 977.00 1116.00 3}{1116.00 1194.00 1306.25 1395.00 1674.00 4}{1674.00 0.00 0.00 0.00 2232.00 0}{2232.00 0.00 0.00 0.00 2790.00 0}
1c 9999 

RANKS: 1 -1 2 2 1
EVENT42: 1113 4827d2_482b52_482c8b_482d7f
COMP 4c-0: 48b72d_48b9b1_48ba85_48bb3e (3 910.50 3 910.00 2 912.00){0.00 0.00 0.00 0.00 364.00 0}{364.00 0.00 0.00 0.00 728.00 0}{728.00 910.00 910.67 912.00 1092.00 3}{1092.00 0.00 0.00 0.00 1456.00 0}{1456.00 0.00 0.00 0.00 1820.00 0}
COMM 4b-0: 48b72d_48b9b1_48ba85_48bb3e (3 558.75 2 556.00 3 563.00){0.00 0.00 0.00 0.00 223.20 0}{223.20 0.00 0.00 0.00 446.40 0}{446.40 556.00 559.00 563.00 669.60 3}{669.60 0.00 0.00 0.00 892.80 0}{892.80 0.00 0.00 0.00 1116.00 0}
10 2 
12 131220 
14 16 
1a ( 3 2 )[ 1 -1 3 1 0 ]
1a ( 2 )[ 1 -1 2 1 0 ]
1b 0 

RANKS: 2 -1 0 2 2 -1 3 1 0
EVENT43: 1004 46ac07_46af67_46b0aa_46b19c
COMP 4c-0: 46ac07_46af67_46b0aa_46b19c (6 166414.14 0 15.00 0 388280.00){0.00 0.00 0.00 0.00 6.00 0}{6.00 0.00 0.00 0.00 12.00 0}{12.00 15.00 15.00 15.00 24.00 3}{24.00 0.00 0.00 0.00 30.00 0}{30.00 388279.00 388279.67 388280.00 776530.00 3}
COMP 4c-1: 4827d2_482b52_482c8b_482d7f (2 796631.67 2 796629.00 3 796633.00){0.00 0.00 0.00 0.00 318653.20 0}{318653.20 0.00 0.00 0.00 637306.40 0}{637306.40 796629.00 796631.00 796633.00 955959.60 2}{955959.60 0.00 0.00 0.00 1274612.80 0}{1274612.80 0.00 0.00 0.00 1593266.00 0}
COMP 4c-2: 48b72d_48b9b1_48ba85_48bb3e (1 796953.00 0 796953.00 0 796953.00){0.00 0.00 0.00 0.00 318781.20 0}{318781.20 0.00 0.00 0.00 637562.40 0}{637562.40 796953.00 796953.00 796953.00 956343.60 1}{956343.60 0.00 0.00 0.00 1275124.80 0}{1275124.80 0.00 0.00 0.00 1593906.00 0}
COMM 4b-0: 46ac07_46af67_46b0aa_46b19c (6 2548.00 2 8.00 3 6027.00){0.00 8.00 8.00 8.00 18.40 1}{18.40 24.00 24.00 24.00 36.80 1}{36.80 46.00 46.00 46.00 73.60 1}{73.60 0.00 0.00 0.00 92.00 0}{92.00 5700.00 5904.00 6027.00 11878.00 3}
COMM 4b-1: 4827d2_482b52_482c8b_482d7f (2 893.33 2 662.00 3 1009.00){0.00 0.00 0.00 0.00 403.60 0}{403.60 662.00 662.00 662.00 807.20 1}{807.20 1009.00 1009.00 1009.00 1210.80 1}{1210.80 0.00 0.00 0.00 1614.40 0}{1614.40 0.00 0.00 0.00 2018.00 0}
COMM 4b-2: 48b72d_48b9b1_48ba85_48bb3e (1 23.00 0 23.00 0 23.00){0.00 0.00 0.00 0.00 9.20 0}{9.20 0.00 0.00 0.00 18.40 0}{18.40 23.00 23.00 23.00 27.60 1}{27.60 0.00 0.00 0.00 36.80 0}{36.80 0.00 0.00 0.00 46.00 0}
LOOP0: iter: ( 3 )[ 2 -1 0 2 2 -1 3 1 0 ] mem: ( 1 )[ 2 -1 0 2 2 -1 3 1 0 ]
10 2 
12 5 1 5 
14 16 
18 3 1 3 

RANKS: 1 -1 1 3 1
EVENT44: 1113 4827d2_482b52_482c8b_482d7f
COMP 4c-0: 46ac07_46af67_46b0aa_46b19c (2 314.00 3 314.00 3 314.00){0.00 0.00 0.00 0.00 125.60 0}{125.60 0.00 0.00 0.00 251.20 0}{251.20 314.00 314.00 314.00 376.80 2}{376.80 0.00 0.00 0.00 502.40 0}{502.40 0.00 0.00 0.00 628.00 0}
COMP 4c-1: 4827d2_482b52_482c8b_482d7f (2 255164.00 3 16.00 1 382738.00){0.00 16.00 16.00 16.00 153095.20 1}{153095.20 0.00 0.00 0.00 306190.40 0}{306190.40 382738.00 382738.00 382738.00 459285.60 1}{459285.60 0.00 0.00 0.00 612380.80 0}{612380.80 0.00 0.00 0.00 765476.00 0}
COMP 4c-2: 48b72d_48b9b1_48ba85_48bb3e (1 910.00 1 910.00 1 910.00){0.00 0.00 0.00 0.00 364.00 0}{364.00 0.00 0.00 0.00 728.00 0}{728.00 910.00 910.00 910.00 1092.00 1}{1092.00 0.00 0.00 0.00 1456.00 0}{1456.00 0.00 0.00 0.00 1820.00 0}
COMM 4b-0: 46ac07_46af67_46b0aa_46b19c (2 5.00 3 5.00 3 5.00){0.00 0.00 0.00 0.00 2.00 0}{2.00 0.00 0.00 0.00 4.00 0}{4.00 5.00 5.00 5.00 6.00 2}{6.00 0.00 0.00 0.00 8.00 0}{8.00 0.00 0.00 0.00 10.00 0}
COMM 4b-1: 4827d2_482b52_482c8b_482d7f (2 383.00 3 3.00 1 573.00){0.00 3.00 3.00 3.00 229.20 1}{229.20 0.00 0.00 0.00 458.40 0}{458.40 573.00 573.00 573.00 687.60 1}{687.60 0.00 0.00 0.00 916.80 0}{916.80 0.00 0.00 0.00 1146.00 0}
COMM 4b-2: 48b72d_48b9b1_48ba85_48bb3e (1 573.00 1 573.00 1 573.00){0.00 0.00 0.00 0.00 229.20 0}{229.20 0.00 0.00 0.00 458.40 0}{458.40 573.00 573.00 573.00 687.60 1}{687.60 0.00 0.00 0.00 916.80 0}{916.80 0.00 0.00 0.00 1146.00 0}
LOOP0: iter: ( 2 )[ 1 -1 1 2 2 ] mem: ( 1 )[ 1 -1 1 2 2 ]
10 2 
12 ( 131220 )[ 1 -1 1 1 0 ]
12 ( 162 166 )[ 1 -1 3 1 0 ]
12 ( 162 )[ 1 -1 2 1 0 ]
14 16 
1a ( 3 2 )[ 1 -1 1 1 0 ]
1a ( 2 3 )[ 1 -1 3 1 0 ]
1a ( 2 )[ 1 -1 2 1 0 ]
1b 0 

RANKS: 1 -1 0 2 1
EVENT45: 1090 47a69e_47aa73_47abde_47acff
COMP 4c-0: 46ac07_46af67_46b0aa_46b19c (1 316.00 0 316.00 0 316.00){0.00 0.00 0.00 0.00 126.40 0}{126.40 0.00 0.00 0.00 252.80 0}{252.80 316.00 316.00 316.00 379.20 1}{379.20 0.00 0.00 0.00 505.60 0}{505.60 0.00 0.00 0.00 632.00 0}
COMP 4c-1: 4827d2_482b52_482c8b_482d7f (1 16.00 1 16.00 1 16.00){0.00 0.00 0.00 0.00 6.40 0}{6.40 0.00 0.00 0.00 12.80 0}{12.80 16.00 16.00 16.00 19.20 1}{19.20 0.00 0.00 0.00 25.60 0}{25.60 0.00 0.00 0.00 32.00 0}
COMP 4c-2: 48b72d_48b9b1_48ba85_48bb3e (1 16.00 0 16.00 0 16.00){0.00 0.00 0.00 0.00 6.40 0}{6.40 0.00 0.00 0.00 12.80 0}{12.80 16.00 16.00 16.00 19.20 1}{19.20 0.00 0.00 0.00 25.60 0}{25.60 0.00 0.00 0.00 32.00 0}
COMM 4b-0: 46ac07_46af67_46b0aa_46b19c (1 4.00 0 4.00 0 4.00){0.00 0.00 0.00 0.00 1.60 0}{1.60 0.00 0.00 0.00 3.20 0}{3.20 4.00 4.00 4.00 4.80 1}{4.80 0.00 0.00 0.00 6.40 0}{6.40 0.00 0.00 0.00 8.00 0}
COMM 4b-1: 4827d2_482b52_482c8b_482d7f (1 2.00 1 2.00 1 2.00){0.00 0.00 0.00 0.00 0.80 0}{0.80 0.00 0.00 0.00 1.60 0}{1.60 2.00 2.00 2.00 2.40 1}{2.40 0.00 0.00 0.00 3.20 0}{3.20 0.00 0.00 0.00 4.00 0}
COMM 4b-2: 48b72d_48b9b1_48ba85_48bb3e (1 2.00 0 2.00 0 2.00){0.00 0.00 0.00 0.00 0.80 0}{0.80 0.00 0.00 0.00 1.60 0}{1.60 2.00 2.00 2.00 2.40 1}{2.40 0.00 0.00 0.00 3.20 0}{3.20 0.00 0.00 0.00 4.00 0}
LOOP0: iter: ( 2 )[ 1 -1 0 1 0 ] mem: ( 2 )[ 1 -1 0 1 0 ]
10 2 
12 ( 162 166 )[ 1 -1 0 1 0 ]
12 ( 131220 )[ 1 -1 1 1 0 ]
14 16 
1b 0 
2b 2147483647 

RANKS: 1 -1 0 2 1
EVENT46: 1148 48b72d_48b9b1_48ba85_48bb3e
COMP 4c-0: 47a69e_47aa73_47abde_47acff (3 15.00 0 15.00 0 15.00){0.00 0.00 0.00 0.00 6.00 0}{6.00 0.00 0.00 0.00 12.00 0}{12.00 15.00 15.00 15.00 18.00 3}{18.00 0.00 0.00 0.00 24.00 0}{24.00 0.00 0.00 0.00 30.00 0}
COMM 4b-0: 47a69e_47aa73_47abde_47acff (3 281.25 0 5.00 1 1000.00){0.00 0.00 0.00 0.00 2.00 0}{2.00 0.00 0.00 0.00 4.00 0}{4.00 5.00 5.00 5.00 10.00 1}{10.00 115.00 115.00 115.00 220.00 1}{220.00 1000.00 1000.00 1000.00 1780.00 1}
1c 9999 

RANKS: 2 -1 0 2 1 -1 3 1 0
EVENT47: 1004 46ac07_46af67_46b0aa_46b19c
COMP 4c-0: 46ac07_46af67_46b0aa_46b19c (2 129436.67 1 15.00 1 388280.00){0.00 0.00 0.00 0.00 6.00 0}{6.00 0.00 0.00 0.00 12.00 0}{12.00 15.00 15.00 15.00 24.00 1}{24.00 0.00 0.00 0.00 30.00 0}{30.00 388280.00 388280.00 388280.00 776530.00 1}
COMP 4c-1: 4827d2_482b52_482c8b_482d7f (1 128.00 3 128.00 3 128.00){0.00 0.00 0.00 0.00 51.20 0}{51.20 0.00 0.00 0.00 102.40 0}{102.40 128.00 128.00 128.00 153.60 1}{153.60 0.00 0.00 0.00 204.80 0}{204.80 0.00 0.00 0.00 256.00 0}
COMP 4c-2: 48b72d_48b9b1_48ba85_48bb3e (2 265739.33 0 135.00 1 796948.00){0.00 0.00 0.00 0.00 54.00 0}{54.00 0.00 0.00 0.00 108.00 0}{108.00 135.00 135.00 135.00 216.00 1}{216.00 0.00 0.00 0.00 270.00 0}{270.00 796948.00 796948.00 796948.00 1593626.00 1}
COMM 4b-0: 46ac07_46af67_46b0aa_46b19c (2 29.67 1 25.00 1 32.00){0.00 0.00 0.00 0.00 12.80 0}{12.80 25.00 25.00 25.00 25.60 1}{25.60 32.00 32.00 32.00 38.40 1}{38.40 0.00 0.00 0.00 51.20 0}{51.20 0.00 0.00 0.00 64.00 0}
COMM 4b-1: 4827d2_482b52_482c8b_482d7f (1 363.00 3 363.00 3 363.00){0.00 0.00 0.00 0.00 145.20 0}{145.20 0.00 0.00 0.00 290.40 0}{290.40 363.00 363.00 363.00 435.60 1}{435.60 0.00 0.00 0.00 580.80 0}{580.80 0.00 0.00 0.00 726.00 0}
COMM 4b-2: 48b72d_48b9b1_48ba85_48bb3e (2 345.33 0 73.00 1 890.00){0.00 0.00 0.00 0.00 29.20 0}{29.20 0.00 0.00 0.00 58.40 0}{58.40 73.00 73.00 73.00 116.80 1}{116.80 0.00 0.00 0.00 146.00 0}{146.00 890.00 890.00 890.00 1634.00 1}
LOOP0: iter: ( 3 )[ 1 -1 1 1 0 ] mem: ( 1 )[ 1 -1 1 1 0 ]
10 2 
12 ( 1 )[ 1 -1 0 2 3 ]
12 ( 5 1 5 )[ 1 -1 1 1 0 ]
14 16 
18 ( 3 )[ 1 -1 0 2 3 ]
18 ( 3 1 3 )[ 1 -1 1 1 0 ]

RANKS: 1 -1 0 3 1
EVENT48: 1090 47a69e_47aa73_47abde_47acff
COMP 4c-0: 46ac07_46af67_46b0aa_46b19c (3 343.00 1 316.00 0 352.00){0.00 0.00 0.00 0.00 140.80 0}{140.80 0.00 0.00 0.00 281.60 0}{281.60 316.00 340.00 352.00 422.40 3}{422.40 0.00 0.00 0.00 563.20 0}{563.20 0.00 0.00 0.00 704.00 0}
COMP 4c-1: 4827d2_482b52_482c8b_482d7f (1 15.00 2 15.00 2 15.00){0.00 0.00 0.00 0.00 6.00 0}{6.00 0.00 0.00 0.00 12.00 0}{12.00 15.00 15.00 15.00 18.00 1}{18.00 0.00 0.00 0.00 24.00 0}{24.00 0.00 0.00 0.00 30.00 0}
COMM 4b-0: 46ac07_46af67_46b0aa_46b19c (3 2.00 0 1.00 1 4.00){0.00 0.00 0.00 0.00 0.40 0}{0.40 0.00 0.00 0.00 0.80 0}{0.80 1.00 1.00 1.00 1.60 1}{1.60 2.00 2.00 2.00 2.00 1}{2.00 4.00 4.00 4.00 6.00 1}
COMM 4b-1: 4827d2_482b52_482c8b_482d7f (1 2.00 2 2.00 2 2.00){0.00 0.00 0.00 0.00 0.80 0}{0.80 0.00 0.00 0.00 1.60 0}{1.60 2.00 2.00 2.00 2.40 1}{2.40 0.00 0.00 0.00 3.20 0}{3.20 0.00 0.00 0.00 4.00 0}
LOOP0: iter: ( 2 )[ 1 -1 2 1 0 ] mem: ( 3 )[ 1 -1 2 1 0 ]
10 2 
12 ( 162 )[ 1 -1 0 2 1 ]
12 ( 166 162 )[ 1 -1 2 1 0 ]
14 16 
1b 0 
2b 2147483647 

RANKS: 1 -1 0 3 1
EVENT49: 1148 48b72d_48b9b1_48ba85_48bb3e
COMP 4c-0: 47a69e_47aa73_47abde_47acff (4 15.00 0 15.00 0 15.00){0.00 0.00 0.00 0.00 6.00 0}{6.00 0.00 0.00 0.00 12.00 0}{12.00 15.00 15.00 15.00 18.00 4}{18.00 0.00 0.00 0.00 24.00 0}{24.00 0.00 0.00 0.00 30.00 0}
COMM 4b-0: 47a69e_47aa73_47abde_47acff (4 16.60 2 4.00 0 35.00){0.00 4.00 4.33 5.00 14.00 3}{14.00 0.00 0.00 0.00 28.00 0}{28.00 35.00 35.00 35.00 42.00 1}{42.00 0.00 0.00 0.00 56.00 0}{56.00 0.00 0.00 0.00 70.00 0}
1c 9999 

RANKS: 1 -1 1 2 2
EVENT50: 1113 4827d2_482b52_482c8b_482d7f
COMP 4c-0: 46ac07_46af67_46b0aa_46b19c (2 354.00 1 354.00 1 354.00){0.00 0.00 0.00 0.00 141.60 0}{141.60 0.00 0.00 0.00 283.20 0}{283.20 354.00 354.00 354.00 424.80 2}{424.80 0.00 0.00 0.00 566.40 0}{566.40 0.00 0.00 0.00 708.00 0}
COMP 4c-1: 48b72d_48b9b1_48ba85_48bb3e (1 17.00 1 17.00 1 17.00){0.00 0.00 0.00 0.00 6.80 0}{6.80 0.00 0.00 0.00 13.60 0}{13.60 17.00 17.00 17.00 20.40 1}{20.40 0.00 0.00 0.00 27.20 0}{27.20 0.00 0.00 0.00 34.00 0}
COMM 4b-0: 46ac07_46af67_46b0aa_46b19c (2 3.67 3 3.00 1 4.00){0.00 0.00 0.00 0.00 1.60 0}{1.60 3.00 3.00 3.00 3.20 1}{3.20 4.00 4.00 4.00 4.80 1}{4.80 0.00 0.00 0.00 6.40 0}{6.40 0.00 0.00 0.00 8.00 0}
COMM 4b-1: 48b72d_48b9b1_48ba85_48bb3e (1 5.00 1 5.00 1 5.00){0.00 0.00 0.00 0.00 2.00 0}{2.00 0.00 0.00 0.00 4.00 0}{4.00 5.00 5.00 5.00 6.00 1}{6.00 0.00 0.00 0.00 8.00 0}{8.00 0.00 0.00 0.00 10.00 0}
LOOP0: iter: ( 2 )[ 1 -1 1 1 0 ] mem: ( 2 )[ 1 -1 1 1 0 ]
10 2 
12 ( 166 162 )[ 1 -1 1 1 0 ]
12 ( 162 )[ 1 -1 3 1 0 ]
14 16 
1a 3 
1b 0 

RANKS: 1 -1 0 4 1
EVENT51: 1004 46ac07_46af67_46b0aa_46b19c
COMP 4c-0: 4827d2_482b52_482c8b_482d7f (3 186.00 1 130.00 1 242.00){0.00 0.00 0.00 0.00 52.00 0}{52.00 0.00 0.00 0.00 104.00 0}{104.00 130.00 130.00 130.00 156.00 1}{156.00 0.00 0.00 0.00 208.00 0}{208.00 242.00 242.00 242.00 260.00 2}
COMP 4c-1: 48b72d_48b9b1_48ba85_48bb3e (3 216.75 2 129.00 0 246.00){0.00 0.00 0.00 0.00 98.40 0}{98.40 129.00 129.00 129.00 196.80 1}{196.80 246.00 246.00 246.00 295.20 2}{295.20 0.00 0.00 0.00 393.60 0}{393.60 0.00 0.00 0.00 492.00 0}
COMM 4b-0: 4827d2_482b52_482c8b_482d7f (3 31.25 1 7.00 3 90.00){0.00 0.00 0.00 0.00 2.80 0}{2.80 0.00 0.00 0.00 5.60 0}{5.60 7.00 7.00 7.00 14.00 1}{14.00 21.00 21.00 21.00 28.00 1}{28.00 90.00 90.00 90.00 152.00 1}
COMM 4b-1: 48b72d_48b9b1_48ba85_48bb3e (3 69.00 0 7.00 2 253.00){0.00 0.00 0.00 0.00 2.80 0}{2.80 0.00 0.00 0.00 5.60 0}{5.60 7.00 7.00 7.00 8.40 1}{8.40 9.00 9.00 9.00 14.00 1}{14.00 253.00 253.00 253.00 492.00 1}
10 2 
12 1 
14 16 
18 3 

RANKS: 1 -1 0 2 1
EVENT52: 1090 47a69e_47aa73_47abde_47acff_45f624
COMP 4c-0: 46ac07_46af67_46b0aa_46b19c (2 367.00 0 366.00 1 369.00){0.00 0.00 0.00 0.00 146.40 0}{146.40 0.00 0.00 0.00 292.80 0}{292.80 366.00 367.50 369.00 439.20 2}{439.20 0.00 0.00 0.00 585.60 0}{585.60 0.00 0.00 0.00 732.00 0}
COMM 4b-0: 46ac07_46af67_46b0aa_46b19c (2 2.00 0 2.00 0 2.00){0.00 0.00 0.00 0.00 0.80 0}{0.80 0.00 0.00 0.00 1.60 0}{1.60 2.00 2.00 2.00 2.40 2}{2.40 0.00 0.00 0.00 3.20 0}{3.20 0.00 0.00 0.00 4.00 0}
10 2 
12 162 
14 16 
1b 0 
2b 2147483647 

RANKS: 1 -1 0 2 1
EVENT53: 1148 48b72d_48b9b1_48ba85_48bb3e_45f639
COMP 4c-0: 47a69e_47aa73_47abde_47acff_45f624 (2 16.00 0 16.00 0 16.00){0.00 0.00 0.00 0.00 6.40 0}{6.40 0.00 0.00 0.00 12.80 0}{12.80 16.00 16.00 16.00 19.20 2}{19.20 0.00 0.00 0.00 25.60 0}{25.60 0.00 0.00 0.00 32.00 0}
COMM 4b-0: 47a69e_47aa73_47abde_47acff_45f624 (2 3.67 1 3.00 0 4.00){0.00 0.00 0.00 0.00 1.60 0}{1.60 3.00 3.00 3.00 3.20 1}{3.20 4.00 4.00 4.00 4.80 1}{4.80 0.00 0.00 0.00 6.40 0}{6.40 0.00 0.00 0.00 8.00 0}
1c 9999 

RANKS: 1 -1 2 2 1
EVENT54: 1113 4827d2_482b52_482c8b_482d7f_45f6e8
COMP 4c-0: 46ac07_46af67_46b0aa_46b19c (2 365.33 3 364.00 2 368.00){0.00 0.00 0.00 0.00 145.60 0}{145.60 0.00 0.00 0.00 291.20 0}{291.20 364.00 366.00 368.00 436.80 2}{436.80 0.00 0.00 0.00 582.40 0}{582.40 0.00 0.00 0.00 728.00 0}
COMM 4b-0: 46ac07_46af67_46b0aa_46b19c (2 4.00 3 4.00 3 4.00){0.00 0.00 0.00 0.00 1.60 0}{1.60 0.00 0.00 0.00 3.20 0}{3.20 4.00 4.00 4.00 4.80 2}{4.80 0.00 0.00 0.00 6.40 0}{6.40 0.00 0.00 0.00 8.00 0}
10 2 
12 162 
14 16 
1a 2 
1b 0 

RANKS: 1 -1 0 4 1
EVENT55: 1004 46ac07_46af67_46b0aa_46b19c
COMP 4c-0: 4827d2_482b52_482c8b_482d7f_45f6e8 (2 239.00 3 239.00 3 239.00){0.00 0.00 0.00 0.00 95.60 0}{95.60 0.00 0.00 0.00 191.20 0}{191.20 239.00 239.00 239.00 286.80 2}{286.80 0.00 0.00 0.00 382.40 0}{382.40 0.00 0.00 0.00 478.00 0}
COMP 4c-1: 48b72d_48b9b1_48ba85_48bb3e_45f639 (2 246.00 0 246.00 0 246.00){0.00 0.00 0.00 0.00 98.40 0}{98.40 0.00 0.00 0.00 196.80 0}{196.80 246.00 246.00 246.00 295.20 2}{295.20 0.00 0.00 0.00 393.60 0}{393.60 0.00 0.00 0.00 492.00 0}
COMM 4b-0: 4827d2_482b52_482c8b_482d7f_45f6e8 (2 176.00 2 160.00 3 184.00){0.00 0.00 0.00 0.00 73.60 0}{73.60 0.00 0.00 0.00 147.20 0}{147.20 160.00 172.00 184.00 220.80 2}{220.80 0.00 0.00 0.00 294.40 0}{294.40 0.00 0.00 0.00 368.00 0}
COMM 4b-1: 48b72d_48b9b1_48ba85_48bb3e_45f639 (2 85.67 1 7.00 0 125.00){0.00 7.00 7.00 7.00 50.00 1}{50.00 0.00 0.00 0.00 100.00 0}{100.00 125.00 125.00 125.00 150.00 1}{150.00 0.00 0.00 0.00 200.00 0}{200.00 0.00 0.00 0.00 250.00 0}
10 2 
12 1 
14 16 
18 3 

RANKS: 1 -1 0 4 1
EVENT56: 1045 473567_4735db_473641_47369c
COMP 4c-0: 46ac07_46af67_46b0aa_46b19c (4 2553.20 0 597.00 2 3915.00){0.00 0.00 0.00 0.00 238.80 0}{238.80 0.00 0.00 0.00 477.60 0}{477.60 597.00 597.00 597.00 955.20 1}{955.20 0.00 0.00 0.00 1194.00 0}{1194.00 3807.00 3857.33 3915.00 6420.00 3}

