RANKS: 1 -1 0 4 1
EVENT0: 1084 478d7c_478e3b_478ed1_478f2c
33 2 
34 0 

RANKS: 1 -1 0 4 1
EVENT1: 1011 46cf59_46d288_46d3a3_46d48f
COMP 4b-0: 46cf59_46d288_46d3a3_46d48f (32 5.61 0 5.00 0 7.00){0.00 0.00 0.00 0.00 2.00 0}{2.00 0.00 0.00 0.00 4.00 0}{4.00 5.00 5.58 6.00 6.00 31}{6.00 7.00 7.00 7.00 8.00 1}{8.00 0.00 0.00 0.00 10.00 0}
COMP 4b-1: 478d7c_478e3b_478ed1_478f2c (4 266.60 3 58.00 0 579.00){0.00 58.00 58.33 59.00 231.60 3}{231.60 0.00 0.00 0.00 463.20 0}{463.20 579.00 579.00 579.00 694.80 1}{694.80 0.00 0.00 0.00 926.40 0}{926.40 0.00 0.00 0.00 1158.00 0}
COMM 4b-0: 46cf59_46d288_46d3a3_46d48f (32 11.27 0 1.00 0 65.00){0.00 1.00 1.00 1.00 1.20 1}{1.20 2.00 2.00 2.00 2.40 10}{2.40 3.00 3.27 4.00 4.80 11}{4.80 5.00 5.50 6.00 6.00 2}{6.00 9.00 37.62 65.00 124.00 8}
COMM 4b-1: 478d7c_478e3b_478ed1_478f2c (4 351.80 0 18.00 1 591.00){0.00 0.00 0.00 0.00 7.20 0}{7.20 0.00 0.00 0.00 14.40 0}{14.40 18.00 18.00 18.00 28.80 1}{28.80 0.00 0.00 0.00 36.00 0}{36.00 547.00 574.33 591.00 1134.00 3}
LOOP0: iter: ( 9 )[ 1 -1 0 4 1 ] mem: ( 1 )[ 1 -1 0 4 1 ]
10 2 
12 1 1 1 1 1 5 1 1 1 
14 14 14 14 16 16 16 14 14 14 
19 0 

RANKS: 1 -1 2 1 0
EVENT2: 1113 481caa_48202a_482163_482257
COMP 4b-0: 46cf59_46d288_46d3a3_46d48f (1 34180.00 2 34180.00 2 34180.00){0.00 0.00 0.00 0.00 13672.00 0}{13672.00 0.00 0.00 0.00 27344.00 0}{27344.00 34180.00 34180.00 34180.00 41016.00 1}{41016.00 0.00 0.00 0.00 54688.00 0}{54688.00 0.00 0.00 0.00 68360.00 0}
COMM 4b-0: 46cf59_46d288_46d3a3_46d48f (1 295.00 2 295.00 2 295.00){0.00 0.00 0.00 0.00 118.00 0}{118.00 0.00 0.00 0.00 236.00 0}{236.00 295.00 295.00 295.00 354.00 1}{354.00 0.00 0.00 0.00 472.00 0}{472.00 0.00 0.00 0.00 590.00 0}
10 2 
12 20480 
14 16 
1a 1 
1b 0 

RANKS: 1 -1 1 2 1
EVENT3: 1090 479b76_479f4b_47a0b6_47a1d7
COMP 4b-0: 46cf59_46d288_46d3a3_46d48f (1 34067.00 1 34067.00 1 34067.00){0.00 0.00 0.00 0.00 13626.80 0}{13626.80 0.00 0.00 0.00 27253.60 0}{27253.60 34067.00 34067.00 34067.00 40880.40 1}{40880.40 0.00 0.00 0.00 54507.20 0}{54507.20 0.00 0.00 0.00 68134.00 0}
COMP 4b-1: 481caa_48202a_482163_482257 (1 11.00 2 11.00 2 11.00){0.00 0.00 0.00 0.00 4.40 0}{4.40 0.00 0.00 0.00 8.80 0}{8.80 11.00 11.00 11.00 13.20 1}{13.20 0.00 0.00 0.00 17.60 0}{17.60 0.00 0.00 0.00 22.00 0}
COMP 4b-2: 48ac05_48ae89_48af5d_48b016 (1 5772.00 2 5772.00 2 5772.00){0.00 0.00 0.00 0.00 2308.80 0}{2308.80 0.00 0.00 0.00 4617.60 0}{4617.60 5772.00 5772.00 5772.00 6926.40 1}{6926.40 0.00 0.00 0.00 9235.20 0}{9235.20 0.00 0.00 0.00 11544.00 0}
COMM 4b-0: 46cf59_46d288_46d3a3_46d48f (1 5.00 1 5.00 1 5.00){0.00 0.00 0.00 0.00 2.00 0}{2.00 0.00 0.00 0.00 4.00 0}{4.00 5.00 5.00 5.00 6.00 1}{6.00 0.00 0.00 0.00 8.00 0}{8.00 0.00 0.00 0.00 10.00 0}
COMM 4b-1: 481caa_48202a_482163_482257 (1 4.00 2 4.00 2 4.00){0.00 0.00 0.00 0.00 1.60 0}{1.60 0.00 0.00 0.00 3.20 0}{3.20 4.00 4.00 4.00 4.80 1}{4.80 0.00 0.00 0.00 6.40 0}{6.40 0.00 0.00 0.00 8.00 0}
COMM 4b-2: 48ac05_48ae89_48af5d_48b016 (1 3.00 2 3.00 2 3.00){0.00 0.00 0.00 0.00 1.20 0}{1.20 0.00 0.00 0.00 2.40 0}{2.40 3.00 3.00 3.00 3.60 1}{3.60 0.00 0.00 0.00 4.80 0}{4.80 0.00 0.00 0.00 6.00 0}
LOOP0: iter: ( 2 )[ 1 -1 2 1 0 ] mem: ( 2 )[ 1 -1 2 1 0 ]
10 2 
12 20480 
14 16 
1b 0 
2b 2147483647 

RANKS: 1 -1 1 2 1
EVENT4: 1148 48ac05_48ae89_48af5d_48b016
COMP 4b-0: 479b76_479f4b_47a0b6_47a1d7 (3 12.75 2 6.00 1 16.00){0.00 6.00 6.00 6.00 6.40 1}{6.40 0.00 0.00 0.00 12.80 0}{12.80 13.00 14.50 16.00 19.20 2}{19.20 0.00 0.00 0.00 25.60 0}{25.60 0.00 0.00 0.00 32.00 0}
COMM 4b-0: 479b76_479f4b_47a0b6_47a1d7 (3 243.25 2 101.00 1 301.00){0.00 101.00 101.00 101.00 120.40 1}{120.40 0.00 0.00 0.00 240.80 0}{240.80 270.00 285.50 301.00 361.20 2}{361.20 0.00 0.00 0.00 481.60 0}{481.60 0.00 0.00 0.00 602.00 0}
1c 9999 

RANKS: 1 -1 1 2 1
EVENT5: 1113 481caa_48202a_482163_482257
COMP 4b-0: 481caa_48202a_482163_482257 (2 7493.67 1 5782.00 2 10917.00){0.00 0.00 0.00 0.00 2312.80 0}{2312.80 0.00 0.00 0.00 4625.60 0}{4625.60 5782.00 5782.00 5782.00 6938.40 1}{6938.40 0.00 0.00 0.00 9251.20 0}{9251.20 10917.00 10917.00 10917.00 11564.00 1}
COMP 4b-1: 48ac05_48ae89_48af5d_48b016 (2 107.67 1 107.00 2 109.00){0.00 0.00 0.00 0.00 42.80 0}{42.80 0.00 0.00 0.00 85.60 0}{85.60 107.00 108.00 109.00 128.40 2}{128.40 0.00 0.00 0.00 171.20 0}{171.20 0.00 0.00 0.00 214.00 0}
COMM 4b-0: 481caa_48202a_482163_482257 (2 132.67 2 116.00 1 141.00){0.00 0.00 0.00 0.00 56.40 0}{56.40 0.00 0.00 0.00 112.80 0}{112.80 116.00 128.50 141.00 169.20 2}{169.20 0.00 0.00 0.00 225.60 0}{225.60 0.00 0.00 0.00 282.00 0}
COMM 4b-1: 48ac05_48ae89_48af5d_48b016 (2 195.00 2 105.00 1 240.00){0.00 0.00 0.00 0.00 96.00 0}{96.00 105.00 105.00 105.00 192.00 1}{192.00 240.00 240.00 240.00 288.00 1}{288.00 0.00 0.00 0.00 384.00 0}{384.00 0.00 0.00 0.00 480.00 0}
LOOP0: iter: ( 2 )[ 1 -1 1 2 1 ] mem: ( 1 )[ 1 -1 1 2 1 ]
10 2 
12 20480 
14 16 
1a ( 3 2 )[ 1 -1 1 1 0 ]
1a ( 2 1 )[ 1 -1 2 1 0 ]
1b 0 

RANKS: 1 -1 1 3 1
EVENT6: 1090 479b76_479f4b_47a0b6_47a1d7
COMP 4b-0: 46cf59_46d288_46d3a3_46d48f (1 34172.00 3 34172.00 3 34172.00){0.00 0.00 0.00 0.00 13668.80 0}{13668.80 0.00 0.00 0.00 27337.60 0}{27337.60 34172.00 34172.00 34172.00 41006.40 1}{41006.40 0.00 0.00 0.00 54675.20 0}{54675.20 0.00 0.00 0.00 68344.00 0}
COMP 4b-1: 481caa_48202a_482163_482257 (5 3597.33 1 7.00 3 10829.00){0.00 0.00 0.00 0.00 2.80 0}{2.80 0.00 0.00 0.00 5.60 0}{5.60 7.00 7.50 8.00 14.00 2}{14.00 5007.00 5366.50 5726.00 10000.00 2}{10000.00 10829.00 10829.00 10829.00 11658.00 1}
COMP 4b-2: 48ac05_48ae89_48af5d_48b016 (2 8945.67 2 5063.00 1 10887.00){0.00 0.00 0.00 0.00 4354.80 0}{4354.80 5063.00 5063.00 5063.00 8709.60 1}{8709.60 10887.00 10887.00 10887.00 13064.40 1}{13064.40 0.00 0.00 0.00 17419.20 0}{17419.20 0.00 0.00 0.00 21774.00 0}
COMM 4b-0: 46cf59_46d288_46d3a3_46d48f (1 5.00 3 5.00 3 5.00){0.00 0.00 0.00 0.00 2.00 0}{2.00 0.00 0.00 0.00 4.00 0}{4.00 5.00 5.00 5.00 6.00 1}{6.00 0.00 0.00 0.00 8.00 0}{8.00 0.00 0.00 0.00 10.00 0}
COMM 4b-1: 481caa_48202a_482163_482257 (5 2.17 1 2.00 3 3.00){0.00 0.00 0.00 0.00 0.80 0}{0.80 0.00 0.00 0.00 1.60 0}{1.60 2.00 2.00 2.00 2.40 4}{2.40 3.00 3.00 3.00 3.20 1}{3.20 0.00 0.00 0.00 4.00 0}
COMM 4b-2: 48ac05_48ae89_48af5d_48b016 (2 2.00 1 2.00 1 2.00){0.00 0.00 0.00 0.00 0.80 0}{0.80 0.00 0.00 0.00 1.60 0}{1.60 2.00 2.00 2.00 2.40 2}{2.40 0.00 0.00 0.00 3.20 0}{3.20 0.00 0.00 0.00 4.00 0}
LOOP0: iter: ( 2 )[ 1 -1 1 2 1 ]( 4 )[ 1 -1 3 1 0 ] mem: ( 2 )[ 1 -1 1 2 1 ]( 3 )[ 1 -1 3 1 0 ]
10 2 
12 20480 
14 16 
1b 0 
2b 2147483647 

RANKS: 1 -1 1 3 1
EVENT7: 1148 48ac05_48ae89_48af5d_48b016
COMP 4b-0: 479b76_479f4b_47a0b6_47a1d7 (8 7.22 3 5.00 3 15.00){0.00 0.00 0.00 0.00 2.80 0}{2.80 5.00 5.00 5.00 5.60 1}{5.60 6.00 6.33 7.00 11.20 6}{11.20 0.00 0.00 0.00 14.00 0}{14.00 15.00 15.00 15.00 16.00 1}
COMM 4b-0: 479b76_479f4b_47a0b6_47a1d7 (8 205.44 3 103.00 1 329.00){0.00 0.00 0.00 0.00 50.40 0}{50.40 0.00 0.00 0.00 100.80 0}{100.80 103.00 142.00 178.00 201.60 4}{201.60 242.00 242.00 242.00 252.00 1}{252.00 258.00 304.33 329.00 406.00 3}
1c 9999 

RANKS: 1 -1 0 4 1
EVENT8: 1113 481caa_48202a_482163_482257
COMP 4b-0: 46cf59_46d288_46d3a3_46d48f (1 34137.00 0 34137.00 0 34137.00){0.00 0.00 0.00 0.00 13654.80 0}{13654.80 0.00 0.00 0.00 27309.60 0}{27309.60 34137.00 34137.00 34137.00 40964.40 1}{40964.40 0.00 0.00 0.00 54619.20 0}{54619.20 0.00 0.00 0.00 68274.00 0}
COMP 4b-1: 481caa_48202a_482163_482257 (1 5032.00 1 5032.00 1 5032.00){0.00 0.00 0.00 0.00 2012.80 0}{2012.80 0.00 0.00 0.00 4025.60 0}{4025.60 5032.00 5032.00 5032.00 6038.40 1}{6038.40 0.00 0.00 0.00 8051.20 0}{8051.20 0.00 0.00 0.00 10064.00 0}
COMP 4b-2: 48ac05_48ae89_48af5d_48b016 (9 2857.10 3 108.00 0 11063.00){0.00 108.00 120.50 144.00 2338.00 6}{2338.00 0.00 0.00 0.00 4676.00 0}{4676.00 5095.00 5470.00 5845.00 7014.00 2}{7014.00 0.00 0.00 0.00 9352.00 0}{9352.00 11063.00 11063.00 11063.00 11690.00 1}
COMM 4b-0: 46cf59_46d288_46d3a3_46d48f (1 295.00 0 295.00 0 295.00){0.00 0.00 0.00 0.00 118.00 0}{118.00 0.00 0.00 0.00 236.00 0}{236.00 295.00 295.00 295.00 354.00 1}{354.00 0.00 0.00 0.00 472.00 0}{472.00 0.00 0.00 0.00 590.00 0}
COMM 4b-1: 481caa_48202a_482163_482257 (1 108.00 1 108.00 1 108.00){0.00 0.00 0.00 0.00 43.20 0}{43.20 0.00 0.00 0.00 86.40 0}{86.40 108.00 108.00 108.00 129.60 1}{129.60 0.00 0.00 0.00 172.80 0}{172.80 0.00 0.00 0.00 216.00 0}
COMM 4b-2: 48ac05_48ae89_48af5d_48b016 (9 123.10 2 102.00 3 242.00){0.00 0.00 0.00 0.00 49.20 0}{49.20 0.00 0.00 0.00 98.40 0}{98.40 102.00 108.25 123.00 147.60 8}{147.60 0.00 0.00 0.00 196.80 0}{196.80 242.00 242.00 242.00 246.00 1}
LOOP0: iter: ( 4 )[ 1 -1 0 1 0 ]( 2 )[ 1 -1 1 1 0 ] mem: ( 3 )[ 1 -1 0 1 0 ]( 1 )[ 1 -1 1 1 0 ]
10 2 
12 20480 
14 16 
1a ( 1 2 )[ 1 -1 0 1 0 ]
1a ( 3 2 )[ 1 -1 1 2 2 ]
1a ( 2 )[ 1 -1 2 1 0 ]
1b 0 

RANKS: 1 -1 0 2 1
EVENT9: 1090 479b76_479f4b_47a0b6_47a1d7
COMP 4b-0: 481caa_48202a_482163_482257 (5 9.67 0 6.00 0 16.00){0.00 0.00 0.00 0.00 4.40 0}{4.40 6.00 6.67 7.00 8.80 3}{8.80 11.00 11.00 11.00 13.20 1}{13.20 16.00 16.00 16.00 17.60 1}{17.60 0.00 0.00 0.00 22.00 0}
COMM 4b-0: 481caa_48202a_482163_482257 (5 2.67 0 1.00 0 4.00){0.00 1.00 1.00 1.00 1.60 1}{1.60 2.00 2.33 3.00 3.20 3}{3.20 4.00 4.00 4.00 4.80 1}{4.80 0.00 0.00 0.00 6.40 0}{6.40 0.00 0.00 0.00 8.00 0}
10 2 
12 20480 
14 16 
1b 0 
2b 2147483647 

RANKS: 1 -1 0 2 1
EVENT10: 1148 48ac05_48ae89_48af5d_48b016
COMP 4b-0: 479b76_479f4b_47a0b6_47a1d7 (5 7.67 0 6.00 0 11.00){0.00 0.00 0.00 0.00 4.40 0}{4.40 6.00 6.00 6.00 8.80 4}{8.80 11.00 11.00 11.00 13.20 1}{13.20 0.00 0.00 0.00 17.60 0}{17.60 0.00 0.00 0.00 22.00 0}
COMM 4b-0: 479b76_479f4b_47a0b6_47a1d7 (5 205.67 1 128.00 0 268.00){0.00 0.00 0.00 0.00 107.20 0}{107.20 128.00 159.33 175.00 214.40 3}{214.40 220.00 244.00 268.00 321.60 2}{321.60 0.00 0.00 0.00 428.80 0}{428.80 0.00 0.00 0.00 536.00 0}
1c 9999 

RANKS: 1 -1 0 4 1
EVENT11: 1004 46a0df_46a43f_46a582_46a674
COMP 4b-0: 481caa_48202a_482163_482257 (2 10303.33 3 10300.00 2 10310.00){0.00 0.00 0.00 0.00 4120.00 0}{4120.00 0.00 0.00 0.00 8240.00 0}{8240.00 10300.00 10305.00 10310.00 12360.00 2}{12360.00 0.00 0.00 0.00 16480.00 0}{16480.00 0.00 0.00 0.00 20600.00 0}
COMP 4b-1: 48ac05_48ae89_48af5d_48b016 (2 10369.67 1 10355.00 0 10377.00){0.00 0.00 0.00 0.00 4150.80 0}{4150.80 0.00 0.00 0.00 8301.60 0}{8301.60 10355.00 10366.00 10377.00 12452.40 2}{12452.40 0.00 0.00 0.00 16603.20 0}{16603.20 0.00 0.00 0.00 20754.00 0}
COMM 4b-0: 481caa_48202a_482163_482257 (2 176.33 2 125.00 3 202.00){0.00 0.00 0.00 0.00 80.80 0}{80.80 125.00 125.00 125.00 161.60 1}{161.60 202.00 202.00 202.00 242.40 1}{242.40 0.00 0.00 0.00 323.20 0}{323.20 0.00 0.00 0.00 404.00 0}
COMM 4b-1: 48ac05_48ae89_48af5d_48b016 (2 86.67 0 38.00 1 184.00){0.00 0.00 0.00 0.00 15.20 0}{15.20 0.00 0.00 0.00 30.40 0}{30.40 38.00 38.00 38.00 60.80 1}{60.80 0.00 0.00 0.00 76.00 0}{76.00 184.00 184.00 184.00 292.00 1}
10 2 
12 5 
14 16 
18 3 

RANKS: 1 -1 0 4 1
EVENT12: 1010 46ca70_46cca5_46cd49_46cdc5
COMP 4b-0: 46a0df_46a43f_46a582_46a674 (4 5.60 1 5.00 0 6.00){0.00 0.00 0.00 0.00 2.40 0}{2.40 0.00 0.00 0.00 4.80 0}{4.80 5.00 5.50 6.00 7.20 4}{7.20 0.00 0.00 0.00 9.60 0}{9.60 0.00 0.00 0.00 12.00 0}
COMM 4b-0: 46a0df_46a43f_46a582_46a674 (4 178.20 1 140.00 3 279.00){0.00 0.00 0.00 0.00 64.80 0}{64.80 0.00 0.00 0.00 129.60 0}{129.60 140.00 150.00 162.00 194.40 3}{194.40 0.00 0.00 0.00 259.20 0}{259.20 279.00 279.00 279.00 324.00 1}
10 2 

RANKS: 1 -1 1 3 1
EVENT13: 1102 47d1e9_47d5ae_47d718_47d837
COMP 4b-0: 46ca70_46cca5_46cd49_46cdc5 (3 559.25 1 558.00 2 561.00){0.00 0.00 0.00 0.00 223.20 0}{223.20 0.00 0.00 0.00 446.40 0}{446.40 558.00 559.67 561.00 669.60 3}{669.60 0.00 0.00 0.00 892.80 0}{892.80 0.00 0.00 0.00 1116.00 0}
COMP 4b-1: 47d1e9_47d5ae_47d718_47d837 (123 169.66 3 5.00 3 355.00){0.00 0.00 0.00 0.00 2.80 0}{2.80 5.00 5.00 5.00 5.60 8}{5.60 6.00 6.06 7.00 11.20 54}{11.20 0.00 0.00 0.00 14.00 0}{14.00 337.00 338.75 355.00 696.00 61}
COMP 4b-2: 481caa_48202a_482163_482257 (246 147.57 1 141.00 2 165.00){0.00 0.00 0.00 0.00 61.20 0}{61.20 0.00 0.00 0.00 122.40 0}{122.40 141.00 147.55 165.00 183.60 246}{183.60 0.00 0.00 0.00 244.80 0}{244.80 0.00 0.00 0.00 306.00 0}
COMM 4b-0: 46ca70_46cca5_46cd49_46cdc5 (3 251.75 2 215.00 3 348.00){0.00 0.00 0.00 0.00 88.80 0}{88.80 0.00 0.00 0.00 177.60 0}{177.60 215.00 218.50 222.00 266.40 2}{266.40 348.00 348.00 348.00 355.20 1}{355.20 0.00 0.00 0.00 444.00 0}
COMM 4b-1: 47d1e9_47d5ae_47d718_47d837 (123 4.56 3 1.00 3 110.00){0.00 1.00 1.70 3.00 3.20 77}{3.20 4.00 4.00 4.00 4.00 19}{4.00 5.00 7.20 21.00 38.00 25}{38.00 67.00 67.00 67.00 96.00 1}{96.00 110.00 110.00 110.00 124.00 1}
COMM 4b-2: 481caa_48202a_482163_482257 (246 8.45 1 2.00 1 447.00){0.00 2.00 3.05 7.00 7.60 238}{7.60 0.00 0.00 0.00 15.20 0}{15.20 19.00 27.00 35.00 38.00 2}{38.00 64.00 67.50 71.00 104.00 2}{104.00 136.00 288.75 447.00 790.00 4}
LOOP0: iter: ( 124 )[ 1 -1 1 3 1 ] mem: ( 2 )[ 1 -1 1 2 1 ]( 1 )[ 1 -1 3 1 0 ]
10 2 
12 155 
14 16 
1b 0 
2b ( 3 3 3 3 3 3 3 3 3 3 3 3 3 3 3 3 3 3 3 3 3 3 3 3 3 3 3 3 3 3 3 3 3 3 3 3 3 3 3 3 3 3 3 3 3 3 3 3 3 3 3 3 3 3 3 3 3 3 3 3 3 3 2 2 2 2 2 2 2 2 2 2 2 2 2 2 2 2 2 2 2 2 2 2 2 2 2 2 2 2 2 2 2 2 2 2 2 2 2 2 2 2 2 2 2 2 2 2 2 2 2 2 2 2 2 2 2 2 2 2 2 2 2 2 )[ 1 -1 1 1 0 ]
2b ( 3 2 )[ 1 -1 3 1 0 ]
2b ( 2 2 2 2 2 2 2 2 2 2 2 2 2 2 2 2 2 2 2 2 2 2 2 2 2 2 2 2 2 2 2 2 2 2 2 2 2 2 2 2 2 2 2 2 2 2 2 2 2 2 2 2 2 2 2 2 2 2 2 2 2 2 1 1 1 1 1 1 1 1 1 1 1 1 1 1 1 1 1 1 1 1 1 1 1 1 1 1 1 1 1 1 1 1 1 1 1 1 1 1 1 1 1 1 1 1 1 1 1 1 1 1 1 1 1 1 1 1 1 1 1 1 1 1 )[ 1 -1 2 1 0 ]

RANKS: 1 -1 2 1 0
EVENT14: 1113 481caa_48202a_482163_482257
COMP 4b-0: 47d1e9_47d5ae_47d718_47d837 (124 189.15 2 182.00 2 202.00){0.00 0.00 0.00 0.00 79.20 0}{79.20 0.00 0.00 0.00 158.40 0}{158.40 182.00 189.08 202.00 237.60 124}{237.60 0.00 0.00 0.00 316.80 0}{316.80 0.00 0.00 0.00 396.00 0}
COMM 4b-0: 47d1e9_47d5ae_47d718_47d837 (124 3.25 2 2.00 2 87.00){0.00 0.00 0.00 0.00 1.60 0}{1.60 2.00 2.41 3.00 3.20 120}{3.20 4.00 4.00 4.00 6.40 1}{6.40 0.00 0.00 0.00 8.00 0}{8.00 11.00 36.33 87.00 166.00 3}
10 2 
12 155 
14 16 
1a 1 1 1 1 1 1 1 1 1 1 1 1 1 1 1 1 1 1 1 1 1 1 1 1 1 1 1 1 1 1 1 1 1 1 1 1 1 1 1 1 1 1 1 1 1 1 1 1 1 1 1 1 1 1 1 1 1 1 1 1 1 1 2 2 2 2 2 2 2 2 2 2 2 2 2 2 2 2 2 2 2 2 2 2 2 2 2 2 2 2 2 2 2 2 2 2 2 2 2 2 2 2 2 2 2 2 2 2 2 2 2 2 2 2 2 2 2 2 2 2 2 2 2 2 
1b 0 

RANKS: 1 -1 0 4 1
EVENT15: 1113 481caa_48202a_482163_482257
COMP 4b-0: 46a0df_46a43f_46a582_46a674 (1 28319.00 2 28319.00 2 28319.00){0.00 0.00 0.00 0.00 11327.60 0}{11327.60 0.00 0.00 0.00 22655.20 0}{22655.20 28319.00 28319.00 28319.00 33982.80 1}{33982.80 0.00 0.00 0.00 45310.40 0}{45310.40 0.00 0.00 0.00 56638.00 0}
COMP 4b-1: 46ca70_46cca5_46cd49_46cdc5 (1 744.00 0 744.00 0 744.00){0.00 0.00 0.00 0.00 297.60 0}{297.60 0.00 0.00 0.00 595.20 0}{595.20 744.00 744.00 744.00 892.80 1}{892.80 0.00 0.00 0.00 1190.40 0}{1190.40 0.00 0.00 0.00 1488.00 0}
COMP 4b-2: 47d1e9_47d5ae_47d718_47d837 (125 192.86 1 183.00 3 525.00){0.00 0.00 0.00 0.00 80.80 0}{80.80 0.00 0.00 0.00 161.60 0}{161.60 183.00 190.10 203.00 323.20 124}{323.20 0.00 0.00 0.00 404.00 0}{404.00 525.00 525.00 525.00 646.00 1}
COMP 4b-3: 481caa_48202a_482163_482257 (247 168.97 0 5.00 2 1050.00){0.00 0.00 0.00 0.00 2.00 0}{2.00 0.00 0.00 0.00 4.00 0}{4.00 5.00 5.68 7.00 10.00 124}{10.00 318.00 329.07 352.00 694.00 122}{694.00 1050.00 1050.00 1050.00 1406.00 1}
COMM 4b-0: 46a0df_46a43f_46a582_46a674 (1 114.00 2 114.00 2 114.00){0.00 0.00 0.00 0.00 45.60 0}{45.60 0.00 0.00 0.00 91.20 0}{91.20 114.00 114.00 114.00 136.80 1}{136.80 0.00 0.00 0.00 182.40 0}{182.40 0.00 0.00 0.00 228.00 0}
COMM 4b-1: 46ca70_46cca5_46cd49_46cdc5 (1 4.00 0 4.00 0 4.00){0.00 0.00 0.00 0.00 1.60 0}{1.60 0.00 0.00 0.00 3.20 0}{3.20 4.00 4.00 4.00 4.80 1}{4.80 0.00 0.00 0.00 6.40 0}{6.40 0.00 0.00 0.00 8.00 0}
COMM 4b-2: 47d1e9_47d5ae_47d718_47d837 (125 3.24 1 2.00 1 84.00){0.00 0.00 0.00 0.00 1.60 0}{1.60 2.00 2.39 3.00 3.20 120}{3.20 4.00 5.00 6.00 6.40 2}{6.40 0.00 0.00 0.00 8.00 0}{8.00 11.00 35.67 84.00 160.00 3}
COMM 4b-3: 481caa_48202a_482163_482257 (247 3.92 0 1.00 2 113.00){0.00 0.00 0.00 0.00 0.80 0}{0.80 1.00 1.00 1.00 1.60 60}{1.60 2.00 2.00 2.00 2.40 145}{2.40 3.00 3.00 3.00 4.00 33}{4.00 11.00 57.89 113.00 200.00 9}
LOOP0: iter: ( 124 )[ 1 -1 0 2 3 ]( 2 )[ 1 -1 2 1 0 ] mem: ( 1 )[ 1 -1 0 2 3 ]( 5 )[ 1 -1 2 1 0 ]
10 2 
12 ( 155 )[ 2 -1 0 2 1 -1 3 1 0 ]
12 ( 20480 )[ 1 -1 2 1 0 ]
14 16 
1a ( 1 2 )[ 1 -1 0 1 0 ]
1a ( 2 2 2 2 2 2 2 2 2 2 2 2 2 2 2 2 2 2 2 2 2 2 2 2 2 2 2 2 2 2 2 2 2 2 2 2 2 2 2 2 2 2 2 2 2 2 2 2 2 2 2 2 2 2 2 2 2 2 2 2 2 2 3 3 3 3 3 3 3 3 3 3 3 3 3 3 3 3 3 3 3 3 3 3 3 3 3 3 3 3 3 3 3 3 3 3 3 3 3 3 3 3 3 3 3 3 3 3 3 3 3 3 3 3 3 3 3 3 3 3 3 3 3 3 )[ 1 -1 1 1 0 ]
1a ( 3 2 )[ 1 -1 3 1 0 ]
1a ( 1 )[ 1 -1 2 1 0 ]
1b 0 

RANKS: 1 -1 0 1 0
EVENT16: 1102 47d1e9_47d5ae_47d718_47d837
COMP 4b-0: 47d1e9_47d5ae_47d718_47d837 (123 159.31 0 5.00 0 331.00){0.00 0.00 0.00 0.00 2.40 0}{2.40 0.00 0.00 0.00 4.80 0}{4.80 5.00 6.02 7.00 9.60 62}{9.60 0.00 0.00 0.00 12.00 0}{12.00 316.00 317.62 331.00 650.00 61}
COMP 4b-1: 481caa_48202a_482163_482257 (1 148.00 0 148.00 0 148.00){0.00 0.00 0.00 0.00 59.20 0}{59.20 0.00 0.00 0.00 118.40 0}{118.40 148.00 148.00 148.00 177.60 1}{177.60 0.00 0.00 0.00 236.80 0}{236.80 0.00 0.00 0.00 296.00 0}
COMM 4b-0: 47d1e9_47d5ae_47d718_47d837 (123 7.82 0 1.00 0 335.00){0.00 1.00 1.00 1.00 1.60 39}{1.60 2.00 2.00 2.00 2.00 23}{2.00 3.00 4.33 7.00 8.00 27}{8.00 9.00 13.09 25.00 28.00 33}{28.00 335.00 335.00 335.00 642.00 1}
COMM 4b-1: 481caa_48202a_482163_482257 (1 1130.00 0 1130.00 0 1130.00){0.00 0.00 0.00 0.00 452.00 0}{452.00 0.00 0.00 0.00 904.00 0}{904.00 1130.00 1130.00 1130.00 1356.00 1}{1356.00 0.00 0.00 0.00 1808.00 0}{1808.00 0.00 0.00 0.00 2260.00 0}
LOOP0: iter: ( 124 )[ 1 -1 0 1 0 ] mem: ( 1 )[ 1 -1 0 1 0 ]
10 2 
12 155 
14 16 
1b 0 
2b 1 2 

RANKS: 1 -1 1 3 1
EVENT17: 1090 479b76_479f4b_47a0b6_47a1d7
COMP 4b-0: 46a0df_46a43f_46a582_46a674 (2 28253.33 1 28231.00 3 28298.00){0.00 0.00 0.00 0.00 11292.40 0}{11292.40 0.00 0.00 0.00 22584.80 0}{22584.80 28231.00 28264.50 28298.00 33877.20 2}{33877.20 0.00 0.00 0.00 45169.60 0}{45169.60 0.00 0.00 0.00 56462.00 0}
COMP 4b-1: 481caa_48202a_482163_482257 (6 1846.00 2 6.00 3 4971.00){0.00 6.00 6.00 6.00 397.20 2}{397.20 0.00 0.00 0.00 794.40 0}{794.40 989.00 991.00 993.00 1588.80 2}{1588.80 0.00 0.00 0.00 1986.00 0}{1986.00 4964.00 4967.50 4971.00 7956.00 2}
COMP 4b-2: 48ac05_48ae89_48af5d_48b016 (2 5019.33 2 5006.00 2 5026.00){0.00 0.00 0.00 0.00 2010.40 0}{2010.40 0.00 0.00 0.00 4020.80 0}{4020.80 5006.00 5016.00 5026.00 6031.20 2}{6031.20 0.00 0.00 0.00 8041.60 0}{8041.60 0.00 0.00 0.00 10052.00 0}
COMM 4b-0: 46a0df_46a43f_46a582_46a674 (2 2.33 1 2.00 3 3.00){0.00 0.00 0.00 0.00 0.80 0}{0.80 0.00 0.00 0.00 1.60 0}{1.60 2.00 2.00 2.00 2.40 1}{2.40 3.00 3.00 3.00 3.20 1}{3.20 0.00 0.00 0.00 4.00 0}
COMM 4b-1: 481caa_48202a_482163_482257 (6 4.29 1 2.00 2 17.00){0.00 0.00 0.00 0.00 0.80 0}{0.80 0.00 0.00 0.00 1.60 0}{1.60 2.00 2.00 2.00 2.40 4}{2.40 3.00 3.00 3.00 4.00 1}{4.00 17.00 17.00 17.00 30.00 1}
COMM 4b-2: 48ac05_48ae89_48af5d_48b016 (2 2.00 2 2.00 2 2.00){0.00 0.00 0.00 0.00 0.80 0}{0.80 0.00 0.00 0.00 1.60 0}{1.60 2.00 2.00 2.00 2.40 2}{2.40 0.00 0.00 0.00 3.20 0}{3.20 0.00 0.00 0.00 4.00 0}
LOOP0: iter: ( 2 )[ 1 -1 1 3 1 ] mem: ( 6 )[ 1 -1 1 1 0 ]( 4 )[ 1 -1 3 1 0 ]( 2 )[ 1 -1 2 1 0 ]
LOOP1: iter: ( 2 )[ 1 -1 3 1 0 ] mem: ( 3 )[ 1 -1 3 1 0 ]
10 2 
12 20480 
14 16 
1b 0 
2b 2147483647 

RANKS: 1 -1 1 3 1
EVENT18: 1148 48ac05_48ae89_48af5d_48b016
COMP 4b-0: 479b76_479f4b_47a0b6_47a1d7 (10 6.45 3 5.00 2 12.00){0.00 0.00 0.00 0.00 2.40 0}{2.40 0.00 0.00 0.00 4.80 0}{4.80 5.00 5.89 6.00 7.20 9}{7.20 0.00 0.00 0.00 9.60 0}{9.60 12.00 12.00 12.00 12.00 1}
COMM 4b-0: 479b76_479f4b_47a0b6_47a1d7 (10 275.91 3 98.00 3 709.00){0.00 98.00 115.20 142.00 146.40 5}{146.40 160.00 160.00 160.00 292.80 1}{292.80 366.00 384.50 403.00 439.20 2}{439.20 455.00 455.00 455.00 585.60 1}{585.60 709.00 709.00 709.00 732.00 1}
1c 9999 

RANKS: 1 -1 0 4 1
EVENT19: 1113 481caa_48202a_482163_482257
COMP 4b-0: 46a0df_46a43f_46a582_46a674 (1 28302.00 0 28302.00 0 28302.00){0.00 0.00 0.00 0.00 11320.80 0}{11320.80 0.00 0.00 0.00 22641.60 0}{22641.60 28302.00 28302.00 28302.00 33962.40 1}{33962.40 0.00 0.00 0.00 45283.20 0}{45283.20 0.00 0.00 0.00 56604.00 0}
COMP 4b-1: 47d1e9_47d5ae_47d718_47d837 (1 1259.00 0 1259.00 0 1259.00){0.00 0.00 0.00 0.00 503.60 0}{503.60 0.00 0.00 0.00 1007.20 0}{1007.20 1259.00 1259.00 1259.00 1510.80 1}{1510.80 0.00 0.00 0.00 2014.40 0}{2014.40 0.00 0.00 0.00 2518.00 0}
COMP 4b-2: 481caa_48202a_482163_482257 (2 5005.00 1 5001.00 1 5007.00){0.00 0.00 0.00 0.00 2002.80 0}{2002.80 0.00 0.00 0.00 4005.60 0}{4005.60 5001.00 5004.00 5007.00 6008.40 2}{6008.40 0.00 0.00 0.00 8011.20 0}{8011.20 0.00 0.00 0.00 10014.00 0}
COMP 4b-3: 48ac05_48ae89_48af5d_48b016 (10 1442.18 3 81.00 0 5041.00){0.00 81.00 95.12 115.00 2012.40 8}{2012.40 0.00 0.00 0.00 4024.80 0}{4024.80 5031.00 5036.00 5041.00 6037.20 2}{6037.20 0.00 0.00 0.00 8049.60 0}{8049.60 0.00 0.00 0.00 10062.00 0}
COMM 4b-0: 46a0df_46a43f_46a582_46a674 (1 111.00 0 111.00 0 111.00){0.00 0.00 0.00 0.00 44.40 0}{44.40 0.00 0.00 0.00 88.80 0}{88.80 111.00 111.00 111.00 133.20 1}{133.20 0.00 0.00 0.00 177.60 0}{177.60 0.00 0.00 0.00 222.00 0}
COMM 4b-1: 47d1e9_47d5ae_47d718_47d837 (1 109.00 0 109.00 0 109.00){0.00 0.00 0.00 0.00 43.60 0}{43.60 0.00 0.00 0.00 87.20 0}{87.20 109.00 109.00 109.00 130.80 1}{130.80 0.00 0.00 0.00 174.40 0}{174.40 0.00 0.00 0.00 218.00 0}
COMM 4b-2: 481caa_48202a_482163_482257 (2 112.33 1 108.00 1 121.00){0.00 0.00 0.00 0.00 43.20 0}{43.20 0.00 0.00 0.00 86.40 0}{86.40 108.00 114.50 121.00 129.60 2}{129.60 0.00 0.00 0.00 172.80 0}{172.80 0.00 0.00 0.00 216.00 0}
COMM 4b-3: 48ac05_48ae89_48af5d_48b016 (10 105.45 2 100.00 0 133.00){0.00 0.00 0.00 0.00 42.00 0}{42.00 0.00 0.00 0.00 84.00 0}{84.00 100.00 102.44 105.00 126.00 9}{126.00 133.00 133.00 133.00 168.00 1}{168.00 0.00 0.00 0.00 210.00 0}
LOOP0: iter: ( 2 )[ 1 -1 0 2 1 ] mem: ( 4 )[ 1 -1 0 1 0 ]( 1 )[ 1 -1 1 1 0 ]
LOOP1: iter: ( 2 )[ 1 -1 0 1 0 ] mem: ( 3 )[ 1 -1 0 1 0 ]
10 2 
12 20480 
14 16 
1a ( 1 2 )[ 1 -1 0 1 0 ]
1a ( 3 2 )[ 1 -1 1 2 2 ]
1a ( 2 )[ 1 -1 2 1 0 ]
1b 0 

RANKS: 1 -1 0 2 1
EVENT20: 1090 479b76_479f4b_47a0b6_47a1d7
COMP 4b-0: 481caa_48202a_482163_482257 (6 6.29 0 6.00 1 7.00){0.00 0.00 0.00 0.00 2.40 0}{2.40 0.00 0.00 0.00 4.80 0}{4.80 6.00 6.33 7.00 7.20 6}{7.20 0.00 0.00 0.00 9.60 0}{9.60 0.00 0.00 0.00 12.00 0}
COMM 4b-0: 481caa_48202a_482163_482257 (6 1.43 0 1.00 0 2.00){0.00 0.00 0.00 0.00 0.40 0}{0.40 0.00 0.00 0.00 0.80 0}{0.80 1.00 1.00 1.00 1.20 3}{1.20 0.00 0.00 0.00 1.60 0}{1.60 2.00 2.00 2.00 2.00 3}
10 2 
12 20480 
14 16 
1b 0 
2b 2147483647 

RANKS: 1 -1 0 2 1
EVENT21: 1148 48ac05_48ae89_48af5d_48b016
COMP 4b-0: 479b76_479f4b_47a0b6_47a1d7 (6 5.86 0 5.00 0 9.00){0.00 0.00 0.00 0.00 2.00 0}{2.00 0.00 0.00 0.00 4.00 0}{4.00 5.00 5.40 6.00 6.00 5}{6.00 0.00 0.00 0.00 8.00 0}{8.00 9.00 9.00 9.00 10.00 1}
COMM 4b-0: 479b76_479f4b_47a0b6_47a1d7 (6 134.29 1 95.00 0 156.00){0.00 0.00 0.00 0.00 56.80 0}{56.80 95.00 98.00 101.00 113.60 2}{113.60 142.00 150.50 156.00 170.40 4}{170.40 0.00 0.00 0.00 227.20 0}{227.20 0.00 0.00 0.00 284.00 0}
1c 9999 

RANKS: 1 -1 0 4 1
EVENT22: 1004 46a0df_46a43f_46a582_46a674
COMP 4b-0: 481caa_48202a_482163_482257 (4 10039.80 3 9880.00 3 10282.00){0.00 0.00 0.00 0.00 3952.00 0}{3952.00 0.00 0.00 0.00 7904.00 0}{7904.00 9880.00 10079.75 10282.00 11856.00 4}{11856.00 0.00 0.00 0.00 15808.00 0}{15808.00 0.00 0.00 0.00 19760.00 0}
COMP 4b-1: 48ac05_48ae89_48af5d_48b016 (4 10083.60 1 9915.00 0 10329.00){0.00 0.00 0.00 0.00 3974.00 0}{3974.00 0.00 0.00 0.00 7948.00 0}{7948.00 9915.00 10120.75 10329.00 11922.00 4}{11922.00 0.00 0.00 0.00 15896.00 0}{15896.00 0.00 0.00 0.00 19870.00 0}
COMM 4b-0: 481caa_48202a_482163_482257 (4 88.00 3 75.00 3 106.00){0.00 0.00 0.00 0.00 30.00 0}{30.00 0.00 0.00 0.00 60.00 0}{60.00 75.00 78.00 81.00 90.00 2}{90.00 103.00 104.50 106.00 120.00 2}{120.00 0.00 0.00 0.00 150.00 0}
COMM 4b-1: 48ac05_48ae89_48af5d_48b016 (4 55.60 0 21.00 1 129.00){0.00 0.00 0.00 0.00 8.40 0}{8.40 0.00 0.00 0.00 16.80 0}{16.80 21.00 21.00 21.00 33.60 2}{33.60 0.00 0.00 0.00 42.00 0}{42.00 86.00 107.50 129.00 130.00 2}
10 2 
12 1 5 
14 16 
18 1 3 

RANKS: 1 -1 0 4 1
EVENT23: 1010 46ca70_46cca5_46cd49_46cdc5
COMP 4b-0: 46a0df_46a43f_46a582_46a674 (4 8.80 0 8.00 1 10.00){0.00 0.00 0.00 0.00 3.20 0}{3.20 0.00 0.00 0.00 6.40 0}{6.40 8.00 8.00 8.00 9.60 2}{9.60 10.00 10.00 10.00 12.80 2}{12.80 0.00 0.00 0.00 16.00 0}
COMM 4b-0: 46a0df_46a43f_46a582_46a674 (4 41.00 2 5.00 3 55.00){0.00 5.00 5.00 5.00 21.20 1}{21.20 39.00 39.00 39.00 42.40 1}{42.40 53.00 54.00 55.00 63.60 2}{63.60 0.00 0.00 0.00 84.80 0}{84.80 0.00 0.00 0.00 106.00 0}
10 2 

RANKS: 1 -1 2 1 0
EVENT24: 1102 47d1e9_47d5ae_47d718_47d837
COMP 4b-0: 46ca70_46cca5_46cd49_46cdc5 (1 544.00 2 544.00 2 544.00){0.00 0.00 0.00 0.00 217.60 0}{217.60 0.00 0.00 0.00 435.20 0}{435.20 544.00 544.00 544.00 652.80 1}{652.80 0.00 0.00 0.00 870.40 0}{870.40 0.00 0.00 0.00 1088.00 0}
COMP 4b-1: 481caa_48202a_482163_482257 (123 147.33 2 141.00 2 161.00){0.00 0.00 0.00 0.00 60.40 0}{60.40 0.00 0.00 0.00 120.80 0}{120.80 141.00 147.30 161.00 181.20 123}{181.20 0.00 0.00 0.00 241.60 0}{241.60 0.00 0.00 0.00 302.00 0}
COMM 4b-0: 46ca70_46cca5_46cd49_46cdc5 (1 390.00 2 390.00 2 390.00){0.00 0.00 0.00 0.00 156.00 0}{156.00 0.00 0.00 0.00 312.00 0}{312.00 390.00 390.00 390.00 468.00 1}{468.00 0.00 0.00 0.00 624.00 0}{624.00 0.00 0.00 0.00 780.00 0}
COMM 4b-1: 481caa_48202a_482163_482257 (123 6.81 2 2.00 2 436.00){0.00 2.00 3.00 9.00 9.20 121}{9.20 0.00 0.00 0.00 18.40 0}{18.40 23.00 23.00 23.00 36.80 1}{36.80 0.00 0.00 0.00 46.00 0}{46.00 436.00 436.00 436.00 826.00 1}
LOOP0: iter: ( 124 )[ 1 -1 2 1 0 ] mem: ( 2 )[ 1 -1 2 1 0 ]
10 2 
12 155 
14 16 
1b 0 
2b 2 2 2 2 2 2 2 2 2 2 2 2 2 2 2 2 2 2 2 2 2 2 2 2 2 2 2 2 2 2 2 2 2 2 2 2 2 2 2 2 2 2 2 2 2 2 2 2 2 2 2 2 2 2 2 2 2 2 2 2 2 2 1 1 1 1 1 1 1 1 1 1 1 1 1 1 1 1 1 1 1 1 1 1 1 1 1 1 1 1 1 1 1 1 1 1 1 1 1 1 1 1 1 1 1 1 1 1 1 1 1 1 1 1 1 1 1 1 1 1 1 1 1 1 

RANKS: 1 -1 0 2 2
EVENT25: 1113 481caa_48202a_482163_482257
COMP 4b-0: 46ca70_46cca5_46cd49_46cdc5 (1 893.00 0 893.00 0 893.00){0.00 0.00 0.00 0.00 357.20 0}{357.20 0.00 0.00 0.00 714.40 0}{714.40 893.00 893.00 893.00 1071.60 1}{1071.60 0.00 0.00 0.00 1428.80 0}{1428.80 0.00 0.00 0.00 1786.00 0}
COMP 4b-1: 47d1e9_47d5ae_47d718_47d837 (124 189.18 2 182.00 2 202.00){0.00 0.00 0.00 0.00 78.40 0}{78.40 0.00 0.00 0.00 156.80 0}{156.80 182.00 189.12 202.00 235.20 124}{235.20 0.00 0.00 0.00 313.60 0}{313.60 0.00 0.00 0.00 392.00 0}
COMP 4b-2: 481caa_48202a_482163_482257 (30627 170.96 0 4.00 0 607.00){0.00 0.00 0.00 0.00 2.00 0}{2.00 4.00 4.00 4.00 4.00 39}{4.00 5.00 5.73 8.00 8.00 15372}{8.00 0.00 0.00 0.00 10.00 0}{10.00 12.00 338.32 607.00 666.00 15216}
COMP 4b-3: 48ac05_48ae89_48af5d_48b016 (248 10685.29 0 10657.00 0 10858.00){0.00 0.00 0.00 0.00 4264.40 0}{4264.40 0.00 0.00 0.00 8528.80 0}{8528.80 10657.00 10685.39 10858.00 12793.20 248}{12793.20 0.00 0.00 0.00 17057.60 0}{17057.60 0.00 0.00 0.00 21322.00 0}
COMM 4b-0: 46ca70_46cca5_46cd49_46cdc5 (1 5.00 0 5.00 0 5.00){0.00 0.00 0.00 0.00 2.00 0}{2.00 0.00 0.00 0.00 4.00 0}{4.00 5.00 5.00 5.00 6.00 1}{6.00 0.00 0.00 0.00 8.00 0}{8.00 0.00 0.00 0.00 10.00 0}
COMM 4b-1: 47d1e9_47d5ae_47d718_47d837 (124 2.58 2 2.00 2 10.00){0.00 0.00 0.00 0.00 1.60 0}{1.60 2.00 2.44 3.00 3.20 121}{3.20 4.00 4.00 4.00 6.40 1}{6.40 0.00 0.00 0.00 8.00 0}{8.00 9.00 9.50 10.00 12.00 2}
COMM 4b-2: 481caa_48202a_482163_482257 (30627 2.19 0 1.00 0 29.00){0.00 1.00 1.00 1.00 1.60 6160}{1.60 2.00 2.00 2.00 2.40 18731}{2.40 3.00 3.00 4.00 4.00 5234}{4.00 9.00 15.64 28.00 28.00 501}{28.00 29.00 29.00 29.00 30.00 1}
COMM 4b-3: 48ac05_48ae89_48af5d_48b016 (248 7.45 0 6.00 0 9.00){0.00 0.00 0.00 0.00 2.80 0}{2.80 0.00 0.00 0.00 5.60 0}{5.60 6.00 7.34 8.00 8.40 231}{8.40 9.00 9.00 9.00 11.20 17}{11.20 0.00 0.00 0.00 14.00 0}
LOOP0: iter: ( 249 )[ 1 -1 0 1 0 ] mem: ( 5 )[ 1 -1 0 1 0 ]
LOOP1: iter: ( 124 )[ 1 -1 0 1 0 ] mem: ( 1 )[ 1 -1 0 1 0 ]
10 2 
12 155 
14 16 
1a ( 1 2 )[ 1 -1 0 1 0 ]
1a ( 1 1 1 1 1 1 1 1 1 1 1 1 1 1 1 1 1 1 1 1 1 1 1 1 1 1 1 1 1 1 1 1 1 1 1 1 1 1 1 1 1 1 1 1 1 1 1 1 1 1 1 1 1 1 1 1 1 1 1 1 1 1 2 2 2 2 2 2 2 2 2 2 2 2 2 2 2 2 2 2 2 2 2 2 2 2 2 2 2 2 2 2 2 2 2 2 2 2 2 2 2 2 2 2 2 2 2 2 2 2 2 2 2 2 2 2 2 2 2 2 2 2 2 2 )[ 1 -1 2 1 0 ]
1b 0 

RANKS: 2 -1 0 2 1 -1 3 1 0
EVENT26: 1102 47d1e9_47d5ae_47d718_47d837
COMP 4b-0: 46ca70_46cca5_46cd49_46cdc5 (2 539.67 1 539.00 3 541.00){0.00 0.00 0.00 0.00 215.60 0}{215.60 0.00 0.00 0.00 431.20 0}{431.20 539.00 540.00 541.00 646.80 2}{646.80 0.00 0.00 0.00 862.40 0}{862.40 0.00 0.00 0.00 1078.00 0}
COMP 4b-1: 47d1e9_47d5ae_47d718_47d837 (61254 166.01 0 5.00 3 2031.00){0.00 0.00 0.00 0.00 2.00 0}{2.00 0.00 0.00 0.00 4.00 0}{4.00 5.00 6.06 8.00 10.00 30814}{10.00 13.00 327.87 555.00 626.00 30438}{626.00 718.00 1374.50 2031.00 3436.00 2}
COMP 4b-2: 481caa_48202a_482163_482257 (31124 229.24 1 141.00 3 10666.00){0.00 0.00 0.00 0.00 114.40 0}{114.40 141.00 147.15 153.00 228.80 30873}{228.80 237.00 237.00 237.00 286.00 1}{286.00 360.00 389.50 419.00 434.00 2}{434.00 10420.00 10446.59 10666.00 20898.00 248}
COMP 4b-3: 48ac05_48ae89_48af5d_48b016 (248 10462.29 1 10438.00 1 10861.00){0.00 0.00 0.00 0.00 4177.20 0}{4177.20 0.00 0.00 0.00 8354.40 0}{8354.40 10438.00 10462.37 10861.00 12531.60 248}{12531.60 0.00 0.00 0.00 16708.80 0}{16708.80 0.00 0.00 0.00 20886.00 0}
COMM 4b-0: 46ca70_46cca5_46cd49_46cdc5 (2 450.00 1 364.00 3 622.00){0.00 0.00 0.00 0.00 145.60 0}{145.60 0.00 0.00 0.00 291.20 0}{291.20 364.00 364.00 364.00 436.80 1}{436.80 0.00 0.00 0.00 582.40 0}{582.40 622.00 622.00 622.00 728.00 1}
COMM 4b-1: 47d1e9_47d5ae_47d718_47d837 (61254 7.32 0 1.00 3 405.00){0.00 1.00 7.19 34.00 34.00 61097}{34.00 35.00 42.40 63.00 64.00 137}{64.00 66.00 112.20 146.00 158.00 15}{158.00 204.00 216.75 232.00 250.00 4}{250.00 405.00 405.00 405.00 560.00 1}
COMM 4b-2: 481caa_48202a_482163_482257 (31124 27.16 1 1.00 0 3279.00){0.00 1.00 7.83 315.87 457.60 30632}{457.60 769.00 901.06 902.08 915.20 242}{915.20 1144.00 1285.00 1364.00 1372.80 6}{1372.80 1430.00 1544.96 1912.00 2288.00 243}{2288.00 3279.00 3279.00 3279.00 4270.00 1}
COMM 4b-3: 48ac05_48ae89_48af5d_48b016 (248 306.88 1 16.00 1 487.00){0.00 16.00 41.00 66.00 123.60 2}{123.60 151.00 187.75 246.00 247.20 4}{247.20 251.00 302.78 352.00 370.80 229}{370.80 388.00 456.62 487.00 494.40 13}{494.40 0.00 0.00 0.00 618.00 0}
LOOP0: iter: ( 124 )[ 1 -1 0 1 0 ]( 249 )[ 1 -1 1 2 2 ] mem: ( 1 )[ 1 -1 0 1 0 ]( 7 )[ 1 -1 1 1 0 ]( 5 )[ 1 -1 3 1 0 ]
LOOP1: iter: ( 124 )[ 1 -1 1 2 2 ] mem: ( 2 )[ 1 -1 1 1 0 ]( 1 )[ 1 -1 3 1 0 ]
10 2 
12 155 
14 16 
1b 0 
2b ( 1 2 )[ 1 -1 0 1 0 ]
2b ( 3 3 3 3 3 3 3 3 3 3 3 3 3 3 3 3 3 3 3 3 3 3 3 3 3 3 3 3 3 3 3 3 3 3 3 3 3 3 3 3 3 3 3 3 3 3 3 3 3 3 3 3 3 3 3 3 3 3 3 3 3 3 2 2 2 2 2 2 2 2 2 2 2 2 2 2 2 2 2 2 2 2 2 2 2 2 2 2 2 2 2 2 2 2 2 2 2 2 2 2 2 2 2 2 2 2 2 2 2 2 2 2 2 2 2 2 2 2 2 2 2 2 2 2 )[ 1 -1 1 1 0 ]
2b ( 3 2 )[ 1 -1 3 1 0 ]

RANKS: 1 -1 0 4 1
EVENT27: 1113 481caa_48202a_482163_482257
COMP 4b-0: 47d1e9_47d5ae_47d718_47d837 (31374 200.63 1 183.00 0 1267.00){0.00 183.00 189.78 402.00 495.60 30876}{495.60 508.00 510.78 527.00 991.20 249}{991.20 1225.00 1232.74 1267.00 1486.80 249}{1486.80 0.00 0.00 0.00 1982.40 0}{1982.40 0.00 0.00 0.00 2478.00 0}
COMP 4b-1: 481caa_48202a_482163_482257 (30628 161.47 3 4.00 2 1037.00){0.00 0.00 0.00 0.00 2.00 0}{2.00 4.00 5.82 8.00 8.00 15404}{8.00 10.00 10.00 10.00 10.00 1}{10.00 12.00 318.94 531.00 644.00 15222}{644.00 1037.00 1037.00 1037.00 1430.00 1}
COMP 4b-2: 48ac05_48ae89_48af5d_48b016 (249 5030.90 0 5020.00 0 5098.00){0.00 0.00 0.00 0.00 2012.80 0}{2012.80 0.00 0.00 0.00 4025.60 0}{4025.60 5020.00 5030.90 5098.00 6038.40 249}{6038.40 0.00 0.00 0.00 8051.20 0}{8051.20 0.00 0.00 0.00 10064.00 0}
COMM 4b-0: 47d1e9_47d5ae_47d718_47d837 (31374 3.50 1 2.00 0 124.00){0.00 2.00 2.65 17.00 44.00 31125}{44.00 0.00 0.00 0.00 88.00 0}{88.00 108.00 109.15 124.00 132.00 249}{132.00 0.00 0.00 0.00 176.00 0}{176.00 0.00 0.00 0.00 220.00 0}
COMM 4b-1: 481caa_48202a_482163_482257 (30628 2.17 3 1.00 2 111.00){0.00 1.00 1.00 1.00 1.60 6342}{1.60 2.00 2.00 2.21 2.40 17808}{2.40 3.00 3.00 4.00 4.00 5968}{4.00 8.00 12.60 22.00 24.00 509}{24.00 111.00 111.00 111.00 198.00 1}
COMM 4b-2: 48ac05_48ae89_48af5d_48b016 (249 105.00 0 104.00 0 138.00){0.00 0.00 0.00 0.00 42.00 0}{42.00 0.00 0.00 0.00 84.00 0}{84.00 104.00 104.87 113.00 126.00 248}{126.00 138.00 138.00 138.00 168.00 1}{168.00 0.00 0.00 0.00 210.00 0}
LOOP0: iter: ( 2 )[ 1 -1 0 1 0 ]( 124 )[ 1 -1 3 1 0 ] mem: ( 3 )[ 1 -1 0 1 0 ]( 1 )[ 1 -1 3 1 0 ]
10 2 
12 ( 20480 )[ 1 -1 0 2 2 ]
12 ( 155 )[ 1 -1 1 2 2 ]
14 16 
1a ( 1 2 )[ 1 -1 0 1 0 ]
1a ( 2 2 2 2 2 2 2 2 2 2 2 2 2 2 2 2 2 2 2 2 2 2 2 2 2 2 2 2 2 2 2 2 2 2 2 2 2 2 2 2 2 2 2 2 2 2 2 2 2 2 2 2 2 2 2 2 2 2 2 2 2 2 3 3 3 3 3 3 3 3 3 3 3 3 3 3 3 3 3 3 3 3 3 3 3 3 3 3 3 3 3 3 3 3 3 3 3 3 3 3 3 3 3 3 3 3 3 3 3 3 3 3 3 3 3 3 3 3 3 3 3 3 3 3 )[ 1 -1 1 1 0 ]
1a ( 3 2 )[ 1 -1 3 1 0 ]
1a ( 1 )[ 1 -1 2 1 0 ]
1b 0 

RANKS: 1 -1 0 4 1
EVENT28: 1090 479b76_479f4b_47a0b6_47a1d7
COMP 4b-0: 481caa_48202a_482163_482257 (1493 1163.91 0 5.00 3 5143.00){0.00 0.00 0.00 0.00 4.80 0}{4.80 5.00 7.30 12.00 12.00 666}{12.00 13.00 13.10 16.00 20.00 79}{20.00 29.00 993.72 1046.00 1920.00 499}{1920.00 4953.00 4968.32 5143.00 8366.00 249}
COMP 4b-1: 48ac05_48ae89_48af5d_48b016 (248 5011.49 2 4998.00 2 5047.00){0.00 0.00 0.00 0.00 2003.20 0}{2003.20 0.00 0.00 0.00 4006.40 0}{4006.40 4998.00 5011.50 5047.00 6009.60 248}{6009.60 0.00 0.00 0.00 8012.80 0}{8012.80 0.00 0.00 0.00 10016.00 0}
COMM 4b-0: 481caa_48202a_482163_482257 (1493 2.05 0 1.00 0 16.00){0.00 0.00 0.00 0.00 0.40 0}{0.40 0.00 0.00 0.00 0.80 0}{0.80 1.00 1.00 1.00 1.60 251}{1.60 2.00 2.00 2.00 2.00 938}{2.00 3.00 3.08 16.00 30.00 304}
COMM 4b-1: 48ac05_48ae89_48af5d_48b016 (248 2.19 2 2.00 2 3.00){0.00 0.00 0.00 0.00 0.80 0}{0.80 0.00 0.00 0.00 1.60 0}{1.60 2.00 2.00 2.00 2.40 200}{2.40 3.00 3.00 3.00 3.20 48}{3.20 0.00 0.00 0.00 4.00 0}
LOOP0: iter: ( 2 )[ 1 -1 3 1 0 ]( 248 )[ 1 -1 2 1 0 ] mem: ( 3 )[ 1 -1 3 1 0 ]( 5 )[ 1 -1 2 1 0 ]
LOOP1: iter: ( 2 )[ 1 -1 2 1 0 ] mem: ( 2 )[ 1 -1 2 1 0 ]
10 2 
12 20480 
14 16 
1b 0 
2b 2147483647 

RANKS: 1 -1 0 4 1
EVENT29: 1148 48ac05_48ae89_48af5d_48b016
COMP 4b-0: 479b76_479f4b_47a0b6_47a1d7 (1741 5.98 0 5.00 0 21.00){0.00 0.00 0.00 0.00 2.40 0}{2.40 0.00 0.00 0.00 4.80 0}{4.80 5.00 5.94 8.00 12.00 1734}{12.00 13.00 13.80 14.00 14.00 5}{14.00 20.00 20.50 21.00 28.00 2}
COMM 4b-0: 479b76_479f4b_47a0b6_47a1d7 (1741 313.04 2 95.00 3 1045.00){0.00 0.00 0.00 0.00 55.20 0}{55.20 95.00 131.78 163.00 165.60 736}{165.60 166.00 202.59 273.00 276.00 496}{276.00 297.00 681.73 881.00 998.00 507}{998.00 1016.00 1030.50 1045.00 1092.00 2}
1c 9999 

RANKS: 1 -1 2 1 0
EVENT30: 1113 481caa_48202a_482163_482257
COMP 4b-0: 47d1e9_47d5ae_47d718_47d837 (30504 191.51 2 183.00 2 1880.00){0.00 0.00 0.00 0.00 82.80 0}{82.80 0.00 0.00 0.00 165.60 0}{165.60 183.00 191.42 302.00 331.20 30499}{331.20 391.00 396.67 404.00 414.00 3}{414.00 589.00 1234.50 1880.00 3346.00 2}
COMP 4b-1: 48ac05_48ae89_48af5d_48b016 (248 84.88 2 83.00 2 100.00){0.00 0.00 0.00 0.00 34.00 0}{34.00 0.00 0.00 0.00 68.00 0}{68.00 83.00 84.87 100.00 102.00 248}{102.00 0.00 0.00 0.00 136.00 0}{136.00 0.00 0.00 0.00 170.00 0}
COMM 4b-0: 47d1e9_47d5ae_47d718_47d837 (30504 2.70 2 2.00 2 194.00){0.00 2.00 2.51 4.00 5.60 29743}{5.60 6.00 6.83 8.00 8.40 249}{8.40 9.00 11.15 14.00 14.00 505}{14.00 16.00 25.17 52.00 90.00 6}{90.00 194.00 194.00 194.00 298.00 1}
COMM 4b-1: 48ac05_48ae89_48af5d_48b016 (248 100.90 2 100.00 2 117.00){0.00 0.00 0.00 0.00 40.40 0}{40.40 0.00 0.00 0.00 80.80 0}{80.80 100.00 100.90 117.00 121.20 248}{121.20 0.00 0.00 0.00 161.60 0}{161.60 0.00 0.00 0.00 202.00 0}
LOOP0: iter: ( 124 )[ 1 -1 2 1 0 ] mem: ( 2 )[ 1 -1 2 1 0 ]
10 2 
12 20480 155 155 155 155 155 155 155 155 155 155 155 155 155 155 155 155 155 155 155 155 155 155 155 155 155 155 155 155 155 155 155 155 155 155 155 155 155 155 155 155 155 155 155 155 155 155 155 155 155 155 155 155 155 155 155 155 155 155 155 155 155 155 155 155 155 155 155 155 155 155 155 155 155 155 155 155 155 155 155 155 155 155 155 155 155 155 155 155 155 155 155 155 155 155 155 155 155 155 155 155 155 155 155 155 155 155 155 155 155 155 155 155 155 155 155 155 155 155 155 155 155 155 155 
14 16 
1a 2 1 1 1 1 1 1 1 1 1 1 1 1 1 1 1 1 1 1 1 1 1 1 1 1 1 1 1 1 1 1 1 1 1 1 1 1 1 1 1 1 1 1 1 1 1 1 1 1 1 1 1 1 1 1 1 1 1 1 1 1 1 1 2 2 2 2 2 2 2 2 2 2 2 2 2 2 2 2 2 2 2 2 2 2 2 2 2 2 2 2 2 2 2 2 2 2 2 2 2 2 2 2 2 2 2 2 2 2 2 2 2 2 2 2 2 2 2 2 2 2 2 2 2 
1b 0 

RANKS: 1 -1 2 1 0
EVENT31: 1102 47d1e9_47d5ae_47d718_47d837
COMP 4b-0: 481caa_48202a_482163_482257 (30752 228.74 2 139.00 2 10693.00){0.00 139.00 145.48 343.00 4172.00 30504}{4172.00 0.00 0.00 0.00 8344.00 0}{8344.00 10408.00 10428.72 10693.00 12516.00 248}{12516.00 0.00 0.00 0.00 16688.00 0}{16688.00 0.00 0.00 0.00 20860.00 0}
COMM 4b-0: 481caa_48202a_482163_482257 (30752 9.94 2 1.00 2 611.00){0.00 1.00 3.04 226.00 236.80 30257}{236.80 251.00 296.00 341.00 355.20 3}{355.20 373.00 430.07 589.00 592.00 487}{592.00 594.00 594.00 594.00 596.00 2}{596.00 598.00 604.33 611.00 626.00 3}
10 2 
12 155 
14 16 
1b 0 
2b 2 2 2 2 2 2 2 2 2 2 2 2 2 2 2 2 2 2 2 2 2 2 2 2 2 2 2 2 2 2 2 2 2 2 2 2 2 2 2 2 2 2 2 2 2 2 2 2 2 2 2 2 2 2 2 2 2 2 2 2 2 2 1 1 1 1 1 1 1 1 1 1 1 1 1 1 1 1 1 1 1 1 1 1 1 1 1 1 1 1 1 1 1 1 1 1 1 1 1 1 1 1 1 1 1 1 1 1 1 1 1 1 1 1 1 1 1 1 1 1 1 1 1 1 

RANKS: 1 -1 0 4 1
EVENT32: 1113 481caa_48202a_482163_482257
COMP 4b-0: 47d1e9_47d5ae_47d718_47d837 (248 185.89 2 184.00 2 206.00){0.00 0.00 0.00 0.00 74.00 0}{74.00 0.00 0.00 0.00 148.00 0}{148.00 184.00 185.90 206.00 222.00 248}{222.00 0.00 0.00 0.00 296.00 0}{296.00 0.00 0.00 0.00 370.00 0}
COMP 4b-1: 481caa_48202a_482163_482257 (620 2447.66 0 5.00 1 5060.00){0.00 0.00 0.00 0.00 2.00 0}{2.00 0.00 0.00 0.00 4.00 0}{4.00 5.00 5.76 6.00 10.00 62}{10.00 337.00 338.72 348.00 666.00 61}{666.00 1018.00 3016.04 5060.00 9292.00 497}
COMP 4b-2: 48ac05_48ae89_48af5d_48b016 (748 118.05 3 80.00 0 10839.00){0.00 80.00 89.34 132.00 4335.60 747}{4335.60 0.00 0.00 0.00 8671.20 0}{8671.20 10839.00 10839.00 10839.00 13006.80 1}{13006.80 0.00 0.00 0.00 17342.40 0}{17342.40 0.00 0.00 0.00 21678.00 0}
COMM 4b-0: 47d1e9_47d5ae_47d718_47d837 (248 2.44 2 2.00 2 4.00){0.00 0.00 0.00 0.00 1.20 0}{1.20 2.00 2.00 2.00 2.40 141}{2.40 3.00 3.00 3.00 3.60 106}{3.60 4.00 4.00 4.00 4.80 1}{4.80 0.00 0.00 0.00 6.00 0}
COMM 4b-1: 481caa_48202a_482163_482257 (620 88.96 0 1.00 1 260.00){0.00 1.00 1.73 2.00 2.40 97}{2.40 3.00 3.00 3.00 6.00 24}{6.00 10.00 16.00 22.00 38.00 2}{38.00 107.00 110.30 153.00 176.00 496}{176.00 260.00 260.00 260.00 344.00 1}
COMM 4b-2: 48ac05_48ae89_48af5d_48b016 (748 135.45 0 8.00 3 235.00){0.00 0.00 0.00 0.00 6.40 0}{6.40 8.00 8.00 8.00 16.00 1}{16.00 101.00 102.80 184.00 186.00 501}{186.00 201.41 201.45 207.00 216.81 223}{216.81 217.09 217.87 235.00 253.19 23}
LOOP0: iter: ( 124 )[ 1 -1 0 1 0 ]( 2 )[ 1 -1 1 2 1 ] mem: ( 1 )[ 1 -1 0 3 1 ]
10 2 
12 ( 155 )[ 1 -1 0 1 0 ]
12 ( 20480 )[ 1 -1 1 2 2 ]
12 ( 155 20480 )[ 1 -1 2 1 0 ]
14 16 
1a ( 1 2 )[ 1 -1 0 1 0 ]
1a ( 3 2 )[ 1 -1 1 2 2 ]
1a ( 2 1 )[ 1 -1 2 1 0 ]
1b 0 

RANKS: 1 -1 1 2 1
EVENT33: 1090 479b76_479f4b_47a0b6_47a1d7
COMP 4b-0: 481caa_48202a_482163_482257 (250 6.89 1 6.00 2 12.00){0.00 0.00 0.00 0.00 2.80 0}{2.80 0.00 0.00 0.00 5.60 0}{5.60 6.00 6.87 8.00 8.40 249}{8.40 0.00 0.00 0.00 11.20 0}{11.20 12.00 12.00 12.00 14.00 1}
COMP 4b-1: 48ac05_48ae89_48af5d_48b016 (1 5000.00 2 5000.00 2 5000.00){0.00 0.00 0.00 0.00 2000.00 0}{2000.00 0.00 0.00 0.00 4000.00 0}{4000.00 5000.00 5000.00 5000.00 6000.00 1}{6000.00 0.00 0.00 0.00 8000.00 0}{8000.00 0.00 0.00 0.00 10000.00 0}
COMM 4b-0: 481caa_48202a_482163_482257 (250 1.97 1 1.00 1 3.00){0.00 0.00 0.00 0.00 0.80 0}{0.80 1.00 1.00 1.00 1.60 15}{1.60 2.00 2.00 2.00 2.40 227}{2.40 3.00 3.00 3.00 3.20 8}{3.20 0.00 0.00 0.00 4.00 0}
COMM 4b-1: 48ac05_48ae89_48af5d_48b016 (1 3.00 2 3.00 2 3.00){0.00 0.00 0.00 0.00 1.20 0}{1.20 0.00 0.00 0.00 2.40 0}{2.40 3.00 3.00 3.00 3.60 1}{3.60 0.00 0.00 0.00 4.80 0}{4.80 0.00 0.00 0.00 6.00 0}
LOOP0: iter: ( 2 )[ 1 -1 2 1 0 ] mem: ( 2 )[ 1 -1 2 1 0 ]
10 2 
12 20480 
14 16 
1b 0 
2b 2147483647 

RANKS: 1 -1 1 2 1
EVENT34: 1148 48ac05_48ae89_48af5d_48b016
COMP 4b-0: 479b76_479f4b_47a0b6_47a1d7 (251 5.94 1 5.00 1 7.00){0.00 0.00 0.00 0.00 2.80 0}{2.80 5.00 5.00 5.00 5.60 32}{5.60 6.00 6.08 7.00 8.40 219}{8.40 0.00 0.00 0.00 11.20 0}{11.20 0.00 0.00 0.00 14.00 0}
COMM 4b-0: 479b76_479f4b_47a0b6_47a1d7 (251 99.58 1 95.00 2 187.00){0.00 0.00 0.00 0.00 38.80 0}{38.80 0.00 0.00 0.00 77.60 0}{77.60 95.00 99.24 116.00 116.40 250}{116.40 0.00 0.00 0.00 155.20 0}{155.20 187.00 187.00 187.00 194.00 1}
1c 9999 

RANKS: 1 -1 2 1 0
EVENT35: 1113 481caa_48202a_482163_482257
COMP 4b-0: 47d1e9_47d5ae_47d718_47d837 (123 191.34 2 184.00 2 206.00){0.00 0.00 0.00 0.00 79.20 0}{79.20 0.00 0.00 0.00 158.40 0}{158.40 184.00 191.28 206.00 237.60 123}{237.60 0.00 0.00 0.00 316.80 0}{316.80 0.00 0.00 0.00 396.00 0}
COMP 4b-1: 48ac05_48ae89_48af5d_48b016 (1 84.00 2 84.00 2 84.00){0.00 0.00 0.00 0.00 33.60 0}{33.60 0.00 0.00 0.00 67.20 0}{67.20 84.00 84.00 84.00 100.80 1}{100.80 0.00 0.00 0.00 134.40 0}{134.40 0.00 0.00 0.00 168.00 0}
COMM 4b-0: 47d1e9_47d5ae_47d718_47d837 (123 2.69 2 2.00 2 12.00){0.00 2.00 2.00 2.00 2.80 62}{2.80 3.00 3.00 3.00 5.60 58}{5.60 7.00 7.00 7.00 8.40 1}{8.40 9.00 9.00 9.00 11.20 1}{11.20 12.00 12.00 12.00 14.00 1}
COMM 4b-1: 48ac05_48ae89_48af5d_48b016 (1 101.00 2 101.00 2 101.00){0.00 0.00 0.00 0.00 40.40 0}{40.40 0.00 0.00 0.00 80.80 0}{80.80 101.00 101.00 101.00 121.20 1}{121.20 0.00 0.00 0.00 161.60 0}{161.60 0.00 0.00 0.00 202.00 0}
LOOP0: iter: ( 124 )[ 1 -1 2 1 0 ] mem: ( 2 )[ 1 -1 2 1 0 ]
10 2 
12 20480 155 155 155 155 155 155 155 155 155 155 155 155 155 155 155 155 155 155 155 155 155 155 155 155 155 155 155 155 155 155 155 155 155 155 155 155 155 155 155 155 155 155 155 155 155 155 155 155 155 155 155 155 155 155 155 155 155 155 155 155 155 155 155 155 155 155 155 155 155 155 155 155 155 155 155 155 155 155 155 155 155 155 155 155 155 155 155 155 155 155 155 155 155 155 155 155 155 155 155 155 155 155 155 155 155 155 155 155 155 155 155 155 155 155 155 155 155 155 155 155 155 155 155 
14 16 
1a 2 1 1 1 1 1 1 1 1 1 1 1 1 1 1 1 1 1 1 1 1 1 1 1 1 1 1 1 1 1 1 1 1 1 1 1 1 1 1 1 1 1 1 1 1 1 1 1 1 1 1 1 1 1 1 1 1 1 1 1 1 1 1 2 2 2 2 2 2 2 2 2 2 2 2 2 2 2 2 2 2 2 2 2 2 2 2 2 2 2 2 2 2 2 2 2 2 2 2 2 2 2 2 2 2 2 2 2 2 2 2 2 2 2 2 2 2 2 2 2 2 2 2 2 
1b 0 

RANKS: 1 -1 0 4 1
EVENT36: 1102 47d1e9_47d5ae_47d718_47d837
COMP 4b-0: 47d1e9_47d5ae_47d718_47d837 (246 165.35 0 6.00 3 348.00){0.00 0.00 0.00 0.00 2.40 0}{2.40 0.00 0.00 0.00 4.80 0}{4.80 6.00 6.11 7.00 9.60 124}{9.60 0.00 0.00 0.00 12.00 0}{12.00 316.00 328.50 348.00 626.00 122}
COMP 4b-1: 481caa_48202a_482163_482257 (249 228.57 2 139.00 3 10441.00){0.00 0.00 0.00 0.00 57.20 0}{57.20 0.00 0.00 0.00 114.40 0}{114.40 139.00 146.30 168.00 228.80 247}{228.80 0.00 0.00 0.00 286.00 0}{286.00 10424.00 10432.50 10441.00 20596.00 2}
COMP 4b-2: 48ac05_48ae89_48af5d_48b016 (1 10453.00 1 10453.00 1 10453.00){0.00 0.00 0.00 0.00 4181.20 0}{4181.20 0.00 0.00 0.00 8362.40 0}{8362.40 10453.00 10453.00 10453.00 12543.60 1}{12543.60 0.00 0.00 0.00 16724.80 0}{16724.80 0.00 0.00 0.00 20906.00 0}
COMM 4b-0: 47d1e9_47d5ae_47d718_47d837 (246 7.05 3 1.00 3 26.00){0.00 1.00 1.00 1.00 1.60 47}{1.60 2.00 2.39 3.00 3.20 71}{3.20 4.00 4.00 4.00 4.00 5}{4.00 5.00 12.00 22.00 24.00 121}{24.00 25.00 25.50 26.00 26.00 2}
COMM 4b-1: 481caa_48202a_482163_482257 (249 25.59 2 1.00 0 1525.00){0.00 1.00 7.30 591.00 610.00 246}{610.00 705.00 776.50 848.00 1220.00 2}{1220.00 1525.00 1525.00 1525.00 1830.00 1}{1830.00 0.00 0.00 0.00 2440.00 0}{2440.00 0.00 0.00 0.00 3050.00 0}
COMM 4b-2: 48ac05_48ae89_48af5d_48b016 (1 464.00 1 464.00 1 464.00){0.00 0.00 0.00 0.00 185.60 0}{185.60 0.00 0.00 0.00 371.20 0}{371.20 464.00 464.00 464.00 556.80 1}{556.80 0.00 0.00 0.00 742.40 0}{742.40 0.00 0.00 0.00 928.00 0}
LOOP0: iter: ( 124 )[ 2 -1 0 2 1 -1 3 1 0 ] mem: ( 1 )[ 1 -1 0 2 3 ]( 2 )[ 1 -1 1 1 0 ]
10 2 
12 155 
14 16 
1b 0 
2b ( 1 2 )[ 1 -1 0 1 0 ]
2b ( 3 3 3 3 3 3 3 3 3 3 3 3 3 3 3 3 3 3 3 3 3 3 3 3 3 3 3 3 3 3 3 3 3 3 3 3 3 3 3 3 3 3 3 3 3 3 3 3 3 3 3 3 3 3 3 3 3 3 3 3 3 3 2 2 2 2 2 2 2 2 2 2 2 2 2 2 2 2 2 2 2 2 2 2 2 2 2 2 2 2 2 2 2 2 2 2 2 2 2 2 2 2 2 2 2 2 2 2 2 2 2 2 2 2 2 2 2 2 2 2 2 2 2 2 )[ 1 -1 1 1 0 ]
2b ( 3 2 )[ 1 -1 3 1 0 ]
2b ( 2 2 2 2 2 2 2 2 2 2 2 2 2 2 2 2 2 2 2 2 2 2 2 2 2 2 2 2 2 2 2 2 2 2 2 2 2 2 2 2 2 2 2 2 2 2 2 2 2 2 2 2 2 2 2 2 2 2 2 2 2 2 1 1 1 1 1 1 1 1 1 1 1 1 1 1 1 1 1 1 1 1 1 1 1 1 1 1 1 1 1 1 1 1 1 1 1 1 1 1 1 1 1 1 1 1 1 1 1 1 1 1 1 1 1 1 1 1 1 1 1 1 1 1 )[ 1 -1 2 1 0 ]

RANKS: 1 -1 1 3 1
EVENT37: 1113 481caa_48202a_482163_482257
COMP 4b-0: 47d1e9_47d5ae_47d718_47d837 (126 192.36 1 183.00 3 516.00){0.00 0.00 0.00 0.00 79.20 0}{79.20 0.00 0.00 0.00 158.40 0}{158.40 183.00 189.73 202.00 316.80 125}{316.80 0.00 0.00 0.00 396.00 0}{396.00 516.00 516.00 516.00 636.00 1}
COMP 4b-1: 481caa_48202a_482163_482257 (123 159.95 3 5.00 3 320.00){0.00 0.00 0.00 0.00 2.00 0}{2.00 0.00 0.00 0.00 4.00 0}{4.00 5.00 5.88 7.00 8.00 60}{8.00 0.00 0.00 0.00 10.00 0}{10.00 12.00 309.14 320.00 628.00 63}
COMM 4b-0: 47d1e9_47d5ae_47d718_47d837 (126 2.68 1 2.00 1 10.00){0.00 2.00 2.00 2.00 2.80 63}{2.80 3.00 3.03 5.00 5.60 60}{5.60 7.00 7.50 8.00 8.40 2}{8.40 10.00 10.00 10.00 11.20 1}{11.20 0.00 0.00 0.00 14.00 0}
COMM 4b-1: 481caa_48202a_482163_482257 (123 2.08 3 1.00 3 15.00){0.00 0.00 0.00 0.00 0.80 0}{0.80 1.00 1.00 1.00 1.60 32}{1.60 2.00 2.00 2.00 2.40 68}{2.40 3.00 3.00 3.00 4.00 21}{4.00 10.00 12.50 15.00 26.00 2}
LOOP0: iter: ( 124 )[ 1 -1 3 1 0 ] mem: ( 1 )[ 1 -1 3 1 0 ]
10 2 
12 155 
14 16 
1a ( 2 2 2 2 2 2 2 2 2 2 2 2 2 2 2 2 2 2 2 2 2 2 2 2 2 2 2 2 2 2 2 2 2 2 2 2 2 2 2 2 2 2 2 2 2 2 2 2 2 2 2 2 2 2 2 2 2 2 2 2 2 2 3 3 3 3 3 3 3 3 3 3 3 3 3 3 3 3 3 3 3 3 3 3 3 3 3 3 3 3 3 3 3 3 3 3 3 3 3 3 3 3 3 3 3 3 3 3 3 3 3 3 3 3 3 3 3 3 3 3 3 3 3 3 )[ 1 -1 1 1 0 ]
1a ( 3 2 )[ 1 -1 3 1 0 ]
1a ( 2 )[ 1 -1 2 1 0 ]
1b 0 

RANKS: 1 -1 0 4 1
EVENT38: 1004 46a0df_46a43f_46a582_46a674
COMP 4b-0: 47d1e9_47d5ae_47d718_47d837 (1 1003.00 0 1003.00 0 1003.00){0.00 0.00 0.00 0.00 401.20 0}{401.20 0.00 0.00 0.00 802.40 0}{802.40 1003.00 1003.00 1003.00 1203.60 1}{1203.60 0.00 0.00 0.00 1604.80 0}{1604.80 0.00 0.00 0.00 2006.00 0}
COMP 4b-1: 481caa_48202a_482163_482257 (3 815.75 3 810.00 1 821.00){0.00 0.00 0.00 0.00 328.40 0}{328.40 0.00 0.00 0.00 656.80 0}{656.80 810.00 814.00 821.00 985.20 3}{985.20 0.00 0.00 0.00 1313.60 0}{1313.60 0.00 0.00 0.00 1642.00 0}
COMM 4b-0: 47d1e9_47d5ae_47d718_47d837 (1 10.00 0 10.00 0 10.00){0.00 0.00 0.00 0.00 4.00 0}{4.00 0.00 0.00 0.00 8.00 0}{8.00 10.00 10.00 10.00 12.00 1}{12.00 0.00 0.00 0.00 16.00 0}{16.00 0.00 0.00 0.00 20.00 0}
COMM 4b-1: 481caa_48202a_482163_482257 (3 479.25 2 213.00 3 938.00){0.00 0.00 0.00 0.00 153.20 0}{153.20 213.00 213.00 213.00 306.40 1}{306.40 383.00 383.00 383.00 612.80 1}{612.80 0.00 0.00 0.00 766.00 0}{766.00 938.00 938.00 938.00 1110.00 1}
10 2 
12 5 
14 16 
18 3 

RANKS: 1 -1 2 1 0
EVENT39: 1113 481caa_48202a_482163_482257
COMP 4b-0: 46a0df_46a43f_46a582_46a674 (1 605.00 2 605.00 2 605.00){0.00 0.00 0.00 0.00 242.00 0}{242.00 0.00 0.00 0.00 484.00 0}{484.00 605.00 605.00 605.00 726.00 1}{726.00 0.00 0.00 0.00 968.00 0}{968.00 0.00 0.00 0.00 1210.00 0}
COMM 4b-0: 46a0df_46a43f_46a582_46a674 (1 111.00 2 111.00 2 111.00){0.00 0.00 0.00 0.00 44.40 0}{44.40 0.00 0.00 0.00 88.80 0}{88.80 111.00 111.00 111.00 133.20 1}{133.20 0.00 0.00 0.00 177.60 0}{177.60 0.00 0.00 0.00 222.00 0}
10 2 
12 20480 
14 16 
1a 1 
1b 0 

RANKS: 1 -1 1 3 1
EVENT40: 1090 479b76_479f4b_47a0b6_47a1d7
COMP 4b-0: 46a0df_46a43f_46a582_46a674 (2 569.33 1 568.00 3 572.00){0.00 0.00 0.00 0.00 227.20 0}{227.20 0.00 0.00 0.00 454.40 0}{454.40 568.00 570.00 572.00 681.60 2}{681.60 0.00 0.00 0.00 908.80 0}{908.80 0.00 0.00 0.00 1136.00 0}
COMP 4b-1: 481caa_48202a_482163_482257 (2 3332.00 2 6.00 3 4995.00){0.00 6.00 6.00 6.00 1998.00 1}{1998.00 0.00 0.00 0.00 3996.00 0}{3996.00 4995.00 4995.00 4995.00 5994.00 1}{5994.00 0.00 0.00 0.00 7992.00 0}{7992.00 0.00 0.00 0.00 9990.00 0}
COMP 4b-2: 48ac05_48ae89_48af5d_48b016 (1 5016.00 2 5016.00 2 5016.00){0.00 0.00 0.00 0.00 2006.40 0}{2006.40 0.00 0.00 0.00 4012.80 0}{4012.80 5016.00 5016.00 5016.00 6019.20 1}{6019.20 0.00 0.00 0.00 8025.60 0}{8025.60 0.00 0.00 0.00 10032.00 0}
COMM 4b-0: 46a0df_46a43f_46a582_46a674 (2 2.67 3 2.00 1 3.00){0.00 0.00 0.00 0.00 1.20 0}{1.20 2.00 2.00 2.00 2.40 1}{2.40 3.00 3.00 3.00 3.60 1}{3.60 0.00 0.00 0.00 4.80 0}{4.80 0.00 0.00 0.00 6.00 0}
COMM 4b-1: 481caa_48202a_482163_482257 (2 1.67 2 1.00 3 2.00){0.00 0.00 0.00 0.00 0.80 0}{0.80 1.00 1.00 1.00 1.60 1}{1.60 2.00 2.00 2.00 2.40 1}{2.40 0.00 0.00 0.00 3.20 0}{3.20 0.00 0.00 0.00 4.00 0}
COMM 4b-2: 48ac05_48ae89_48af5d_48b016 (1 2.00 2 2.00 2 2.00){0.00 0.00 0.00 0.00 0.80 0}{0.80 0.00 0.00 0.00 1.60 0}{1.60 2.00 2.00 2.00 2.40 1}{2.40 0.00 0.00 0.00 3.20 0}{3.20 0.00 0.00 0.00 4.00 0}
LOOP0: iter: ( 2 )[ 1 -1 2 2 1 ] mem: ( 3 )[ 1 -1 3 1 0 ]( 2 )[ 1 -1 2 1 0 ]
10 2 
12 20480 
14 16 
1b 0 
2b 2147483647 

RANKS: 1 -1 1 3 1
EVENT41: 1148 48ac05_48ae89_48af5d_48b016
COMP 4b-0: 479b76_479f4b_47a0b6_47a1d7 (5 6.00 3 5.00 1 7.00){0.00 0.00 0.00 0.00 2.80 0}{2.80 5.00 5.00 5.00 5.60 2}{5.60 6.00 6.33 7.00 8.40 3}{8.40 0.00 0.00 0.00 11.20 0}{11.20 0.00 0.00 0.00 14.00 0}
COMM 4b-0: 479b76_479f4b_47a0b6_47a1d7 (5 105.50 2 99.00 2 116.00){0.00 0.00 0.00 0.00 42.40 0}{42.40 0.00 0.00 0.00 84.80 0}{84.80 99.00 105.40 116.00 127.20 5}{127.20 0.00 0.00 0.00 169.60 0}{169.60 0.00 0.00 0.00 212.00 0}
1c 9999 

RANKS: 1 -1 0 4 1
EVENT42: 1113 481caa_48202a_482163_482257
COMP 4b-0: 46a0df_46a43f_46a582_46a674 (1 611.00 0 611.00 0 611.00){0.00 0.00 0.00 0.00 244.40 0}{244.40 0.00 0.00 0.00 488.80 0}{488.80 611.00 611.00 611.00 733.20 1}{733.20 0.00 0.00 0.00 977.60 0}{977.60 0.00 0.00 0.00 1222.00 0}
COMP 4b-1: 481caa_48202a_482163_482257 (1 4991.00 1 4991.00 1 4991.00){0.00 0.00 0.00 0.00 1996.40 0}{1996.40 0.00 0.00 0.00 3992.80 0}{3992.80 4991.00 4991.00 4991.00 5989.20 1}{5989.20 0.00 0.00 0.00 7985.60 0}{7985.60 0.00 0.00 0.00 9982.00 0}
COMP 4b-2: 48ac05_48ae89_48af5d_48b016 (5 1742.17 3 90.00 0 5040.00){0.00 90.00 93.25 97.00 2016.00 4}{2016.00 0.00 0.00 0.00 4032.00 0}{4032.00 5040.00 5040.00 5040.00 6048.00 1}{6048.00 0.00 0.00 0.00 8064.00 0}{8064.00 0.00 0.00 0.00 10080.00 0}
COMM 4b-0: 46a0df_46a43f_46a582_46a674 (1 108.00 0 108.00 0 108.00){0.00 0.00 0.00 0.00 43.20 0}{43.20 0.00 0.00 0.00 86.40 0}{86.40 108.00 108.00 108.00 129.60 1}{129.60 0.00 0.00 0.00 172.80 0}{172.80 0.00 0.00 0.00 216.00 0}
COMM 4b-1: 481caa_48202a_482163_482257 (1 141.00 1 141.00 1 141.00){0.00 0.00 0.00 0.00 56.40 0}{56.40 0.00 0.00 0.00 112.80 0}{112.80 141.00 141.00 141.00 169.20 1}{169.20 0.00 0.00 0.00 225.60 0}{225.60 0.00 0.00 0.00 282.00 0}
COMM 4b-2: 48ac05_48ae89_48af5d_48b016 (5 106.33 2 100.00 0 116.00){0.00 0.00 0.00 0.00 46.40 0}{46.40 0.00 0.00 0.00 92.80 0}{92.80 100.00 104.40 116.00 139.20 5}{139.20 0.00 0.00 0.00 185.60 0}{185.60 0.00 0.00 0.00 232.00 0}
LOOP0: iter: ( 2 )[ 1 -1 0 2 1 ] mem: ( 3 )[ 1 -1 0 1 0 ]( 1 )[ 1 -1 1 1 0 ]
10 2 
12 20480 
14 16 
1a ( 1 2 )[ 1 -1 0 1 0 ]
1a ( 3 2 )[ 1 -1 1 2 2 ]
1a ( 2 )[ 1 -1 2 1 0 ]
1b 0 

RANKS: 1 -1 0 2 1
EVENT43: 1090 479b76_479f4b_47a0b6_47a1d7
COMP 4b-0: 481caa_48202a_482163_482257 (3 5.75 0 5.00 1 7.00){0.00 0.00 0.00 0.00 2.00 0}{2.00 0.00 0.00 0.00 4.00 0}{4.00 5.00 5.50 6.00 6.00 2}{6.00 7.00 7.00 7.00 8.00 1}{8.00 0.00 0.00 0.00 10.00 0}
COMM 4b-0: 481caa_48202a_482163_482257 (3 1.75 0 1.00 0 2.00){0.00 0.00 0.00 0.00 0.80 0}{0.80 1.00 1.00 1.00 1.60 1}{1.60 2.00 2.00 2.00 2.40 2}{2.40 0.00 0.00 0.00 3.20 0}{3.20 0.00 0.00 0.00 4.00 0}
10 2 
12 20480 
14 16 
1b 0 
2b 2147483647 

RANKS: 1 -1 0 2 1
EVENT44: 1148 48ac05_48ae89_48af5d_48b016
COMP 4b-0: 479b76_479f4b_47a0b6_47a1d7 (3 5.00 0 5.00 0 5.00){0.00 0.00 0.00 0.00 2.00 0}{2.00 0.00 0.00 0.00 4.00 0}{4.00 5.00 5.00 5.00 6.00 3}{6.00 0.00 0.00 0.00 8.00 0}{8.00 0.00 0.00 0.00 10.00 0}
COMM 4b-0: 479b76_479f4b_47a0b6_47a1d7 (3 140.50 1 105.00 0 169.00){0.00 0.00 0.00 0.00 57.60 0}{57.60 105.00 105.00 105.00 115.20 1}{115.20 144.00 156.50 169.00 172.80 2}{172.80 0.00 0.00 0.00 230.40 0}{230.40 0.00 0.00 0.00 288.00 0}
1c 9999 

RANKS: 1 -1 0 4 1
EVENT45: 1004 46a0df_46a43f_46a582_46a674
COMP 4b-0: 46a0df_46a43f_46a582_46a674 (8 2152.44 0 6.00 3 5021.00){0.00 0.00 0.00 0.00 2.40 0}{2.40 0.00 0.00 0.00 4.80 0}{4.80 6.00 6.50 7.00 9.60 2}{9.60 0.00 0.00 0.00 12.00 0}{12.00 14.00 3225.50 5021.00 9498.00 6}
COMP 4b-1: 481caa_48202a_482163_482257 (2 10260.33 2 10259.00 3 10261.00){0.00 0.00 0.00 0.00 4104.40 0}{4104.40 0.00 0.00 0.00 8208.80 0}{8208.80 10259.00 10260.00 10261.00 12313.20 2}{12313.20 0.00 0.00 0.00 16417.60 0}{16417.60 0.00 0.00 0.00 20522.00 0}
COMP 4b-2: 48ac05_48ae89_48af5d_48b016 (2 10324.00 0 10314.00 1 10344.00){0.00 0.00 0.00 0.00 4125.60 0}{4125.60 0.00 0.00 0.00 8251.20 0}{8251.20 10314.00 10329.00 10344.00 12376.80 2}{12376.80 0.00 0.00 0.00 16502.40 0}{16502.40 0.00 0.00 0.00 20628.00 0}
COMM 4b-0: 46a0df_46a43f_46a582_46a674 (8 96.56 2 4.00 0 274.00){0.00 4.00 5.00 6.00 9.20 2}{9.20 16.00 16.00 16.00 18.40 1}{18.40 23.00 24.00 25.00 36.80 2}{36.80 0.00 0.00 0.00 46.00 0}{46.00 225.00 257.33 274.00 502.00 3}
COMM 4b-1: 481caa_48202a_482163_482257 (2 96.67 2 94.00 3 98.00){0.00 0.00 0.00 0.00 39.20 0}{39.20 0.00 0.00 0.00 78.40 0}{78.40 94.00 96.00 98.00 117.60 2}{117.60 0.00 0.00 0.00 156.80 0}{156.80 0.00 0.00 0.00 196.00 0}
COMM 4b-2: 48ac05_48ae89_48af5d_48b016 (2 31.33 0 20.00 1 54.00){0.00 0.00 0.00 0.00 8.00 0}{8.00 0.00 0.00 0.00 16.00 0}{16.00 20.00 20.00 20.00 32.00 1}{32.00 0.00 0.00 0.00 40.00 0}{40.00 54.00 54.00 54.00 68.00 1}
LOOP0: iter: ( 3 )[ 1 -1 0 4 1 ] mem: ( 1 )[ 1 -1 0 4 1 ]
10 2 
12 5 1 5 
14 16 
18 3 1 3 

RANKS: 1 -1 0 2 1
EVENT46: 1090 479b76_479f4b_47a0b6_47a1d7_45e7e0
COMP 4b-0: 46a0df_46a43f_46a582_46a674 (2 45.33 1 44.00 0 46.00){0.00 0.00 0.00 0.00 18.40 0}{18.40 0.00 0.00 0.00 36.80 0}{36.80 44.00 45.00 46.00 55.20 2}{55.20 0.00 0.00 0.00 73.60 0}{73.60 0.00 0.00 0.00 92.00 0}
COMM 4b-0: 46a0df_46a43f_46a582_46a674 (2 1.00 0 1.00 0 1.00){0.00 0.00 0.00 0.00 0.40 0}{0.40 0.00 0.00 0.00 0.80 0}{0.80 1.00 1.00 1.00 1.20 2}{1.20 0.00 0.00 0.00 1.60 0}{1.60 0.00 0.00 0.00 2.00 0}
10 2 
12 64 
14 16 
1b 0 
2b 2147483647 

RANKS: 1 -1 0 2 1
EVENT47: 1148 48ac05_48ae89_48af5d_48b016_45e7f9
COMP 4b-0: 479b76_479f4b_47a0b6_47a1d7_45e7e0 (2 6.33 0 6.00 1 7.00){0.00 0.00 0.00 0.00 2.40 0}{2.40 0.00 0.00 0.00 4.80 0}{4.80 6.00 6.50 7.00 7.20 2}{7.20 0.00 0.00 0.00 9.60 0}{9.60 0.00 0.00 0.00 12.00 0}
COMM 4b-0: 479b76_479f4b_47a0b6_47a1d7_45e7e0 (2 3.67 1 3.00 0 4.00){0.00 0.00 0.00 0.00 1.60 0}{1.60 3.00 3.00 3.00 3.20 1}{3.20 4.00 4.00 4.00 4.80 1}{4.80 0.00 0.00 0.00 6.40 0}{6.40 0.00 0.00 0.00 8.00 0}
1c 9999 

RANKS: 1 -1 2 1 0
EVENT48: 1113 481caa_48202a_482163_482257_45e8ce
COMP 4b-0: 46a0df_46a43f_46a582_46a674 (1 41.00 2 41.00 2 41.00){0.00 0.00 0.00 0.00 16.40 0}{16.40 0.00 0.00 0.00 32.80 0}{32.80 41.00 41.00 41.00 49.20 1}{49.20 0.00 0.00 0.00 65.60 0}{65.60 0.00 0.00 0.00 82.00 0}
COMM 4b-0: 46a0df_46a43f_46a582_46a674 (1 4.00 2 4.00 2 4.00){0.00 0.00 0.00 0.00 1.60 0}{1.60 0.00 0.00 0.00 3.20 0}{3.20 4.00 4.00 4.00 4.80 1}{4.80 0.00 0.00 0.00 6.40 0}{6.40 0.00 0.00 0.00 8.00 0}
10 2 
12 64 
14 16 
1a 2 
1b 0 

RANKS: 1 -1 0 2 2
EVENT49: 1090 479b76_479f4b_47a0b6_47a1d7_45e92a
COMP 4b-0: 481caa_48202a_482163_482257_45e8ce (1 7.00 2 7.00 2 7.00){0.00 0.00 0.00 0.00 2.80 0}{2.80 0.00 0.00 0.00 5.60 0}{5.60 7.00 7.00 7.00 8.40 1}{8.40 0.00 0.00 0.00 11.20 0}{11.20 0.00 0.00 0.00 14.00 0}
COMP 4b-1: 48ac05_48ae89_48af5d_48b016_45e7f9 (1 8.00 0 8.00 0 8.00){0.00 0.00 0.00 0.00 3.20 0}{3.20 0.00 0.00 0.00 6.40 0}{6.40 8.00 8.00 8.00 9.60 1}{9.60 0.00 0.00 0.00 12.80 0}{12.80 0.00 0.00 0.00 16.00 0}
COMM 4b-0: 481caa_48202a_482163_482257_45e8ce (1 1.00 2 1.00 2 1.00){0.00 0.00 0.00 0.00 0.40 0}{0.40 0.00 0.00 0.00 0.80 0}{0.80 1.00 1.00 1.00 1.20 1}{1.20 0.00 0.00 0.00 1.60 0}{1.60 0.00 0.00 0.00 2.00 0}
COMM 4b-1: 48ac05_48ae89_48af5d_48b016_45e7f9 (1 1.00 0 1.00 0 1.00){0.00 0.00 0.00 0.00 0.40 0}{0.40 0.00 0.00 0.00 0.80 0}{0.80 1.00 1.00 1.00 1.20 1}{1.20 0.00 0.00 0.00 1.60 0}{1.60 0.00 0.00 0.00 2.00 0}
10 2 
12 68 
14 16 
1b 0 
2b 2147483647 

RANKS: 1 -1 0 2 2
EVENT50: 1148 48ac05_48ae89_48af5d_48b016_45e93f
COMP 4b-0: 479b76_479f4b_47a0b6_47a1d7_45e92a (2 16.67 2 6.00 0 22.00){0.00 6.00 6.00 6.00 8.80 1}{8.80 0.00 0.00 0.00 17.60 0}{17.60 22.00 22.00 22.00 26.40 1}{26.40 0.00 0.00 0.00 35.20 0}{35.20 0.00 0.00 0.00 44.00 0}
COMM 4b-0: 479b76_479f4b_47a0b6_47a1d7_45e92a (2 2.67 0 2.00 2 4.00){0.00 0.00 0.00 0.00 0.80 0}{0.80 0.00 0.00 0.00 1.60 0}{1.60 2.00 2.00 2.00 2.40 1}{2.40 0.00 0.00 0.00 3.20 0}{3.20 4.00 4.00 4.00 4.00 1}
1c 9999 

RANKS: 1 -1 3 1 0
EVENT51: 1113 481caa_48202a_482163_482257_45e8ce
COMP 4b-0: 46a0df_46a43f_46a582_46a674 (1 47.00 3 47.00 3 47.00){0.00 0.00 0.00 0.00 18.80 0}{18.80 0.00 0.00 0.00 37.60 0}{37.60 47.00 47.00 47.00 56.40 1}{56.40 0.00 0.00 0.00 75.20 0}{75.20 0.00 0.00 0.00 94.00 0}
COMM 4b-0: 46a0df_46a43f_46a582_46a674 (1 4.00 3 4.00 3 4.00){0.00 0.00 0.00 0.00 1.60 0}{1.60 0.00 0.00 0.00 3.20 0}{3.20 4.00 4.00 4.00 4.80 1}{4.80 0.00 0.00 0.00 6.40 0}{6.40 0.00 0.00 0.00 8.00 0}
10 2 
12 64 
14 16 
1a 2 
1b 0 

RANKS: 1 -1 1 2 2
EVENT52: 1113 481caa_48202a_482163_482257_45ea3f
COMP 4b-0: 481caa_48202a_482163_482257_45e8ce (1 8.00 3 8.00 3 8.00){0.00 0.00 0.00 0.00 3.20 0}{3.20 0.00 0.00 0.00 6.40 0}{6.40 8.00 8.00 8.00 9.60 1}{9.60 0.00 0.00 0.00 12.80 0}{12.80 0.00 0.00 0.00 16.00 0}
COMP 4b-1: 48ac05_48ae89_48af5d_48b016_45e7f9 (1 9.00 1 9.00 1 9.00){0.00 0.00 0.00 0.00 3.60 0}{3.60 0.00 0.00 0.00 7.20 0}{7.20 9.00 9.00 9.00 10.80 1}{10.80 0.00 0.00 0.00 14.40 0}{14.40 0.00 0.00 0.00 18.00 0}
COMM 4b-0: 481caa_48202a_482163_482257_45e8ce (1 2.00 3 2.00 3 2.00){0.00 0.00 0.00 0.00 0.80 0}{0.80 0.00 0.00 0.00 1.60 0}{1.60 2.00 2.00 2.00 2.40 1}{2.40 0.00 0.00 0.00 3.20 0}{3.20 0.00 0.00 0.00 4.00 0}
COMM 4b-1: 48ac05_48ae89_48af5d_48b016_45e7f9 (1 4.00 1 4.00 1 4.00){0.00 0.00 0.00 0.00 1.60 0}{1.60 0.00 0.00 0.00 3.20 0}{3.20 4.00 4.00 4.00 4.80 1}{4.80 0.00 0.00 0.00 6.40 0}{6.40 0.00 0.00 0.00 8.00 0}
10 2 
12 68 
14 16 
1a 3 
1b 0 

RANKS: 1 -1 0 4 1
EVENT53: 1004 46a0df_46a43f_46a582_46a674_466371
COMP 4b-0: 481caa_48202a_482163_482257_45ea3f (2 12.33 3 11.00 1 13.00){0.00 0.00 0.00 0.00 5.20 0}{5.20 0.00 0.00 0.00 10.40 0}{10.40 11.00 12.00 13.00 15.60 2}{15.60 0.00 0.00 0.00 20.80 0}{20.80 0.00 0.00 0.00 26.00 0}
COMP 4b-1: 48ac05_48ae89_48af5d_48b016_45e93f (2 11.33 0 11.00 2 12.00){0.00 0.00 0.00 0.00 4.40 0}{4.40 0.00 0.00 0.00 8.80 0}{8.80 11.00 11.50 12.00 13.20 2}{13.20 0.00 0.00 0.00 17.60 0}{17.60 0.00 0.00 0.00 22.00 0}
COMM 4b-0: 481caa_48202a_482163_482257_45ea3f (2 35.67 1 23.00 3 61.00){0.00 0.00 0.00 0.00 9.20 0}{9.20 0.00 0.00 0.00 18.40 0}{18.40 23.00 23.00 23.00 36.80 1}{36.80 0.00 0.00 0.00 46.00 0}{46.00 61.00 61.00 61.00 76.00 1}
COMM 4b-1: 48ac05_48ae89_48af5d_48b016_45e93f (2 14.67 0 5.00 2 34.00){0.00 0.00 0.00 0.00 2.00 0}{2.00 0.00 0.00 0.00 4.00 0}{4.00 5.00 5.00 5.00 8.00 1}{8.00 0.00 0.00 0.00 10.00 0}{10.00 34.00 34.00 34.00 58.00 1}
10 2 
12 1 
14 16 
18 3 

RANKS: 1 -1 0 2 2
EVENT54: 1090 479b76_479f4b_47a0b6_47a1d7
COMP 4b-0: 46a0df_46a43f_46a582_46a674_466371 (2 26.33 0 26.00 2 27.00){0.00 0.00 0.00 0.00 10.40 0}{10.40 0.00 0.00 0.00 20.80 0}{20.80 26.00 26.50 27.00 31.20 2}{31.20 0.00 0.00 0.00 41.60 0}{41.60 0.00 0.00 0.00 52.00 0}
COMM 4b-0: 46a0df_46a43f_46a582_46a674_466371 (2 1.00 0 1.00 0 1.00){0.00 0.00 0.00 0.00 0.40 0}{0.40 0.00 0.00 0.00 0.80 0}{0.80 1.00 1.00 1.00 1.20 2}{1.20 0.00 0.00 0.00 1.60 0}{1.60 0.00 0.00 0.00 2.00 0}
10 2 
12 64 
14 16 
1b 0 
2b 2147483647 

RANKS: 1 -1 0 2 2
EVENT55: 1148 48ac05_48ae89_48af5d_48b016
COMP 4b-0: 479b76_479f4b_47a0b6_47a1d7 (2 6.33 2 5.00 0 7.00){0.00 0.00 0.00 0.00 2.80 0}{2.80 5.00 5.00 5.00 5.60 1}{5.60 7.00 7.00 7.00 8.40 1}{8.40 0.00 0.00 0.00 11.20 0}{11.20 0.00 0.00 0.00 14.00 0}
COMM 4b-0: 479b76_479f4b_47a0b6_47a1d7 (2 2.67 2 2.00 0 3.00){0.00 0.00 0.00 0.00 1.20 0}{1.20 2.00 2.00 2.00 2.40 1}{2.40 3.00 3.00 3.00 3.60 1}{3.60 0.00 0.00 0.00 4.80 0}{4.80 0.00 0.00 0.00 6.00 0}
1c 9999 

RANKS: 1 -1 1 2 2
EVENT56: 1113 481caa_48202a_482163_482257
COMP 4b-0: 46a0df_46a43f_46a582_46a674_466371 (2 26.33 1 26.00 3 27.00){0.00 0.00 0.00 0.00 10.40 0}{10.40 0.00 0.00 0.00 20.80 0}{20.80 26.00 26.50 27.00 31.20 2}{31.20 0.00 0.00 0.00 41.60 0}{41.60 0.00 0.00 0.00 52.00 0}
COMM 4b-0: 46a0df_46a43f_46a582_46a674_466371 (2 2.33 1 2.00 3 3.00){0.00 0.00 0.00 0.00 0.80 0}{0.80 0.00 0.00 0.00 1.60 0}{1.60 2.00 2.00 2.00 2.40 1}{2.40 3.00 3.00 3.00 3.20 1}{3.20 0.00 0.00 0.00 4.00 0}
10 2 
12 64 
14 16 
1a 3 
1b 0 

RANKS: 1 -1 0 4 1
EVENT57: 1004 46a0df_46a43f_46a582_46a674_466744
COMP 4b-0: 481caa_48202a_482163_482257 (2 14.00 1 14.00 1 14.00){0.00 0.00 0.00 0.00 5.60 0}{5.60 0.00 0.00 0.00 11.20 0}{11.20 14.00 14.00 14.00 16.80 2}{16.80 0.00 0.00 0.00 22.40 0}{22.40 0.00 0.00 0.00 28.00 0}
COMP 4b-1: 48ac05_48ae89_48af5d_48b016 (2 14.67 0 14.00 2 16.00){0.00 0.00 0.00 0.00 5.60 0}{5.60 0.00 0.00 0.00 11.20 0}{11.20 14.00 15.00 16.00 16.80 2}{16.80 0.00 0.00 0.00 22.40 0}{22.40 0.00 0.00 0.00 28.00 0}
COMM 4b-0: 481caa_48202a_482163_482257 (2 27.67 1 27.00 3 29.00){0.00 0.00 0.00 0.00 10.80 0}{10.80 0.00 0.00 0.00 21.60 0}{21.60 27.00 28.00 29.00 32.40 2}{32.40 0.00 0.00 0.00 43.20 0}{43.20 0.00 0.00 0.00 54.00 0}
COMM 4b-1: 48ac05_48ae89_48af5d_48b016 (2 10.33 2 5.00 0 13.00){0.00 5.00 5.00 5.00 5.20 1}{5.20 0.00 0.00 0.00 10.40 0}{10.40 13.00 13.00 13.00 15.60 1}{15.60 0.00 0.00 0.00 20.80 0}{20.80 0.00 0.00 0.00 26.00 0}
10 2 
12 1 
14 16 
18 3 

RANKS: 1 -1 0 2 1
EVENT58: 1090 479b76_479f4b_47a0b6_47a1d7_45ec18
COMP 4b-0: 46a0df_46a43f_46a582_46a674_466744 (2 30.33 0 30.00 1 31.00){0.00 0.00 0.00 0.00 12.00 0}{12.00 0.00 0.00 0.00 24.00 0}{24.00 30.00 30.50 31.00 36.00 2}{36.00 0.00 0.00 0.00 48.00 0}{48.00 0.00 0.00 0.00 60.00 0}
COMM 4b-0: 46a0df_46a43f_46a582_46a674_466744 (2 1.00 0 1.00 0 1.00){0.00 0.00 0.00 0.00 0.40 0}{0.40 0.00 0.00 0.00 0.80 0}{0.80 1.00 1.00 1.00 1.20 2}{1.20 0.00 0.00 0.00 1.60 0}{1.60 0.00 0.00 0.00 2.00 0}
10 2 
12 64 
14 16 
1b 0 
2b 2147483647 

RANKS: 1 -1 0 2 1
EVENT59: 1148 48ac05_48ae89_48af5d_48b016_45ec2d
COMP 4b-0: 479b76_479f4b_47a0b6_47a1d7_45ec18 (2 5.67 1 5.00 0 6.00){0.00 0.00 0.00 0.00 2.40 0}{2.40 0.00 0.00 0.00 4.80 0}{4.80 5.00 5.50 6.00 7.20 2}{7.20 0.00 0.00 0.00 9.60 0}{9.60 0.00 0.00 0.00 12.00 0}
COMM 4b-0: 479b76_479f4b_47a0b6_47a1d7_45ec18 (2 3.00 0 3.00 0 3.00){0.00 0.00 0.00 0.00 1.20 0}{1.20 0.00 0.00 0.00 2.40 0}{2.40 3.00 3.00 3.00 3.60 2}{3.60 0.00 0.00 0.00 4.80 0}{4.80 0.00 0.00 0.00 6.00 0}
1c 9999 

RANKS: 1 -1 2 2 1
EVENT60: 1113 481caa_48202a_482163_482257_45ecda
COMP 4b-0: 46a0df_46a43f_46a582_46a674_466744 (2 31.33 3 30.00 2 34.00){0.00 0.00 0.00 0.00 12.00 0}{12.00 0.00 0.00 0.00 24.00 0}{24.00 30.00 32.00 34.00 36.00 2}{36.00 0.00 0.00 0.00 48.00 0}{48.00 0.00 0.00 0.00 60.00 0}
COMM 4b-0: 46a0df_46a43f_46a582_46a674_466744 (2 2.67 2 2.00 3 3.00){0.00 0.00 0.00 0.00 1.20 0}{1.20 2.00 2.00 2.00 2.40 1}{2.40 3.00 3.00 3.00 3.60 1}{3.60 0.00 0.00 0.00 4.80 0}{4.80 0.00 0.00 0.00 6.00 0}
10 2 
12 64 
14 16 
1a 2 
1b 0 

RANKS: 1 -1 0 4 1
EVENT61: 1004 46a0df_46a43f_46a582_46a674
COMP 4b-0: 481caa_48202a_482163_482257_45ecda (2 13.00 3 13.00 3 13.00){0.00 0.00 0.00 0.00 5.20 0}{5.20 0.00 0.00 0.00 10.40 0}{10.40 13.00 13.00 13.00 15.60 2}{15.60 0.00 0.00 0.00 20.80 0}{20.80 0.00 0.00 0.00 26.00 0}
COMP 4b-1: 48ac05_48ae89_48af5d_48b016_45ec2d (2 15.33 1 14.00 0 16.00){0.00 0.00 0.00 0.00 6.40 0}{6.40 0.00 0.00 0.00 12.80 0}{12.80 14.00 15.00 16.00 19.20 2}{19.20 0.00 0.00 0.00 25.60 0}{25.60 0.00 0.00 0.00 32.00 0}
COMM 4b-0: 481caa_48202a_482163_482257_45ecda (2 30.33 2 25.00 3 33.00){0.00 0.00 0.00 0.00 13.20 0}{13.20 25.00 25.00 25.00 26.40 1}{26.40 33.00 33.00 33.00 39.60 1}{39.60 0.00 0.00 0.00 52.80 0}{52.80 0.00 0.00 0.00 66.00 0}
COMM 4b-1: 48ac05_48ae89_48af5d_48b016_45ec2d (2 6.33 1 5.00 0 7.00){0.00 0.00 0.00 0.00 2.80 0}{2.80 5.00 5.00 5.00 5.60 1}{5.60 7.00 7.00 7.00 8.40 1}{8.40 0.00 0.00 0.00 11.20 0}{11.20 0.00 0.00 0.00 14.00 0}
10 2 
12 1 
14 16 
18 3 

RANKS: 1 -1 0 4 1
EVENT62: 1045 472a3f_472ab3_472b19_472b74
COMP 4b-0: 46a0df_46a43f_46a582_46a674 (4 3314.60 2 3305.00 0 3327.00){0.00 0.00 0.00 0.00 1330.80 0}{1330.80 0.00 0.00 0.00 2661.60 0}{2661.60 3305.00 3311.50 3327.00 3992.40 4}{3992.40 0.00 0.00 0.00 5323.20 0}{5323.20 0.00 0.00 0.00 6654.00 0}

