RANKS: 1 -1 0 4 1
EVENT0: 1084 47965c_47971b_4797b1_47980c
33 2 
34 0 

RANKS: 1 -1 0 4 1
EVENT1: 1011 46d839_46db68_46dc83_46dd6f
COMP 4c-0: 46d839_46db68_46dc83_46dd6f (32 15.79 0 14.00 0 17.00){0.00 0.00 0.00 0.00 5.60 0}{5.60 0.00 0.00 0.00 11.20 0}{11.20 14.00 15.81 16.00 16.80 31}{16.80 17.00 17.00 17.00 22.40 1}{22.40 0.00 0.00 0.00 28.00 0}
COMP 4c-1: 47965c_47971b_4797b1_47980c (4 55.20 1 24.00 0 102.00){0.00 24.00 24.00 24.00 40.80 3}{40.80 0.00 0.00 0.00 81.60 0}{81.60 102.00 102.00 102.00 122.40 1}{122.40 0.00 0.00 0.00 163.20 0}{163.20 0.00 0.00 0.00 204.00 0}
COMM 4b-0: 46d839_46db68_46dc83_46dd6f (32 15.82 2 2.00 0 119.00){0.00 0.00 0.00 0.00 1.20 0}{1.20 2.00 2.00 2.00 2.40 3}{2.40 3.00 3.00 3.00 3.60 6}{3.60 3.62 4.09 5.00 6.00 11}{6.00 7.00 37.50 119.00 232.00 12}
COMM 4b-1: 47965c_47971b_4797b1_47980c (4 366.00 0 18.00 1 850.00){0.00 0.00 0.00 0.00 7.20 0}{7.20 0.00 0.00 0.00 14.40 0}{14.40 18.00 18.00 18.00 28.80 1}{28.80 0.00 0.00 0.00 36.00 0}{36.00 211.00 598.00 850.00 1430.00 3}
LOOP0: iter: ( 9 )[ 1 -1 0 4 1 ] mem: ( 1 )[ 1 -1 0 4 1 ]
10 2 
12 1 1 1 1 1 5 1 1 1 
14 14 14 14 16 16 16 14 14 14 
19 0 

RANKS: 1 -1 2 1 0
EVENT2: 1113 48258a_48290a_482a43_482b37
COMP 4c-0: 46d839_46db68_46dc83_46dd6f (1 633452.00 2 633452.00 2 633452.00){0.00 0.00 0.00 0.00 253380.80 0}{253380.80 0.00 0.00 0.00 506761.60 0}{506761.60 633452.00 633452.00 633452.00 760142.40 1}{760142.40 0.00 0.00 0.00 1013523.20 0}{1013523.20 0.00 0.00 0.00 1266904.00 0}
COMM 4b-0: 46d839_46db68_46dc83_46dd6f (1 624.00 2 624.00 2 624.00){0.00 0.00 0.00 0.00 249.60 0}{249.60 0.00 0.00 0.00 499.20 0}{499.20 624.00 624.00 624.00 748.80 1}{748.80 0.00 0.00 0.00 998.40 0}{998.40 0.00 0.00 0.00 1248.00 0}
10 2 
12 52020 
14 16 
1a 1 
1b 0 

RANKS: 1 -1 1 2 1
EVENT3: 1090 47a456_47a82b_47a996_47aab7
COMP 4c-0: 46d839_46db68_46dc83_46dd6f (1 633279.00 1 633279.00 1 633279.00){0.00 0.00 0.00 0.00 253311.60 0}{253311.60 0.00 0.00 0.00 506623.20 0}{506623.20 633279.00 633279.00 633279.00 759934.80 1}{759934.80 0.00 0.00 0.00 1013246.40 0}{1013246.40 0.00 0.00 0.00 1266558.00 0}
COMP 4c-1: 48258a_48290a_482a43_482b37 (1 15.00 2 15.00 2 15.00){0.00 0.00 0.00 0.00 6.00 0}{6.00 0.00 0.00 0.00 12.00 0}{12.00 15.00 15.00 15.00 18.00 1}{18.00 0.00 0.00 0.00 24.00 0}{24.00 0.00 0.00 0.00 30.00 0}
COMP 4c-2: 48b4e5_48b769_48b83d_48b8f6 (1 93824.00 2 93824.00 2 93824.00){0.00 0.00 0.00 0.00 37529.60 0}{37529.60 0.00 0.00 0.00 75059.20 0}{75059.20 93824.00 93824.00 93824.00 112588.80 1}{112588.80 0.00 0.00 0.00 150118.40 0}{150118.40 0.00 0.00 0.00 187648.00 0}
COMM 4b-0: 46d839_46db68_46dc83_46dd6f (1 13.00 1 13.00 1 13.00){0.00 0.00 0.00 0.00 5.20 0}{5.20 0.00 0.00 0.00 10.40 0}{10.40 13.00 13.00 13.00 15.60 1}{15.60 0.00 0.00 0.00 20.80 0}{20.80 0.00 0.00 0.00 26.00 0}
COMM 4b-1: 48258a_48290a_482a43_482b37 (1 9.00 2 9.00 2 9.00){0.00 0.00 0.00 0.00 3.60 0}{3.60 0.00 0.00 0.00 7.20 0}{7.20 9.00 9.00 9.00 10.80 1}{10.80 0.00 0.00 0.00 14.40 0}{14.40 0.00 0.00 0.00 18.00 0}
COMM 4b-2: 48b4e5_48b769_48b83d_48b8f6 (1 7.00 2 7.00 2 7.00){0.00 0.00 0.00 0.00 2.80 0}{2.80 0.00 0.00 0.00 5.60 0}{5.60 7.00 7.00 7.00 8.40 1}{8.40 0.00 0.00 0.00 11.20 0}{11.20 0.00 0.00 0.00 14.00 0}
LOOP0: iter: ( 2 )[ 1 -1 2 1 0 ] mem: ( 2 )[ 1 -1 2 1 0 ]
10 2 
12 52020 
14 16 
1b 0 
2b 2147483647 

RANKS: 1 -1 1 2 1
EVENT4: 1148 48b4e5_48b769_48b83d_48b8f6
COMP 4c-0: 47a456_47a82b_47a996_47aab7 (3 15.75 2 15.00 1 16.00){0.00 0.00 0.00 0.00 6.40 0}{6.40 0.00 0.00 0.00 12.80 0}{12.80 15.00 15.67 16.00 19.20 3}{19.20 0.00 0.00 0.00 25.60 0}{25.60 0.00 0.00 0.00 32.00 0}
COMM 4b-0: 47a456_47a82b_47a996_47aab7 (3 583.75 1 418.00 2 896.00){0.00 0.00 0.00 0.00 167.20 0}{167.20 0.00 0.00 0.00 334.40 0}{334.40 418.00 418.00 418.00 501.60 1}{501.60 603.00 603.00 603.00 836.00 1}{836.00 896.00 896.00 896.00 956.00 1}
1c 9999 

RANKS: 1 -1 1 2 1
EVENT5: 1113 48258a_48290a_482a43_482b37
COMP 4c-0: 48258a_48290a_482a43_482b37 (2 129144.33 1 93899.00 2 199635.00){0.00 0.00 0.00 0.00 37559.60 0}{37559.60 0.00 0.00 0.00 75119.20 0}{75119.20 93899.00 93899.00 93899.00 150238.40 1}{150238.40 0.00 0.00 0.00 187798.00 0}{187798.00 199635.00 199635.00 199635.00 211472.00 1}
COMP 4c-1: 48b4e5_48b769_48b83d_48b8f6 (2 371.67 1 371.00 2 373.00){0.00 0.00 0.00 0.00 148.40 0}{148.40 0.00 0.00 0.00 296.80 0}{296.80 371.00 372.00 373.00 445.20 2}{445.20 0.00 0.00 0.00 593.60 0}{593.60 0.00 0.00 0.00 742.00 0}
COMM 4b-0: 48258a_48290a_482a43_482b37 (2 257.00 2 253.00 1 259.00){0.00 0.00 0.00 0.00 103.60 0}{103.60 0.00 0.00 0.00 207.20 0}{207.20 253.00 256.00 259.00 310.80 2}{310.80 0.00 0.00 0.00 414.40 0}{414.40 0.00 0.00 0.00 518.00 0}
COMM 4b-1: 48b4e5_48b769_48b83d_48b8f6 (2 434.00 2 238.00 1 532.00){0.00 0.00 0.00 0.00 212.80 0}{212.80 238.00 238.00 238.00 425.60 1}{425.60 532.00 532.00 532.00 638.40 1}{638.40 0.00 0.00 0.00 851.20 0}{851.20 0.00 0.00 0.00 1064.00 0}
LOOP0: iter: ( 2 )[ 1 -1 1 2 1 ] mem: ( 1 )[ 1 -1 1 2 1 ]
10 2 
12 52020 
14 16 
1a ( 3 2 )[ 1 -1 1 1 0 ]
1a ( 2 1 )[ 1 -1 2 1 0 ]
1b 0 

RANKS: 1 -1 1 3 1
EVENT6: 1090 47a456_47a82b_47a996_47aab7
COMP 4c-0: 46d839_46db68_46dc83_46dd6f (1 633295.00 3 633295.00 3 633295.00){0.00 0.00 0.00 0.00 253318.00 0}{253318.00 0.00 0.00 0.00 506636.00 0}{506636.00 633295.00 633295.00 633295.00 759954.00 1}{759954.00 0.00 0.00 0.00 1013272.00 0}{1013272.00 0.00 0.00 0.00 1266590.00 0}
COMP 4c-1: 48258a_48290a_482a43_482b37 (5 64449.83 1 16.00 3 199451.00){0.00 0.00 0.00 0.00 6.40 0}{6.40 0.00 0.00 0.00 12.80 0}{12.80 16.00 16.00 16.00 32.00 2}{32.00 93485.00 93600.00 93715.00 186938.00 2}{186938.00 199451.00 199451.00 199451.00 211964.00 1}
COMP 4c-2: 48b4e5_48b769_48b83d_48b8f6 (2 164248.33 2 93595.00 1 199575.00){0.00 0.00 0.00 0.00 79830.00 0}{79830.00 93595.00 93595.00 93595.00 159660.00 1}{159660.00 199575.00 199575.00 199575.00 239490.00 1}{239490.00 0.00 0.00 0.00 319320.00 0}{319320.00 0.00 0.00 0.00 399150.00 0}
COMM 4b-0: 46d839_46db68_46dc83_46dd6f (1 6.00 3 6.00 3 6.00){0.00 0.00 0.00 0.00 2.40 0}{2.40 0.00 0.00 0.00 4.80 0}{4.80 6.00 6.00 6.00 7.20 1}{7.20 0.00 0.00 0.00 9.60 0}{9.60 0.00 0.00 0.00 12.00 0}
COMM 4b-1: 48258a_48290a_482a43_482b37 (5 3.67 2 2.00 1 4.00){0.00 0.00 0.00 0.00 1.60 0}{1.60 2.00 2.00 2.00 3.20 1}{3.20 4.00 4.00 4.00 4.80 4}{4.80 0.00 0.00 0.00 6.40 0}{6.40 0.00 0.00 0.00 8.00 0}
COMM 4b-2: 48b4e5_48b769_48b83d_48b8f6 (2 7.33 1 7.00 2 8.00){0.00 0.00 0.00 0.00 2.80 0}{2.80 0.00 0.00 0.00 5.60 0}{5.60 7.00 7.50 8.00 8.40 2}{8.40 0.00 0.00 0.00 11.20 0}{11.20 0.00 0.00 0.00 14.00 0}
LOOP0: iter: ( 2 )[ 1 -1 1 2 1 ]( 4 )[ 1 -1 3 1 0 ] mem: ( 2 )[ 1 -1 1 2 1 ]( 3 )[ 1 -1 3 1 0 ]
10 2 
12 52020 
14 16 
1b 0 
2b 2147483647 

RANKS: 1 -1 1 3 1
EVENT7: 1148 48b4e5_48b769_48b83d_48b8f6
COMP 4c-0: 47a456_47a82b_47a996_47aab7 (8 15.00 3 14.00 3 16.00){0.00 0.00 0.00 0.00 6.00 0}{6.00 0.00 0.00 0.00 12.00 0}{12.00 14.00 15.00 16.00 18.00 8}{18.00 0.00 0.00 0.00 24.00 0}{24.00 0.00 0.00 0.00 30.00 0}
COMM 4b-0: 47a456_47a82b_47a996_47aab7 (8 521.33 2 237.00 3 998.00){0.00 237.00 237.00 237.00 252.00 1}{252.00 315.00 375.67 460.00 504.00 3}{504.00 530.00 530.00 530.00 630.00 1}{630.00 689.00 742.50 796.00 844.00 2}{844.00 998.00 998.00 998.00 1152.00 1}
1c 9999 

RANKS: 1 -1 0 4 1
EVENT8: 1113 48258a_48290a_482a43_482b37
COMP 4c-0: 46d839_46db68_46dc83_46dd6f (1 633436.00 0 633436.00 0 633436.00){0.00 0.00 0.00 0.00 253374.40 0}{253374.40 0.00 0.00 0.00 506748.80 0}{506748.80 633436.00 633436.00 633436.00 760123.20 1}{760123.20 0.00 0.00 0.00 1013497.60 0}{1013497.60 0.00 0.00 0.00 1266872.00 0}
COMP 4c-1: 48258a_48290a_482a43_482b37 (1 93665.00 1 93665.00 1 93665.00){0.00 0.00 0.00 0.00 37466.00 0}{37466.00 0.00 0.00 0.00 74932.00 0}{74932.00 93665.00 93665.00 93665.00 112398.00 1}{112398.00 0.00 0.00 0.00 149864.00 0}{149864.00 0.00 0.00 0.00 187330.00 0}
COMP 4c-2: 48b4e5_48b769_48b83d_48b8f6 (9 48379.40 3 370.00 0 199767.00){0.00 370.00 371.50 373.00 37603.20 6}{37603.20 0.00 0.00 0.00 75206.40 0}{75206.40 93782.00 93895.00 94008.00 150412.80 2}{150412.80 0.00 0.00 0.00 188016.00 0}{188016.00 199767.00 199767.00 199767.00 211518.00 1}
COMM 4b-0: 46d839_46db68_46dc83_46dd6f (1 554.00 0 554.00 0 554.00){0.00 0.00 0.00 0.00 221.60 0}{221.60 0.00 0.00 0.00 443.20 0}{443.20 554.00 554.00 554.00 664.80 1}{664.80 0.00 0.00 0.00 886.40 0}{886.40 0.00 0.00 0.00 1108.00 0}
COMM 4b-1: 48258a_48290a_482a43_482b37 (1 254.00 1 254.00 1 254.00){0.00 0.00 0.00 0.00 101.60 0}{101.60 0.00 0.00 0.00 203.20 0}{203.20 254.00 254.00 254.00 304.80 1}{304.80 0.00 0.00 0.00 406.40 0}{406.40 0.00 0.00 0.00 508.00 0}
COMM 4b-2: 48b4e5_48b769_48b83d_48b8f6 (9 265.90 2 237.00 3 463.00){0.00 0.00 0.00 0.00 98.40 0}{98.40 0.00 0.00 0.00 196.80 0}{196.80 237.00 243.75 252.00 295.20 8}{295.20 0.00 0.00 0.00 393.60 0}{393.60 463.00 463.00 463.00 492.00 1}
LOOP0: iter: ( 4 )[ 1 -1 0 1 0 ]( 2 )[ 1 -1 1 1 0 ] mem: ( 3 )[ 1 -1 0 1 0 ]( 1 )[ 1 -1 1 1 0 ]
10 2 
12 52020 
14 16 
1a ( 1 2 )[ 1 -1 0 1 0 ]
1a ( 3 2 )[ 1 -1 1 2 2 ]
1a ( 2 )[ 1 -1 2 1 0 ]
1b 0 

RANKS: 1 -1 0 2 1
EVENT9: 1090 47a456_47a82b_47a996_47aab7
COMP 4c-0: 48258a_48290a_482a43_482b37 (5 14.83 0 14.00 1 16.00){0.00 0.00 0.00 0.00 6.00 0}{6.00 0.00 0.00 0.00 12.00 0}{12.00 14.00 14.80 16.00 18.00 5}{18.00 0.00 0.00 0.00 24.00 0}{24.00 0.00 0.00 0.00 30.00 0}
COMM 4b-0: 48258a_48290a_482a43_482b37 (5 3.83 0 2.00 0 6.00){0.00 2.00 2.00 2.00 2.40 2}{2.40 3.00 3.50 4.00 4.80 2}{4.80 6.00 6.00 6.00 7.20 1}{7.20 0.00 0.00 0.00 9.60 0}{9.60 0.00 0.00 0.00 12.00 0}
10 2 
12 52020 
14 16 
1b 0 
2b 2147483647 

RANKS: 1 -1 0 2 1
EVENT10: 1148 48b4e5_48b769_48b83d_48b8f6
COMP 4c-0: 47a456_47a82b_47a996_47aab7 (5 15.33 0 15.00 0 16.00){0.00 0.00 0.00 0.00 6.40 0}{6.40 0.00 0.00 0.00 12.80 0}{12.80 15.00 15.20 16.00 19.20 5}{19.20 0.00 0.00 0.00 25.60 0}{25.60 0.00 0.00 0.00 32.00 0}
COMM 4b-0: 47a456_47a82b_47a996_47aab7 (5 588.67 1 353.00 0 773.00){0.00 0.00 0.00 0.00 309.20 0}{309.20 353.00 496.50 573.00 618.40 4}{618.40 773.00 773.00 773.00 927.60 1}{927.60 0.00 0.00 0.00 1236.80 0}{1236.80 0.00 0.00 0.00 1546.00 0}
1c 9999 

RANKS: 1 -1 0 4 1
EVENT11: 1004 46a9bf_46ad1f_46ae62_46af54
COMP 4c-0: 48258a_48290a_482a43_482b37 (2 194744.67 2 194742.00 3 194746.00){0.00 0.00 0.00 0.00 77898.40 0}{77898.40 0.00 0.00 0.00 155796.80 0}{155796.80 194742.00 194744.00 194746.00 233695.20 2}{233695.20 0.00 0.00 0.00 311593.60 0}{311593.60 0.00 0.00 0.00 389492.00 0}
COMP 4c-1: 48b4e5_48b769_48b83d_48b8f6 (2 194872.33 1 194869.00 0 194874.00){0.00 0.00 0.00 0.00 77949.60 0}{77949.60 0.00 0.00 0.00 155899.20 0}{155899.20 194869.00 194871.50 194874.00 233848.80 2}{233848.80 0.00 0.00 0.00 311798.40 0}{311798.40 0.00 0.00 0.00 389748.00 0}
COMM 4b-0: 48258a_48290a_482a43_482b37 (2 262.00 2 48.00 3 369.00){0.00 48.00 48.00 48.00 147.60 1}{147.60 0.00 0.00 0.00 295.20 0}{295.20 369.00 369.00 369.00 442.80 1}{442.80 0.00 0.00 0.00 590.40 0}{590.40 0.00 0.00 0.00 738.00 0}
COMM 4b-1: 48b4e5_48b769_48b83d_48b8f6 (2 84.67 1 42.00 0 106.00){0.00 42.00 42.00 42.00 42.40 1}{42.40 0.00 0.00 0.00 84.80 0}{84.80 106.00 106.00 106.00 127.20 1}{127.20 0.00 0.00 0.00 169.60 0}{169.60 0.00 0.00 0.00 212.00 0}
10 2 
12 5 
14 16 
18 3 

RANKS: 1 -1 0 4 1
EVENT12: 1010 46d350_46d585_46d629_46d6a5
COMP 4c-0: 46a9bf_46ad1f_46ae62_46af54 (4 14.40 0 14.00 3 15.00){0.00 0.00 0.00 0.00 5.60 0}{5.60 0.00 0.00 0.00 11.20 0}{11.20 14.00 14.50 15.00 16.80 4}{16.80 0.00 0.00 0.00 22.40 0}{22.40 0.00 0.00 0.00 28.00 0}
COMM 4b-0: 46a9bf_46ad1f_46ae62_46af54 (4 187.80 0 15.00 3 455.00){0.00 0.00 0.00 0.00 6.00 0}{6.00 0.00 0.00 0.00 12.00 0}{12.00 15.00 15.00 15.00 24.00 1}{24.00 0.00 0.00 0.00 30.00 0}{30.00 185.00 303.00 455.00 508.00 3}
10 2 

RANKS: 1 -1 1 3 1
EVENT13: 1102 47dac9_47de8e_47dff8_47e117
COMP 4c-0: 46d350_46d585_46d629_46d6a5 (3 12711.00 1 12711.00 1 12711.00){0.00 0.00 0.00 0.00 5084.40 0}{5084.40 0.00 0.00 0.00 10168.80 0}{10168.80 12711.00 12711.00 12711.00 15253.20 3}{15253.20 0.00 0.00 0.00 20337.60 0}{20337.60 0.00 0.00 0.00 25422.00 0}
COMP 4c-1: 47dac9_47de8e_47dff8_47e117 (199 1791.39 3 16.00 3 3601.00){0.00 0.00 0.00 0.00 6.40 0}{6.40 0.00 0.00 0.00 12.80 0}{12.80 16.00 17.65 18.00 25.60 100}{25.60 0.00 0.00 0.00 32.00 0}{32.00 3600.00 3600.99 3601.00 7168.00 99}
COMP 4c-2: 48258a_48290a_482a43_482b37 (398 1863.30 2 1810.00 1 1914.00){0.00 0.00 0.00 0.00 764.00 0}{764.00 0.00 0.00 0.00 1528.00 0}{1528.00 1810.00 1863.18 1914.00 2292.00 398}{2292.00 0.00 0.00 0.00 3056.00 0}{3056.00 0.00 0.00 0.00 3820.00 0}
COMM 4b-0: 46d350_46d585_46d629_46d6a5 (3 394.75 2 223.00 3 872.00){0.00 0.00 0.00 0.00 96.80 0}{96.80 0.00 0.00 0.00 193.60 0}{193.60 223.00 232.50 242.00 387.20 2}{387.20 0.00 0.00 0.00 484.00 0}{484.00 872.00 872.00 872.00 1260.00 1}
COMM 4b-1: 47dac9_47de8e_47dff8_47e117 (199 84.31 3 1.00 3 252.00){0.00 0.00 0.00 0.00 0.80 0}{0.80 1.00 1.00 1.00 1.60 1}{1.60 2.00 2.51 3.00 3.20 90}{3.20 4.00 4.00 4.00 4.00 3}{4.00 5.00 158.30 252.00 362.00 105}
COMM 4b-2: 48258a_48290a_482a43_482b37 (398 51.53 2 2.00 2 15150.00){0.00 2.00 5.85 10.00 10.80 295}{10.80 11.00 13.02 18.00 18.00 56}{18.00 19.00 40.43 50.00 82.00 44}{82.00 143.00 584.00 1025.00 1968.00 2}{1968.00 15150.00 15150.00 15150.00 28332.00 1}
LOOP0: iter: ( 200 )[ 1 -1 1 3 1 ] mem: ( 2 )[ 1 -1 1 2 1 ]( 1 )[ 1 -1 3 1 0 ]
10 2 
12 250 
14 16 
1b 0 
2b ( 3 3 3 3 3 3 3 3 3 3 3 3 3 3 3 3 3 3 3 3 3 3 3 3 3 3 3 3 3 3 3 3 3 3 3 3 3 3 3 3 3 3 3 3 3 3 3 3 3 3 3 3 3 3 3 3 3 3 3 3 3 3 3 3 3 3 3 3 3 3 3 3 3 3 3 3 3 3 3 3 3 3 3 3 3 3 3 3 3 3 3 3 3 3 3 3 3 3 3 3 2 2 2 2 2 2 2 2 2 2 2 2 2 2 2 2 2 2 2 2 2 2 2 2 2 2 2 2 2 2 2 2 2 2 2 2 2 2 2 2 2 2 2 2 2 2 2 2 2 2 2 2 2 2 2 2 2 2 2 2 2 2 2 2 2 2 2 2 2 2 2 2 2 2 2 2 2 2 2 2 2 2 2 2 2 2 2 2 2 2 2 2 2 2 2 2 2 2 2 2 )[ 1 -1 1 1 0 ]
2b ( 3 2 )[ 1 -1 3 1 0 ]
2b ( 2 2 2 2 2 2 2 2 2 2 2 2 2 2 2 2 2 2 2 2 2 2 2 2 2 2 2 2 2 2 2 2 2 2 2 2 2 2 2 2 2 2 2 2 2 2 2 2 2 2 2 2 2 2 2 2 2 2 2 2 2 2 2 2 2 2 2 2 2 2 2 2 2 2 2 2 2 2 2 2 2 2 2 2 2 2 2 2 2 2 2 2 2 2 2 2 2 2 2 2 1 1 1 1 1 1 1 1 1 1 1 1 1 1 1 1 1 1 1 1 1 1 1 1 1 1 1 1 1 1 1 1 1 1 1 1 1 1 1 1 1 1 1 1 1 1 1 1 1 1 1 1 1 1 1 1 1 1 1 1 1 1 1 1 1 1 1 1 1 1 1 1 1 1 1 1 1 1 1 1 1 1 1 1 1 1 1 1 1 1 1 1 1 1 1 1 1 1 1 1 )[ 1 -1 2 1 0 ]

RANKS: 1 -1 2 1 0
EVENT14: 1113 48258a_48290a_482a43_482b37
COMP 4c-0: 47dac9_47de8e_47dff8_47e117 (200 1691.63 2 1679.00 2 1704.00){0.00 0.00 0.00 0.00 681.60 0}{681.60 0.00 0.00 0.00 1363.20 0}{1363.20 1679.00 1691.57 1704.00 2044.80 200}{2044.80 0.00 0.00 0.00 2726.40 0}{2726.40 0.00 0.00 0.00 3408.00 0}
COMM 4b-0: 47dac9_47de8e_47dff8_47e117 (200 4.81 2 3.00 2 149.00){0.00 3.00 3.58 4.00 5.60 184}{5.60 7.00 7.10 8.00 11.20 10}{11.20 12.00 15.00 19.00 22.40 5}{22.40 0.00 0.00 0.00 28.00 0}{28.00 149.00 149.00 149.00 270.00 1}
10 2 
12 250 
14 16 
1a 1 1 1 1 1 1 1 1 1 1 1 1 1 1 1 1 1 1 1 1 1 1 1 1 1 1 1 1 1 1 1 1 1 1 1 1 1 1 1 1 1 1 1 1 1 1 1 1 1 1 1 1 1 1 1 1 1 1 1 1 1 1 1 1 1 1 1 1 1 1 1 1 1 1 1 1 1 1 1 1 1 1 1 1 1 1 1 1 1 1 1 1 1 1 1 1 1 1 1 1 2 2 2 2 2 2 2 2 2 2 2 2 2 2 2 2 2 2 2 2 2 2 2 2 2 2 2 2 2 2 2 2 2 2 2 2 2 2 2 2 2 2 2 2 2 2 2 2 2 2 2 2 2 2 2 2 2 2 2 2 2 2 2 2 2 2 2 2 2 2 2 2 2 2 2 2 2 2 2 2 2 2 2 2 2 2 2 2 2 2 2 2 2 2 2 2 2 2 2 2 
1b 0 

RANKS: 1 -1 0 4 1
EVENT15: 1113 48258a_48290a_482a43_482b37
COMP 4c-0: 46a9bf_46ad1f_46ae62_46af54 (1 555440.00 2 555440.00 2 555440.00){0.00 0.00 0.00 0.00 222176.00 0}{222176.00 0.00 0.00 0.00 444352.00 0}{444352.00 555440.00 555440.00 555440.00 666528.00 1}{666528.00 0.00 0.00 0.00 888704.00 0}{888704.00 0.00 0.00 0.00 1110880.00 0}
COMP 4c-1: 46d350_46d585_46d629_46d6a5 (1 14399.00 0 14399.00 0 14399.00){0.00 0.00 0.00 0.00 5759.60 0}{5759.60 0.00 0.00 0.00 11519.20 0}{11519.20 14399.00 14399.00 14399.00 17278.80 1}{17278.80 0.00 0.00 0.00 23038.40 0}{23038.40 0.00 0.00 0.00 28798.00 0}
COMP 4c-2: 47dac9_47de8e_47dff8_47e117 (201 1708.86 1 1679.00 3 5164.00){0.00 0.00 0.00 0.00 681.60 0}{681.60 0.00 0.00 0.00 1363.20 0}{1363.20 1679.00 1691.61 1705.00 2726.40 200}{2726.40 0.00 0.00 0.00 3408.00 0}{3408.00 5164.00 5164.00 5164.00 6920.00 1}
COMP 4c-3: 48258a_48290a_482a43_482b37 (399 1819.11 0 16.00 2 23708.00){0.00 0.00 0.00 0.00 6.40 0}{6.40 0.00 0.00 0.00 12.80 0}{12.80 16.00 16.99 17.00 32.00 200}{32.00 3474.00 3537.99 3601.00 7168.00 198}{7168.00 23708.00 23708.00 23708.00 40248.00 1}
COMM 4b-0: 46a9bf_46ad1f_46ae62_46af54 (1 248.00 2 248.00 2 248.00){0.00 0.00 0.00 0.00 99.20 0}{99.20 0.00 0.00 0.00 198.40 0}{198.40 248.00 248.00 248.00 297.60 1}{297.60 0.00 0.00 0.00 396.80 0}{396.80 0.00 0.00 0.00 496.00 0}
COMM 4b-1: 46d350_46d585_46d629_46d6a5 (1 10.00 0 10.00 0 10.00){0.00 0.00 0.00 0.00 4.00 0}{4.00 0.00 0.00 0.00 8.00 0}{8.00 10.00 10.00 10.00 12.00 1}{12.00 0.00 0.00 0.00 16.00 0}{16.00 0.00 0.00 0.00 20.00 0}
COMM 4b-2: 47dac9_47de8e_47dff8_47e117 (201 10.63 1 3.00 1 211.00){0.00 3.00 3.86 4.00 5.60 7}{5.60 7.00 9.40 10.00 11.20 186}{11.20 14.00 18.50 21.00 22.40 4}{22.40 23.00 24.33 26.00 28.00 3}{28.00 211.00 211.00 211.00 394.00 1}
COMM 4b-3: 48258a_48290a_482a43_482b37 (399 6.08 0 2.00 2 245.00){0.00 0.00 0.00 0.00 1.20 0}{1.20 2.00 2.74 3.00 3.60 144}{3.60 3.61 4.51 6.00 6.00 240}{6.00 7.00 50.50 161.00 234.00 14}{234.00 245.00 245.00 245.00 256.00 1}
LOOP0: iter: ( 200 )[ 1 -1 0 2 3 ]( 2 )[ 1 -1 2 1 0 ] mem: ( 1 )[ 1 -1 0 2 3 ]( 5 )[ 1 -1 2 1 0 ]
10 2 
12 ( 250 )[ 2 -1 0 2 1 -1 3 1 0 ]
12 ( 52020 )[ 1 -1 2 1 0 ]
14 16 
1a ( 1 2 )[ 1 -1 0 1 0 ]
1a ( 2 2 2 2 2 2 2 2 2 2 2 2 2 2 2 2 2 2 2 2 2 2 2 2 2 2 2 2 2 2 2 2 2 2 2 2 2 2 2 2 2 2 2 2 2 2 2 2 2 2 2 2 2 2 2 2 2 2 2 2 2 2 2 2 2 2 2 2 2 2 2 2 2 2 2 2 2 2 2 2 2 2 2 2 2 2 2 2 2 2 2 2 2 2 2 2 2 2 2 2 3 3 3 3 3 3 3 3 3 3 3 3 3 3 3 3 3 3 3 3 3 3 3 3 3 3 3 3 3 3 3 3 3 3 3 3 3 3 3 3 3 3 3 3 3 3 3 3 3 3 3 3 3 3 3 3 3 3 3 3 3 3 3 3 3 3 3 3 3 3 3 3 3 3 3 3 3 3 3 3 3 3 3 3 3 3 3 3 3 3 3 3 3 3 3 3 3 3 3 3 )[ 1 -1 1 1 0 ]
1a ( 3 2 )[ 1 -1 3 1 0 ]
1a ( 1 )[ 1 -1 2 1 0 ]
1b 0 

RANKS: 1 -1 0 1 0
EVENT16: 1102 47dac9_47de8e_47dff8_47e117
COMP 4c-0: 47dac9_47de8e_47dff8_47e117 (199 1728.70 0 16.00 0 3475.00){0.00 0.00 0.00 0.00 6.40 0}{6.40 0.00 0.00 0.00 12.80 0}{12.80 16.00 16.99 17.00 25.60 100}{25.60 0.00 0.00 0.00 32.00 0}{32.00 3475.00 3475.00 3475.00 6918.00 99}
COMP 4c-1: 48258a_48290a_482a43_482b37 (1 1811.00 0 1811.00 0 1811.00){0.00 0.00 0.00 0.00 724.40 0}{724.40 0.00 0.00 0.00 1448.80 0}{1448.80 1811.00 1811.00 1811.00 2173.20 1}{2173.20 0.00 0.00 0.00 2897.60 0}{2897.60 0.00 0.00 0.00 3622.00 0}
COMM 4b-0: 47dac9_47de8e_47dff8_47e117 (199 72.11 0 1.00 0 313.00){0.00 1.00 1.00 1.00 1.60 10}{1.60 2.00 2.02 3.00 4.00 89}{4.00 5.00 5.00 5.00 6.00 1}{6.00 8.00 139.97 219.00 226.00 96}{226.00 227.00 263.00 313.00 400.00 3}
COMM 4b-1: 48258a_48290a_482a43_482b37 (1 16804.00 0 16804.00 0 16804.00){0.00 0.00 0.00 0.00 6721.60 0}{6721.60 0.00 0.00 0.00 13443.20 0}{13443.20 16804.00 16804.00 16804.00 20164.80 1}{20164.80 0.00 0.00 0.00 26886.40 0}{26886.40 0.00 0.00 0.00 33608.00 0}
LOOP0: iter: ( 200 )[ 1 -1 0 1 0 ] mem: ( 1 )[ 1 -1 0 1 0 ]
10 2 
12 250 
14 16 
1b 0 
2b 1 2 

RANKS: 1 -1 1 3 1
EVENT17: 1090 47a456_47a82b_47a996_47aab7
COMP 4c-0: 46a9bf_46ad1f_46ae62_46af54 (2 555271.33 1 555266.00 3 555282.00){0.00 0.00 0.00 0.00 222106.40 0}{222106.40 0.00 0.00 0.00 444212.80 0}{444212.80 555266.00 555274.00 555282.00 666319.20 2}{666319.20 0.00 0.00 0.00 888425.60 0}{888425.60 0.00 0.00 0.00 1110532.00 0}
COMP 4c-1: 48258a_48290a_482a43_482b37 (6 36792.86 2 15.00 3 93481.00){0.00 15.00 15.00 15.00 9408.00 2}{9408.00 0.00 0.00 0.00 18816.00 0}{18816.00 23518.00 23519.00 23520.00 37632.00 2}{37632.00 0.00 0.00 0.00 47040.00 0}{47040.00 93481.00 93481.00 93481.00 139922.00 2}
COMP 4c-2: 48b4e5_48b769_48b83d_48b8f6 (2 93595.00 2 93595.00 2 93595.00){0.00 0.00 0.00 0.00 37438.00 0}{37438.00 0.00 0.00 0.00 74876.00 0}{74876.00 93595.00 93595.00 93595.00 112314.00 2}{112314.00 0.00 0.00 0.00 149752.00 0}{149752.00 0.00 0.00 0.00 187190.00 0}
COMM 4b-0: 46a9bf_46ad1f_46ae62_46af54 (2 6.33 3 3.00 1 8.00){0.00 3.00 3.00 3.00 3.20 1}{3.20 0.00 0.00 0.00 6.40 0}{6.40 8.00 8.00 8.00 9.60 1}{9.60 0.00 0.00 0.00 12.80 0}{12.80 0.00 0.00 0.00 16.00 0}
COMM 4b-1: 48258a_48290a_482a43_482b37 (6 4.71 3 3.00 1 7.00){0.00 0.00 0.00 0.00 2.80 0}{2.80 3.00 3.80 4.00 5.60 5}{5.60 7.00 7.00 7.00 8.40 1}{8.40 0.00 0.00 0.00 11.20 0}{11.20 0.00 0.00 0.00 14.00 0}
COMM 4b-2: 48b4e5_48b769_48b83d_48b8f6 (2 5.33 2 4.00 2 8.00){0.00 0.00 0.00 0.00 1.60 0}{1.60 0.00 0.00 0.00 3.20 0}{3.20 4.00 4.00 4.00 4.80 1}{4.80 0.00 0.00 0.00 6.40 0}{6.40 8.00 8.00 8.00 8.00 1}
LOOP0: iter: ( 2 )[ 1 -1 1 3 1 ] mem: ( 6 )[ 1 -1 1 1 0 ]( 4 )[ 1 -1 3 1 0 ]( 2 )[ 1 -1 2 1 0 ]
LOOP1: iter: ( 2 )[ 1 -1 3 1 0 ] mem: ( 3 )[ 1 -1 3 1 0 ]
10 2 
12 52020 
14 16 
1b 0 
2b 2147483647 

RANKS: 1 -1 1 3 1
EVENT18: 1148 48b4e5_48b769_48b83d_48b8f6
COMP 4c-0: 47a456_47a82b_47a996_47aab7 (10 15.00 1 15.00 1 15.00){0.00 0.00 0.00 0.00 6.00 0}{6.00 0.00 0.00 0.00 12.00 0}{12.00 15.00 15.00 15.00 18.00 10}{18.00 0.00 0.00 0.00 24.00 0}{24.00 0.00 0.00 0.00 30.00 0}
COMM 4b-0: 47a456_47a82b_47a996_47aab7 (10 2842.09 2 236.00 3 13269.00){0.00 236.00 236.00 236.00 272.00 1}{272.00 340.00 363.00 400.00 408.00 4}{408.00 456.00 487.50 519.00 680.00 2}{680.00 1772.00 1772.00 1772.00 2864.00 1}{2864.00 13219.00 13244.00 13269.00 23674.00 2}
1c 9999 

RANKS: 1 -1 0 4 1
EVENT19: 1113 48258a_48290a_482a43_482b37
COMP 4c-0: 46a9bf_46ad1f_46ae62_46af54 (1 555423.00 0 555423.00 0 555423.00){0.00 0.00 0.00 0.00 222169.20 0}{222169.20 0.00 0.00 0.00 444338.40 0}{444338.40 555423.00 555423.00 555423.00 666507.60 1}{666507.60 0.00 0.00 0.00 888676.80 0}{888676.80 0.00 0.00 0.00 1110846.00 0}
COMP 4c-1: 47dac9_47de8e_47dff8_47e117 (1 25370.00 0 25370.00 0 25370.00){0.00 0.00 0.00 0.00 10148.00 0}{10148.00 0.00 0.00 0.00 20296.00 0}{20296.00 25370.00 25370.00 25370.00 30444.00 1}{30444.00 0.00 0.00 0.00 40592.00 0}{40592.00 0.00 0.00 0.00 50740.00 0}
COMP 4c-2: 48258a_48290a_482a43_482b37 (2 93665.00 1 93665.00 1 93665.00){0.00 0.00 0.00 0.00 37466.00 0}{37466.00 0.00 0.00 0.00 74932.00 0}{74932.00 93665.00 93665.00 93665.00 112398.00 2}{112398.00 0.00 0.00 0.00 149864.00 0}{149864.00 0.00 0.00 0.00 187330.00 0}
COMP 4c-3: 48b4e5_48b769_48b83d_48b8f6 (10 25845.64 1 370.00 0 93778.00){0.00 370.00 371.00 373.00 37511.20 8}{37511.20 0.00 0.00 0.00 75022.40 0}{75022.40 93778.00 93778.00 93778.00 112533.60 2}{112533.60 0.00 0.00 0.00 150044.80 0}{150044.80 0.00 0.00 0.00 187556.00 0}
COMM 4b-0: 46a9bf_46ad1f_46ae62_46af54 (1 244.00 0 244.00 0 244.00){0.00 0.00 0.00 0.00 97.60 0}{97.60 0.00 0.00 0.00 195.20 0}{195.20 244.00 244.00 244.00 292.80 1}{292.80 0.00 0.00 0.00 390.40 0}{390.40 0.00 0.00 0.00 488.00 0}
COMM 4b-1: 47dac9_47de8e_47dff8_47e117 (1 244.00 0 244.00 0 244.00){0.00 0.00 0.00 0.00 97.60 0}{97.60 0.00 0.00 0.00 195.20 0}{195.20 244.00 244.00 244.00 292.80 1}{292.80 0.00 0.00 0.00 390.40 0}{390.40 0.00 0.00 0.00 488.00 0}
COMM 4b-2: 48258a_48290a_482a43_482b37 (2 247.00 1 247.00 1 247.00){0.00 0.00 0.00 0.00 98.80 0}{98.80 0.00 0.00 0.00 197.60 0}{197.60 247.00 247.00 247.00 296.40 2}{296.40 0.00 0.00 0.00 395.20 0}{395.20 0.00 0.00 0.00 494.00 0}
COMM 4b-3: 48b4e5_48b769_48b83d_48b8f6 (10 244.09 2 234.00 0 302.00){0.00 0.00 0.00 0.00 97.20 0}{97.20 0.00 0.00 0.00 194.40 0}{194.40 234.00 237.78 243.00 291.60 9}{291.60 302.00 302.00 302.00 388.80 1}{388.80 0.00 0.00 0.00 486.00 0}
LOOP0: iter: ( 2 )[ 1 -1 0 2 1 ] mem: ( 4 )[ 1 -1 0 1 0 ]( 1 )[ 1 -1 1 1 0 ]
LOOP1: iter: ( 2 )[ 1 -1 0 1 0 ] mem: ( 3 )[ 1 -1 0 1 0 ]
10 2 
12 52020 
14 16 
1a ( 1 2 )[ 1 -1 0 1 0 ]
1a ( 3 2 )[ 1 -1 1 2 2 ]
1a ( 2 )[ 1 -1 2 1 0 ]
1b 0 

RANKS: 1 -1 0 2 1
EVENT20: 1090 47a456_47a82b_47a996_47aab7
COMP 4c-0: 48258a_48290a_482a43_482b37 (6 15.14 0 14.00 1 16.00){0.00 0.00 0.00 0.00 6.00 0}{6.00 0.00 0.00 0.00 12.00 0}{12.00 14.00 15.17 16.00 18.00 6}{18.00 0.00 0.00 0.00 24.00 0}{24.00 0.00 0.00 0.00 30.00 0}
COMM 4b-0: 48258a_48290a_482a43_482b37 (6 3.00 0 2.00 0 4.00){0.00 0.00 0.00 0.00 1.20 0}{1.20 2.00 2.00 2.00 2.40 2}{2.40 3.00 3.00 3.00 3.60 2}{3.60 4.00 4.00 4.00 4.80 2}{4.80 0.00 0.00 0.00 6.00 0}
10 2 
12 52020 
14 16 
1b 0 
2b 2147483647 

RANKS: 1 -1 0 2 1
EVENT21: 1148 48b4e5_48b769_48b83d_48b8f6
COMP 4c-0: 47a456_47a82b_47a996_47aab7 (6 15.00 0 15.00 0 15.00){0.00 0.00 0.00 0.00 6.00 0}{6.00 0.00 0.00 0.00 12.00 0}{12.00 15.00 15.00 15.00 18.00 6}{18.00 0.00 0.00 0.00 24.00 0}{24.00 0.00 0.00 0.00 30.00 0}
COMM 4b-0: 47a456_47a82b_47a996_47aab7 (6 421.57 1 260.00 0 549.00){0.00 0.00 0.00 0.00 188.00 0}{188.00 260.00 304.50 349.00 376.00 2}{376.00 378.00 468.00 549.00 564.00 4}{564.00 0.00 0.00 0.00 752.00 0}{752.00 0.00 0.00 0.00 940.00 0}
1c 9999 

RANKS: 1 -1 0 4 1
EVENT22: 1004 46a9bf_46ad1f_46ae62_46af54
COMP 4c-0: 48258a_48290a_482a43_482b37 (4 188265.80 2 183945.00 3 194745.00){0.00 0.00 0.00 0.00 73579.60 0}{73579.60 0.00 0.00 0.00 147159.20 0}{147159.20 183945.00 189345.00 194745.00 220738.80 4}{220738.80 0.00 0.00 0.00 294318.40 0}{294318.40 0.00 0.00 0.00 367898.00 0}
COMP 4c-1: 48b4e5_48b769_48b83d_48b8f6 (4 188393.20 1 184072.00 0 194873.00){0.00 0.00 0.00 0.00 73630.40 0}{73630.40 0.00 0.00 0.00 147260.80 0}{147260.80 184072.00 189472.50 194873.00 220891.20 4}{220891.20 0.00 0.00 0.00 294521.60 0}{294521.60 0.00 0.00 0.00 368152.00 0}
COMM 4b-0: 48258a_48290a_482a43_482b37 (4 131.80 2 88.00 3 244.00){0.00 0.00 0.00 0.00 41.20 0}{41.20 0.00 0.00 0.00 82.40 0}{82.40 88.00 104.00 121.00 164.80 3}{164.80 0.00 0.00 0.00 206.00 0}{206.00 244.00 244.00 244.00 282.00 1}
COMM 4b-1: 48b4e5_48b769_48b83d_48b8f6 (4 75.40 0 24.00 1 164.00){0.00 0.00 0.00 0.00 10.40 0}{10.40 0.00 0.00 0.00 20.80 0}{20.80 24.00 25.00 26.00 41.60 2}{41.60 0.00 0.00 0.00 52.00 0}{52.00 137.00 150.50 164.00 222.00 2}
10 2 
12 1 5 
14 16 
18 1 3 

RANKS: 1 -1 0 4 1
EVENT23: 1010 46d350_46d585_46d629_46d6a5
COMP 4c-0: 46a9bf_46ad1f_46ae62_46af54 (4 21.40 3 20.00 3 23.00){0.00 0.00 0.00 0.00 8.40 0}{8.40 0.00 0.00 0.00 16.80 0}{16.80 20.00 21.50 23.00 25.20 4}{25.20 0.00 0.00 0.00 33.60 0}{33.60 0.00 0.00 0.00 42.00 0}
COMM 4b-0: 46a9bf_46ad1f_46ae62_46af54 (4 31.80 1 7.00 0 49.00){0.00 7.00 7.50 8.00 19.60 2}{19.60 0.00 0.00 0.00 39.20 0}{39.20 46.00 47.50 49.00 58.80 2}{58.80 0.00 0.00 0.00 78.40 0}{78.40 0.00 0.00 0.00 98.00 0}
10 2 

RANKS: 1 -1 2 1 0
EVENT24: 1102 47dac9_47de8e_47dff8_47e117
COMP 4c-0: 46d350_46d585_46d629_46d6a5 (1 12706.00 2 12706.00 2 12706.00){0.00 0.00 0.00 0.00 5082.40 0}{5082.40 0.00 0.00 0.00 10164.80 0}{10164.80 12706.00 12706.00 12706.00 15247.20 1}{15247.20 0.00 0.00 0.00 20329.60 0}{20329.60 0.00 0.00 0.00 25412.00 0}
COMP 4c-1: 48258a_48290a_482a43_482b37 (199 1863.26 2 1813.00 2 1914.00){0.00 0.00 0.00 0.00 764.00 0}{764.00 0.00 0.00 0.00 1528.00 0}{1528.00 1813.00 1863.02 1914.00 2292.00 199}{2292.00 0.00 0.00 0.00 3056.00 0}{3056.00 0.00 0.00 0.00 3820.00 0}
COMM 4b-0: 46d350_46d585_46d629_46d6a5 (1 489.00 2 489.00 2 489.00){0.00 0.00 0.00 0.00 195.60 0}{195.60 0.00 0.00 0.00 391.20 0}{391.20 489.00 489.00 489.00 586.80 1}{586.80 0.00 0.00 0.00 782.40 0}{782.40 0.00 0.00 0.00 978.00 0}
COMM 4b-1: 48258a_48290a_482a43_482b37 (199 28.46 2 2.00 2 3356.00){0.00 2.00 3.51 5.00 5.60 112}{5.60 6.00 6.54 8.00 8.40 37}{8.40 9.00 10.64 13.00 14.00 11}{14.00 15.00 26.10 32.00 32.00 10}{32.00 33.00 161.10 3356.00 6680.00 29}
LOOP0: iter: ( 200 )[ 1 -1 2 1 0 ] mem: ( 2 )[ 1 -1 2 1 0 ]
10 2 
12 250 
14 16 
1b 0 
2b 2 2 2 2 2 2 2 2 2 2 2 2 2 2 2 2 2 2 2 2 2 2 2 2 2 2 2 2 2 2 2 2 2 2 2 2 2 2 2 2 2 2 2 2 2 2 2 2 2 2 2 2 2 2 2 2 2 2 2 2 2 2 2 2 2 2 2 2 2 2 2 2 2 2 2 2 2 2 2 2 2 2 2 2 2 2 2 2 2 2 2 2 2 2 2 2 2 2 2 2 1 1 1 1 1 1 1 1 1 1 1 1 1 1 1 1 1 1 1 1 1 1 1 1 1 1 1 1 1 1 1 1 1 1 1 1 1 1 1 1 1 1 1 1 1 1 1 1 1 1 1 1 1 1 1 1 1 1 1 1 1 1 1 1 1 1 1 1 1 1 1 1 1 1 1 1 1 1 1 1 1 1 1 1 1 1 1 1 1 1 1 1 1 1 1 1 1 1 1 1 

RANKS: 1 -1 0 2 2
EVENT25: 1113 48258a_48290a_482a43_482b37
COMP 4c-0: 46d350_46d585_46d629_46d6a5 (1 14399.00 0 14399.00 0 14399.00){0.00 0.00 0.00 0.00 5759.60 0}{5759.60 0.00 0.00 0.00 11519.20 0}{11519.20 14399.00 14399.00 14399.00 17278.80 1}{17278.80 0.00 0.00 0.00 23038.40 0}{23038.40 0.00 0.00 0.00 28798.00 0}
COMP 4c-1: 47dac9_47de8e_47dff8_47e117 (200 1691.69 2 1679.00 2 1705.00){0.00 0.00 0.00 0.00 681.60 0}{681.60 0.00 0.00 0.00 1363.20 0}{1363.20 1679.00 1691.63 1705.00 2044.80 200}{2044.80 0.00 0.00 0.00 2726.40 0}{2726.40 0.00 0.00 0.00 3408.00 0}
COMP 4c-2: 48258a_48290a_482a43_482b37 (49551 1800.42 0 15.00 0 3602.00){0.00 0.00 0.00 0.00 6.00 0}{6.00 0.00 0.00 0.00 12.00 0}{12.00 15.00 17.90 18.00 24.00 24900}{24.00 0.00 0.00 0.00 30.00 0}{30.00 3600.00 3601.01 3602.00 7170.00 24651}
COMP 4c-3: 48b4e5_48b769_48b83d_48b8f6 (248 198469.94 0 198456.00 0 198475.00){0.00 0.00 0.00 0.00 79382.40 0}{79382.40 0.00 0.00 0.00 158764.80 0}{158764.80 198456.00 198469.99 198475.00 238147.20 248}{238147.20 0.00 0.00 0.00 317529.60 0}{317529.60 0.00 0.00 0.00 396912.00 0}
COMM 4b-0: 46d350_46d585_46d629_46d6a5 (1 10.00 0 10.00 0 10.00){0.00 0.00 0.00 0.00 4.00 0}{4.00 0.00 0.00 0.00 8.00 0}{8.00 10.00 10.00 10.00 12.00 1}{12.00 0.00 0.00 0.00 16.00 0}{16.00 0.00 0.00 0.00 20.00 0}
COMM 4b-1: 47dac9_47de8e_47dff8_47e117 (200 4.52 2 3.00 2 16.00){0.00 3.00 3.63 6.00 6.00 169}{6.00 7.00 7.88 10.00 12.00 26}{12.00 15.00 15.20 16.00 18.00 5}{18.00 0.00 0.00 0.00 24.00 0}{24.00 0.00 0.00 0.00 30.00 0}
COMM 4b-2: 48258a_48290a_482a43_482b37 (49551 3.54 0 2.00 0 67.00){0.00 0.00 0.00 0.00 1.60 0}{1.60 2.00 3.16 4.46 4.80 47780}{4.80 5.00 6.71 8.00 8.00 851}{8.00 8.50 20.28 36.00 38.00 918}{38.00 57.00 62.00 67.00 76.00 2}
COMM 4b-3: 48b4e5_48b769_48b83d_48b8f6 (248 10.94 0 10.00 0 24.00){0.00 0.00 0.00 0.00 4.40 0}{4.40 0.00 0.00 0.00 8.80 0}{8.80 10.00 10.76 12.00 13.20 240}{13.20 14.00 15.29 17.00 22.00 7}{22.00 24.00 24.00 24.00 26.00 1}
LOOP0: iter: ( 249 )[ 1 -1 0 1 0 ] mem: ( 5 )[ 1 -1 0 1 0 ]
LOOP1: iter: ( 200 )[ 1 -1 0 1 0 ] mem: ( 1 )[ 1 -1 0 1 0 ]
10 2 
12 250 
14 16 
1a ( 1 2 )[ 1 -1 0 1 0 ]
1a ( 1 1 1 1 1 1 1 1 1 1 1 1 1 1 1 1 1 1 1 1 1 1 1 1 1 1 1 1 1 1 1 1 1 1 1 1 1 1 1 1 1 1 1 1 1 1 1 1 1 1 1 1 1 1 1 1 1 1 1 1 1 1 1 1 1 1 1 1 1 1 1 1 1 1 1 1 1 1 1 1 1 1 1 1 1 1 1 1 1 1 1 1 1 1 1 1 1 1 1 1 2 2 2 2 2 2 2 2 2 2 2 2 2 2 2 2 2 2 2 2 2 2 2 2 2 2 2 2 2 2 2 2 2 2 2 2 2 2 2 2 2 2 2 2 2 2 2 2 2 2 2 2 2 2 2 2 2 2 2 2 2 2 2 2 2 2 2 2 2 2 2 2 2 2 2 2 2 2 2 2 2 2 2 2 2 2 2 2 2 2 2 2 2 2 2 2 2 2 2 2 )[ 1 -1 2 1 0 ]
1b 0 

RANKS: 2 -1 0 2 1 -1 3 1 0
EVENT26: 1102 47dac9_47de8e_47dff8_47e117
COMP 4c-0: 46d350_46d585_46d629_46d6a5 (2 12706.00 1 12706.00 1 12706.00){0.00 0.00 0.00 0.00 5082.40 0}{5082.40 0.00 0.00 0.00 10164.80 0}{10164.80 12706.00 12706.00 12706.00 15247.20 2}{15247.20 0.00 0.00 0.00 20329.60 0}{20329.60 0.00 0.00 0.00 25412.00 0}
COMP 4c-1: 47dac9_47de8e_47dff8_47e117 (99102 1769.26 0 15.00 3 3602.00){0.00 0.00 0.00 0.00 6.40 0}{6.40 0.00 0.00 0.00 12.80 0}{12.80 15.00 17.93 18.00 25.60 49800}{25.60 0.00 0.00 0.00 32.00 0}{32.00 3474.00 3538.30 3602.00 6916.00 49302}
COMP 4c-2: 48258a_48290a_482a43_482b37 (50048 2828.20 1 1810.00 3 196655.00){0.00 0.00 0.00 0.00 724.80 0}{724.80 0.00 0.00 0.00 1449.60 0}{1449.60 1810.00 1862.98 1914.00 2899.20 49800}{2899.20 0.00 0.00 0.00 3624.00 0}{3624.00 196640.00 196653.94 196655.00 389686.00 248}
COMP 4c-3: 48b4e5_48b769_48b83d_48b8f6 (248 196777.67 1 196764.00 1 196779.00){0.00 0.00 0.00 0.00 78705.60 0}{78705.60 0.00 0.00 0.00 157411.20 0}{157411.20 196764.00 196777.73 196779.00 236116.80 248}{236116.80 0.00 0.00 0.00 314822.40 0}{314822.40 0.00 0.00 0.00 393528.00 0}
COMM 4b-0: 46d350_46d585_46d629_46d6a5 (2 794.33 1 541.00 3 1301.00){0.00 0.00 0.00 0.00 216.40 0}{216.40 0.00 0.00 0.00 432.80 0}{432.80 541.00 541.00 541.00 865.60 1}{865.60 0.00 0.00 0.00 1082.00 0}{1082.00 1301.00 1301.00 1301.00 1520.00 1}
COMM 4b-1: 47dac9_47de8e_47dff8_47e117 (99102 21.15 0 1.00 0 289.00){0.00 1.00 1.00 1.00 1.60 2359}{1.60 1.79 2.77 4.00 4.00 51221}{4.00 4.02 42.62 197.50 198.00 45456}{198.00 199.00 217.41 248.00 256.00 63}{256.00 274.00 281.00 289.00 322.00 3}
COMM 4b-2: 48258a_48290a_482a43_482b37 (50048 80.19 1 2.00 0 17369.00){0.00 2.00 48.27 125.23 2123.20 49791}{2123.20 2256.00 3234.50 4192.00 4246.40 44}{4246.40 4299.00 6306.12 9826.00 10616.00 197}{10616.00 10941.00 13493.40 15983.00 16692.00 15}{16692.00 17369.00 17369.00 17369.00 18046.00 1}
COMM 4b-3: 48b4e5_48b769_48b83d_48b8f6 (248 1824.71 1 16.00 1 6363.00){0.00 16.00 845.89 1283.00 1293.60 95}{1293.60 1295.00 1995.97 2561.00 2587.20 100}{2587.20 2588.00 2902.27 3224.00 3234.00 33}{3234.00 3252.00 3717.89 4981.00 5474.00 19}{5474.00 6363.00 6363.00 6363.00 7252.00 1}
LOOP0: iter: ( 200 )[ 1 -1 0 1 0 ]( 249 )[ 1 -1 1 2 2 ] mem: ( 1 )[ 1 -1 0 1 0 ]( 7 )[ 1 -1 1 1 0 ]( 5 )[ 1 -1 3 1 0 ]
LOOP1: iter: ( 200 )[ 1 -1 1 2 2 ] mem: ( 2 )[ 1 -1 1 1 0 ]( 1 )[ 1 -1 3 1 0 ]
10 2 
12 250 
14 16 
1b 0 
2b ( 1 2 )[ 1 -1 0 1 0 ]
2b ( 3 3 3 3 3 3 3 3 3 3 3 3 3 3 3 3 3 3 3 3 3 3 3 3 3 3 3 3 3 3 3 3 3 3 3 3 3 3 3 3 3 3 3 3 3 3 3 3 3 3 3 3 3 3 3 3 3 3 3 3 3 3 3 3 3 3 3 3 3 3 3 3 3 3 3 3 3 3 3 3 3 3 3 3 3 3 3 3 3 3 3 3 3 3 3 3 3 3 3 3 2 2 2 2 2 2 2 2 2 2 2 2 2 2 2 2 2 2 2 2 2 2 2 2 2 2 2 2 2 2 2 2 2 2 2 2 2 2 2 2 2 2 2 2 2 2 2 2 2 2 2 2 2 2 2 2 2 2 2 2 2 2 2 2 2 2 2 2 2 2 2 2 2 2 2 2 2 2 2 2 2 2 2 2 2 2 2 2 2 2 2 2 2 2 2 2 2 2 2 2 )[ 1 -1 1 1 0 ]
2b ( 3 2 )[ 1 -1 3 1 0 ]

RANKS: 1 -1 0 4 1
EVENT27: 1113 48258a_48290a_482a43_482b37
COMP 4c-0: 47dac9_47de8e_47dff8_47e117 (50298 1826.42 1 1679.00 0 25371.00){0.00 1679.00 1708.81 5164.00 10148.00 50049}{10148.00 0.00 0.00 0.00 20296.00 0}{20296.00 25370.00 25370.07 25371.00 30444.00 249}{30444.00 0.00 0.00 0.00 40592.00 0}{40592.00 0.00 0.00 0.00 50740.00 0}
COMP 4c-1: 48258a_48290a_482a43_482b37 (49552 1738.18 3 15.00 2 23708.00){0.00 0.00 0.00 0.00 6.40 0}{6.40 0.00 0.00 0.00 12.80 0}{12.80 15.00 17.79 18.00 32.00 24900}{32.00 3474.00 3475.12 3476.00 6916.00 24651}{6916.00 23708.00 23708.00 23708.00 40500.00 1}
COMP 4c-2: 48b4e5_48b769_48b83d_48b8f6 (249 93778.03 0 93778.00 0 93779.00){0.00 0.00 0.00 0.00 37511.20 0}{37511.20 0.00 0.00 0.00 75022.40 0}{75022.40 93778.00 93778.03 93779.00 112533.60 249}{112533.60 0.00 0.00 0.00 150044.80 0}{150044.80 0.00 0.00 0.00 187556.00 0}
COMM 4b-0: 47dac9_47de8e_47dff8_47e117 (50298 5.47 1 3.00 0 504.00){0.00 3.00 4.26 82.00 97.60 50049}{97.60 0.00 0.00 0.00 195.20 0}{195.20 241.00 243.77 252.00 292.80 242}{292.80 296.00 349.67 484.00 488.00 6}{488.00 504.00 504.00 504.00 520.00 1}
COMM 4b-1: 48258a_48290a_482a43_482b37 (49552 4.76 3 2.00 2 249.00){0.00 2.00 4.44 12.00 12.00 48753}{12.00 12.71 23.33 32.00 32.00 758}{32.00 33.00 33.53 36.00 36.00 38}{36.00 38.00 42.00 46.00 56.00 2}{56.00 249.00 249.00 249.00 442.00 1}
COMM 4b-2: 48b4e5_48b769_48b83d_48b8f6 (249 262.30 0 241.00 0 915.00){0.00 0.00 0.00 0.00 193.60 0}{193.60 241.00 247.78 370.00 387.20 237}{387.20 389.00 421.60 467.00 484.00 5}{484.00 521.00 535.67 556.00 558.00 3}{558.00 586.00 723.50 915.00 1272.00 4}
LOOP0: iter: ( 2 )[ 1 -1 0 1 0 ]( 200 )[ 1 -1 3 1 0 ] mem: ( 3 )[ 1 -1 0 1 0 ]( 1 )[ 1 -1 3 1 0 ]
10 2 
12 ( 52020 )[ 1 -1 0 2 2 ]
12 ( 250 )[ 1 -1 1 2 2 ]
14 16 
1a ( 1 2 )[ 1 -1 0 1 0 ]
1a ( 2 2 2 2 2 2 2 2 2 2 2 2 2 2 2 2 2 2 2 2 2 2 2 2 2 2 2 2 2 2 2 2 2 2 2 2 2 2 2 2 2 2 2 2 2 2 2 2 2 2 2 2 2 2 2 2 2 2 2 2 2 2 2 2 2 2 2 2 2 2 2 2 2 2 2 2 2 2 2 2 2 2 2 2 2 2 2 2 2 2 2 2 2 2 2 2 2 2 2 2 3 3 3 3 3 3 3 3 3 3 3 3 3 3 3 3 3 3 3 3 3 3 3 3 3 3 3 3 3 3 3 3 3 3 3 3 3 3 3 3 3 3 3 3 3 3 3 3 3 3 3 3 3 3 3 3 3 3 3 3 3 3 3 3 3 3 3 3 3 3 3 3 3 3 3 3 3 3 3 3 3 3 3 3 3 3 3 3 3 3 3 3 3 3 3 3 3 3 3 3 )[ 1 -1 1 1 0 ]
1a ( 3 2 )[ 1 -1 3 1 0 ]
1a ( 1 )[ 1 -1 2 1 0 ]
1b 0 

RANKS: 1 -1 0 4 1
EVENT28: 1090 47a456_47a82b_47a996_47aab7
COMP 4c-0: 48258a_48290a_482a43_482b37 (1493 23428.80 0 14.00 3 93482.00){0.00 0.00 0.00 0.00 6.00 0}{6.00 0.00 0.00 0.00 12.00 0}{12.00 14.00 17.90 29.00 30.00 746}{30.00 23518.00 23519.05 23520.00 47006.00 498}{47006.00 93481.00 93481.02 93482.00 139958.00 249}
COMP 4c-1: 48b4e5_48b769_48b83d_48b8f6 (248 93595.00 2 93595.00 2 93595.00){0.00 0.00 0.00 0.00 37438.00 0}{37438.00 0.00 0.00 0.00 74876.00 0}{74876.00 93595.00 93595.00 93595.00 112314.00 248}{112314.00 0.00 0.00 0.00 149752.00 0}{149752.00 0.00 0.00 0.00 187190.00 0}
COMM 4b-0: 48258a_48290a_482a43_482b37 (1493 3.14 0 2.00 3 8.00){0.00 0.00 0.00 0.00 1.60 0}{1.60 2.00 2.00 2.00 2.40 343}{2.40 3.00 3.00 3.00 3.20 616}{3.20 4.00 4.00 4.00 4.00 516}{4.00 5.00 5.44 8.00 8.00 18}
COMM 4b-1: 48b4e5_48b769_48b83d_48b8f6 (248 3.92 2 3.00 2 9.00){0.00 0.00 0.00 0.00 1.60 0}{1.60 3.00 3.60 4.00 4.80 226}{4.80 5.00 5.00 5.00 6.40 1}{6.40 7.00 7.20 8.00 8.00 20}{8.00 9.00 9.00 9.00 10.00 1}
LOOP0: iter: ( 2 )[ 1 -1 3 1 0 ]( 248 )[ 1 -1 2 1 0 ] mem: ( 3 )[ 1 -1 3 1 0 ]( 5 )[ 1 -1 2 1 0 ]
LOOP1: iter: ( 2 )[ 1 -1 2 1 0 ] mem: ( 2 )[ 1 -1 2 1 0 ]
10 2 
12 52020 
14 16 
1b 0 
2b 2147483647 

RANKS: 1 -1 0 4 1
EVENT29: 1148 48b4e5_48b769_48b83d_48b8f6
COMP 4c-0: 47a456_47a82b_47a996_47aab7 (1741 14.60 0 14.00 0 15.00){0.00 0.00 0.00 0.00 6.00 0}{6.00 0.00 0.00 0.00 12.00 0}{12.00 14.00 14.60 15.00 18.00 1741}{18.00 0.00 0.00 0.00 24.00 0}{24.00 0.00 0.00 0.00 30.00 0}
COMM 4b-0: 47a456_47a82b_47a996_47aab7 (1741 1266.87 2 227.00 3 15562.00){0.00 227.00 227.00 227.00 228.00 1}{228.00 232.00 390.09 595.00 684.00 1034}{684.00 703.00 1025.94 1416.00 1632.00 246}{1632.00 1860.30 2345.32 3585.00 3898.00 338}{3898.00 5651.86 6210.09 15562.00 27226.00 122}
1c 9999 

RANKS: 1 -1 2 1 0
EVENT30: 1113 48258a_48290a_482a43_482b37
COMP 4c-0: 47dac9_47de8e_47dff8_47e117 (49352 1695.36 2 1679.00 2 1708.00){0.00 0.00 0.00 0.00 681.60 0}{681.60 0.00 0.00 0.00 1363.20 0}{1363.20 1679.00 1695.36 1708.00 2044.80 49352}{2044.80 0.00 0.00 0.00 2726.40 0}{2726.40 0.00 0.00 0.00 3408.00 0}
COMP 4c-1: 48b4e5_48b769_48b83d_48b8f6 (248 373.02 2 373.00 2 374.00){0.00 0.00 0.00 0.00 149.20 0}{149.20 0.00 0.00 0.00 298.40 0}{298.40 373.00 373.02 374.00 447.60 248}{447.60 0.00 0.00 0.00 596.80 0}{596.80 0.00 0.00 0.00 746.00 0}
COMM 4b-0: 47dac9_47de8e_47dff8_47e117 (49352 3.92 2 3.00 2 46.00){0.00 3.00 3.65 7.00 7.20 47744}{7.20 7.29 10.43 14.33 14.40 1096}{14.40 14.50 15.46 18.00 18.00 483}{18.00 19.00 21.70 24.00 24.00 20}{24.00 25.00 30.22 46.00 48.00 9}
COMM 4b-1: 48b4e5_48b769_48b83d_48b8f6 (248 236.75 2 232.00 2 279.00){0.00 0.00 0.00 0.00 96.00 0}{96.00 0.00 0.00 0.00 192.00 0}{192.00 232.00 236.74 279.00 288.00 248}{288.00 0.00 0.00 0.00 384.00 0}{384.00 0.00 0.00 0.00 480.00 0}
LOOP0: iter: ( 200 )[ 1 -1 2 1 0 ] mem: ( 2 )[ 1 -1 2 1 0 ]
10 2 
12 52020 250 250 250 250 250 250 250 250 250 250 250 250 250 250 250 250 250 250 250 250 250 250 250 250 250 250 250 250 250 250 250 250 250 250 250 250 250 250 250 250 250 250 250 250 250 250 250 250 250 250 250 250 250 250 250 250 250 250 250 250 250 250 250 250 250 250 250 250 250 250 250 250 250 250 250 250 250 250 250 250 250 250 250 250 250 250 250 250 250 250 250 250 250 250 250 250 250 250 250 250 250 250 250 250 250 250 250 250 250 250 250 250 250 250 250 250 250 250 250 250 250 250 250 250 250 250 250 250 250 250 250 250 250 250 250 250 250 250 250 250 250 250 250 250 250 250 250 250 250 250 250 250 250 250 250 250 250 250 250 250 250 250 250 250 250 250 250 250 250 250 250 250 250 250 250 250 250 250 250 250 250 250 250 250 250 250 250 250 250 250 250 250 250 250 250 250 250 250 250 
14 16 
1a 2 1 1 1 1 1 1 1 1 1 1 1 1 1 1 1 1 1 1 1 1 1 1 1 1 1 1 1 1 1 1 1 1 1 1 1 1 1 1 1 1 1 1 1 1 1 1 1 1 1 1 1 1 1 1 1 1 1 1 1 1 1 1 1 1 1 1 1 1 1 1 1 1 1 1 1 1 1 1 1 1 1 1 1 1 1 1 1 1 1 1 1 1 1 1 1 1 1 1 1 1 2 2 2 2 2 2 2 2 2 2 2 2 2 2 2 2 2 2 2 2 2 2 2 2 2 2 2 2 2 2 2 2 2 2 2 2 2 2 2 2 2 2 2 2 2 2 2 2 2 2 2 2 2 2 2 2 2 2 2 2 2 2 2 2 2 2 2 2 2 2 2 2 2 2 2 2 2 2 2 2 2 2 2 2 2 2 2 2 2 2 2 2 2 2 2 2 2 2 2 
1b 0 

RANKS: 1 -1 2 1 0
EVENT31: 1102 47dac9_47de8e_47dff8_47e117
COMP 4c-0: 48258a_48290a_482a43_482b37 (49600 2837.35 2 1809.00 2 196637.00){0.00 1809.00 1859.56 1911.00 78654.40 49352}{78654.40 0.00 0.00 0.00 157308.80 0}{157308.80 196635.00 196636.00 196637.00 235963.20 248}{235963.20 0.00 0.00 0.00 314617.60 0}{314617.60 0.00 0.00 0.00 393272.00 0}
COMM 4b-0: 48258a_48290a_482a43_482b37 (49600 44.92 2 2.00 2 13930.00){0.00 2.00 20.54 271.00 274.00 49113}{274.00 323.00 435.60 548.00 548.00 5}{548.00 660.00 933.42 1095.00 1096.00 141}{1096.00 1099.00 1208.57 1367.00 1370.00 91}{1370.00 1380.00 3899.22 13930.00 23284.00 250}
10 2 
12 250 
14 16 
1b 0 
2b 2 2 2 2 2 2 2 2 2 2 2 2 2 2 2 2 2 2 2 2 2 2 2 2 2 2 2 2 2 2 2 2 2 2 2 2 2 2 2 2 2 2 2 2 2 2 2 2 2 2 2 2 2 2 2 2 2 2 2 2 2 2 2 2 2 2 2 2 2 2 2 2 2 2 2 2 2 2 2 2 2 2 2 2 2 2 2 2 2 2 2 2 2 2 2 2 2 2 2 2 1 1 1 1 1 1 1 1 1 1 1 1 1 1 1 1 1 1 1 1 1 1 1 1 1 1 1 1 1 1 1 1 1 1 1 1 1 1 1 1 1 1 1 1 1 1 1 1 1 1 1 1 1 1 1 1 1 1 1 1 1 1 1 1 1 1 1 1 1 1 1 1 1 1 1 1 1 1 1 1 1 1 1 1 1 1 1 1 1 1 1 1 1 1 1 1 1 1 1 1 

RANKS: 1 -1 0 4 1
EVENT32: 1113 48258a_48290a_482a43_482b37
COMP 4c-0: 47dac9_47de8e_47dff8_47e117 (248 1682.64 2 1679.00 2 1683.00){0.00 0.00 0.00 0.00 672.80 0}{672.80 0.00 0.00 0.00 1345.60 0}{1345.60 1679.00 1682.64 1683.00 2018.40 248}{2018.40 0.00 0.00 0.00 2691.20 0}{2691.20 0.00 0.00 0.00 3364.00 0}
COMP 4c-1: 48258a_48290a_482a43_482b37 (696 42409.75 0 15.00 1 93665.00){0.00 0.00 0.00 0.00 6.00 0}{6.00 0.00 0.00 0.00 12.00 0}{12.00 15.00 17.97 18.00 30.00 100}{30.00 3601.00 3601.00 3601.00 7172.00 99}{7172.00 23704.00 58755.10 93665.00 180156.00 497}
COMP 4c-2: 48b4e5_48b769_48b83d_48b8f6 (748 899.46 1 370.00 0 198475.00){0.00 370.00 370.48 371.00 79390.00 747}{79390.00 0.00 0.00 0.00 158780.00 0}{158780.00 198475.00 198475.00 198475.00 238170.00 1}{238170.00 0.00 0.00 0.00 317560.00 0}{317560.00 0.00 0.00 0.00 396950.00 0}
COMM 4b-0: 47dac9_47de8e_47dff8_47e117 (248 4.73 2 3.00 2 19.00){0.00 0.00 0.00 0.00 2.80 0}{2.80 3.00 3.54 4.00 5.60 219}{5.60 7.00 12.78 14.00 14.00 23}{14.00 15.00 15.33 16.00 16.00 3}{16.00 18.00 18.67 19.00 20.00 3}
COMM 4b-1: 48258a_48290a_482a43_482b37 (696 193.79 0 2.00 1 1406.00){0.00 2.00 3.51 24.00 40.00 199}{40.00 244.00 253.80 425.00 452.00 473}{452.00 471.56 484.17 543.00 558.00 12}{558.00 571.00 646.00 781.00 810.00 11}{810.00 1406.00 1406.00 1406.00 2002.00 1}
COMM 4b-2: 48b4e5_48b769_48b83d_48b8f6 (748 242.87 0 10.00 3 326.00){0.00 0.00 0.00 0.00 4.00 0}{4.00 0.00 0.00 0.00 8.00 0}{8.00 10.00 10.00 10.00 16.00 1}{16.00 0.00 0.00 0.00 20.00 0}{20.00 233.00 243.49 326.00 446.00 747}
LOOP0: iter: ( 200 )[ 1 -1 0 1 0 ]( 2 )[ 1 -1 1 2 1 ] mem: ( 1 )[ 1 -1 0 3 1 ]
10 2 
12 ( 250 )[ 1 -1 0 1 0 ]
12 ( 52020 )[ 1 -1 1 2 2 ]
12 ( 250 52020 )[ 1 -1 2 1 0 ]
14 16 
1a ( 1 2 )[ 1 -1 0 1 0 ]
1a ( 3 2 )[ 1 -1 1 2 2 ]
1a ( 2 1 )[ 1 -1 2 1 0 ]
1b 0 

RANKS: 1 -1 1 2 1
EVENT33: 1090 47a456_47a82b_47a996_47aab7
COMP 4c-0: 48258a_48290a_482a43_482b37 (250 16.03 1 16.00 2 24.00){0.00 0.00 0.00 0.00 6.40 0}{6.40 0.00 0.00 0.00 12.80 0}{12.80 16.00 16.00 16.00 19.20 249}{19.20 24.00 24.00 24.00 25.60 1}{25.60 0.00 0.00 0.00 32.00 0}
COMP 4c-1: 48b4e5_48b769_48b83d_48b8f6 (1 93595.00 2 93595.00 2 93595.00){0.00 0.00 0.00 0.00 37438.00 0}{37438.00 0.00 0.00 0.00 74876.00 0}{74876.00 93595.00 93595.00 93595.00 112314.00 1}{112314.00 0.00 0.00 0.00 149752.00 0}{149752.00 0.00 0.00 0.00 187190.00 0}
COMM 4b-0: 48258a_48290a_482a43_482b37 (250 3.15 1 2.00 1 6.00){0.00 0.00 0.00 0.00 1.60 0}{1.60 2.00 2.44 3.00 3.20 142}{3.20 4.00 4.00 4.00 4.80 101}{4.80 5.00 5.14 6.00 6.40 7}{6.40 0.00 0.00 0.00 8.00 0}
COMM 4b-1: 48b4e5_48b769_48b83d_48b8f6 (1 3.00 2 3.00 2 3.00){0.00 0.00 0.00 0.00 1.20 0}{1.20 0.00 0.00 0.00 2.40 0}{2.40 3.00 3.00 3.00 3.60 1}{3.60 0.00 0.00 0.00 4.80 0}{4.80 0.00 0.00 0.00 6.00 0}
LOOP0: iter: ( 2 )[ 1 -1 2 1 0 ] mem: ( 2 )[ 1 -1 2 1 0 ]
10 2 
12 52020 
14 16 
1b 0 
2b 2147483647 

RANKS: 1 -1 1 2 1
EVENT34: 1148 48b4e5_48b769_48b83d_48b8f6
COMP 4c-0: 47a456_47a82b_47a996_47aab7 (251 14.98 1 14.00 1 15.00){0.00 0.00 0.00 0.00 6.00 0}{6.00 0.00 0.00 0.00 12.00 0}{12.00 14.00 14.98 15.00 18.00 251}{18.00 0.00 0.00 0.00 24.00 0}{24.00 0.00 0.00 0.00 30.00 0}
COMM 4b-0: 47a456_47a82b_47a996_47aab7 (251 316.60 1 226.00 2 5683.00){0.00 0.00 0.00 0.00 101.60 0}{101.60 0.00 0.00 0.00 203.20 0}{203.20 226.00 259.78 302.00 304.80 156}{304.80 305.00 354.49 405.00 508.00 94}{508.00 5683.00 5683.00 5683.00 10858.00 1}
1c 9999 

RANKS: 1 -1 2 1 0
EVENT35: 1113 48258a_48290a_482a43_482b37
COMP 4c-0: 47dac9_47de8e_47dff8_47e117 (199 1695.43 2 1681.00 2 1708.00){0.00 0.00 0.00 0.00 682.00 0}{682.00 0.00 0.00 0.00 1364.00 0}{1364.00 1681.00 1695.38 1708.00 2046.00 199}{2046.00 0.00 0.00 0.00 2728.00 0}{2728.00 0.00 0.00 0.00 3410.00 0}
COMP 4c-1: 48b4e5_48b769_48b83d_48b8f6 (1 373.00 2 373.00 2 373.00){0.00 0.00 0.00 0.00 149.20 0}{149.20 0.00 0.00 0.00 298.40 0}{298.40 373.00 373.00 373.00 447.60 1}{447.60 0.00 0.00 0.00 596.80 0}{596.80 0.00 0.00 0.00 746.00 0}
COMM 4b-0: 47dac9_47de8e_47dff8_47e117 (199 3.98 2 3.00 2 18.00){0.00 3.00 3.00 3.00 3.60 78}{3.60 4.00 4.03 7.00 7.20 114}{7.20 8.00 8.50 9.00 10.80 2}{10.80 14.00 14.00 14.00 14.40 1}{14.40 15.00 15.75 18.00 18.00 4}
COMM 4b-1: 48b4e5_48b769_48b83d_48b8f6 (1 234.00 2 234.00 2 234.00){0.00 0.00 0.00 0.00 93.60 0}{93.60 0.00 0.00 0.00 187.20 0}{187.20 234.00 234.00 234.00 280.80 1}{280.80 0.00 0.00 0.00 374.40 0}{374.40 0.00 0.00 0.00 468.00 0}
LOOP0: iter: ( 200 )[ 1 -1 2 1 0 ] mem: ( 2 )[ 1 -1 2 1 0 ]
10 2 
12 52020 250 250 250 250 250 250 250 250 250 250 250 250 250 250 250 250 250 250 250 250 250 250 250 250 250 250 250 250 250 250 250 250 250 250 250 250 250 250 250 250 250 250 250 250 250 250 250 250 250 250 250 250 250 250 250 250 250 250 250 250 250 250 250 250 250 250 250 250 250 250 250 250 250 250 250 250 250 250 250 250 250 250 250 250 250 250 250 250 250 250 250 250 250 250 250 250 250 250 250 250 250 250 250 250 250 250 250 250 250 250 250 250 250 250 250 250 250 250 250 250 250 250 250 250 250 250 250 250 250 250 250 250 250 250 250 250 250 250 250 250 250 250 250 250 250 250 250 250 250 250 250 250 250 250 250 250 250 250 250 250 250 250 250 250 250 250 250 250 250 250 250 250 250 250 250 250 250 250 250 250 250 250 250 250 250 250 250 250 250 250 250 250 250 250 250 250 250 250 250 
14 16 
1a 2 1 1 1 1 1 1 1 1 1 1 1 1 1 1 1 1 1 1 1 1 1 1 1 1 1 1 1 1 1 1 1 1 1 1 1 1 1 1 1 1 1 1 1 1 1 1 1 1 1 1 1 1 1 1 1 1 1 1 1 1 1 1 1 1 1 1 1 1 1 1 1 1 1 1 1 1 1 1 1 1 1 1 1 1 1 1 1 1 1 1 1 1 1 1 1 1 1 1 1 1 2 2 2 2 2 2 2 2 2 2 2 2 2 2 2 2 2 2 2 2 2 2 2 2 2 2 2 2 2 2 2 2 2 2 2 2 2 2 2 2 2 2 2 2 2 2 2 2 2 2 2 2 2 2 2 2 2 2 2 2 2 2 2 2 2 2 2 2 2 2 2 2 2 2 2 2 2 2 2 2 2 2 2 2 2 2 2 2 2 2 2 2 2 2 2 2 2 2 2 
1b 0 

RANKS: 1 -1 0 4 1
EVENT36: 1102 47dac9_47de8e_47dff8_47e117
COMP 4c-0: 47dac9_47de8e_47dff8_47e117 (398 1764.75 3 15.00 3 3601.00){0.00 0.00 0.00 0.00 6.40 0}{6.40 0.00 0.00 0.00 12.80 0}{12.80 15.00 17.97 18.00 25.60 200}{25.60 0.00 0.00 0.00 32.00 0}{32.00 3475.00 3538.00 3601.00 6918.00 198}
COMP 4c-1: 48258a_48290a_482a43_482b37 (401 2830.27 2 1809.00 3 196655.00){0.00 0.00 0.00 0.00 724.80 0}{724.80 0.00 0.00 0.00 1449.60 0}{1449.60 1809.00 1861.32 1914.00 2899.20 399}{2899.20 0.00 0.00 0.00 3624.00 0}{3624.00 196636.00 196645.50 196655.00 389686.00 2}
COMP 4c-2: 48b4e5_48b769_48b83d_48b8f6 (1 196779.00 1 196779.00 1 196779.00){0.00 0.00 0.00 0.00 78711.60 0}{78711.60 0.00 0.00 0.00 157423.20 0}{157423.20 196779.00 196779.00 196779.00 236134.80 1}{236134.80 0.00 0.00 0.00 314846.40 0}{314846.40 0.00 0.00 0.00 393558.00 0}
COMM 4b-0: 47dac9_47de8e_47dff8_47e117 (398 25.17 0 1.00 3 126.00){0.00 1.00 1.94 2.00 2.40 139}{2.40 3.00 3.33 4.00 4.80 67}{4.80 5.00 5.44 6.00 6.00 18}{6.00 7.00 53.88 90.00 96.00 173}{96.00 126.00 126.00 126.00 156.00 1}
COMM 4b-1: 48258a_48290a_482a43_482b37 (401 54.24 1 2.00 0 5537.00){0.00 2.00 16.00 1682.00 2214.80 399}{2214.80 4346.00 4346.00 4346.00 4429.60 1}{4429.60 5537.00 5537.00 5537.00 6644.40 1}{6644.40 0.00 0.00 0.00 8859.20 0}{8859.20 0.00 0.00 0.00 11074.00 0}
COMM 4b-2: 48b4e5_48b769_48b83d_48b8f6 (1 934.00 1 934.00 1 934.00){0.00 0.00 0.00 0.00 373.60 0}{373.60 0.00 0.00 0.00 747.20 0}{747.20 934.00 934.00 934.00 1120.80 1}{1120.80 0.00 0.00 0.00 1494.40 0}{1494.40 0.00 0.00 0.00 1868.00 0}
LOOP0: iter: ( 200 )[ 2 -1 0 2 1 -1 3 1 0 ] mem: ( 1 )[ 1 -1 0 2 3 ]( 2 )[ 1 -1 1 1 0 ]
10 2 
12 250 
14 16 
1b 0 
2b ( 1 2 )[ 1 -1 0 1 0 ]
2b ( 3 3 3 3 3 3 3 3 3 3 3 3 3 3 3 3 3 3 3 3 3 3 3 3 3 3 3 3 3 3 3 3 3 3 3 3 3 3 3 3 3 3 3 3 3 3 3 3 3 3 3 3 3 3 3 3 3 3 3 3 3 3 3 3 3 3 3 3 3 3 3 3 3 3 3 3 3 3 3 3 3 3 3 3 3 3 3 3 3 3 3 3 3 3 3 3 3 3 3 3 2 2 2 2 2 2 2 2 2 2 2 2 2 2 2 2 2 2 2 2 2 2 2 2 2 2 2 2 2 2 2 2 2 2 2 2 2 2 2 2 2 2 2 2 2 2 2 2 2 2 2 2 2 2 2 2 2 2 2 2 2 2 2 2 2 2 2 2 2 2 2 2 2 2 2 2 2 2 2 2 2 2 2 2 2 2 2 2 2 2 2 2 2 2 2 2 2 2 2 2 )[ 1 -1 1 1 0 ]
2b ( 3 2 )[ 1 -1 3 1 0 ]
2b ( 2 2 2 2 2 2 2 2 2 2 2 2 2 2 2 2 2 2 2 2 2 2 2 2 2 2 2 2 2 2 2 2 2 2 2 2 2 2 2 2 2 2 2 2 2 2 2 2 2 2 2 2 2 2 2 2 2 2 2 2 2 2 2 2 2 2 2 2 2 2 2 2 2 2 2 2 2 2 2 2 2 2 2 2 2 2 2 2 2 2 2 2 2 2 2 2 2 2 2 2 1 1 1 1 1 1 1 1 1 1 1 1 1 1 1 1 1 1 1 1 1 1 1 1 1 1 1 1 1 1 1 1 1 1 1 1 1 1 1 1 1 1 1 1 1 1 1 1 1 1 1 1 1 1 1 1 1 1 1 1 1 1 1 1 1 1 1 1 1 1 1 1 1 1 1 1 1 1 1 1 1 1 1 1 1 1 1 1 1 1 1 1 1 1 1 1 1 1 1 1 )[ 1 -1 2 1 0 ]

RANKS: 1 -1 1 3 1
EVENT37: 1113 48258a_48290a_482a43_482b37
COMP 4c-0: 47dac9_47de8e_47dff8_47e117 (202 1708.63 1 1679.00 3 5164.00){0.00 0.00 0.00 0.00 681.60 0}{681.60 0.00 0.00 0.00 1363.20 0}{1363.20 1679.00 1691.46 1704.00 2726.40 201}{2726.40 0.00 0.00 0.00 3408.00 0}{3408.00 5164.00 5164.00 5164.00 6920.00 1}
COMP 4c-1: 48258a_48290a_482a43_482b37 (199 1729.34 3 15.00 3 3476.00){0.00 0.00 0.00 0.00 6.00 0}{6.00 0.00 0.00 0.00 12.00 0}{12.00 15.00 17.97 18.00 24.00 100}{24.00 0.00 0.00 0.00 30.00 0}{30.00 3475.00 3475.32 3476.00 6920.00 99}
COMM 4b-0: 47dac9_47de8e_47dff8_47e117 (202 4.25 1 3.00 1 25.00){0.00 3.00 3.74 6.00 6.00 195}{6.00 0.00 0.00 0.00 12.00 0}{12.00 13.00 15.33 17.00 18.00 6}{18.00 0.00 0.00 0.00 24.00 0}{24.00 25.00 25.00 25.00 30.00 1}
COMM 4b-1: 48258a_48290a_482a43_482b37 (199 3.69 3 2.00 3 23.00){0.00 0.00 0.00 0.00 1.60 0}{1.60 2.00 2.91 3.00 3.20 116}{3.20 4.00 4.10 6.00 6.40 79}{6.40 0.00 0.00 0.00 8.00 0}{8.00 9.00 18.25 23.00 36.00 4}
LOOP0: iter: ( 200 )[ 1 -1 3 1 0 ] mem: ( 1 )[ 1 -1 3 1 0 ]
10 2 
12 250 
14 16 
1a ( 2 2 2 2 2 2 2 2 2 2 2 2 2 2 2 2 2 2 2 2 2 2 2 2 2 2 2 2 2 2 2 2 2 2 2 2 2 2 2 2 2 2 2 2 2 2 2 2 2 2 2 2 2 2 2 2 2 2 2 2 2 2 2 2 2 2 2 2 2 2 2 2 2 2 2 2 2 2 2 2 2 2 2 2 2 2 2 2 2 2 2 2 2 2 2 2 2 2 2 2 3 3 3 3 3 3 3 3 3 3 3 3 3 3 3 3 3 3 3 3 3 3 3 3 3 3 3 3 3 3 3 3 3 3 3 3 3 3 3 3 3 3 3 3 3 3 3 3 3 3 3 3 3 3 3 3 3 3 3 3 3 3 3 3 3 3 3 3 3 3 3 3 3 3 3 3 3 3 3 3 3 3 3 3 3 3 3 3 3 3 3 3 3 3 3 3 3 3 3 3 )[ 1 -1 1 1 0 ]
1a ( 3 2 )[ 1 -1 3 1 0 ]
1a ( 2 )[ 1 -1 2 1 0 ]
1b 0 

RANKS: 1 -1 0 4 1
EVENT38: 1004 46a9bf_46ad1f_46ae62_46af54
COMP 4c-0: 47dac9_47de8e_47dff8_47e117 (1 24523.00 0 24523.00 0 24523.00){0.00 0.00 0.00 0.00 9809.20 0}{9809.20 0.00 0.00 0.00 19618.40 0}{19618.40 24523.00 24523.00 24523.00 29427.60 1}{29427.60 0.00 0.00 0.00 39236.80 0}{39236.80 0.00 0.00 0.00 49046.00 0}
COMP 4c-1: 48258a_48290a_482a43_482b37 (3 22859.00 2 22857.00 1 22860.00){0.00 0.00 0.00 0.00 9144.00 0}{9144.00 0.00 0.00 0.00 18288.00 0}{18288.00 22857.00 22858.67 22860.00 27432.00 3}{27432.00 0.00 0.00 0.00 36576.00 0}{36576.00 0.00 0.00 0.00 45720.00 0}
COMM 4b-0: 47dac9_47de8e_47dff8_47e117 (1 19.00 0 19.00 0 19.00){0.00 0.00 0.00 0.00 7.60 0}{7.60 0.00 0.00 0.00 15.20 0}{15.20 19.00 19.00 19.00 22.80 1}{22.80 0.00 0.00 0.00 30.40 0}{30.40 0.00 0.00 0.00 38.00 0}
COMM 4b-1: 48258a_48290a_482a43_482b37 (3 3196.75 1 467.00 3 7026.00){0.00 0.00 0.00 0.00 186.80 0}{186.80 0.00 0.00 0.00 373.60 0}{373.60 467.00 467.00 467.00 747.20 1}{747.20 0.00 0.00 0.00 934.00 0}{934.00 4827.00 5926.50 7026.00 13118.00 2}
10 2 
12 5 
14 16 
18 3 

RANKS: 1 -1 0 2 2
EVENT39: 1113 48258a_48290a_482a43_482b37
COMP 4c-0: 46a9bf_46ad1f_46ae62_46af54 (2 11658.33 0 11658.00 2 11659.00){0.00 0.00 0.00 0.00 4663.20 0}{4663.20 0.00 0.00 0.00 9326.40 0}{9326.40 11658.00 11658.50 11659.00 13989.60 2}{13989.60 0.00 0.00 0.00 18652.80 0}{18652.80 0.00 0.00 0.00 23316.00 0}
COMP 4c-1: 48b4e5_48b769_48b83d_48b8f6 (1 93778.00 0 93778.00 0 93778.00){0.00 0.00 0.00 0.00 37511.20 0}{37511.20 0.00 0.00 0.00 75022.40 0}{75022.40 93778.00 93778.00 93778.00 112533.60 1}{112533.60 0.00 0.00 0.00 150044.80 0}{150044.80 0.00 0.00 0.00 187556.00 0}
COMM 4b-0: 46a9bf_46ad1f_46ae62_46af54 (2 246.67 0 246.00 2 248.00){0.00 0.00 0.00 0.00 98.40 0}{98.40 0.00 0.00 0.00 196.80 0}{196.80 246.00 247.00 248.00 295.20 2}{295.20 0.00 0.00 0.00 393.60 0}{393.60 0.00 0.00 0.00 492.00 0}
COMM 4b-1: 48b4e5_48b769_48b83d_48b8f6 (1 243.00 0 243.00 0 243.00){0.00 0.00 0.00 0.00 97.20 0}{97.20 0.00 0.00 0.00 194.40 0}{194.40 243.00 243.00 243.00 291.60 1}{291.60 0.00 0.00 0.00 388.80 0}{388.80 0.00 0.00 0.00 486.00 0}
LOOP0: iter: ( 2 )[ 1 -1 0 1 0 ] mem: ( 3 )[ 1 -1 0 1 0 ]
10 2 
12 52020 
14 16 
1a ( 1 2 )[ 1 -1 0 1 0 ]
1a ( 1 )[ 1 -1 2 1 0 ]
1b 0 

RANKS: 1 -1 0 4 1
EVENT40: 1090 47a456_47a82b_47a996_47aab7
COMP 4c-0: 46a9bf_46ad1f_46ae62_46af54 (2 11470.00 1 11470.00 1 11470.00){0.00 0.00 0.00 0.00 4588.00 0}{4588.00 0.00 0.00 0.00 9176.00 0}{9176.00 11470.00 11470.00 11470.00 13764.00 2}{13764.00 0.00 0.00 0.00 18352.00 0}{18352.00 0.00 0.00 0.00 22940.00 0}
COMP 4c-1: 48258a_48290a_482a43_482b37 (4 18707.60 0 14.00 3 93481.00){0.00 0.00 0.00 0.00 5.60 0}{5.60 0.00 0.00 0.00 11.20 0}{11.20 14.00 14.33 15.00 22.40 3}{22.40 0.00 0.00 0.00 28.00 0}{28.00 93481.00 93481.00 93481.00 186934.00 1}
COMP 4c-2: 48b4e5_48b769_48b83d_48b8f6 (1 93595.00 2 93595.00 2 93595.00){0.00 0.00 0.00 0.00 37438.00 0}{37438.00 0.00 0.00 0.00 74876.00 0}{74876.00 93595.00 93595.00 93595.00 112314.00 1}{112314.00 0.00 0.00 0.00 149752.00 0}{149752.00 0.00 0.00 0.00 187190.00 0}
COMM 4b-0: 46a9bf_46ad1f_46ae62_46af54 (2 3.67 3 3.00 1 4.00){0.00 0.00 0.00 0.00 1.60 0}{1.60 3.00 3.00 3.00 3.20 1}{3.20 4.00 4.00 4.00 4.80 1}{4.80 0.00 0.00 0.00 6.40 0}{6.40 0.00 0.00 0.00 8.00 0}
COMM 4b-1: 48258a_48290a_482a43_482b37 (4 2.40 0 2.00 3 4.00){0.00 0.00 0.00 0.00 0.80 0}{0.80 0.00 0.00 0.00 1.60 0}{1.60 2.00 2.00 2.00 2.40 3}{2.40 0.00 0.00 0.00 3.20 0}{3.20 4.00 4.00 4.00 4.00 1}
COMM 4b-2: 48b4e5_48b769_48b83d_48b8f6 (1 8.00 2 8.00 2 8.00){0.00 0.00 0.00 0.00 3.20 0}{3.20 0.00 0.00 0.00 6.40 0}{6.40 8.00 8.00 8.00 9.60 1}{9.60 0.00 0.00 0.00 12.80 0}{12.80 0.00 0.00 0.00 16.00 0}
LOOP0: iter: ( 2 )[ 1 -1 2 2 1 ] mem: ( 3 )[ 1 -1 3 1 0 ]( 2 )[ 1 -1 2 1 0 ]
10 2 
12 52020 
14 16 
1b 0 
2b 2147483647 

RANKS: 1 -1 0 4 1
EVENT41: 1148 48b4e5_48b769_48b83d_48b8f6
COMP 4c-0: 47a456_47a82b_47a996_47aab7 (7 14.62 0 14.00 1 15.00){0.00 0.00 0.00 0.00 5.60 0}{5.60 0.00 0.00 0.00 11.20 0}{11.20 14.00 14.71 15.00 16.80 7}{16.80 0.00 0.00 0.00 22.40 0}{22.40 0.00 0.00 0.00 28.00 0}
COMM 4b-0: 47a456_47a82b_47a996_47aab7 (7 544.00 1 297.00 2 1335.00){0.00 0.00 0.00 0.00 226.40 0}{226.40 297.00 350.25 400.00 452.80 4}{452.80 484.00 525.00 566.00 905.60 2}{905.60 0.00 0.00 0.00 1132.00 0}{1132.00 1335.00 1335.00 1335.00 1538.00 1}
1c 9999 

RANKS: 1 -1 2 2 1
EVENT42: 1113 48258a_48290a_482a43_482b37
COMP 4c-0: 48b4e5_48b769_48b83d_48b8f6 (3 370.75 3 370.00 2 373.00){0.00 0.00 0.00 0.00 148.00 0}{148.00 0.00 0.00 0.00 296.00 0}{296.00 370.00 371.00 373.00 444.00 3}{444.00 0.00 0.00 0.00 592.00 0}{592.00 0.00 0.00 0.00 740.00 0}
COMM 4b-0: 48b4e5_48b769_48b83d_48b8f6 (3 237.50 2 234.00 3 240.00){0.00 0.00 0.00 0.00 95.20 0}{95.20 0.00 0.00 0.00 190.40 0}{190.40 234.00 237.33 240.00 285.60 3}{285.60 0.00 0.00 0.00 380.80 0}{380.80 0.00 0.00 0.00 476.00 0}
10 2 
12 52020 
14 16 
1a ( 3 2 )[ 1 -1 3 1 0 ]
1a ( 2 )[ 1 -1 2 1 0 ]
1b 0 

RANKS: 2 -1 0 2 2 -1 3 1 0
EVENT43: 1004 46a9bf_46ad1f_46ae62_46af54
COMP 4c-0: 46a9bf_46ad1f_46ae62_46af54 (6 40650.86 0 15.00 0 94832.00){0.00 0.00 0.00 0.00 6.00 0}{6.00 0.00 0.00 0.00 12.00 0}{12.00 15.00 15.00 15.00 24.00 3}{24.00 0.00 0.00 0.00 30.00 0}{30.00 94832.00 94832.00 94832.00 189634.00 3}
COMP 4c-1: 48258a_48290a_482a43_482b37 (2 194743.67 2 194741.00 3 194745.00){0.00 0.00 0.00 0.00 77898.00 0}{77898.00 0.00 0.00 0.00 155796.00 0}{155796.00 194741.00 194743.00 194745.00 233694.00 2}{233694.00 0.00 0.00 0.00 311592.00 0}{311592.00 0.00 0.00 0.00 389490.00 0}
COMP 4c-2: 48b4e5_48b769_48b83d_48b8f6 (1 194873.00 0 194873.00 0 194873.00){0.00 0.00 0.00 0.00 77949.20 0}{77949.20 0.00 0.00 0.00 155898.40 0}{155898.40 194873.00 194873.00 194873.00 233847.60 1}{233847.60 0.00 0.00 0.00 311796.80 0}{311796.80 0.00 0.00 0.00 389746.00 0}
COMM 4b-0: 46a9bf_46ad1f_46ae62_46af54 (6 73.86 2 17.00 3 133.00){0.00 17.00 17.00 17.00 24.40 1}{24.40 28.00 28.00 28.00 48.80 1}{48.80 61.00 61.00 61.00 97.60 1}{97.60 104.00 108.50 113.00 122.00 2}{122.00 133.00 133.00 133.00 144.00 1}
COMM 4b-1: 48258a_48290a_482a43_482b37 (2 1180.67 2 30.00 3 1756.00){0.00 30.00 30.00 30.00 702.40 1}{702.40 0.00 0.00 0.00 1404.80 0}{1404.80 1756.00 1756.00 1756.00 2107.20 1}{2107.20 0.00 0.00 0.00 2809.60 0}{2809.60 0.00 0.00 0.00 3512.00 0}
COMM 4b-2: 48b4e5_48b769_48b83d_48b8f6 (1 117.00 0 117.00 0 117.00){0.00 0.00 0.00 0.00 46.80 0}{46.80 0.00 0.00 0.00 93.60 0}{93.60 117.00 117.00 117.00 140.40 1}{140.40 0.00 0.00 0.00 187.20 0}{187.20 0.00 0.00 0.00 234.00 0}
LOOP0: iter: ( 3 )[ 2 -1 0 2 2 -1 3 1 0 ] mem: ( 1 )[ 2 -1 0 2 2 -1 3 1 0 ]
10 2 
12 5 1 5 
14 16 
18 3 1 3 

RANKS: 1 -1 1 3 1
EVENT44: 1113 48258a_48290a_482a43_482b37
COMP 4c-0: 46a9bf_46ad1f_46ae62_46af54 (2 133.67 2 133.00 3 134.00){0.00 0.00 0.00 0.00 53.60 0}{53.60 0.00 0.00 0.00 107.20 0}{107.20 133.00 133.50 134.00 160.80 2}{160.80 0.00 0.00 0.00 214.40 0}{214.40 0.00 0.00 0.00 268.00 0}
COMP 4c-1: 48258a_48290a_482a43_482b37 (2 62448.33 3 15.00 1 93665.00){0.00 15.00 15.00 15.00 37466.00 1}{37466.00 0.00 0.00 0.00 74932.00 0}{74932.00 93665.00 93665.00 93665.00 112398.00 1}{112398.00 0.00 0.00 0.00 149864.00 0}{149864.00 0.00 0.00 0.00 187330.00 0}
COMP 4c-2: 48b4e5_48b769_48b83d_48b8f6 (1 370.00 1 370.00 1 370.00){0.00 0.00 0.00 0.00 148.00 0}{148.00 0.00 0.00 0.00 296.00 0}{296.00 370.00 370.00 370.00 444.00 1}{444.00 0.00 0.00 0.00 592.00 0}{592.00 0.00 0.00 0.00 740.00 0}
COMM 4b-0: 46a9bf_46ad1f_46ae62_46af54 (2 8.33 2 5.00 3 10.00){0.00 0.00 0.00 0.00 4.00 0}{4.00 5.00 5.00 5.00 8.00 1}{8.00 10.00 10.00 10.00 12.00 1}{12.00 0.00 0.00 0.00 16.00 0}{16.00 0.00 0.00 0.00 20.00 0}
COMM 4b-1: 48258a_48290a_482a43_482b37 (2 166.33 3 3.00 1 248.00){0.00 3.00 3.00 3.00 99.20 1}{99.20 0.00 0.00 0.00 198.40 0}{198.40 248.00 248.00 248.00 297.60 1}{297.60 0.00 0.00 0.00 396.80 0}{396.80 0.00 0.00 0.00 496.00 0}
COMM 4b-2: 48b4e5_48b769_48b83d_48b8f6 (1 238.00 1 238.00 1 238.00){0.00 0.00 0.00 0.00 95.20 0}{95.20 0.00 0.00 0.00 190.40 0}{190.40 238.00 238.00 238.00 285.60 1}{285.60 0.00 0.00 0.00 380.80 0}{380.80 0.00 0.00 0.00 476.00 0}
LOOP0: iter: ( 2 )[ 1 -1 1 2 2 ] mem: ( 1 )[ 1 -1 1 2 2 ]
10 2 
12 ( 52020 )[ 1 -1 1 1 0 ]
12 ( 102 106 )[ 1 -1 3 1 0 ]
12 ( 102 )[ 1 -1 2 1 0 ]
14 16 
1a ( 3 2 )[ 1 -1 1 1 0 ]
1a ( 2 3 )[ 1 -1 3 1 0 ]
1a ( 2 )[ 1 -1 2 1 0 ]
1b 0 

RANKS: 1 -1 0 2 1
EVENT45: 1090 47a456_47a82b_47a996_47aab7
COMP 4c-0: 46a9bf_46ad1f_46ae62_46af54 (1 135.00 0 135.00 0 135.00){0.00 0.00 0.00 0.00 54.00 0}{54.00 0.00 0.00 0.00 108.00 0}{108.00 135.00 135.00 135.00 162.00 1}{162.00 0.00 0.00 0.00 216.00 0}{216.00 0.00 0.00 0.00 270.00 0}
COMP 4c-1: 48258a_48290a_482a43_482b37 (1 16.00 1 16.00 1 16.00){0.00 0.00 0.00 0.00 6.40 0}{6.40 0.00 0.00 0.00 12.80 0}{12.80 16.00 16.00 16.00 19.20 1}{19.20 0.00 0.00 0.00 25.60 0}{25.60 0.00 0.00 0.00 32.00 0}
COMP 4c-2: 48b4e5_48b769_48b83d_48b8f6 (1 15.00 0 15.00 0 15.00){0.00 0.00 0.00 0.00 6.00 0}{6.00 0.00 0.00 0.00 12.00 0}{12.00 15.00 15.00 15.00 18.00 1}{18.00 0.00 0.00 0.00 24.00 0}{24.00 0.00 0.00 0.00 30.00 0}
COMM 4b-0: 46a9bf_46ad1f_46ae62_46af54 (1 2.00 0 2.00 0 2.00){0.00 0.00 0.00 0.00 0.80 0}{0.80 0.00 0.00 0.00 1.60 0}{1.60 2.00 2.00 2.00 2.40 1}{2.40 0.00 0.00 0.00 3.20 0}{3.20 0.00 0.00 0.00 4.00 0}
COMM 4b-1: 48258a_48290a_482a43_482b37 (1 4.00 1 4.00 1 4.00){0.00 0.00 0.00 0.00 1.60 0}{1.60 0.00 0.00 0.00 3.20 0}{3.20 4.00 4.00 4.00 4.80 1}{4.80 0.00 0.00 0.00 6.40 0}{6.40 0.00 0.00 0.00 8.00 0}
COMM 4b-2: 48b4e5_48b769_48b83d_48b8f6 (1 1.00 0 1.00 0 1.00){0.00 0.00 0.00 0.00 0.40 0}{0.40 0.00 0.00 0.00 0.80 0}{0.80 1.00 1.00 1.00 1.20 1}{1.20 0.00 0.00 0.00 1.60 0}{1.60 0.00 0.00 0.00 2.00 0}
LOOP0: iter: ( 2 )[ 1 -1 0 1 0 ] mem: ( 2 )[ 1 -1 0 1 0 ]
10 2 
12 ( 102 106 )[ 1 -1 0 1 0 ]
12 ( 52020 )[ 1 -1 1 1 0 ]
14 16 
1b 0 
2b 2147483647 

RANKS: 1 -1 0 2 1
EVENT46: 1148 48b4e5_48b769_48b83d_48b8f6
COMP 4c-0: 47a456_47a82b_47a996_47aab7 (3 14.50 0 14.00 0 15.00){0.00 0.00 0.00 0.00 5.60 0}{5.60 0.00 0.00 0.00 11.20 0}{11.20 14.00 14.67 15.00 16.80 3}{16.80 0.00 0.00 0.00 22.40 0}{22.40 0.00 0.00 0.00 28.00 0}
COMM 4b-0: 47a456_47a82b_47a996_47aab7 (3 73.50 0 4.00 1 229.00){0.00 0.00 0.00 0.00 1.60 0}{1.60 0.00 0.00 0.00 3.20 0}{3.20 4.00 4.00 4.00 8.00 1}{8.00 57.00 57.00 57.00 106.00 1}{106.00 229.00 229.00 229.00 352.00 1}
1c 9999 

RANKS: 2 -1 0 2 1 -1 3 1 0
EVENT47: 1004 46a9bf_46ad1f_46ae62_46af54
COMP 4c-0: 46a9bf_46ad1f_46ae62_46af54 (2 31620.67 1 15.00 1 94832.00){0.00 0.00 0.00 0.00 6.00 0}{6.00 0.00 0.00 0.00 12.00 0}{12.00 15.00 15.00 15.00 24.00 1}{24.00 0.00 0.00 0.00 30.00 0}{30.00 94832.00 94832.00 94832.00 189634.00 1}
COMP 4c-1: 48258a_48290a_482a43_482b37 (1 59.00 3 59.00 3 59.00){0.00 0.00 0.00 0.00 23.60 0}{23.60 0.00 0.00 0.00 47.20 0}{47.20 59.00 59.00 59.00 70.80 1}{70.80 0.00 0.00 0.00 94.40 0}{94.40 0.00 0.00 0.00 118.00 0}
COMP 4c-2: 48b4e5_48b769_48b83d_48b8f6 (2 64999.00 0 64.00 1 194869.00){0.00 0.00 0.00 0.00 25.60 0}{25.60 0.00 0.00 0.00 51.20 0}{51.20 64.00 64.00 64.00 102.40 1}{102.40 0.00 0.00 0.00 128.00 0}{128.00 194869.00 194869.00 194869.00 389610.00 1}
COMM 4b-0: 46a9bf_46ad1f_46ae62_46af54 (2 19.67 1 15.00 1 29.00){0.00 0.00 0.00 0.00 6.00 0}{6.00 0.00 0.00 0.00 12.00 0}{12.00 15.00 15.00 15.00 18.00 1}{18.00 0.00 0.00 0.00 24.00 0}{24.00 29.00 29.00 29.00 30.00 1}
COMM 4b-1: 48258a_48290a_482a43_482b37 (1 37.00 3 37.00 3 37.00){0.00 0.00 0.00 0.00 14.80 0}{14.80 0.00 0.00 0.00 29.60 0}{29.60 37.00 37.00 37.00 44.40 1}{44.40 0.00 0.00 0.00 59.20 0}{59.20 0.00 0.00 0.00 74.00 0}
COMM 4b-2: 48b4e5_48b769_48b83d_48b8f6 (2 633.33 0 112.00 1 1676.00){0.00 0.00 0.00 0.00 44.80 0}{44.80 0.00 0.00 0.00 89.60 0}{89.60 112.00 112.00 112.00 179.20 1}{179.20 0.00 0.00 0.00 224.00 0}{224.00 1676.00 1676.00 1676.00 3128.00 1}
LOOP0: iter: ( 3 )[ 1 -1 1 1 0 ] mem: ( 1 )[ 1 -1 1 1 0 ]
10 2 
12 ( 1 )[ 1 -1 0 2 3 ]
12 ( 5 1 5 )[ 1 -1 1 1 0 ]
14 16 
18 ( 3 )[ 1 -1 0 2 3 ]
18 ( 3 1 3 )[ 1 -1 1 1 0 ]

RANKS: 1 -1 0 3 1
EVENT48: 1090 47a456_47a82b_47a996_47aab7
COMP 4c-0: 46a9bf_46ad1f_46ae62_46af54 (3 144.25 1 135.00 2 148.00){0.00 0.00 0.00 0.00 58.80 0}{58.80 0.00 0.00 0.00 117.60 0}{117.60 135.00 143.33 148.00 176.40 3}{176.40 0.00 0.00 0.00 235.20 0}{235.20 0.00 0.00 0.00 294.00 0}
COMP 4c-1: 48258a_48290a_482a43_482b37 (1 15.00 2 15.00 2 15.00){0.00 0.00 0.00 0.00 6.00 0}{6.00 0.00 0.00 0.00 12.00 0}{12.00 15.00 15.00 15.00 18.00 1}{18.00 0.00 0.00 0.00 24.00 0}{24.00 0.00 0.00 0.00 30.00 0}
COMM 4b-0: 46a9bf_46ad1f_46ae62_46af54 (3 1.25 0 1.00 1 2.00){0.00 0.00 0.00 0.00 0.40 0}{0.40 0.00 0.00 0.00 0.80 0}{0.80 1.00 1.00 1.00 1.20 2}{1.20 0.00 0.00 0.00 1.60 0}{1.60 2.00 2.00 2.00 2.00 1}
COMM 4b-1: 48258a_48290a_482a43_482b37 (1 3.00 2 3.00 2 3.00){0.00 0.00 0.00 0.00 1.20 0}{1.20 0.00 0.00 0.00 2.40 0}{2.40 3.00 3.00 3.00 3.60 1}{3.60 0.00 0.00 0.00 4.80 0}{4.80 0.00 0.00 0.00 6.00 0}
LOOP0: iter: ( 2 )[ 1 -1 2 1 0 ] mem: ( 3 )[ 1 -1 2 1 0 ]
10 2 
12 ( 102 )[ 1 -1 0 2 1 ]
12 ( 106 102 )[ 1 -1 2 1 0 ]
14 16 
1b 0 
2b 2147483647 

RANKS: 1 -1 0 3 1
EVENT49: 1148 48b4e5_48b769_48b83d_48b8f6
COMP 4c-0: 47a456_47a82b_47a996_47aab7 (4 15.00 0 15.00 0 15.00){0.00 0.00 0.00 0.00 6.00 0}{6.00 0.00 0.00 0.00 12.00 0}{12.00 15.00 15.00 15.00 18.00 4}{18.00 0.00 0.00 0.00 24.00 0}{24.00 0.00 0.00 0.00 30.00 0}
COMM 4b-0: 47a456_47a82b_47a996_47aab7 (4 26.20 2 5.00 0 46.00){0.00 5.00 8.50 12.00 18.40 2}{18.40 22.00 22.00 22.00 36.80 1}{36.80 46.00 46.00 46.00 55.20 1}{55.20 0.00 0.00 0.00 73.60 0}{73.60 0.00 0.00 0.00 92.00 0}
1c 9999 

RANKS: 1 -1 1 2 2
EVENT50: 1113 48258a_48290a_482a43_482b37
COMP 4c-0: 46a9bf_46ad1f_46ae62_46af54 (2 148.00 1 148.00 1 148.00){0.00 0.00 0.00 0.00 59.20 0}{59.20 0.00 0.00 0.00 118.40 0}{118.40 148.00 148.00 148.00 177.60 2}{177.60 0.00 0.00 0.00 236.80 0}{236.80 0.00 0.00 0.00 296.00 0}
COMP 4c-1: 48b4e5_48b769_48b83d_48b8f6 (1 16.00 1 16.00 1 16.00){0.00 0.00 0.00 0.00 6.40 0}{6.40 0.00 0.00 0.00 12.80 0}{12.80 16.00 16.00 16.00 19.20 1}{19.20 0.00 0.00 0.00 25.60 0}{25.60 0.00 0.00 0.00 32.00 0}
COMM 4b-0: 46a9bf_46ad1f_46ae62_46af54 (2 6.67 3 6.00 1 7.00){0.00 0.00 0.00 0.00 2.80 0}{2.80 0.00 0.00 0.00 5.60 0}{5.60 6.00 6.50 7.00 8.40 2}{8.40 0.00 0.00 0.00 11.20 0}{11.20 0.00 0.00 0.00 14.00 0}
COMM 4b-1: 48b4e5_48b769_48b83d_48b8f6 (1 4.00 1 4.00 1 4.00){0.00 0.00 0.00 0.00 1.60 0}{1.60 0.00 0.00 0.00 3.20 0}{3.20 4.00 4.00 4.00 4.80 1}{4.80 0.00 0.00 0.00 6.40 0}{6.40 0.00 0.00 0.00 8.00 0}
LOOP0: iter: ( 2 )[ 1 -1 1 1 0 ] mem: ( 2 )[ 1 -1 1 1 0 ]
10 2 
12 ( 106 102 )[ 1 -1 1 1 0 ]
12 ( 102 )[ 1 -1 3 1 0 ]
14 16 
1a 3 
1b 0 

RANKS: 1 -1 0 4 1
EVENT51: 1004 46a9bf_46ad1f_46ae62_46af54
COMP 4c-0: 48258a_48290a_482a43_482b37 (3 80.50 1 59.00 1 102.00){0.00 0.00 0.00 0.00 23.60 0}{23.60 0.00 0.00 0.00 47.20 0}{47.20 59.00 59.00 59.00 70.80 1}{70.80 0.00 0.00 0.00 94.40 0}{94.40 102.00 102.00 102.00 118.00 2}
COMP 4c-1: 48b4e5_48b769_48b83d_48b8f6 (3 93.50 2 59.00 0 105.00){0.00 0.00 0.00 0.00 42.00 0}{42.00 59.00 59.00 59.00 84.00 1}{84.00 105.00 105.00 105.00 126.00 2}{126.00 0.00 0.00 0.00 168.00 0}{168.00 0.00 0.00 0.00 210.00 0}
COMM 4b-0: 48258a_48290a_482a43_482b37 (3 76.25 1 7.00 1 126.00){0.00 7.00 26.50 46.00 50.40 2}{50.40 0.00 0.00 0.00 100.80 0}{100.80 126.00 126.00 126.00 151.20 1}{151.20 0.00 0.00 0.00 201.60 0}{201.60 0.00 0.00 0.00 252.00 0}
COMM 4b-1: 48b4e5_48b769_48b83d_48b8f6 (3 58.75 2 7.00 0 85.00){0.00 7.00 7.00 7.00 34.00 1}{34.00 58.00 58.00 58.00 68.00 1}{68.00 85.00 85.00 85.00 102.00 1}{102.00 0.00 0.00 0.00 136.00 0}{136.00 0.00 0.00 0.00 170.00 0}
10 2 
12 1 
14 16 
18 3 

RANKS: 1 -1 0 2 1
EVENT52: 1090 47a456_47a82b_47a996_47aab7_45f394
COMP 4c-0: 46a9bf_46ad1f_46ae62_46af54 (2 155.00 0 154.00 1 157.00){0.00 0.00 0.00 0.00 61.60 0}{61.60 0.00 0.00 0.00 123.20 0}{123.20 154.00 155.50 157.00 184.80 2}{184.80 0.00 0.00 0.00 246.40 0}{246.40 0.00 0.00 0.00 308.00 0}
COMM 4b-0: 46a9bf_46ad1f_46ae62_46af54 (2 1.67 0 1.00 1 3.00){0.00 0.00 0.00 0.00 0.40 0}{0.40 0.00 0.00 0.00 0.80 0}{0.80 1.00 1.00 1.00 1.60 1}{1.60 0.00 0.00 0.00 2.00 0}{2.00 3.00 3.00 3.00 4.00 1}
10 2 
12 102 
14 16 
1b 0 
2b 2147483647 

RANKS: 1 -1 0 2 1
EVENT53: 1148 48b4e5_48b769_48b83d_48b8f6_45f3a9
COMP 4c-0: 47a456_47a82b_47a996_47aab7_45f394 (2 16.00 0 16.00 0 16.00){0.00 0.00 0.00 0.00 6.40 0}{6.40 0.00 0.00 0.00 12.80 0}{12.80 16.00 16.00 16.00 19.20 2}{19.20 0.00 0.00 0.00 25.60 0}{25.60 0.00 0.00 0.00 32.00 0}
COMM 4b-0: 47a456_47a82b_47a996_47aab7_45f394 (2 69.67 1 3.00 0 103.00){0.00 3.00 3.00 3.00 41.20 1}{41.20 0.00 0.00 0.00 82.40 0}{82.40 103.00 103.00 103.00 123.60 1}{123.60 0.00 0.00 0.00 164.80 0}{164.80 0.00 0.00 0.00 206.00 0}
1c 9999 

RANKS: 1 -1 2 2 1
EVENT54: 1113 48258a_48290a_482a43_482b37_45f458
COMP 4c-0: 46a9bf_46ad1f_46ae62_46af54 (2 154.00 3 153.00 2 156.00){0.00 0.00 0.00 0.00 61.20 0}{61.20 0.00 0.00 0.00 122.40 0}{122.40 153.00 154.50 156.00 183.60 2}{183.60 0.00 0.00 0.00 244.80 0}{244.80 0.00 0.00 0.00 306.00 0}
COMM 4b-0: 46a9bf_46ad1f_46ae62_46af54 (2 4.33 3 3.00 2 7.00){0.00 0.00 0.00 0.00 1.20 0}{1.20 0.00 0.00 0.00 2.40 0}{2.40 3.00 3.00 3.00 4.80 1}{4.80 0.00 0.00 0.00 6.00 0}{6.00 7.00 7.00 7.00 8.00 1}
10 2 
12 102 
14 16 
1a 2 
1b 0 

RANKS: 1 -1 0 4 1
EVENT55: 1004 46a9bf_46ad1f_46ae62_46af54
COMP 4c-0: 48258a_48290a_482a43_482b37_45f458 (2 101.00 3 101.00 3 101.00){0.00 0.00 0.00 0.00 40.40 0}{40.40 0.00 0.00 0.00 80.80 0}{80.80 101.00 101.00 101.00 121.20 2}{121.20 0.00 0.00 0.00 161.60 0}{161.60 0.00 0.00 0.00 202.00 0}
COMP 4c-1: 48b4e5_48b769_48b83d_48b8f6_45f3a9 (2 105.00 0 105.00 0 105.00){0.00 0.00 0.00 0.00 42.00 0}{42.00 0.00 0.00 0.00 84.00 0}{84.00 105.00 105.00 105.00 126.00 2}{126.00 0.00 0.00 0.00 168.00 0}{168.00 0.00 0.00 0.00 210.00 0}
COMM 4b-0: 48258a_48290a_482a43_482b37_45f458 (2 183.00 2 15.00 3 267.00){0.00 15.00 15.00 15.00 106.80 1}{106.80 0.00 0.00 0.00 213.60 0}{213.60 267.00 267.00 267.00 320.40 1}{320.40 0.00 0.00 0.00 427.20 0}{427.20 0.00 0.00 0.00 534.00 0}
COMM 4b-1: 48b4e5_48b769_48b83d_48b8f6_45f3a9 (2 126.00 1 86.00 0 146.00){0.00 0.00 0.00 0.00 58.40 0}{58.40 86.00 86.00 86.00 116.80 1}{116.80 146.00 146.00 146.00 175.20 1}{175.20 0.00 0.00 0.00 233.60 0}{233.60 0.00 0.00 0.00 292.00 0}
10 2 
12 1 
14 16 
18 3 

RANKS: 1 -1 0 4 1
EVENT56: 1045 47331f_473393_4733f9_473454
COMP 4c-0: 46a9bf_46ad1f_46ae62_46af54 (4 2333.60 0 590.00 1 3669.00){0.00 0.00 0.00 0.00 236.00 0}{236.00 0.00 0.00 0.00 472.00 0}{472.00 590.00 590.00 590.00 944.00 1}{944.00 0.00 0.00 0.00 1180.00 0}{1180.00 3362.00 3496.00 3669.00 5734.00 3}

