RANKS: 1 -1 0 4 1
EVENT0: 1084 47960c_4796cb_479761_4797bc
33 2 
34 0 

RANKS: 1 -1 0 4 1
EVENT1: 1011 46d7e9_46db18_46dc33_46dd1f
COMP 4b-0: 46d7e9_46db18_46dc33_46dd1f (32 9.88 1 9.00 0 14.00){0.00 0.00 0.00 0.00 4.00 0}{4.00 0.00 0.00 0.00 8.00 0}{8.00 9.00 9.74 12.00 12.00 31}{12.00 14.00 14.00 14.00 16.00 1}{16.00 0.00 0.00 0.00 20.00 0}
COMP 4b-1: 47960c_4796cb_479761_4797bc (4 179.40 2 65.00 0 341.00){0.00 65.00 71.67 76.00 136.40 3}{136.40 0.00 0.00 0.00 272.80 0}{272.80 341.00 341.00 341.00 409.20 1}{409.20 0.00 0.00 0.00 545.60 0}{545.60 0.00 0.00 0.00 682.00 0}
COMP 4c-0: 46d7e9_46db18_46dc33_46dd1f (32 27.48 0 26.00 0 28.00){0.00 0.00 0.00 0.00 10.40 0}{10.40 0.00 0.00 0.00 20.80 0}{20.80 26.00 27.53 28.00 31.20 32}{31.20 0.00 0.00 0.00 41.60 0}{41.60 0.00 0.00 0.00 52.00 0}
COMP 4c-1: 47960c_4796cb_479761_4797bc (4 64.80 1 34.00 0 111.00){0.00 34.00 34.00 34.00 44.40 3}{44.40 0.00 0.00 0.00 88.80 0}{88.80 111.00 111.00 111.00 133.20 1}{133.20 0.00 0.00 0.00 177.60 0}{177.60 0.00 0.00 0.00 222.00 0}
COMM 4b-0: 46d7e9_46db18_46dc33_46dd1f (32 18.00 0 2.00 0 68.00){0.00 0.00 0.00 0.00 1.20 0}{1.20 2.00 2.00 2.00 2.40 4}{2.40 3.00 3.09 3.20 3.60 11}{3.60 4.00 4.00 4.00 6.00 3}{6.00 10.00 38.36 68.00 130.00 14}
COMM 4b-1: 47960c_4796cb_479761_4797bc (4 235.80 0 18.00 1 423.00){0.00 0.00 0.00 0.00 7.20 0}{7.20 0.00 0.00 0.00 14.40 0}{14.40 18.00 18.00 18.00 28.80 1}{28.80 0.00 0.00 0.00 36.00 0}{36.00 302.00 381.00 423.00 800.00 3}
LOOP0: iter: ( 9 )[ 1 -1 0 4 1 ] mem: ( 1 )[ 1 -1 0 4 1 ]
10 2 
12 1 1 1 1 1 5 1 1 1 
14 14 14 14 16 16 16 14 14 14 
19 0 

RANKS: 1 -1 2 1 0
EVENT2: 1113 48253a_4828ba_4829f3_482ae7
COMP 4b-0: 46d7e9_46db18_46dc33_46dd1f (1 142681.00 2 142681.00 2 142681.00){0.00 0.00 0.00 0.00 57072.40 0}{57072.40 0.00 0.00 0.00 114144.80 0}{114144.80 142681.00 142681.00 142681.00 171217.20 1}{171217.20 0.00 0.00 0.00 228289.60 0}{228289.60 0.00 0.00 0.00 285362.00 0}
COMP 4c-0: 46d7e9_46db18_46dc33_46dd1f (1 633463.00 2 633463.00 2 633463.00){0.00 0.00 0.00 0.00 253385.20 0}{253385.20 0.00 0.00 0.00 506770.40 0}{506770.40 633463.00 633463.00 633463.00 760155.60 1}{760155.60 0.00 0.00 0.00 1013540.80 0}{1013540.80 0.00 0.00 0.00 1266926.00 0}
COMM 4b-0: 46d7e9_46db18_46dc33_46dd1f (1 517.00 2 517.00 2 517.00){0.00 0.00 0.00 0.00 206.80 0}{206.80 0.00 0.00 0.00 413.60 0}{413.60 517.00 517.00 517.00 620.40 1}{620.40 0.00 0.00 0.00 827.20 0}{827.20 0.00 0.00 0.00 1034.00 0}
10 2 
12 52020 
14 16 
1a 1 
1b 0 

RANKS: 1 -1 1 2 1
EVENT3: 1090 47a406_47a7db_47a946_47aa67
COMP 4b-0: 46d7e9_46db18_46dc33_46dd1f (1 141233.00 1 141233.00 1 141233.00){0.00 0.00 0.00 0.00 56493.20 0}{56493.20 0.00 0.00 0.00 112986.40 0}{112986.40 141233.00 141233.00 141233.00 169479.60 1}{169479.60 0.00 0.00 0.00 225972.80 0}{225972.80 0.00 0.00 0.00 282466.00 0}
COMP 4b-1: 48253a_4828ba_4829f3_482ae7 (1 17.00 2 17.00 2 17.00){0.00 0.00 0.00 0.00 6.80 0}{6.80 0.00 0.00 0.00 13.60 0}{13.60 17.00 17.00 17.00 20.40 1}{20.40 0.00 0.00 0.00 27.20 0}{27.20 0.00 0.00 0.00 34.00 0}
COMP 4b-2: 48b495_48b719_48b7ed_48b8a6 (1 24707.00 2 24707.00 2 24707.00){0.00 0.00 0.00 0.00 9882.80 0}{9882.80 0.00 0.00 0.00 19765.60 0}{19765.60 24707.00 24707.00 24707.00 29648.40 1}{29648.40 0.00 0.00 0.00 39531.20 0}{39531.20 0.00 0.00 0.00 49414.00 0}
COMP 4c-0: 46d7e9_46db18_46dc33_46dd1f (1 633290.00 1 633290.00 1 633290.00){0.00 0.00 0.00 0.00 253316.00 0}{253316.00 0.00 0.00 0.00 506632.00 0}{506632.00 633290.00 633290.00 633290.00 759948.00 1}{759948.00 0.00 0.00 0.00 1013264.00 0}{1013264.00 0.00 0.00 0.00 1266580.00 0}
COMP 4c-1: 48253a_4828ba_4829f3_482ae7 (1 27.00 2 27.00 2 27.00){0.00 0.00 0.00 0.00 10.80 0}{10.80 0.00 0.00 0.00 21.60 0}{21.60 27.00 27.00 27.00 32.40 1}{32.40 0.00 0.00 0.00 43.20 0}{43.20 0.00 0.00 0.00 54.00 0}
COMP 4c-2: 48b495_48b719_48b7ed_48b8a6 (1 93836.00 2 93836.00 2 93836.00){0.00 0.00 0.00 0.00 37534.40 0}{37534.40 0.00 0.00 0.00 75068.80 0}{75068.80 93836.00 93836.00 93836.00 112603.20 1}{112603.20 0.00 0.00 0.00 150137.60 0}{150137.60 0.00 0.00 0.00 187672.00 0}
COMM 4b-0: 46d7e9_46db18_46dc33_46dd1f (1 6.00 1 6.00 1 6.00){0.00 0.00 0.00 0.00 2.40 0}{2.40 0.00 0.00 0.00 4.80 0}{4.80 6.00 6.00 6.00 7.20 1}{7.20 0.00 0.00 0.00 9.60 0}{9.60 0.00 0.00 0.00 12.00 0}
COMM 4b-1: 48253a_4828ba_4829f3_482ae7 (1 4.00 2 4.00 2 4.00){0.00 0.00 0.00 0.00 1.60 0}{1.60 0.00 0.00 0.00 3.20 0}{3.20 4.00 4.00 4.00 4.80 1}{4.80 0.00 0.00 0.00 6.40 0}{6.40 0.00 0.00 0.00 8.00 0}
COMM 4b-2: 48b495_48b719_48b7ed_48b8a6 (1 3.00 2 3.00 2 3.00){0.00 0.00 0.00 0.00 1.20 0}{1.20 0.00 0.00 0.00 2.40 0}{2.40 3.00 3.00 3.00 3.60 1}{3.60 0.00 0.00 0.00 4.80 0}{4.80 0.00 0.00 0.00 6.00 0}
LOOP0: iter: ( 2 )[ 1 -1 2 1 0 ] mem: ( 2 )[ 1 -1 2 1 0 ]
10 2 
12 52020 
14 16 
1b 0 
2b 2147483647 

RANKS: 1 -1 1 2 1
EVENT4: 1148 48b495_48b719_48b7ed_48b8a6
COMP 4b-0: 47a406_47a7db_47a946_47aa67 (3 13.25 2 9.00 1 15.00){0.00 0.00 0.00 0.00 6.00 0}{6.00 9.00 9.00 9.00 12.00 1}{12.00 14.00 14.50 15.00 18.00 2}{18.00 0.00 0.00 0.00 24.00 0}{24.00 0.00 0.00 0.00 30.00 0}
COMP 4c-0: 47a406_47a7db_47a946_47aa67 (3 26.75 2 26.00 1 27.00){0.00 0.00 0.00 0.00 10.80 0}{10.80 0.00 0.00 0.00 21.60 0}{21.60 26.00 26.67 27.00 32.40 3}{32.40 0.00 0.00 0.00 43.20 0}{43.20 0.00 0.00 0.00 54.00 0}
COMM 4b-0: 47a406_47a7db_47a946_47aa67 (3 493.00 2 238.00 2 700.00){0.00 0.00 0.00 0.00 206.80 0}{206.80 238.00 238.00 238.00 413.60 1}{413.60 517.00 517.00 517.00 620.40 1}{620.40 700.00 700.00 700.00 827.20 1}{827.20 0.00 0.00 0.00 1034.00 0}
1c 9999 

RANKS: 1 -1 1 2 1
EVENT5: 1113 48253a_4828ba_4829f3_482ae7
COMP 4b-0: 48253a_4828ba_4829f3_482ae7 (2 33201.33 1 24688.00 2 50228.00){0.00 0.00 0.00 0.00 9875.20 0}{9875.20 0.00 0.00 0.00 19750.40 0}{19750.40 24688.00 24688.00 24688.00 39500.80 1}{39500.80 0.00 0.00 0.00 49376.00 0}{49376.00 50228.00 50228.00 50228.00 51080.00 1}
COMP 4b-1: 48b495_48b719_48b7ed_48b8a6 (2 336.67 2 316.00 1 347.00){0.00 0.00 0.00 0.00 138.80 0}{138.80 0.00 0.00 0.00 277.60 0}{277.60 316.00 331.50 347.00 416.40 2}{416.40 0.00 0.00 0.00 555.20 0}{555.20 0.00 0.00 0.00 694.00 0}
COMP 4c-0: 48253a_4828ba_4829f3_482ae7 (2 129155.33 1 93910.00 2 199646.00){0.00 0.00 0.00 0.00 37564.00 0}{37564.00 0.00 0.00 0.00 75128.00 0}{75128.00 93910.00 93910.00 93910.00 150256.00 1}{150256.00 0.00 0.00 0.00 187820.00 0}{187820.00 199646.00 199646.00 199646.00 211472.00 1}
COMP 4c-1: 48b495_48b719_48b7ed_48b8a6 (2 383.33 1 383.00 2 384.00){0.00 0.00 0.00 0.00 153.20 0}{153.20 0.00 0.00 0.00 306.40 0}{306.40 383.00 383.50 384.00 459.60 2}{459.60 0.00 0.00 0.00 612.80 0}{612.80 0.00 0.00 0.00 766.00 0}
COMM 4b-0: 48253a_4828ba_4829f3_482ae7 (2 1140.33 2 247.00 1 1587.00){0.00 247.00 247.00 247.00 634.80 1}{634.80 0.00 0.00 0.00 1269.60 0}{1269.60 1587.00 1587.00 1587.00 1904.40 1}{1904.40 0.00 0.00 0.00 2539.20 0}{2539.20 0.00 0.00 0.00 3174.00 0}
COMM 4b-1: 48b495_48b719_48b7ed_48b8a6 (2 380.33 2 235.00 1 453.00){0.00 0.00 0.00 0.00 181.20 0}{181.20 235.00 235.00 235.00 362.40 1}{362.40 453.00 453.00 453.00 543.60 1}{543.60 0.00 0.00 0.00 724.80 0}{724.80 0.00 0.00 0.00 906.00 0}
LOOP0: iter: ( 2 )[ 1 -1 1 2 1 ] mem: ( 1 )[ 1 -1 1 2 1 ]
10 2 
12 52020 
14 16 
1a ( 3 2 )[ 1 -1 1 1 0 ]
1a ( 2 1 )[ 1 -1 2 1 0 ]
1b 0 

RANKS: 1 -1 1 3 1
EVENT6: 1090 47a406_47a7db_47a946_47aa67
COMP 4b-0: 46d7e9_46db18_46dc33_46dd1f (1 141945.00 3 141945.00 3 141945.00){0.00 0.00 0.00 0.00 56778.00 0}{56778.00 0.00 0.00 0.00 113556.00 0}{113556.00 141945.00 141945.00 141945.00 170334.00 1}{170334.00 0.00 0.00 0.00 227112.00 0}{227112.00 0.00 0.00 0.00 283890.00 0}
COMP 4b-1: 48253a_4828ba_4829f3_482ae7 (5 15963.50 1 12.00 3 49927.00){0.00 0.00 0.00 0.00 4.80 0}{4.80 0.00 0.00 0.00 9.60 0}{9.60 12.00 12.00 12.00 24.00 2}{24.00 21227.00 22909.00 24591.00 42430.00 2}{42430.00 49927.00 49927.00 49927.00 57424.00 1}
COMP 4b-2: 48b495_48b719_48b7ed_48b8a6 (2 40583.67 2 21365.00 1 50193.00){0.00 0.00 0.00 0.00 20077.20 0}{20077.20 21365.00 21365.00 21365.00 40154.40 1}{40154.40 50193.00 50193.00 50193.00 60231.60 1}{60231.60 0.00 0.00 0.00 80308.80 0}{80308.80 0.00 0.00 0.00 100386.00 0}
COMP 4c-0: 46d7e9_46db18_46dc33_46dd1f (1 633306.00 3 633306.00 3 633306.00){0.00 0.00 0.00 0.00 253322.40 0}{253322.40 0.00 0.00 0.00 506644.80 0}{506644.80 633306.00 633306.00 633306.00 759967.20 1}{759967.20 0.00 0.00 0.00 1013289.60 0}{1013289.60 0.00 0.00 0.00 1266612.00 0}
COMP 4c-1: 48253a_4828ba_4829f3_482ae7 (5 64461.33 1 27.00 3 199463.00){0.00 0.00 0.00 0.00 10.80 0}{10.80 0.00 0.00 0.00 21.60 0}{21.60 27.00 27.00 27.00 54.00 2}{54.00 93498.00 93612.00 93726.00 186942.00 2}{186942.00 199463.00 199463.00 199463.00 211984.00 1}
COMP 4c-2: 48b495_48b719_48b7ed_48b8a6 (2 164259.33 2 93606.00 1 199586.00){0.00 0.00 0.00 0.00 79834.40 0}{79834.40 93606.00 93606.00 93606.00 159668.80 1}{159668.80 199586.00 199586.00 199586.00 239503.20 1}{239503.20 0.00 0.00 0.00 319337.60 0}{319337.60 0.00 0.00 0.00 399172.00 0}
COMM 4b-0: 46d7e9_46db18_46dc33_46dd1f (1 5.00 3 5.00 3 5.00){0.00 0.00 0.00 0.00 2.00 0}{2.00 0.00 0.00 0.00 4.00 0}{4.00 5.00 5.00 5.00 6.00 1}{6.00 0.00 0.00 0.00 8.00 0}{8.00 0.00 0.00 0.00 10.00 0}
COMM 4b-1: 48253a_4828ba_4829f3_482ae7 (5 2.50 1 2.00 3 3.00){0.00 0.00 0.00 0.00 0.80 0}{0.80 0.00 0.00 0.00 1.60 0}{1.60 2.00 2.00 2.00 2.40 2}{2.40 3.00 3.00 3.00 3.20 3}{3.20 0.00 0.00 0.00 4.00 0}
COMM 4b-2: 48b495_48b719_48b7ed_48b8a6 (2 3.00 1 3.00 1 3.00){0.00 0.00 0.00 0.00 1.20 0}{1.20 0.00 0.00 0.00 2.40 0}{2.40 3.00 3.00 3.00 3.60 2}{3.60 0.00 0.00 0.00 4.80 0}{4.80 0.00 0.00 0.00 6.00 0}
LOOP0: iter: ( 2 )[ 1 -1 1 2 1 ]( 4 )[ 1 -1 3 1 0 ] mem: ( 2 )[ 1 -1 1 2 1 ]( 3 )[ 1 -1 3 1 0 ]
10 2 
12 52020 
14 16 
1b 0 
2b 2147483647 

RANKS: 1 -1 1 3 1
EVENT7: 1148 48b495_48b719_48b7ed_48b8a6
COMP 4b-0: 47a406_47a7db_47a946_47aa67 (8 11.00 1 9.00 3 15.00){0.00 0.00 0.00 0.00 3.60 0}{3.60 0.00 0.00 0.00 7.20 0}{7.20 9.00 9.25 10.00 10.80 4}{10.80 12.00 12.67 14.00 14.40 3}{14.40 15.00 15.00 15.00 18.00 1}
COMP 4c-0: 47a406_47a7db_47a946_47aa67 (8 25.89 3 25.00 3 27.00){0.00 0.00 0.00 0.00 10.40 0}{10.40 0.00 0.00 0.00 20.80 0}{20.80 25.00 25.88 27.00 31.20 8}{31.20 0.00 0.00 0.00 41.60 0}{41.60 0.00 0.00 0.00 52.00 0}
COMM 4b-0: 47a406_47a7db_47a946_47aa67 (8 493.78 3 240.00 3 1192.00){0.00 0.00 0.00 0.00 172.00 0}{172.00 240.00 240.00 240.00 344.00 1}{344.00 346.00 397.60 459.00 516.00 5}{516.00 594.00 594.00 594.00 860.00 1}{860.00 1192.00 1192.00 1192.00 1524.00 1}
1c 9999 

RANKS: 1 -1 0 4 1
EVENT8: 1113 48253a_4828ba_4829f3_482ae7
COMP 4b-0: 46d7e9_46db18_46dc33_46dd1f (1 141269.00 0 141269.00 0 141269.00){0.00 0.00 0.00 0.00 56507.60 0}{56507.60 0.00 0.00 0.00 113015.20 0}{113015.20 141269.00 141269.00 141269.00 169522.80 1}{169522.80 0.00 0.00 0.00 226030.40 0}{226030.40 0.00 0.00 0.00 282538.00 0}
COMP 4b-1: 48253a_4828ba_4829f3_482ae7 (1 21348.00 1 21348.00 1 21348.00){0.00 0.00 0.00 0.00 8539.20 0}{8539.20 0.00 0.00 0.00 17078.40 0}{17078.40 21348.00 21348.00 21348.00 25617.60 1}{25617.60 0.00 0.00 0.00 34156.80 0}{34156.80 0.00 0.00 0.00 42696.00 0}
COMP 4b-2: 48b495_48b719_48b7ed_48b8a6 (9 12314.90 3 298.00 0 50228.00){0.00 298.00 320.17 336.00 9911.20 6}{9911.20 0.00 0.00 0.00 19822.40 0}{19822.40 21444.00 23111.00 24778.00 39644.80 2}{39644.80 0.00 0.00 0.00 49556.00 0}{49556.00 50228.00 50228.00 50228.00 50900.00 1}
COMP 4c-0: 46d7e9_46db18_46dc33_46dd1f (1 633447.00 0 633447.00 0 633447.00){0.00 0.00 0.00 0.00 253378.80 0}{253378.80 0.00 0.00 0.00 506757.60 0}{506757.60 633447.00 633447.00 633447.00 760136.40 1}{760136.40 0.00 0.00 0.00 1013515.20 0}{1013515.20 0.00 0.00 0.00 1266894.00 0}
COMP 4c-1: 48253a_4828ba_4829f3_482ae7 (1 93675.00 1 93675.00 1 93675.00){0.00 0.00 0.00 0.00 37470.00 0}{37470.00 0.00 0.00 0.00 74940.00 0}{74940.00 93675.00 93675.00 93675.00 112410.00 1}{112410.00 0.00 0.00 0.00 149880.00 0}{149880.00 0.00 0.00 0.00 187350.00 0}
COMP 4c-2: 48b495_48b719_48b7ed_48b8a6 (9 48390.70 3 381.00 0 199779.00){0.00 381.00 382.50 384.00 37607.60 6}{37607.60 0.00 0.00 0.00 75215.20 0}{75215.20 93795.00 93907.00 94019.00 150430.40 2}{150430.40 0.00 0.00 0.00 188038.00 0}{188038.00 199779.00 199779.00 199779.00 211520.00 1}
COMM 4b-0: 46d7e9_46db18_46dc33_46dd1f (1 541.00 0 541.00 0 541.00){0.00 0.00 0.00 0.00 216.40 0}{216.40 0.00 0.00 0.00 432.80 0}{432.80 541.00 541.00 541.00 649.20 1}{649.20 0.00 0.00 0.00 865.60 0}{865.60 0.00 0.00 0.00 1082.00 0}
COMM 4b-1: 48253a_4828ba_4829f3_482ae7 (1 246.00 1 246.00 1 246.00){0.00 0.00 0.00 0.00 98.40 0}{98.40 0.00 0.00 0.00 196.80 0}{196.80 246.00 246.00 246.00 295.20 1}{295.20 0.00 0.00 0.00 393.60 0}{393.60 0.00 0.00 0.00 492.00 0}
COMM 4b-2: 48b495_48b719_48b7ed_48b8a6 (9 534.40 2 232.00 0 1611.00){0.00 232.00 265.25 456.00 644.40 8}{644.40 0.00 0.00 0.00 1288.80 0}{1288.80 1611.00 1611.00 1611.00 1933.20 1}{1933.20 0.00 0.00 0.00 2577.60 0}{2577.60 0.00 0.00 0.00 3222.00 0}
LOOP0: iter: ( 4 )[ 1 -1 0 1 0 ]( 2 )[ 1 -1 1 1 0 ] mem: ( 3 )[ 1 -1 0 1 0 ]( 1 )[ 1 -1 1 1 0 ]
10 2 
12 52020 
14 16 
1a ( 1 2 )[ 1 -1 0 1 0 ]
1a ( 3 2 )[ 1 -1 1 2 2 ]
1a ( 2 )[ 1 -1 2 1 0 ]
1b 0 

RANKS: 1 -1 0 2 1
EVENT9: 1090 47a406_47a7db_47a946_47aa67
COMP 4b-0: 48253a_4828ba_4829f3_482ae7 (5 12.00 0 9.00 0 16.00){0.00 0.00 0.00 0.00 6.40 0}{6.40 9.00 10.00 11.00 12.80 4}{12.80 16.00 16.00 16.00 19.20 1}{19.20 0.00 0.00 0.00 25.60 0}{25.60 0.00 0.00 0.00 32.00 0}
COMP 4c-0: 48253a_4828ba_4829f3_482ae7 (5 26.17 0 25.00 0 27.00){0.00 0.00 0.00 0.00 10.80 0}{10.80 0.00 0.00 0.00 21.60 0}{21.60 25.00 26.00 27.00 32.40 5}{32.40 0.00 0.00 0.00 43.20 0}{43.20 0.00 0.00 0.00 54.00 0}
COMM 4b-0: 48253a_4828ba_4829f3_482ae7 (5 2.67 0 2.00 0 4.00){0.00 0.00 0.00 0.00 1.60 0}{1.60 2.00 2.00 2.00 3.20 4}{3.20 4.00 4.00 4.00 4.80 1}{4.80 0.00 0.00 0.00 6.40 0}{6.40 0.00 0.00 0.00 8.00 0}
10 2 
12 52020 
14 16 
1b 0 
2b 2147483647 

RANKS: 1 -1 0 2 1
EVENT10: 1148 48b495_48b719_48b7ed_48b8a6
COMP 4b-0: 47a406_47a7db_47a946_47aa67 (5 11.17 0 9.00 0 15.00){0.00 0.00 0.00 0.00 6.00 0}{6.00 9.00 9.25 10.00 12.00 4}{12.00 15.00 15.00 15.00 18.00 1}{18.00 0.00 0.00 0.00 24.00 0}{24.00 0.00 0.00 0.00 30.00 0}
COMP 4c-0: 47a406_47a7db_47a946_47aa67 (5 26.00 0 25.00 0 27.00){0.00 0.00 0.00 0.00 10.80 0}{10.80 0.00 0.00 0.00 21.60 0}{21.60 25.00 25.80 27.00 32.40 5}{32.40 0.00 0.00 0.00 43.20 0}{43.20 0.00 0.00 0.00 54.00 0}
COMM 4b-0: 47a406_47a7db_47a946_47aa67 (5 565.83 1 459.00 0 707.00){0.00 0.00 0.00 0.00 282.80 0}{282.80 459.00 495.25 527.00 565.60 4}{565.60 707.00 707.00 707.00 848.40 1}{848.40 0.00 0.00 0.00 1131.20 0}{1131.20 0.00 0.00 0.00 1414.00 0}
1c 9999 

RANKS: 1 -1 0 4 1
EVENT11: 1004 46a96f_46accf_46ae12_46af04
COMP 4b-0: 48253a_4828ba_4829f3_482ae7 (2 45444.67 3 45414.00 2 45506.00){0.00 0.00 0.00 0.00 18165.60 0}{18165.60 0.00 0.00 0.00 36331.20 0}{36331.20 45414.00 45460.00 45506.00 54496.80 2}{54496.80 0.00 0.00 0.00 72662.40 0}{72662.40 0.00 0.00 0.00 90828.00 0}
COMP 4b-1: 48b495_48b719_48b7ed_48b8a6 (2 45654.00 1 45550.00 0 45706.00){0.00 0.00 0.00 0.00 18282.40 0}{18282.40 0.00 0.00 0.00 36564.80 0}{36564.80 45550.00 45628.00 45706.00 54847.20 2}{54847.20 0.00 0.00 0.00 73129.60 0}{73129.60 0.00 0.00 0.00 91412.00 0}
COMP 4c-0: 48253a_4828ba_4829f3_482ae7 (2 194756.00 2 194752.00 3 194758.00){0.00 0.00 0.00 0.00 77903.20 0}{77903.20 0.00 0.00 0.00 155806.40 0}{155806.40 194752.00 194755.00 194758.00 233709.60 2}{233709.60 0.00 0.00 0.00 311612.80 0}{311612.80 0.00 0.00 0.00 389516.00 0}
COMP 4c-1: 48b495_48b719_48b7ed_48b8a6 (2 194884.33 1 194881.00 0 194886.00){0.00 0.00 0.00 0.00 77954.40 0}{77954.40 0.00 0.00 0.00 155908.80 0}{155908.80 194881.00 194883.50 194886.00 233863.20 2}{233863.20 0.00 0.00 0.00 311817.60 0}{311817.60 0.00 0.00 0.00 389772.00 0}
COMM 4b-0: 48253a_4828ba_4829f3_482ae7 (2 366.67 2 262.00 3 419.00){0.00 0.00 0.00 0.00 167.60 0}{167.60 262.00 262.00 262.00 335.20 1}{335.20 419.00 419.00 419.00 502.80 1}{502.80 0.00 0.00 0.00 670.40 0}{670.40 0.00 0.00 0.00 838.00 0}
COMM 4b-1: 48b495_48b719_48b7ed_48b8a6 (2 134.00 0 39.00 1 324.00){0.00 0.00 0.00 0.00 15.60 0}{15.60 0.00 0.00 0.00 31.20 0}{31.20 39.00 39.00 39.00 62.40 1}{62.40 0.00 0.00 0.00 78.00 0}{78.00 324.00 324.00 324.00 570.00 1}
10 2 
12 5 
14 16 
18 3 

RANKS: 1 -1 0 4 1
EVENT12: 1010 46d300_46d535_46d5d9_46d655
COMP 4b-0: 46a96f_46accf_46ae12_46af04 (4 10.80 0 10.00 1 14.00){0.00 0.00 0.00 0.00 4.00 0}{4.00 0.00 0.00 0.00 8.00 0}{8.00 10.00 10.00 10.00 12.00 3}{12.00 14.00 14.00 14.00 16.00 1}{16.00 0.00 0.00 0.00 20.00 0}
COMP 4c-0: 46a96f_46accf_46ae12_46af04 (4 25.40 0 25.00 3 26.00){0.00 0.00 0.00 0.00 10.00 0}{10.00 0.00 0.00 0.00 20.00 0}{20.00 25.00 25.50 26.00 30.00 4}{30.00 0.00 0.00 0.00 40.00 0}{40.00 0.00 0.00 0.00 50.00 0}
COMM 4b-0: 46a96f_46accf_46ae12_46af04 (4 193.20 1 142.00 3 273.00){0.00 0.00 0.00 0.00 75.20 0}{75.20 142.00 142.00 142.00 150.40 1}{150.40 175.00 181.50 188.00 225.60 2}{225.60 273.00 273.00 273.00 300.80 1}{300.80 0.00 0.00 0.00 376.00 0}
10 2 

RANKS: 1 -1 1 3 1
EVENT13: 1102 47da79_47de3e_47dfa8_47e0c7
COMP 4b-0: 46d300_46d535_46d5d9_46d655 (3 2132.25 2 2122.00 3 2161.00){0.00 0.00 0.00 0.00 849.20 0}{849.20 0.00 0.00 0.00 1698.40 0}{1698.40 2122.00 2135.33 2161.00 2547.60 3}{2547.60 0.00 0.00 0.00 3396.80 0}{3396.80 0.00 0.00 0.00 4246.00 0}
COMP 4b-1: 47da79_47de3e_47dfa8_47e0c7 (199 437.92 3 10.00 3 884.00){0.00 0.00 0.00 0.00 4.40 0}{4.40 0.00 0.00 0.00 8.80 0}{8.80 10.00 11.01 16.00 17.60 100}{17.60 0.00 0.00 0.00 22.00 0}{22.00 870.00 873.44 884.00 1736.00 99}
COMP 4b-2: 48253a_4828ba_4829f3_482ae7 (398 373.42 1 357.00 1 398.00){0.00 0.00 0.00 0.00 154.00 0}{154.00 0.00 0.00 0.00 308.00 0}{308.00 357.00 373.39 398.00 462.00 398}{462.00 0.00 0.00 0.00 616.00 0}{616.00 0.00 0.00 0.00 770.00 0}
COMP 4c-0: 46d300_46d535_46d5d9_46d655 (3 12722.00 1 12722.00 1 12722.00){0.00 0.00 0.00 0.00 5088.80 0}{5088.80 0.00 0.00 0.00 10177.60 0}{10177.60 12722.00 12722.00 12722.00 15266.40 3}{15266.40 0.00 0.00 0.00 20355.20 0}{20355.20 0.00 0.00 0.00 25444.00 0}
COMP 4c-1: 47da79_47de3e_47dfa8_47e0c7 (199 1802.57 3 27.00 3 3612.00){0.00 0.00 0.00 0.00 10.80 0}{10.80 0.00 0.00 0.00 21.60 0}{21.60 27.00 28.98 29.00 43.20 100}{43.20 0.00 0.00 0.00 54.00 0}{54.00 3612.00 3612.00 3612.00 7170.00 99}
COMP 4c-2: 48253a_4828ba_4829f3_482ae7 (398 1874.85 1 1824.00 1 1925.00){0.00 0.00 0.00 0.00 768.80 0}{768.80 0.00 0.00 0.00 1537.60 0}{1537.60 1824.00 1874.73 1925.00 2306.40 398}{2306.40 0.00 0.00 0.00 3075.20 0}{3075.20 0.00 0.00 0.00 3844.00 0}
COMM 4b-0: 46d300_46d535_46d5d9_46d655 (3 668.00 2 537.00 3 1011.00){0.00 0.00 0.00 0.00 224.80 0}{224.80 0.00 0.00 0.00 449.60 0}{449.60 537.00 549.50 562.00 674.40 2}{674.40 0.00 0.00 0.00 899.20 0}{899.20 1011.00 1011.00 1011.00 1124.00 1}
COMM 4b-1: 47da79_47de3e_47dfa8_47e0c7 (199 5.41 3 1.00 3 173.00){0.00 1.00 1.00 1.00 1.60 33}{1.60 2.00 2.90 4.00 4.00 113}{4.00 5.00 5.13 6.00 6.00 31}{6.00 7.00 18.38 99.00 142.00 21}{142.00 173.00 173.00 173.00 204.00 1}
COMM 4b-2: 48253a_4828ba_4829f3_482ae7 (398 11.02 1 2.00 1 1113.00){0.00 2.00 2.00 2.00 2.40 12}{2.40 3.00 3.00 3.00 3.60 71}{3.60 3.77 3.97 6.00 6.00 296}{6.00 7.00 38.12 126.00 152.00 16}{152.00 164.00 790.67 1113.00 2074.00 3}
LOOP0: iter: ( 200 )[ 1 -1 1 3 1 ] mem: ( 2 )[ 1 -1 1 2 1 ]( 1 )[ 1 -1 3 1 0 ]
10 2 
12 250 
14 16 
1b 0 
2b ( 3 3 3 3 3 3 3 3 3 3 3 3 3 3 3 3 3 3 3 3 3 3 3 3 3 3 3 3 3 3 3 3 3 3 3 3 3 3 3 3 3 3 3 3 3 3 3 3 3 3 3 3 3 3 3 3 3 3 3 3 3 3 3 3 3 3 3 3 3 3 3 3 3 3 3 3 3 3 3 3 3 3 3 3 3 3 3 3 3 3 3 3 3 3 3 3 3 3 3 3 2 2 2 2 2 2 2 2 2 2 2 2 2 2 2 2 2 2 2 2 2 2 2 2 2 2 2 2 2 2 2 2 2 2 2 2 2 2 2 2 2 2 2 2 2 2 2 2 2 2 2 2 2 2 2 2 2 2 2 2 2 2 2 2 2 2 2 2 2 2 2 2 2 2 2 2 2 2 2 2 2 2 2 2 2 2 2 2 2 2 2 2 2 2 2 2 2 2 2 2 )[ 1 -1 1 1 0 ]
2b ( 3 2 )[ 1 -1 3 1 0 ]
2b ( 2 2 2 2 2 2 2 2 2 2 2 2 2 2 2 2 2 2 2 2 2 2 2 2 2 2 2 2 2 2 2 2 2 2 2 2 2 2 2 2 2 2 2 2 2 2 2 2 2 2 2 2 2 2 2 2 2 2 2 2 2 2 2 2 2 2 2 2 2 2 2 2 2 2 2 2 2 2 2 2 2 2 2 2 2 2 2 2 2 2 2 2 2 2 2 2 2 2 2 2 1 1 1 1 1 1 1 1 1 1 1 1 1 1 1 1 1 1 1 1 1 1 1 1 1 1 1 1 1 1 1 1 1 1 1 1 1 1 1 1 1 1 1 1 1 1 1 1 1 1 1 1 1 1 1 1 1 1 1 1 1 1 1 1 1 1 1 1 1 1 1 1 1 1 1 1 1 1 1 1 1 1 1 1 1 1 1 1 1 1 1 1 1 1 1 1 1 1 1 1 )[ 1 -1 2 1 0 ]

RANKS: 1 -1 2 1 0
EVENT14: 1113 48253a_4828ba_4829f3_482ae7
COMP 4b-0: 47da79_47de3e_47dfa8_47e0c7 (200 486.31 2 468.00 2 522.00){0.00 0.00 0.00 0.00 203.60 0}{203.60 0.00 0.00 0.00 407.20 0}{407.20 468.00 486.19 522.00 610.80 200}{610.80 0.00 0.00 0.00 814.40 0}{814.40 0.00 0.00 0.00 1018.00 0}
COMP 4c-0: 47da79_47de3e_47dfa8_47e0c7 (200 1702.62 2 1690.00 2 1716.00){0.00 0.00 0.00 0.00 686.40 0}{686.40 0.00 0.00 0.00 1372.80 0}{1372.80 1690.00 1702.55 1716.00 2059.20 200}{2059.20 0.00 0.00 0.00 2745.60 0}{2745.60 0.00 0.00 0.00 3432.00 0}
COMM 4b-0: 47da79_47de3e_47dfa8_47e0c7 (200 3.61 2 2.00 2 99.00){0.00 2.00 2.00 2.00 2.80 27}{2.80 3.00 3.01 4.00 5.60 167}{5.60 7.00 7.00 7.00 11.20 1}{11.20 12.00 13.00 14.00 14.00 3}{14.00 16.00 57.50 99.00 184.00 2}
10 2 
12 250 
14 16 
1a 1 1 1 1 1 1 1 1 1 1 1 1 1 1 1 1 1 1 1 1 1 1 1 1 1 1 1 1 1 1 1 1 1 1 1 1 1 1 1 1 1 1 1 1 1 1 1 1 1 1 1 1 1 1 1 1 1 1 1 1 1 1 1 1 1 1 1 1 1 1 1 1 1 1 1 1 1 1 1 1 1 1 1 1 1 1 1 1 1 1 1 1 1 1 1 1 1 1 1 1 2 2 2 2 2 2 2 2 2 2 2 2 2 2 2 2 2 2 2 2 2 2 2 2 2 2 2 2 2 2 2 2 2 2 2 2 2 2 2 2 2 2 2 2 2 2 2 2 2 2 2 2 2 2 2 2 2 2 2 2 2 2 2 2 2 2 2 2 2 2 2 2 2 2 2 2 2 2 2 2 2 2 2 2 2 2 2 2 2 2 2 2 2 2 2 2 2 2 2 2 
1b 0 

RANKS: 1 -1 0 4 1
EVENT15: 1113 48253a_4828ba_4829f3_482ae7
COMP 4b-0: 46a96f_46accf_46ae12_46af04 (1 117612.00 2 117612.00 2 117612.00){0.00 0.00 0.00 0.00 47044.80 0}{47044.80 0.00 0.00 0.00 94089.60 0}{94089.60 117612.00 117612.00 117612.00 141134.40 1}{141134.40 0.00 0.00 0.00 188179.20 0}{188179.20 0.00 0.00 0.00 235224.00 0}
COMP 4b-1: 46d300_46d535_46d5d9_46d655 (1 2616.00 0 2616.00 0 2616.00){0.00 0.00 0.00 0.00 1046.40 0}{1046.40 0.00 0.00 0.00 2092.80 0}{2092.80 2616.00 2616.00 2616.00 3139.20 1}{3139.20 0.00 0.00 0.00 4185.60 0}{4185.60 0.00 0.00 0.00 5232.00 0}
COMP 4b-2: 47da79_47de3e_47dfa8_47e0c7 (201 490.99 1 468.00 3 1345.00){0.00 0.00 0.00 0.00 204.80 0}{204.80 0.00 0.00 0.00 409.60 0}{409.60 468.00 485.93 520.00 614.40 199}{614.40 622.00 622.00 622.00 1024.00 1}{1024.00 1345.00 1345.00 1345.00 1666.00 1}
COMP 4b-3: 48253a_4828ba_4829f3_482ae7 (399 437.23 0 9.00 2 5361.00){0.00 0.00 0.00 0.00 3.60 0}{3.60 0.00 0.00 0.00 7.20 0}{7.20 9.00 10.03 12.00 18.00 200}{18.00 811.00 846.04 929.00 1730.00 198}{1730.00 5361.00 5361.00 5361.00 8992.00 1}
COMP 4c-0: 46a96f_46accf_46ae12_46af04 (1 555451.00 2 555451.00 2 555451.00){0.00 0.00 0.00 0.00 222180.40 0}{222180.40 0.00 0.00 0.00 444360.80 0}{444360.80 555451.00 555451.00 555451.00 666541.20 1}{666541.20 0.00 0.00 0.00 888721.60 0}{888721.60 0.00 0.00 0.00 1110902.00 0}
COMP 4c-1: 46d300_46d535_46d5d9_46d655 (1 14410.00 0 14410.00 0 14410.00){0.00 0.00 0.00 0.00 5764.00 0}{5764.00 0.00 0.00 0.00 11528.00 0}{11528.00 14410.00 14410.00 14410.00 17292.00 1}{17292.00 0.00 0.00 0.00 23056.00 0}{23056.00 0.00 0.00 0.00 28820.00 0}
COMP 4c-2: 47da79_47de3e_47dfa8_47e0c7 (201 1719.82 1 1690.00 3 5175.00){0.00 0.00 0.00 0.00 686.40 0}{686.40 0.00 0.00 0.00 1372.80 0}{1372.80 1690.00 1702.56 1716.00 2745.60 200}{2745.60 0.00 0.00 0.00 3432.00 0}{3432.00 5175.00 5175.00 5175.00 6918.00 1}
COMP 4c-3: 48253a_4828ba_4829f3_482ae7 (399 1830.84 0 27.00 2 23720.00){0.00 0.00 0.00 0.00 10.80 0}{10.80 0.00 0.00 0.00 21.60 0}{21.60 27.00 28.97 29.00 54.00 200}{54.00 3486.00 3549.47 3613.00 7170.00 198}{7170.00 23720.00 23720.00 23720.00 40270.00 1}
COMM 4b-0: 46a96f_46accf_46ae12_46af04 (1 247.00 2 247.00 2 247.00){0.00 0.00 0.00 0.00 98.80 0}{98.80 0.00 0.00 0.00 197.60 0}{197.60 247.00 247.00 247.00 296.40 1}{296.40 0.00 0.00 0.00 395.20 0}{395.20 0.00 0.00 0.00 494.00 0}
COMM 4b-1: 46d300_46d535_46d5d9_46d655 (1 10.00 0 10.00 0 10.00){0.00 0.00 0.00 0.00 4.00 0}{4.00 0.00 0.00 0.00 8.00 0}{8.00 10.00 10.00 10.00 12.00 1}{12.00 0.00 0.00 0.00 16.00 0}{16.00 0.00 0.00 0.00 20.00 0}
COMM 4b-2: 47da79_47de3e_47dfa8_47e0c7 (201 3.57 1 2.00 1 101.00){0.00 2.00 2.00 2.00 2.80 39}{2.80 3.00 3.01 4.00 5.60 154}{5.60 6.00 7.75 11.00 11.20 4}{11.20 12.00 13.00 14.00 14.00 2}{14.00 15.00 58.00 101.00 188.00 2}
COMM 4b-3: 48253a_4828ba_4829f3_482ae7 (399 4.21 0 1.00 2 246.00){0.00 1.00 1.00 1.00 1.60 33}{1.60 2.00 2.00 2.00 2.40 208}{2.40 3.00 3.01 4.00 4.00 146}{4.00 12.00 49.91 109.00 214.00 11}{214.00 246.00 246.00 246.00 278.00 1}
LOOP0: iter: ( 200 )[ 1 -1 0 2 3 ]( 2 )[ 1 -1 2 1 0 ] mem: ( 1 )[ 1 -1 0 2 3 ]( 5 )[ 1 -1 2 1 0 ]
10 2 
12 ( 250 )[ 2 -1 0 2 1 -1 3 1 0 ]
12 ( 52020 )[ 1 -1 2 1 0 ]
14 16 
1a ( 1 2 )[ 1 -1 0 1 0 ]
1a ( 2 2 2 2 2 2 2 2 2 2 2 2 2 2 2 2 2 2 2 2 2 2 2 2 2 2 2 2 2 2 2 2 2 2 2 2 2 2 2 2 2 2 2 2 2 2 2 2 2 2 2 2 2 2 2 2 2 2 2 2 2 2 2 2 2 2 2 2 2 2 2 2 2 2 2 2 2 2 2 2 2 2 2 2 2 2 2 2 2 2 2 2 2 2 2 2 2 2 2 2 3 3 3 3 3 3 3 3 3 3 3 3 3 3 3 3 3 3 3 3 3 3 3 3 3 3 3 3 3 3 3 3 3 3 3 3 3 3 3 3 3 3 3 3 3 3 3 3 3 3 3 3 3 3 3 3 3 3 3 3 3 3 3 3 3 3 3 3 3 3 3 3 3 3 3 3 3 3 3 3 3 3 3 3 3 3 3 3 3 3 3 3 3 3 3 3 3 3 3 3 )[ 1 -1 1 1 0 ]
1a ( 3 2 )[ 1 -1 3 1 0 ]
1a ( 1 )[ 1 -1 2 1 0 ]
1b 0 

RANKS: 1 -1 0 1 0
EVENT16: 1102 47da79_47de3e_47dfa8_47e0c7
COMP 4b-0: 47da79_47de3e_47dfa8_47e0c7 (199 410.76 0 10.00 0 857.00){0.00 0.00 0.00 0.00 4.00 0}{4.00 0.00 0.00 0.00 8.00 0}{8.00 10.00 10.98 13.00 16.00 100}{16.00 0.00 0.00 0.00 20.00 0}{20.00 814.00 818.63 857.00 1694.00 99}
COMP 4b-1: 48253a_4828ba_4829f3_482ae7 (1 369.00 0 369.00 0 369.00){0.00 0.00 0.00 0.00 147.60 0}{147.60 0.00 0.00 0.00 295.20 0}{295.20 369.00 369.00 369.00 442.80 1}{442.80 0.00 0.00 0.00 590.40 0}{590.40 0.00 0.00 0.00 738.00 0}
COMP 4c-0: 47da79_47de3e_47dfa8_47e0c7 (199 1740.64 0 27.00 0 3487.00){0.00 0.00 0.00 0.00 10.80 0}{10.80 0.00 0.00 0.00 21.60 0}{21.60 27.00 28.98 29.00 43.20 100}{43.20 0.00 0.00 0.00 54.00 0}{54.00 3486.00 3486.90 3487.00 6918.00 99}
COMP 4c-1: 48253a_4828ba_4829f3_482ae7 (1 1823.00 0 1823.00 0 1823.00){0.00 0.00 0.00 0.00 729.20 0}{729.20 0.00 0.00 0.00 1458.40 0}{1458.40 1823.00 1823.00 1823.00 2187.60 1}{2187.60 0.00 0.00 0.00 2916.80 0}{2916.80 0.00 0.00 0.00 3646.00 0}
COMM 4b-0: 47da79_47de3e_47dfa8_47e0c7 (199 7.17 0 1.00 0 341.00){0.00 0.00 0.00 0.00 0.80 0}{0.80 1.00 1.00 1.00 1.60 62}{1.60 2.00 2.86 4.00 4.00 69}{4.00 5.00 5.25 6.00 6.00 20}{6.00 7.00 22.25 341.00 676.00 48}
COMM 4b-1: 48253a_4828ba_4829f3_482ae7 (1 2259.00 0 2259.00 0 2259.00){0.00 0.00 0.00 0.00 903.60 0}{903.60 0.00 0.00 0.00 1807.20 0}{1807.20 2259.00 2259.00 2259.00 2710.80 1}{2710.80 0.00 0.00 0.00 3614.40 0}{3614.40 0.00 0.00 0.00 4518.00 0}
LOOP0: iter: ( 200 )[ 1 -1 0 1 0 ] mem: ( 1 )[ 1 -1 0 1 0 ]
10 2 
12 250 
14 16 
1b 0 
2b 1 2 

RANKS: 1 -1 1 3 1
EVENT17: 1090 47a406_47a7db_47a946_47aa67
COMP 4b-0: 46a96f_46accf_46ae12_46af04 (2 117454.67 1 117436.00 3 117492.00){0.00 0.00 0.00 0.00 46974.40 0}{46974.40 0.00 0.00 0.00 93948.80 0}{93948.80 117436.00 117464.00 117492.00 140923.20 2}{140923.20 0.00 0.00 0.00 187897.60 0}{187897.60 0.00 0.00 0.00 234872.00 0}
COMP 4b-1: 48253a_4828ba_4829f3_482ae7 (6 8312.00 2 10.00 3 21213.00){0.00 10.00 10.00 10.00 2098.40 2}{2098.40 0.00 0.00 0.00 4196.80 0}{4196.80 5246.00 5249.00 5252.00 8393.60 2}{8393.60 0.00 0.00 0.00 10492.00 0}{10492.00 21207.00 21210.00 21213.00 31934.00 2}
COMP 4b-2: 48b495_48b719_48b7ed_48b8a6 (2 21343.33 2 21328.00 2 21351.00){0.00 0.00 0.00 0.00 8540.40 0}{8540.40 0.00 0.00 0.00 17080.80 0}{17080.80 21328.00 21339.50 21351.00 25621.20 2}{25621.20 0.00 0.00 0.00 34161.60 0}{34161.60 0.00 0.00 0.00 42702.00 0}
COMP 4c-0: 46a96f_46accf_46ae12_46af04 (2 555282.33 1 555277.00 3 555293.00){0.00 0.00 0.00 0.00 222110.80 0}{222110.80 0.00 0.00 0.00 444221.60 0}{444221.60 555277.00 555285.00 555293.00 666332.40 2}{666332.40 0.00 0.00 0.00 888443.20 0}{888443.20 0.00 0.00 0.00 1110554.00 0}
COMP 4c-1: 48253a_4828ba_4829f3_482ae7 (6 36804.29 2 25.00 3 93493.00){0.00 25.00 25.50 26.00 9412.80 2}{9412.80 0.00 0.00 0.00 18825.60 0}{18825.60 23529.00 23530.50 23532.00 37651.20 2}{37651.20 0.00 0.00 0.00 47064.00 0}{47064.00 93493.00 93493.00 93493.00 139922.00 2}
COMP 4c-2: 48b495_48b719_48b7ed_48b8a6 (2 93606.00 2 93606.00 2 93606.00){0.00 0.00 0.00 0.00 37442.40 0}{37442.40 0.00 0.00 0.00 74884.80 0}{74884.80 93606.00 93606.00 93606.00 112327.20 2}{112327.20 0.00 0.00 0.00 149769.60 0}{149769.60 0.00 0.00 0.00 187212.00 0}
COMM 4b-0: 46a96f_46accf_46ae12_46af04 (2 2.67 3 2.00 1 3.00){0.00 0.00 0.00 0.00 1.20 0}{1.20 2.00 2.00 2.00 2.40 1}{2.40 3.00 3.00 3.00 3.60 1}{3.60 0.00 0.00 0.00 4.80 0}{4.80 0.00 0.00 0.00 6.00 0}
COMM 4b-1: 48253a_4828ba_4829f3_482ae7 (6 2.29 1 2.00 3 3.00){0.00 0.00 0.00 0.00 0.80 0}{0.80 0.00 0.00 0.00 1.60 0}{1.60 2.00 2.00 2.00 2.40 4}{2.40 3.00 3.00 3.00 3.20 2}{3.20 0.00 0.00 0.00 4.00 0}
COMM 4b-2: 48b495_48b719_48b7ed_48b8a6 (2 3.00 2 3.00 2 3.00){0.00 0.00 0.00 0.00 1.20 0}{1.20 0.00 0.00 0.00 2.40 0}{2.40 3.00 3.00 3.00 3.60 2}{3.60 0.00 0.00 0.00 4.80 0}{4.80 0.00 0.00 0.00 6.00 0}
LOOP0: iter: ( 2 )[ 1 -1 1 3 1 ] mem: ( 6 )[ 1 -1 1 1 0 ]( 4 )[ 1 -1 3 1 0 ]( 2 )[ 1 -1 2 1 0 ]
LOOP1: iter: ( 2 )[ 1 -1 3 1 0 ] mem: ( 3 )[ 1 -1 3 1 0 ]
10 2 
12 52020 
14 16 
1b 0 
2b 2147483647 

RANKS: 1 -1 1 3 1
EVENT18: 1148 48b495_48b719_48b7ed_48b8a6
COMP 4b-0: 47a406_47a7db_47a946_47aa67 (10 9.64 1 9.00 2 11.00){0.00 0.00 0.00 0.00 3.60 0}{3.60 0.00 0.00 0.00 7.20 0}{7.20 9.00 9.56 10.00 10.80 9}{10.80 11.00 11.00 11.00 14.40 1}{14.40 0.00 0.00 0.00 18.00 0}
COMP 4c-0: 47a406_47a7db_47a946_47aa67 (10 25.64 1 25.00 1 26.00){0.00 0.00 0.00 0.00 10.00 0}{10.00 0.00 0.00 0.00 20.00 0}{20.00 25.00 25.70 26.00 30.00 10}{30.00 0.00 0.00 0.00 40.00 0}{40.00 0.00 0.00 0.00 50.00 0}
COMM 4b-0: 47a406_47a7db_47a946_47aa67 (10 910.36 3 331.00 3 1874.00){0.00 0.00 0.00 0.00 324.40 0}{324.40 331.00 432.33 490.00 648.80 3}{648.80 811.00 879.33 916.00 973.20 3}{973.20 1106.00 1131.33 1166.00 1622.00 3}{1622.00 1874.00 1874.00 1874.00 2126.00 1}
1c 9999 

RANKS: 1 -1 0 4 1
EVENT19: 1113 48253a_4828ba_4829f3_482ae7
COMP 4b-0: 46a96f_46accf_46ae12_46af04 (1 118425.00 0 118425.00 0 118425.00){0.00 0.00 0.00 0.00 47370.00 0}{47370.00 0.00 0.00 0.00 94740.00 0}{94740.00 118425.00 118425.00 118425.00 142110.00 1}{142110.00 0.00 0.00 0.00 189480.00 0}{189480.00 0.00 0.00 0.00 236850.00 0}
COMP 4b-1: 47da79_47de3e_47dfa8_47e0c7 (1 5827.00 0 5827.00 0 5827.00){0.00 0.00 0.00 0.00 2330.80 0}{2330.80 0.00 0.00 0.00 4661.60 0}{4661.60 5827.00 5827.00 5827.00 6992.40 1}{6992.40 0.00 0.00 0.00 9323.20 0}{9323.20 0.00 0.00 0.00 11654.00 0}
COMP 4b-2: 48253a_4828ba_4829f3_482ae7 (2 21318.00 1 21302.00 1 21326.00){0.00 0.00 0.00 0.00 8530.40 0}{8530.40 0.00 0.00 0.00 17060.80 0}{17060.80 21302.00 21314.00 21326.00 25591.20 2}{25591.20 0.00 0.00 0.00 34121.60 0}{34121.60 0.00 0.00 0.00 42652.00 0}
COMP 4b-3: 48b495_48b719_48b7ed_48b8a6 (10 6058.09 3 227.00 0 21479.00){0.00 227.00 280.88 345.00 8591.60 8}{8591.60 0.00 0.00 0.00 17183.20 0}{17183.20 21434.00 21456.50 21479.00 25774.80 2}{25774.80 0.00 0.00 0.00 34366.40 0}{34366.40 0.00 0.00 0.00 42958.00 0}
COMP 4c-0: 46a96f_46accf_46ae12_46af04 (1 555434.00 0 555434.00 0 555434.00){0.00 0.00 0.00 0.00 222173.60 0}{222173.60 0.00 0.00 0.00 444347.20 0}{444347.20 555434.00 555434.00 555434.00 666520.80 1}{666520.80 0.00 0.00 0.00 888694.40 0}{888694.40 0.00 0.00 0.00 1110868.00 0}
COMP 4c-1: 47da79_47de3e_47dfa8_47e0c7 (1 25381.00 0 25381.00 0 25381.00){0.00 0.00 0.00 0.00 10152.40 0}{10152.40 0.00 0.00 0.00 20304.80 0}{20304.80 25381.00 25381.00 25381.00 30457.20 1}{30457.20 0.00 0.00 0.00 40609.60 0}{40609.60 0.00 0.00 0.00 50762.00 0}
COMP 4c-2: 48253a_4828ba_4829f3_482ae7 (2 93676.00 1 93676.00 1 93676.00){0.00 0.00 0.00 0.00 37470.40 0}{37470.40 0.00 0.00 0.00 74940.80 0}{74940.80 93676.00 93676.00 93676.00 112411.20 2}{112411.20 0.00 0.00 0.00 149881.60 0}{149881.60 0.00 0.00 0.00 187352.00 0}
COMP 4c-3: 48b495_48b719_48b7ed_48b8a6 (10 25857.00 1 382.00 0 93789.00){0.00 382.00 382.50 384.00 37515.60 8}{37515.60 0.00 0.00 0.00 75031.20 0}{75031.20 93789.00 93789.00 93789.00 112546.80 2}{112546.80 0.00 0.00 0.00 150062.40 0}{150062.40 0.00 0.00 0.00 187578.00 0}
COMM 4b-0: 46a96f_46accf_46ae12_46af04 (1 242.00 0 242.00 0 242.00){0.00 0.00 0.00 0.00 96.80 0}{96.80 0.00 0.00 0.00 193.60 0}{193.60 242.00 242.00 242.00 290.40 1}{290.40 0.00 0.00 0.00 387.20 0}{387.20 0.00 0.00 0.00 484.00 0}
COMM 4b-1: 47da79_47de3e_47dfa8_47e0c7 (1 240.00 0 240.00 0 240.00){0.00 0.00 0.00 0.00 96.00 0}{96.00 0.00 0.00 0.00 192.00 0}{192.00 240.00 240.00 240.00 288.00 1}{288.00 0.00 0.00 0.00 384.00 0}{384.00 0.00 0.00 0.00 480.00 0}
COMM 4b-2: 48253a_4828ba_4829f3_482ae7 (2 245.00 1 243.00 1 246.00){0.00 0.00 0.00 0.00 98.40 0}{98.40 0.00 0.00 0.00 196.80 0}{196.80 243.00 244.50 246.00 295.20 2}{295.20 0.00 0.00 0.00 393.60 0}{393.60 0.00 0.00 0.00 492.00 0}
COMM 4b-3: 48b495_48b719_48b7ed_48b8a6 (10 234.82 1 230.00 0 241.00){0.00 0.00 0.00 0.00 96.40 0}{96.40 0.00 0.00 0.00 192.80 0}{192.80 230.00 234.20 241.00 289.20 10}{289.20 0.00 0.00 0.00 385.60 0}{385.60 0.00 0.00 0.00 482.00 0}
LOOP0: iter: ( 2 )[ 1 -1 0 2 1 ] mem: ( 4 )[ 1 -1 0 1 0 ]( 1 )[ 1 -1 1 1 0 ]
LOOP1: iter: ( 2 )[ 1 -1 0 1 0 ] mem: ( 3 )[ 1 -1 0 1 0 ]
10 2 
12 52020 
14 16 
1a ( 1 2 )[ 1 -1 0 1 0 ]
1a ( 3 2 )[ 1 -1 1 2 2 ]
1a ( 2 )[ 1 -1 2 1 0 ]
1b 0 

RANKS: 1 -1 0 2 1
EVENT20: 1090 47a406_47a7db_47a946_47aa67
COMP 4b-0: 48253a_4828ba_4829f3_482ae7 (6 10.29 0 9.00 1 12.00){0.00 0.00 0.00 0.00 4.00 0}{4.00 0.00 0.00 0.00 8.00 0}{8.00 9.00 10.33 12.00 12.00 6}{12.00 0.00 0.00 0.00 16.00 0}{16.00 0.00 0.00 0.00 20.00 0}
COMP 4c-0: 48253a_4828ba_4829f3_482ae7 (6 26.14 0 25.00 1 27.00){0.00 0.00 0.00 0.00 10.40 0}{10.40 0.00 0.00 0.00 20.80 0}{20.80 25.00 26.17 27.00 31.20 6}{31.20 0.00 0.00 0.00 41.60 0}{41.60 0.00 0.00 0.00 52.00 0}
COMM 4b-0: 48253a_4828ba_4829f3_482ae7 (6 1.86 0 1.00 0 2.00){0.00 0.00 0.00 0.00 0.80 0}{0.80 1.00 1.00 1.00 1.60 1}{1.60 2.00 2.00 2.00 2.40 5}{2.40 0.00 0.00 0.00 3.20 0}{3.20 0.00 0.00 0.00 4.00 0}
10 2 
12 52020 
14 16 
1b 0 
2b 2147483647 

RANKS: 1 -1 0 2 1
EVENT21: 1148 48b495_48b719_48b7ed_48b8a6
COMP 4b-0: 47a406_47a7db_47a946_47aa67 (6 9.57 0 9.00 1 11.00){0.00 0.00 0.00 0.00 3.60 0}{3.60 0.00 0.00 0.00 7.20 0}{7.20 9.00 9.40 10.00 10.80 5}{10.80 11.00 11.00 11.00 14.40 1}{14.40 0.00 0.00 0.00 18.00 0}
COMP 4c-0: 47a406_47a7db_47a946_47aa67 (6 26.00 0 26.00 0 26.00){0.00 0.00 0.00 0.00 10.40 0}{10.40 0.00 0.00 0.00 20.80 0}{20.80 26.00 26.00 26.00 31.20 6}{31.20 0.00 0.00 0.00 41.60 0}{41.60 0.00 0.00 0.00 52.00 0}
COMM 4b-0: 47a406_47a7db_47a946_47aa67 (6 432.14 1 350.00 0 506.00){0.00 0.00 0.00 0.00 193.60 0}{193.60 350.00 365.00 380.00 387.20 2}{387.20 402.00 452.75 506.00 580.80 4}{580.80 0.00 0.00 0.00 774.40 0}{774.40 0.00 0.00 0.00 968.00 0}
1c 9999 

RANKS: 1 -1 0 4 1
EVENT22: 1004 46a96f_46accf_46ae12_46af04
COMP 4b-0: 48253a_4828ba_4829f3_482ae7 (4 44441.60 3 43676.00 2 45676.00){0.00 0.00 0.00 0.00 17470.40 0}{17470.40 0.00 0.00 0.00 34940.80 0}{34940.80 43676.00 44633.00 45676.00 52411.20 4}{52411.20 0.00 0.00 0.00 69881.60 0}{69881.60 0.00 0.00 0.00 87352.00 0}
COMP 4b-1: 48b495_48b719_48b7ed_48b8a6 (4 44589.40 1 43759.00 0 45638.00){0.00 0.00 0.00 0.00 17617.20 0}{17617.20 0.00 0.00 0.00 35234.40 0}{35234.40 43759.00 44726.00 45638.00 52851.60 4}{52851.60 0.00 0.00 0.00 70468.80 0}{70468.80 0.00 0.00 0.00 88086.00 0}
COMP 4c-0: 48253a_4828ba_4829f3_482ae7 (4 188276.80 2 183955.00 3 194757.00){0.00 0.00 0.00 0.00 73584.00 0}{73584.00 0.00 0.00 0.00 147168.00 0}{147168.00 183955.00 189356.00 194757.00 220752.00 4}{220752.00 0.00 0.00 0.00 294336.00 0}{294336.00 0.00 0.00 0.00 367920.00 0}
COMP 4c-1: 48b495_48b719_48b7ed_48b8a6 (4 188404.80 1 184084.00 0 194884.00){0.00 0.00 0.00 0.00 73635.20 0}{73635.20 0.00 0.00 0.00 147270.40 0}{147270.40 184084.00 189484.00 194884.00 220905.60 4}{220905.60 0.00 0.00 0.00 294540.80 0}{294540.80 0.00 0.00 0.00 368176.00 0}
COMM 4b-0: 48253a_4828ba_4829f3_482ae7 (4 352.20 2 25.00 3 511.00){0.00 25.00 25.00 25.00 204.40 1}{204.40 323.00 357.00 391.00 408.80 2}{408.80 511.00 511.00 511.00 613.20 1}{613.20 0.00 0.00 0.00 817.60 0}{817.60 0.00 0.00 0.00 1022.00 0}
COMM 4b-1: 48b495_48b719_48b7ed_48b8a6 (4 192.80 0 26.00 1 483.00){0.00 0.00 0.00 0.00 10.40 0}{10.40 0.00 0.00 0.00 20.80 0}{20.80 26.00 26.00 26.00 41.60 1}{41.60 51.00 51.00 51.00 52.00 1}{52.00 378.00 430.50 483.00 704.00 2}
10 2 
12 1 5 
14 16 
18 1 3 

RANKS: 1 -1 0 4 1
EVENT23: 1010 46d300_46d535_46d5d9_46d655
COMP 4b-0: 46a96f_46accf_46ae12_46af04 (4 14.40 3 13.00 3 16.00){0.00 0.00 0.00 0.00 5.60 0}{5.60 0.00 0.00 0.00 11.20 0}{11.20 13.00 14.50 16.00 16.80 4}{16.80 0.00 0.00 0.00 22.40 0}{22.40 0.00 0.00 0.00 28.00 0}
COMP 4c-0: 46a96f_46accf_46ae12_46af04 (4 34.00 0 33.00 3 36.00){0.00 0.00 0.00 0.00 13.20 0}{13.20 0.00 0.00 0.00 26.40 0}{26.40 33.00 34.25 36.00 39.60 4}{39.60 0.00 0.00 0.00 52.80 0}{52.80 0.00 0.00 0.00 66.00 0}
COMM 4b-0: 46a96f_46accf_46ae12_46af04 (4 17.60 1 6.00 3 32.00){0.00 6.00 7.00 8.00 8.40 2}{8.40 0.00 0.00 0.00 16.80 0}{16.80 21.00 21.00 21.00 25.20 1}{25.20 32.00 32.00 32.00 33.60 1}{33.60 0.00 0.00 0.00 42.00 0}
10 2 

RANKS: 1 -1 2 1 0
EVENT24: 1102 47da79_47de3e_47dfa8_47e0c7
COMP 4b-0: 46d300_46d535_46d5d9_46d655 (1 2053.00 2 2053.00 2 2053.00){0.00 0.00 0.00 0.00 821.20 0}{821.20 0.00 0.00 0.00 1642.40 0}{1642.40 2053.00 2053.00 2053.00 2463.60 1}{2463.60 0.00 0.00 0.00 3284.80 0}{3284.80 0.00 0.00 0.00 4106.00 0}
COMP 4b-1: 48253a_4828ba_4829f3_482ae7 (199 376.42 2 358.00 2 501.00){0.00 0.00 0.00 0.00 153.20 0}{153.20 0.00 0.00 0.00 306.40 0}{306.40 358.00 374.51 440.00 459.60 196}{459.60 498.00 499.67 501.00 612.80 3}{612.80 0.00 0.00 0.00 766.00 0}
COMP 4c-0: 46d300_46d535_46d5d9_46d655 (1 12717.00 2 12717.00 2 12717.00){0.00 0.00 0.00 0.00 5086.80 0}{5086.80 0.00 0.00 0.00 10173.60 0}{10173.60 12717.00 12717.00 12717.00 15260.40 1}{15260.40 0.00 0.00 0.00 20347.20 0}{20347.20 0.00 0.00 0.00 25434.00 0}
COMP 4c-1: 48253a_4828ba_4829f3_482ae7 (199 1875.35 2 1823.00 2 1926.00){0.00 0.00 0.00 0.00 768.40 0}{768.40 0.00 0.00 0.00 1536.80 0}{1536.80 1823.00 1875.12 1926.00 2305.20 199}{2305.20 0.00 0.00 0.00 3073.60 0}{3073.60 0.00 0.00 0.00 3842.00 0}
COMM 4b-0: 46d300_46d535_46d5d9_46d655 (1 785.00 2 785.00 2 785.00){0.00 0.00 0.00 0.00 314.00 0}{314.00 0.00 0.00 0.00 628.00 0}{628.00 785.00 785.00 785.00 942.00 1}{942.00 0.00 0.00 0.00 1256.00 0}{1256.00 0.00 0.00 0.00 1570.00 0}
COMM 4b-1: 48253a_4828ba_4829f3_482ae7 (199 10.02 2 1.00 2 1013.00){0.00 1.00 3.79 16.00 19.20 190}{19.20 20.00 26.20 32.00 32.00 5}{32.00 33.00 34.50 36.00 40.00 2}{40.00 56.00 56.00 56.00 72.00 1}{72.00 1013.00 1013.00 1013.00 1954.00 1}
LOOP0: iter: ( 200 )[ 1 -1 2 1 0 ] mem: ( 2 )[ 1 -1 2 1 0 ]
10 2 
12 250 
14 16 
1b 0 
2b 2 2 2 2 2 2 2 2 2 2 2 2 2 2 2 2 2 2 2 2 2 2 2 2 2 2 2 2 2 2 2 2 2 2 2 2 2 2 2 2 2 2 2 2 2 2 2 2 2 2 2 2 2 2 2 2 2 2 2 2 2 2 2 2 2 2 2 2 2 2 2 2 2 2 2 2 2 2 2 2 2 2 2 2 2 2 2 2 2 2 2 2 2 2 2 2 2 2 2 2 1 1 1 1 1 1 1 1 1 1 1 1 1 1 1 1 1 1 1 1 1 1 1 1 1 1 1 1 1 1 1 1 1 1 1 1 1 1 1 1 1 1 1 1 1 1 1 1 1 1 1 1 1 1 1 1 1 1 1 1 1 1 1 1 1 1 1 1 1 1 1 1 1 1 1 1 1 1 1 1 1 1 1 1 1 1 1 1 1 1 1 1 1 1 1 1 1 1 1 1 

RANKS: 1 -1 0 2 2
EVENT25: 1113 48253a_4828ba_4829f3_482ae7
COMP 4b-0: 46d300_46d535_46d5d9_46d655 (1 2778.00 0 2778.00 0 2778.00){0.00 0.00 0.00 0.00 1111.20 0}{1111.20 0.00 0.00 0.00 2222.40 0}{2222.40 2778.00 2778.00 2778.00 3333.60 1}{3333.60 0.00 0.00 0.00 4444.80 0}{4444.80 0.00 0.00 0.00 5556.00 0}
COMP 4b-1: 47da79_47de3e_47dfa8_47e0c7 (200 489.55 2 468.00 2 606.00){0.00 0.00 0.00 0.00 202.40 0}{202.40 0.00 0.00 0.00 404.80 0}{404.80 468.00 489.46 606.00 607.20 200}{607.20 0.00 0.00 0.00 809.60 0}{809.60 0.00 0.00 0.00 1012.00 0}
COMP 4b-2: 48253a_4828ba_4829f3_482ae7 (49551 441.07 0 8.00 0 1125.00){0.00 0.00 0.00 0.00 3.20 0}{3.20 0.00 0.00 0.00 6.40 0}{6.40 8.00 10.19 12.00 12.80 24833}{12.80 13.00 14.00 15.00 16.00 7}{16.00 17.00 874.22 1125.00 1728.00 24711}
COMP 4b-3: 48b495_48b719_48b7ed_48b8a6 (248 46507.25 0 46437.00 0 46917.00){0.00 0.00 0.00 0.00 18592.40 0}{18592.40 0.00 0.00 0.00 37184.80 0}{37184.80 46437.00 46507.36 46917.00 55777.20 248}{55777.20 0.00 0.00 0.00 74369.60 0}{74369.60 0.00 0.00 0.00 92962.00 0}
COMP 4c-0: 46d300_46d535_46d5d9_46d655 (1 14410.00 0 14410.00 0 14410.00){0.00 0.00 0.00 0.00 5764.00 0}{5764.00 0.00 0.00 0.00 11528.00 0}{11528.00 14410.00 14410.00 14410.00 17292.00 1}{17292.00 0.00 0.00 0.00 23056.00 0}{23056.00 0.00 0.00 0.00 28820.00 0}
COMP 4c-1: 47da79_47de3e_47dfa8_47e0c7 (200 1702.72 2 1690.00 2 1716.00){0.00 0.00 0.00 0.00 686.00 0}{686.00 0.00 0.00 0.00 1372.00 0}{1372.00 1690.00 1702.66 1716.00 2058.00 200}{2058.00 0.00 0.00 0.00 2744.00 0}{2744.00 0.00 0.00 0.00 3430.00 0}
COMP 4c-2: 48253a_4828ba_4829f3_482ae7 (49551 1811.78 0 25.00 0 3613.00){0.00 0.00 0.00 0.00 10.40 0}{10.40 0.00 0.00 0.00 20.80 0}{20.80 25.00 28.98 30.00 41.60 24900}{41.60 0.00 0.00 0.00 52.00 0}{52.00 3611.00 3612.66 3613.00 7172.00 24651}
COMP 4c-3: 48b495_48b719_48b7ed_48b8a6 (248 198484.88 0 198468.00 0 198491.00){0.00 0.00 0.00 0.00 79387.20 0}{79387.20 0.00 0.00 0.00 158774.40 0}{158774.40 198468.00 198484.94 198491.00 238161.60 248}{238161.60 0.00 0.00 0.00 317548.80 0}{317548.80 0.00 0.00 0.00 396936.00 0}
COMM 4b-0: 46d300_46d535_46d5d9_46d655 (1 10.00 0 10.00 0 10.00){0.00 0.00 0.00 0.00 4.00 0}{4.00 0.00 0.00 0.00 8.00 0}{8.00 10.00 10.00 10.00 12.00 1}{12.00 0.00 0.00 0.00 16.00 0}{16.00 0.00 0.00 0.00 20.00 0}
COMM 4b-1: 47da79_47de3e_47dfa8_47e0c7 (200 3.16 2 2.00 2 14.00){0.00 2.00 2.83 3.00 3.20 188}{3.20 4.00 4.00 4.00 6.40 6}{6.40 8.00 8.00 8.00 9.60 1}{9.60 11.00 11.50 12.00 12.80 2}{12.80 13.00 13.33 14.00 16.00 3}
COMM 4b-2: 48253a_4828ba_4829f3_482ae7 (49551 2.68 0 1.00 0 172.00){0.00 1.00 1.00 1.00 1.60 1843}{1.60 1.94 2.00 2.00 2.40 26436}{2.40 2.42 3.01 4.00 4.00 20497}{4.00 5.00 21.14 32.00 46.00 774}{46.00 172.00 172.00 172.00 298.00 1}
COMM 4b-3: 48b495_48b719_48b7ed_48b8a6 (248 9.86 0 9.00 0 28.00){0.00 0.00 0.00 0.00 4.00 0}{4.00 0.00 0.00 0.00 8.00 0}{8.00 9.00 9.77 11.00 12.00 246}{12.00 14.00 14.00 14.00 20.00 1}{20.00 28.00 28.00 28.00 36.00 1}
LOOP0: iter: ( 249 )[ 1 -1 0 1 0 ] mem: ( 5 )[ 1 -1 0 1 0 ]
LOOP1: iter: ( 200 )[ 1 -1 0 1 0 ] mem: ( 1 )[ 1 -1 0 1 0 ]
10 2 
12 250 
14 16 
1a ( 1 2 )[ 1 -1 0 1 0 ]
1a ( 1 1 1 1 1 1 1 1 1 1 1 1 1 1 1 1 1 1 1 1 1 1 1 1 1 1 1 1 1 1 1 1 1 1 1 1 1 1 1 1 1 1 1 1 1 1 1 1 1 1 1 1 1 1 1 1 1 1 1 1 1 1 1 1 1 1 1 1 1 1 1 1 1 1 1 1 1 1 1 1 1 1 1 1 1 1 1 1 1 1 1 1 1 1 1 1 1 1 1 1 2 2 2 2 2 2 2 2 2 2 2 2 2 2 2 2 2 2 2 2 2 2 2 2 2 2 2 2 2 2 2 2 2 2 2 2 2 2 2 2 2 2 2 2 2 2 2 2 2 2 2 2 2 2 2 2 2 2 2 2 2 2 2 2 2 2 2 2 2 2 2 2 2 2 2 2 2 2 2 2 2 2 2 2 2 2 2 2 2 2 2 2 2 2 2 2 2 2 2 2 )[ 1 -1 2 1 0 ]
1b 0 

RANKS: 2 -1 0 2 1 -1 3 1 0
EVENT26: 1102 47da79_47de3e_47dfa8_47e0c7
COMP 4b-0: 46d300_46d535_46d5d9_46d655 (2 2090.00 1 2078.00 3 2114.00){0.00 0.00 0.00 0.00 831.20 0}{831.20 0.00 0.00 0.00 1662.40 0}{1662.40 2078.00 2096.00 2114.00 2493.60 2}{2493.60 0.00 0.00 0.00 3324.80 0}{3324.80 0.00 0.00 0.00 4156.00 0}
COMP 4b-1: 47da79_47de3e_47dfa8_47e0c7 (99102 426.92 0 9.00 3 1011.00){0.00 0.00 0.00 0.00 4.00 0}{4.00 0.00 0.00 0.00 8.00 0}{8.00 9.00 11.16 16.00 16.00 49668}{16.00 17.00 18.94 20.00 20.00 122}{20.00 21.00 846.69 1011.00 1618.00 49312}
COMP 4b-2: 48253a_4828ba_4829f3_482ae7 (50048 599.12 1 357.00 3 46664.00){0.00 0.00 0.00 0.00 288.80 0}{288.80 357.00 373.45 374.00 433.20 49683}{433.20 483.00 513.07 513.57 577.60 116}{577.60 610.00 610.00 610.00 722.00 1}{722.00 45794.00 45848.82 46664.00 92606.00 248}
COMP 4b-3: 48b495_48b719_48b7ed_48b8a6 (248 45890.39 1 45818.00 1 46872.00){0.00 0.00 0.00 0.00 18361.20 0}{18361.20 0.00 0.00 0.00 36722.40 0}{36722.40 45818.00 45890.34 46872.00 55083.60 248}{55083.60 0.00 0.00 0.00 73444.80 0}{73444.80 0.00 0.00 0.00 91806.00 0}
COMP 4c-0: 46d300_46d535_46d5d9_46d655 (2 12717.00 1 12717.00 1 12717.00){0.00 0.00 0.00 0.00 5086.80 0}{5086.80 0.00 0.00 0.00 10173.60 0}{10173.60 12717.00 12717.00 12717.00 15260.40 2}{15260.40 0.00 0.00 0.00 20347.20 0}{20347.20 0.00 0.00 0.00 25434.00 0}
COMP 4c-1: 47da79_47de3e_47dfa8_47e0c7 (99102 1780.90 0 26.00 3 3613.00){0.00 0.00 0.00 0.00 10.40 0}{10.40 0.00 0.00 0.00 20.80 0}{20.80 26.00 29.58 30.00 41.60 49800}{41.60 0.00 0.00 0.00 52.00 0}{52.00 3485.00 3549.95 3613.00 6920.00 49302}
COMP 4c-2: 48253a_4828ba_4829f3_482ae7 (50048 2840.02 1 1821.00 3 196670.00){0.00 0.00 0.00 0.00 729.20 0}{729.20 0.00 0.00 0.00 1458.40 0}{1458.40 1821.00 1874.79 1926.00 2916.80 49800}{2916.80 0.00 0.00 0.00 3646.00 0}{3646.00 196652.00 196668.55 196670.00 389694.00 248}
COMP 4c-3: 48b495_48b719_48b7ed_48b8a6 (248 196791.26 1 196775.00 1 196793.00){0.00 0.00 0.00 0.00 78710.00 0}{78710.00 0.00 0.00 0.00 157420.00 0}{157420.00 196775.00 196791.33 196793.00 236130.00 248}{236130.00 0.00 0.00 0.00 314840.00 0}{314840.00 0.00 0.00 0.00 393550.00 0}
COMM 4b-0: 46d300_46d535_46d5d9_46d655 (2 903.00 1 716.00 3 1277.00){0.00 0.00 0.00 0.00 286.40 0}{286.40 0.00 0.00 0.00 572.80 0}{572.80 716.00 716.00 716.00 859.20 1}{859.20 0.00 0.00 0.00 1145.60 0}{1145.60 1277.00 1277.00 1277.00 1432.00 1}
COMM 4b-1: 47da79_47de3e_47dfa8_47e0c7 (99102 7.76 0 1.00 3 371.00){0.00 1.00 7.21 99.00 104.00 98714}{104.00 104.80 146.20 198.00 198.00 376}{198.00 203.00 215.30 245.00 266.00 10}{266.00 305.00 305.00 305.00 344.00 1}{344.00 371.00 371.00 371.00 398.00 1}
COMM 4b-2: 48253a_4828ba_4829f3_482ae7 (50048 34.71 1 1.00 0 4849.00){0.00 1.00 19.18 1363.91 1742.40 49781}{1742.40 2178.00 2389.48 2611.00 2613.60 25}{2613.60 2619.00 2920.24 3472.00 3484.80 231}{3484.80 3640.00 3982.50 4319.00 4356.00 8}{4356.00 4473.00 4642.67 4849.00 5076.00 3}
COMM 4b-3: 48b495_48b719_48b7ed_48b8a6 (248 790.84 1 15.00 1 1466.00){0.00 15.00 15.17 16.00 46.00 6}{46.00 0.00 0.00 0.00 92.00 0}{92.00 115.00 115.00 115.00 230.00 1}{230.00 367.00 813.05 1305.00 1338.00 240}{1338.00 1466.00 1466.00 1466.00 1594.00 1}
LOOP0: iter: ( 200 )[ 1 -1 0 1 0 ]( 249 )[ 1 -1 1 2 2 ] mem: ( 1 )[ 1 -1 0 1 0 ]( 7 )[ 1 -1 1 1 0 ]( 5 )[ 1 -1 3 1 0 ]
LOOP1: iter: ( 200 )[ 1 -1 1 2 2 ] mem: ( 2 )[ 1 -1 1 1 0 ]( 1 )[ 1 -1 3 1 0 ]
10 2 
12 250 
14 16 
1b 0 
2b ( 1 2 )[ 1 -1 0 1 0 ]
2b ( 3 3 3 3 3 3 3 3 3 3 3 3 3 3 3 3 3 3 3 3 3 3 3 3 3 3 3 3 3 3 3 3 3 3 3 3 3 3 3 3 3 3 3 3 3 3 3 3 3 3 3 3 3 3 3 3 3 3 3 3 3 3 3 3 3 3 3 3 3 3 3 3 3 3 3 3 3 3 3 3 3 3 3 3 3 3 3 3 3 3 3 3 3 3 3 3 3 3 3 3 2 2 2 2 2 2 2 2 2 2 2 2 2 2 2 2 2 2 2 2 2 2 2 2 2 2 2 2 2 2 2 2 2 2 2 2 2 2 2 2 2 2 2 2 2 2 2 2 2 2 2 2 2 2 2 2 2 2 2 2 2 2 2 2 2 2 2 2 2 2 2 2 2 2 2 2 2 2 2 2 2 2 2 2 2 2 2 2 2 2 2 2 2 2 2 2 2 2 2 2 )[ 1 -1 1 1 0 ]
2b ( 3 2 )[ 1 -1 3 1 0 ]

RANKS: 1 -1 0 4 1
EVENT27: 1113 48253a_4828ba_4829f3_482ae7
COMP 4b-0: 47da79_47de3e_47dfa8_47e0c7 (50298 516.77 1 467.00 0 5939.00){0.00 467.00 490.29 1380.00 2324.00 50049}{2324.00 0.00 0.00 0.00 4648.00 0}{4648.00 5795.00 5818.71 5939.00 6972.00 249}{6972.00 0.00 0.00 0.00 9296.00 0}{9296.00 0.00 0.00 0.00 11620.00 0}
COMP 4b-1: 48253a_4828ba_4829f3_482ae7 (49552 411.52 3 8.00 2 5358.00){0.00 0.00 0.00 0.00 7.20 0}{7.20 8.00 10.06 14.00 14.40 24827}{14.40 15.00 17.49 18.00 18.00 59}{18.00 19.00 816.37 987.00 1606.00 24665}{1606.00 5358.00 5358.00 5358.00 9110.00 1}
COMP 4b-2: 48b495_48b719_48b7ed_48b8a6 (249 21435.90 0 21408.00 0 21642.00){0.00 0.00 0.00 0.00 8570.40 0}{8570.40 0.00 0.00 0.00 17140.80 0}{17140.80 21408.00 21435.94 21642.00 25711.20 249}{25711.20 0.00 0.00 0.00 34281.60 0}{34281.60 0.00 0.00 0.00 42852.00 0}
COMP 4c-0: 47da79_47de3e_47dfa8_47e0c7 (50298 1837.50 1 1690.00 0 25383.00){0.00 1690.00 1719.89 5176.00 10152.80 50049}{10152.80 0.00 0.00 0.00 20305.60 0}{20305.60 25381.00 25381.94 25383.00 30458.40 249}{30458.40 0.00 0.00 0.00 40611.20 0}{40611.20 0.00 0.00 0.00 50764.00 0}
COMP 4c-1: 48253a_4828ba_4829f3_482ae7 (49552 1749.74 3 26.00 2 23719.00){0.00 0.00 0.00 0.00 10.40 0}{10.40 0.00 0.00 0.00 20.80 0}{20.80 26.00 29.09 30.00 52.00 24900}{52.00 3485.00 3486.94 3488.00 6920.00 24651}{6920.00 23719.00 23719.00 23719.00 40518.00 1}
COMP 4c-2: 48b495_48b719_48b7ed_48b8a6 (249 93789.06 0 93789.00 0 93790.00){0.00 0.00 0.00 0.00 37515.60 0}{37515.60 0.00 0.00 0.00 75031.20 0}{75031.20 93789.00 93789.06 93790.00 112546.80 249}{112546.80 0.00 0.00 0.00 150062.40 0}{150062.40 0.00 0.00 0.00 187578.00 0}
COMM 4b-0: 47da79_47de3e_47dfa8_47e0c7 (50298 4.34 1 2.00 0 258.00){0.00 2.00 3.15 37.27 96.00 50048}{96.00 118.00 118.00 118.00 192.00 1}{192.00 239.00 240.75 258.00 288.00 249}{288.00 0.00 0.00 0.00 384.00 0}{384.00 0.00 0.00 0.00 480.00 0}
COMM 4b-1: 48253a_4828ba_4829f3_482ae7 (49552 2.58 3 1.00 2 243.00){0.00 1.00 1.89 2.39 2.40 30600}{2.40 3.00 3.01 4.00 4.00 18168}{4.00 6.00 19.14 28.00 32.00 782}{32.00 39.00 39.00 39.00 46.00 1}{46.00 243.00 243.00 243.00 440.00 1}
COMM 4b-2: 48b495_48b719_48b7ed_48b8a6 (249 242.64 0 238.00 0 536.00){0.00 0.00 0.00 0.00 96.00 0}{96.00 0.00 0.00 0.00 192.00 0}{192.00 238.00 240.64 251.00 384.00 247}{384.00 447.00 447.00 447.00 480.00 1}{480.00 536.00 536.00 536.00 592.00 1}
LOOP0: iter: ( 2 )[ 1 -1 0 1 0 ]( 200 )[ 1 -1 3 1 0 ] mem: ( 3 )[ 1 -1 0 1 0 ]( 1 )[ 1 -1 3 1 0 ]
10 2 
12 ( 52020 )[ 1 -1 0 2 2 ]
12 ( 250 )[ 1 -1 1 2 2 ]
14 16 
1a ( 1 2 )[ 1 -1 0 1 0 ]
1a ( 2 2 2 2 2 2 2 2 2 2 2 2 2 2 2 2 2 2 2 2 2 2 2 2 2 2 2 2 2 2 2 2 2 2 2 2 2 2 2 2 2 2 2 2 2 2 2 2 2 2 2 2 2 2 2 2 2 2 2 2 2 2 2 2 2 2 2 2 2 2 2 2 2 2 2 2 2 2 2 2 2 2 2 2 2 2 2 2 2 2 2 2 2 2 2 2 2 2 2 2 3 3 3 3 3 3 3 3 3 3 3 3 3 3 3 3 3 3 3 3 3 3 3 3 3 3 3 3 3 3 3 3 3 3 3 3 3 3 3 3 3 3 3 3 3 3 3 3 3 3 3 3 3 3 3 3 3 3 3 3 3 3 3 3 3 3 3 3 3 3 3 3 3 3 3 3 3 3 3 3 3 3 3 3 3 3 3 3 3 3 3 3 3 3 3 3 3 3 3 3 )[ 1 -1 1 1 0 ]
1a ( 3 2 )[ 1 -1 3 1 0 ]
1a ( 1 )[ 1 -1 2 1 0 ]
1b 0 

RANKS: 1 -1 0 4 1
EVENT28: 1090 47a406_47a7db_47a946_47aa67
COMP 4b-0: 48253a_4828ba_4829f3_482ae7 (1493 5289.28 0 9.00 3 21510.00){0.00 0.00 0.00 0.00 8.00 0}{8.00 9.00 9.91 15.00 16.00 500}{16.00 18.02 18.03 20.00 20.00 243}{20.00 22.00 5211.01 5467.00 10398.00 501}{10398.00 21192.00 21213.35 21510.00 32622.00 249}
COMP 4b-1: 48b495_48b719_48b7ed_48b8a6 (248 21355.02 2 21314.00 2 22083.00){0.00 0.00 0.00 0.00 8528.80 0}{8528.80 0.00 0.00 0.00 17057.60 0}{17057.60 21314.00 21355.16 22083.00 25586.40 248}{25586.40 0.00 0.00 0.00 34115.20 0}{34115.20 0.00 0.00 0.00 42644.00 0}
COMP 4c-0: 48253a_4828ba_4829f3_482ae7 (1493 23440.54 0 25.00 3 93493.00){0.00 0.00 0.00 0.00 10.40 0}{10.40 0.00 0.00 0.00 20.80 0}{20.80 25.00 29.93 43.00 52.00 746}{52.00 23529.00 23530.71 23532.00 47006.00 498}{47006.00 93492.00 93492.05 93493.00 139980.00 249}
COMP 4c-1: 48b495_48b719_48b7ed_48b8a6 (248 93606.00 2 93606.00 2 93606.00){0.00 0.00 0.00 0.00 37442.40 0}{37442.40 0.00 0.00 0.00 74884.80 0}{74884.80 93606.00 93606.00 93606.00 112327.20 248}{112327.20 0.00 0.00 0.00 149769.60 0}{149769.60 0.00 0.00 0.00 187212.00 0}
COMM 4b-0: 48253a_4828ba_4829f3_482ae7 (1493 2.37 0 1.00 3 4.00){0.00 0.00 0.00 0.00 0.40 0}{0.40 0.00 0.00 0.00 0.80 0}{0.80 1.00 1.00 1.00 1.60 52}{1.60 2.00 2.00 2.00 2.00 849}{2.00 3.00 3.03 4.00 4.00 592}
COMM 4b-1: 48b495_48b719_48b7ed_48b8a6 (248 2.92 2 2.00 2 4.00){0.00 0.00 0.00 0.00 1.20 0}{1.20 2.00 2.00 2.00 2.40 36}{2.40 3.00 3.00 3.00 3.60 196}{3.60 4.00 4.00 4.00 4.80 16}{4.80 0.00 0.00 0.00 6.00 0}
LOOP0: iter: ( 2 )[ 1 -1 3 1 0 ]( 248 )[ 1 -1 2 1 0 ] mem: ( 3 )[ 1 -1 3 1 0 ]( 5 )[ 1 -1 2 1 0 ]
LOOP1: iter: ( 2 )[ 1 -1 2 1 0 ] mem: ( 2 )[ 1 -1 2 1 0 ]
10 2 
12 52020 
14 16 
1b 0 
2b 2147483647 

RANKS: 1 -1 0 4 1
EVENT29: 1148 48b495_48b719_48b7ed_48b8a6
COMP 4b-0: 47a406_47a7db_47a946_47aa67 (1741 9.49 0 8.00 3 29.00){0.00 0.00 0.00 0.00 6.80 0}{6.80 8.00 9.45 13.00 13.60 1736}{13.60 14.00 15.50 17.00 20.40 2}{20.40 27.00 27.00 27.00 27.20 1}{27.20 28.00 28.50 29.00 34.00 2}
COMP 4c-0: 47a406_47a7db_47a946_47aa67 (1741 25.58 0 25.00 0 27.00){0.00 0.00 0.00 0.00 10.40 0}{10.40 0.00 0.00 0.00 20.80 0}{20.80 25.00 25.57 27.00 31.20 1741}{31.20 0.00 0.00 0.00 41.60 0}{41.60 0.00 0.00 0.00 52.00 0}
COMM 4b-0: 47a406_47a7db_47a946_47aa67 (1741 877.13 2 236.00 3 3633.00){0.00 236.00 276.14 276.30 389.60 254}{389.60 403.00 553.12 760.76 779.20 734}{779.20 863.40 863.40 863.40 974.00 329}{974.00 979.00 1347.57 1629.00 1736.00 149}{1736.00 2035.90 2059.97 3633.00 3850.00 275}
1c 9999 

RANKS: 1 -1 2 1 0
EVENT30: 1113 48253a_4828ba_4829f3_482ae7
COMP 4b-0: 47da79_47de3e_47dfa8_47e0c7 (49352 489.53 2 469.00 2 719.00){0.00 0.00 0.00 0.00 202.00 0}{202.00 0.00 0.00 0.00 404.00 0}{404.00 469.00 489.09 605.00 606.00 49205}{606.00 608.00 636.11 719.00 808.00 147}{808.00 0.00 0.00 0.00 1010.00 0}
COMP 4b-1: 48b495_48b719_48b7ed_48b8a6 (248 231.17 2 226.00 2 368.00){0.00 0.00 0.00 0.00 91.60 0}{91.60 0.00 0.00 0.00 183.20 0}{183.20 226.00 230.63 249.00 274.80 247}{274.80 0.00 0.00 0.00 366.40 0}{366.40 368.00 368.00 368.00 458.00 1}
COMP 4c-0: 47da79_47de3e_47dfa8_47e0c7 (49352 1707.28 2 1691.00 2 1721.00){0.00 0.00 0.00 0.00 686.40 0}{686.40 0.00 0.00 0.00 1372.80 0}{1372.80 1691.00 1707.28 1721.00 2059.20 49352}{2059.20 0.00 0.00 0.00 2745.60 0}{2745.60 0.00 0.00 0.00 3432.00 0}
COMP 4c-1: 48b495_48b719_48b7ed_48b8a6 (248 384.85 2 384.00 2 385.00){0.00 0.00 0.00 0.00 153.60 0}{153.60 0.00 0.00 0.00 307.20 0}{307.20 384.00 384.85 385.00 460.80 248}{460.80 0.00 0.00 0.00 614.40 0}{614.40 0.00 0.00 0.00 768.00 0}
COMM 4b-0: 47da79_47de3e_47dfa8_47e0c7 (49352 3.34 2 2.00 2 48.00){0.00 2.00 3.01 6.00 6.40 47616}{6.40 7.00 7.39 9.00 9.60 259}{9.60 10.00 11.84 12.75 12.80 550}{12.80 13.00 13.89 16.00 16.00 915}{16.00 19.00 24.08 48.00 80.00 12}
COMM 4b-1: 48b495_48b719_48b7ed_48b8a6 (248 230.94 2 230.00 2 245.00){0.00 0.00 0.00 0.00 92.00 0}{92.00 0.00 0.00 0.00 184.00 0}{184.00 230.00 230.94 245.00 276.00 248}{276.00 0.00 0.00 0.00 368.00 0}{368.00 0.00 0.00 0.00 460.00 0}
LOOP0: iter: ( 200 )[ 1 -1 2 1 0 ] mem: ( 2 )[ 1 -1 2 1 0 ]
10 2 
12 52020 250 250 250 250 250 250 250 250 250 250 250 250 250 250 250 250 250 250 250 250 250 250 250 250 250 250 250 250 250 250 250 250 250 250 250 250 250 250 250 250 250 250 250 250 250 250 250 250 250 250 250 250 250 250 250 250 250 250 250 250 250 250 250 250 250 250 250 250 250 250 250 250 250 250 250 250 250 250 250 250 250 250 250 250 250 250 250 250 250 250 250 250 250 250 250 250 250 250 250 250 250 250 250 250 250 250 250 250 250 250 250 250 250 250 250 250 250 250 250 250 250 250 250 250 250 250 250 250 250 250 250 250 250 250 250 250 250 250 250 250 250 250 250 250 250 250 250 250 250 250 250 250 250 250 250 250 250 250 250 250 250 250 250 250 250 250 250 250 250 250 250 250 250 250 250 250 250 250 250 250 250 250 250 250 250 250 250 250 250 250 250 250 250 250 250 250 250 250 250 
14 16 
1a 2 1 1 1 1 1 1 1 1 1 1 1 1 1 1 1 1 1 1 1 1 1 1 1 1 1 1 1 1 1 1 1 1 1 1 1 1 1 1 1 1 1 1 1 1 1 1 1 1 1 1 1 1 1 1 1 1 1 1 1 1 1 1 1 1 1 1 1 1 1 1 1 1 1 1 1 1 1 1 1 1 1 1 1 1 1 1 1 1 1 1 1 1 1 1 1 1 1 1 1 1 2 2 2 2 2 2 2 2 2 2 2 2 2 2 2 2 2 2 2 2 2 2 2 2 2 2 2 2 2 2 2 2 2 2 2 2 2 2 2 2 2 2 2 2 2 2 2 2 2 2 2 2 2 2 2 2 2 2 2 2 2 2 2 2 2 2 2 2 2 2 2 2 2 2 2 2 2 2 2 2 2 2 2 2 2 2 2 2 2 2 2 2 2 2 2 2 2 2 2 
1b 0 

RANKS: 1 -1 2 1 0
EVENT31: 1102 47da79_47de3e_47dfa8_47e0c7
COMP 4b-0: 48253a_4828ba_4829f3_482ae7 (49600 599.41 2 354.00 2 46781.00){0.00 354.00 371.04 548.00 18336.40 49352}{18336.40 0.00 0.00 0.00 36672.80 0}{36672.80 45790.00 45861.71 46781.00 55009.20 248}{55009.20 0.00 0.00 0.00 73345.60 0}{73345.60 0.00 0.00 0.00 91682.00 0}
COMP 4c-0: 48253a_4828ba_4829f3_482ae7 (49600 2848.27 2 1820.00 2 196648.00){0.00 1820.00 1870.48 1922.00 78658.80 49352}{78658.80 0.00 0.00 0.00 157317.60 0}{157317.60 196647.00 196647.04 196648.00 235976.40 248}{235976.40 0.00 0.00 0.00 314635.20 0}{314635.20 0.00 0.00 0.00 393294.00 0}
COMM 4b-0: 48253a_4828ba_4829f3_482ae7 (49600 13.60 2 1.00 2 2774.00){0.00 1.00 3.79 546.00 576.80 49111}{576.80 648.00 981.81 1145.00 1153.60 468}{1153.60 1163.00 1247.37 1489.00 1536.00 19}{1536.00 1887.00 1887.00 1887.00 2238.00 1}{2238.00 2774.00 2774.00 2774.00 3310.00 1}
10 2 
12 250 
14 16 
1b 0 
2b 2 2 2 2 2 2 2 2 2 2 2 2 2 2 2 2 2 2 2 2 2 2 2 2 2 2 2 2 2 2 2 2 2 2 2 2 2 2 2 2 2 2 2 2 2 2 2 2 2 2 2 2 2 2 2 2 2 2 2 2 2 2 2 2 2 2 2 2 2 2 2 2 2 2 2 2 2 2 2 2 2 2 2 2 2 2 2 2 2 2 2 2 2 2 2 2 2 2 2 2 1 1 1 1 1 1 1 1 1 1 1 1 1 1 1 1 1 1 1 1 1 1 1 1 1 1 1 1 1 1 1 1 1 1 1 1 1 1 1 1 1 1 1 1 1 1 1 1 1 1 1 1 1 1 1 1 1 1 1 1 1 1 1 1 1 1 1 1 1 1 1 1 1 1 1 1 1 1 1 1 1 1 1 1 1 1 1 1 1 1 1 1 1 1 1 1 1 1 1 1 

RANKS: 1 -1 0 4 1
EVENT32: 1113 48253a_4828ba_4829f3_482ae7
COMP 4b-0: 47da79_47de3e_47dfa8_47e0c7 (248 474.15 2 471.00 2 614.00){0.00 0.00 0.00 0.00 188.80 0}{188.80 0.00 0.00 0.00 377.60 0}{377.60 471.00 473.60 482.00 566.40 247}{566.40 614.00 614.00 614.00 755.20 1}{755.20 0.00 0.00 0.00 944.00 0}
COMP 4b-1: 48253a_4828ba_4829f3_482ae7 (696 9652.11 0 9.00 1 21902.00){0.00 0.00 0.00 0.00 3.60 0}{3.60 0.00 0.00 0.00 7.20 0}{7.20 9.00 10.27 11.00 18.00 100}{18.00 873.00 876.01 893.00 1728.00 99}{1728.00 5323.00 13359.68 21902.00 40854.00 497}
COMP 4b-2: 48b495_48b719_48b7ed_48b8a6 (748 418.28 3 226.00 0 46689.00){0.00 226.00 294.39 393.00 18675.60 747}{18675.60 0.00 0.00 0.00 37351.20 0}{37351.20 46689.00 46689.00 46689.00 56026.80 1}{56026.80 0.00 0.00 0.00 74702.40 0}{74702.40 0.00 0.00 0.00 93378.00 0}
COMP 4c-0: 47da79_47de3e_47dfa8_47e0c7 (248 1694.62 2 1691.00 2 1695.00){0.00 0.00 0.00 0.00 677.60 0}{677.60 0.00 0.00 0.00 1355.20 0}{1355.20 1691.00 1694.62 1695.00 2032.80 248}{2032.80 0.00 0.00 0.00 2710.40 0}{2710.40 0.00 0.00 0.00 3388.00 0}
COMP 4c-1: 48253a_4828ba_4829f3_482ae7 (696 42420.58 0 25.00 1 93676.00){0.00 0.00 0.00 0.00 10.00 0}{10.00 0.00 0.00 0.00 20.00 0}{20.00 25.00 28.96 29.00 50.00 100}{50.00 3612.00 3612.98 3613.00 7174.00 99}{7174.00 23715.00 58765.68 93676.00 180176.00 497}
COMP 4c-2: 48b495_48b719_48b7ed_48b8a6 (748 910.52 1 381.00 0 198491.00){0.00 381.00 381.52 382.00 79396.40 747}{79396.40 0.00 0.00 0.00 158792.80 0}{158792.80 198491.00 198491.00 198491.00 238189.20 1}{238189.20 0.00 0.00 0.00 317585.60 0}{317585.60 0.00 0.00 0.00 396982.00 0}
COMM 4b-0: 47da79_47de3e_47dfa8_47e0c7 (248 3.08 2 2.00 2 12.00){0.00 0.00 0.00 0.00 1.20 0}{1.20 2.00 2.00 2.00 2.40 5}{2.40 3.00 3.00 3.00 3.60 232}{3.60 4.00 4.00 4.00 6.00 9}{6.00 11.00 11.50 12.00 16.00 2}
COMM 4b-1: 48253a_4828ba_4829f3_482ae7 (696 175.01 0 1.00 2 263.00){0.00 1.00 1.94 2.00 2.40 111}{2.40 3.00 3.00 3.00 3.20 83}{3.20 4.00 4.00 4.00 4.00 2}{4.00 17.00 21.33 25.00 46.00 3}{46.00 241.00 244.35 263.00 436.00 497}
COMM 4b-2: 48b495_48b719_48b7ed_48b8a6 (748 233.31 0 10.00 3 333.00){0.00 0.00 0.00 0.00 4.00 0}{4.00 0.00 0.00 0.00 8.00 0}{8.00 10.00 10.00 10.00 16.00 1}{16.00 0.00 0.00 0.00 20.00 0}{20.00 230.00 233.90 333.00 440.00 747}
LOOP0: iter: ( 200 )[ 1 -1 0 1 0 ]( 2 )[ 1 -1 1 2 1 ] mem: ( 1 )[ 1 -1 0 3 1 ]
10 2 
12 ( 250 )[ 1 -1 0 1 0 ]
12 ( 52020 )[ 1 -1 1 2 2 ]
12 ( 250 52020 )[ 1 -1 2 1 0 ]
14 16 
1a ( 1 2 )[ 1 -1 0 1 0 ]
1a ( 3 2 )[ 1 -1 1 2 2 ]
1a ( 2 1 )[ 1 -1 2 1 0 ]
1b 0 

RANKS: 1 -1 1 2 1
EVENT33: 1090 47a406_47a7db_47a946_47aa67
COMP 4b-0: 48253a_4828ba_4829f3_482ae7 (250 11.43 1 11.00 2 20.00){0.00 0.00 0.00 0.00 4.40 0}{4.40 0.00 0.00 0.00 8.80 0}{8.80 11.00 11.37 12.00 13.20 248}{13.20 17.00 17.00 17.00 17.60 1}{17.60 20.00 20.00 20.00 22.00 1}
COMP 4b-1: 48b495_48b719_48b7ed_48b8a6 (1 21352.00 2 21352.00 2 21352.00){0.00 0.00 0.00 0.00 8540.80 0}{8540.80 0.00 0.00 0.00 17081.60 0}{17081.60 21352.00 21352.00 21352.00 25622.40 1}{25622.40 0.00 0.00 0.00 34163.20 0}{34163.20 0.00 0.00 0.00 42704.00 0}
COMP 4c-0: 48253a_4828ba_4829f3_482ae7 (250 27.12 1 27.00 2 43.00){0.00 0.00 0.00 0.00 10.80 0}{10.80 0.00 0.00 0.00 21.60 0}{21.60 27.00 27.05 28.00 32.40 249}{32.40 43.00 43.00 43.00 43.20 1}{43.20 0.00 0.00 0.00 54.00 0}
COMP 4c-1: 48b495_48b719_48b7ed_48b8a6 (1 93606.00 2 93606.00 2 93606.00){0.00 0.00 0.00 0.00 37442.40 0}{37442.40 0.00 0.00 0.00 74884.80 0}{74884.80 93606.00 93606.00 93606.00 112327.20 1}{112327.20 0.00 0.00 0.00 149769.60 0}{149769.60 0.00 0.00 0.00 187212.00 0}
COMM 4b-0: 48253a_4828ba_4829f3_482ae7 (250 1.82 1 1.00 1 3.00){0.00 0.00 0.00 0.00 0.80 0}{0.80 1.00 1.00 1.00 1.60 46}{1.60 2.00 2.00 2.00 2.40 202}{2.40 3.00 3.00 3.00 3.20 2}{3.20 0.00 0.00 0.00 4.00 0}
COMM 4b-1: 48b495_48b719_48b7ed_48b8a6 (1 3.00 2 3.00 2 3.00){0.00 0.00 0.00 0.00 1.20 0}{1.20 0.00 0.00 0.00 2.40 0}{2.40 3.00 3.00 3.00 3.60 1}{3.60 0.00 0.00 0.00 4.80 0}{4.80 0.00 0.00 0.00 6.00 0}
LOOP0: iter: ( 2 )[ 1 -1 2 1 0 ] mem: ( 2 )[ 1 -1 2 1 0 ]
10 2 
12 52020 
14 16 
1b 0 
2b 2147483647 

RANKS: 1 -1 1 2 1
EVENT34: 1148 48b495_48b719_48b7ed_48b8a6
COMP 4b-0: 47a406_47a7db_47a946_47aa67 (251 9.10 1 8.00 1 25.00){0.00 0.00 0.00 0.00 3.60 0}{3.60 0.00 0.00 0.00 7.20 0}{7.20 8.00 9.00 10.00 10.80 247}{10.80 11.00 11.33 12.00 18.00 3}{18.00 25.00 25.00 25.00 32.00 1}
COMP 4c-0: 47a406_47a7db_47a946_47aa67 (251 25.72 1 25.00 1 27.00){0.00 0.00 0.00 0.00 10.40 0}{10.40 0.00 0.00 0.00 20.80 0}{20.80 25.00 25.72 27.00 31.20 251}{31.20 0.00 0.00 0.00 41.60 0}{41.60 0.00 0.00 0.00 52.00 0}
COMM 4b-0: 47a406_47a7db_47a946_47aa67 (251 362.39 1 230.00 2 724.00){0.00 0.00 0.00 0.00 183.20 0}{183.20 230.00 358.48 365.00 366.40 234}{366.40 367.00 391.00 525.00 549.60 16}{549.60 724.00 724.00 724.00 732.80 1}{732.80 0.00 0.00 0.00 916.00 0}
1c 9999 

RANKS: 1 -1 2 1 0
EVENT35: 1113 48253a_4828ba_4829f3_482ae7
COMP 4b-0: 47da79_47de3e_47dfa8_47e0c7 (199 489.29 2 471.00 2 517.00){0.00 0.00 0.00 0.00 202.80 0}{202.80 0.00 0.00 0.00 405.60 0}{405.60 471.00 489.20 517.00 608.40 199}{608.40 0.00 0.00 0.00 811.20 0}{811.20 0.00 0.00 0.00 1014.00 0}
COMP 4b-1: 48b495_48b719_48b7ed_48b8a6 (1 230.00 2 230.00 2 230.00){0.00 0.00 0.00 0.00 92.00 0}{92.00 0.00 0.00 0.00 184.00 0}{184.00 230.00 230.00 230.00 276.00 1}{276.00 0.00 0.00 0.00 368.00 0}{368.00 0.00 0.00 0.00 460.00 0}
COMP 4c-0: 47da79_47de3e_47dfa8_47e0c7 (199 1707.51 2 1694.00 2 1720.00){0.00 0.00 0.00 0.00 686.00 0}{686.00 0.00 0.00 0.00 1372.00 0}{1372.00 1694.00 1707.47 1720.00 2058.00 199}{2058.00 0.00 0.00 0.00 2744.00 0}{2744.00 0.00 0.00 0.00 3430.00 0}
COMP 4c-1: 48b495_48b719_48b7ed_48b8a6 (1 385.00 2 385.00 2 385.00){0.00 0.00 0.00 0.00 154.00 0}{154.00 0.00 0.00 0.00 308.00 0}{308.00 385.00 385.00 385.00 462.00 1}{462.00 0.00 0.00 0.00 616.00 0}{616.00 0.00 0.00 0.00 770.00 0}
COMM 4b-0: 47da79_47de3e_47dfa8_47e0c7 (199 3.28 2 2.00 2 15.00){0.00 2.00 2.00 2.00 2.40 6}{2.40 3.00 3.03 4.00 4.80 187}{4.80 6.00 6.00 6.00 9.60 1}{9.60 11.00 11.50 12.00 12.00 2}{12.00 14.00 14.33 15.00 16.00 3}
COMM 4b-1: 48b495_48b719_48b7ed_48b8a6 (1 230.00 2 230.00 2 230.00){0.00 0.00 0.00 0.00 92.00 0}{92.00 0.00 0.00 0.00 184.00 0}{184.00 230.00 230.00 230.00 276.00 1}{276.00 0.00 0.00 0.00 368.00 0}{368.00 0.00 0.00 0.00 460.00 0}
LOOP0: iter: ( 200 )[ 1 -1 2 1 0 ] mem: ( 2 )[ 1 -1 2 1 0 ]
10 2 
12 52020 250 250 250 250 250 250 250 250 250 250 250 250 250 250 250 250 250 250 250 250 250 250 250 250 250 250 250 250 250 250 250 250 250 250 250 250 250 250 250 250 250 250 250 250 250 250 250 250 250 250 250 250 250 250 250 250 250 250 250 250 250 250 250 250 250 250 250 250 250 250 250 250 250 250 250 250 250 250 250 250 250 250 250 250 250 250 250 250 250 250 250 250 250 250 250 250 250 250 250 250 250 250 250 250 250 250 250 250 250 250 250 250 250 250 250 250 250 250 250 250 250 250 250 250 250 250 250 250 250 250 250 250 250 250 250 250 250 250 250 250 250 250 250 250 250 250 250 250 250 250 250 250 250 250 250 250 250 250 250 250 250 250 250 250 250 250 250 250 250 250 250 250 250 250 250 250 250 250 250 250 250 250 250 250 250 250 250 250 250 250 250 250 250 250 250 250 250 250 250 
14 16 
1a 2 1 1 1 1 1 1 1 1 1 1 1 1 1 1 1 1 1 1 1 1 1 1 1 1 1 1 1 1 1 1 1 1 1 1 1 1 1 1 1 1 1 1 1 1 1 1 1 1 1 1 1 1 1 1 1 1 1 1 1 1 1 1 1 1 1 1 1 1 1 1 1 1 1 1 1 1 1 1 1 1 1 1 1 1 1 1 1 1 1 1 1 1 1 1 1 1 1 1 1 1 2 2 2 2 2 2 2 2 2 2 2 2 2 2 2 2 2 2 2 2 2 2 2 2 2 2 2 2 2 2 2 2 2 2 2 2 2 2 2 2 2 2 2 2 2 2 2 2 2 2 2 2 2 2 2 2 2 2 2 2 2 2 2 2 2 2 2 2 2 2 2 2 2 2 2 2 2 2 2 2 2 2 2 2 2 2 2 2 2 2 2 2 2 2 2 2 2 2 2 
1b 0 

RANKS: 1 -1 0 4 1
EVENT36: 1102 47da79_47de3e_47dfa8_47e0c7
COMP 4b-0: 47da79_47de3e_47dfa8_47e0c7 (398 425.84 0 10.00 3 886.00){0.00 0.00 0.00 0.00 4.00 0}{4.00 0.00 0.00 0.00 8.00 0}{8.00 10.00 11.21 12.00 16.00 200}{16.00 0.00 0.00 0.00 20.00 0}{20.00 815.00 846.75 886.00 1616.00 198}
COMP 4b-1: 48253a_4828ba_4829f3_482ae7 (401 598.43 2 354.00 3 45813.00){0.00 0.00 0.00 0.00 144.40 0}{144.40 0.00 0.00 0.00 288.80 0}{288.80 354.00 372.08 398.00 433.20 398}{433.20 506.00 506.00 506.00 722.00 1}{722.00 45801.00 45807.00 45813.00 90904.00 2}
COMP 4b-2: 48b495_48b719_48b7ed_48b8a6 (1 45828.00 1 45828.00 1 45828.00){0.00 0.00 0.00 0.00 18331.20 0}{18331.20 0.00 0.00 0.00 36662.40 0}{36662.40 45828.00 45828.00 45828.00 54993.60 1}{54993.60 0.00 0.00 0.00 73324.80 0}{73324.80 0.00 0.00 0.00 91656.00 0}
COMP 4c-0: 47da79_47de3e_47dfa8_47e0c7 (398 1776.49 3 26.00 3 3613.00){0.00 0.00 0.00 0.00 10.80 0}{10.80 0.00 0.00 0.00 21.60 0}{21.60 26.00 29.48 30.00 43.20 200}{43.20 0.00 0.00 0.00 54.00 0}{54.00 3486.00 3549.99 3613.00 6918.00 198}
COMP 4c-1: 48253a_4828ba_4829f3_482ae7 (401 2841.42 2 1820.00 3 196670.00){0.00 0.00 0.00 0.00 729.20 0}{729.20 0.00 0.00 0.00 1458.40 0}{1458.40 1820.00 1872.45 1925.00 2916.80 399}{2916.80 0.00 0.00 0.00 3646.00 0}{3646.00 196647.00 196658.50 196670.00 389694.00 2}
COMP 4c-2: 48b495_48b719_48b7ed_48b8a6 (1 196792.00 1 196792.00 1 196792.00){0.00 0.00 0.00 0.00 78716.80 0}{78716.80 0.00 0.00 0.00 157433.60 0}{157433.60 196792.00 196792.00 196792.00 236150.40 1}{236150.40 0.00 0.00 0.00 314867.20 0}{314867.20 0.00 0.00 0.00 393584.00 0}
COMM 4b-0: 47da79_47de3e_47dfa8_47e0c7 (398 7.34 0 1.00 0 80.00){0.00 1.00 1.00 1.00 1.60 70}{1.60 2.00 2.51 3.00 3.20 121}{3.20 4.00 4.00 4.00 4.00 34}{4.00 5.00 13.44 30.00 36.00 171}{36.00 38.00 59.00 80.00 124.00 2}
COMM 4b-1: 48253a_4828ba_4829f3_482ae7 (401 31.70 1 2.00 0 2862.00){0.00 2.00 6.34 1029.00 1144.80 397}{1144.80 1181.00 1501.33 1725.00 2289.60 3}{2289.60 2862.00 2862.00 2862.00 3434.40 1}{3434.40 0.00 0.00 0.00 4579.20 0}{4579.20 0.00 0.00 0.00 5724.00 0}
COMM 4b-2: 48b495_48b719_48b7ed_48b8a6 (1 1035.00 1 1035.00 1 1035.00){0.00 0.00 0.00 0.00 414.00 0}{414.00 0.00 0.00 0.00 828.00 0}{828.00 1035.00 1035.00 1035.00 1242.00 1}{1242.00 0.00 0.00 0.00 1656.00 0}{1656.00 0.00 0.00 0.00 2070.00 0}
LOOP0: iter: ( 200 )[ 2 -1 0 2 1 -1 3 1 0 ] mem: ( 1 )[ 1 -1 0 2 3 ]( 2 )[ 1 -1 1 1 0 ]
10 2 
12 250 
14 16 
1b 0 
2b ( 1 2 )[ 1 -1 0 1 0 ]
2b ( 3 3 3 3 3 3 3 3 3 3 3 3 3 3 3 3 3 3 3 3 3 3 3 3 3 3 3 3 3 3 3 3 3 3 3 3 3 3 3 3 3 3 3 3 3 3 3 3 3 3 3 3 3 3 3 3 3 3 3 3 3 3 3 3 3 3 3 3 3 3 3 3 3 3 3 3 3 3 3 3 3 3 3 3 3 3 3 3 3 3 3 3 3 3 3 3 3 3 3 3 2 2 2 2 2 2 2 2 2 2 2 2 2 2 2 2 2 2 2 2 2 2 2 2 2 2 2 2 2 2 2 2 2 2 2 2 2 2 2 2 2 2 2 2 2 2 2 2 2 2 2 2 2 2 2 2 2 2 2 2 2 2 2 2 2 2 2 2 2 2 2 2 2 2 2 2 2 2 2 2 2 2 2 2 2 2 2 2 2 2 2 2 2 2 2 2 2 2 2 2 )[ 1 -1 1 1 0 ]
2b ( 3 2 )[ 1 -1 3 1 0 ]
2b ( 2 2 2 2 2 2 2 2 2 2 2 2 2 2 2 2 2 2 2 2 2 2 2 2 2 2 2 2 2 2 2 2 2 2 2 2 2 2 2 2 2 2 2 2 2 2 2 2 2 2 2 2 2 2 2 2 2 2 2 2 2 2 2 2 2 2 2 2 2 2 2 2 2 2 2 2 2 2 2 2 2 2 2 2 2 2 2 2 2 2 2 2 2 2 2 2 2 2 2 2 1 1 1 1 1 1 1 1 1 1 1 1 1 1 1 1 1 1 1 1 1 1 1 1 1 1 1 1 1 1 1 1 1 1 1 1 1 1 1 1 1 1 1 1 1 1 1 1 1 1 1 1 1 1 1 1 1 1 1 1 1 1 1 1 1 1 1 1 1 1 1 1 1 1 1 1 1 1 1 1 1 1 1 1 1 1 1 1 1 1 1 1 1 1 1 1 1 1 1 1 )[ 1 -1 2 1 0 ]

RANKS: 1 -1 1 3 1
EVENT37: 1113 48253a_4828ba_4829f3_482ae7
COMP 4b-0: 47da79_47de3e_47dfa8_47e0c7 (202 491.04 1 467.00 3 1306.00){0.00 0.00 0.00 0.00 209.20 0}{209.20 0.00 0.00 0.00 418.40 0}{418.40 467.00 486.07 524.00 627.60 200}{627.60 639.00 639.00 639.00 1046.00 1}{1046.00 1306.00 1306.00 1306.00 1566.00 1}
COMP 4b-1: 48253a_4828ba_4829f3_482ae7 (199 409.56 3 9.00 3 842.00){0.00 0.00 0.00 0.00 3.60 0}{3.60 0.00 0.00 0.00 7.20 0}{7.20 9.00 10.19 11.00 14.40 99}{14.40 0.00 0.00 0.00 18.00 0}{18.00 19.00 808.95 842.00 1606.00 100}
COMP 4c-0: 47da79_47de3e_47dfa8_47e0c7 (202 1719.70 1 1690.00 3 5176.00){0.00 0.00 0.00 0.00 685.60 0}{685.60 0.00 0.00 0.00 1371.20 0}{1371.20 1690.00 1702.53 1715.00 2742.40 201}{2742.40 0.00 0.00 0.00 3428.00 0}{3428.00 5176.00 5176.00 5176.00 6924.00 1}
COMP 4c-1: 48253a_4828ba_4829f3_482ae7 (199 1740.70 3 27.00 3 3487.00){0.00 0.00 0.00 0.00 10.80 0}{10.80 0.00 0.00 0.00 21.60 0}{21.60 27.00 29.00 30.00 43.20 100}{43.20 0.00 0.00 0.00 54.00 0}{54.00 3486.00 3486.99 3487.00 6918.00 99}
COMM 4b-0: 47da79_47de3e_47dfa8_47e0c7 (202 3.17 1 2.00 1 15.00){0.00 2.00 2.00 2.00 2.80 32}{2.80 3.00 3.02 4.00 5.60 163}{5.60 7.00 7.00 7.00 11.20 2}{11.20 12.00 12.50 14.00 14.00 4}{14.00 15.00 15.00 15.00 16.00 1}
COMM 4b-1: 48253a_4828ba_4829f3_482ae7 (199 2.62 3 1.00 3 21.00){0.00 1.00 1.00 1.00 1.20 4}{1.20 2.00 2.00 2.00 2.40 116}{2.40 3.00 3.00 3.00 4.80 76}{4.80 0.00 0.00 0.00 6.00 0}{6.00 16.00 19.33 21.00 36.00 3}
LOOP0: iter: ( 200 )[ 1 -1 3 1 0 ] mem: ( 1 )[ 1 -1 3 1 0 ]
10 2 
12 250 
14 16 
1a ( 2 2 2 2 2 2 2 2 2 2 2 2 2 2 2 2 2 2 2 2 2 2 2 2 2 2 2 2 2 2 2 2 2 2 2 2 2 2 2 2 2 2 2 2 2 2 2 2 2 2 2 2 2 2 2 2 2 2 2 2 2 2 2 2 2 2 2 2 2 2 2 2 2 2 2 2 2 2 2 2 2 2 2 2 2 2 2 2 2 2 2 2 2 2 2 2 2 2 2 2 3 3 3 3 3 3 3 3 3 3 3 3 3 3 3 3 3 3 3 3 3 3 3 3 3 3 3 3 3 3 3 3 3 3 3 3 3 3 3 3 3 3 3 3 3 3 3 3 3 3 3 3 3 3 3 3 3 3 3 3 3 3 3 3 3 3 3 3 3 3 3 3 3 3 3 3 3 3 3 3 3 3 3 3 3 3 3 3 3 3 3 3 3 3 3 3 3 3 3 3 )[ 1 -1 1 1 0 ]
1a ( 3 2 )[ 1 -1 3 1 0 ]
1a ( 2 )[ 1 -1 2 1 0 ]
1b 0 

RANKS: 1 -1 0 4 1
EVENT38: 1004 46a96f_46accf_46ae12_46af04
COMP 4b-0: 47da79_47de3e_47dfa8_47e0c7 (1 4813.00 0 4813.00 0 4813.00){0.00 0.00 0.00 0.00 1925.20 0}{1925.20 0.00 0.00 0.00 3850.40 0}{3850.40 4813.00 4813.00 4813.00 5775.60 1}{5775.60 0.00 0.00 0.00 7700.80 0}{7700.80 0.00 0.00 0.00 9626.00 0}
COMP 4b-1: 48253a_4828ba_4829f3_482ae7 (3 4409.50 2 4349.00 1 4439.00){0.00 0.00 0.00 0.00 1775.60 0}{1775.60 0.00 0.00 0.00 3551.20 0}{3551.20 4349.00 4399.67 4439.00 5326.80 3}{5326.80 0.00 0.00 0.00 7102.40 0}{7102.40 0.00 0.00 0.00 8878.00 0}
COMP 4c-0: 47da79_47de3e_47dfa8_47e0c7 (1 24534.00 0 24534.00 0 24534.00){0.00 0.00 0.00 0.00 9813.60 0}{9813.60 0.00 0.00 0.00 19627.20 0}{19627.20 24534.00 24534.00 24534.00 29440.80 1}{29440.80 0.00 0.00 0.00 39254.40 0}{39254.40 0.00 0.00 0.00 49068.00 0}
COMP 4c-1: 48253a_4828ba_4829f3_482ae7 (3 22870.75 2 22868.00 1 22872.00){0.00 0.00 0.00 0.00 9148.80 0}{9148.80 0.00 0.00 0.00 18297.60 0}{18297.60 22868.00 22870.33 22872.00 27446.40 3}{27446.40 0.00 0.00 0.00 36595.20 0}{36595.20 0.00 0.00 0.00 45744.00 0}
COMM 4b-0: 47da79_47de3e_47dfa8_47e0c7 (1 18.00 0 18.00 0 18.00){0.00 0.00 0.00 0.00 7.20 0}{7.20 0.00 0.00 0.00 14.40 0}{14.40 18.00 18.00 18.00 21.60 1}{21.60 0.00 0.00 0.00 28.80 0}{28.80 0.00 0.00 0.00 36.00 0}
COMM 4b-1: 48253a_4828ba_4829f3_482ae7 (3 1026.25 2 494.00 3 2121.00){0.00 0.00 0.00 0.00 298.00 0}{298.00 494.00 494.00 494.00 596.00 1}{596.00 745.00 745.00 745.00 1192.00 1}{1192.00 0.00 0.00 0.00 1490.00 0}{1490.00 2121.00 2121.00 2121.00 2752.00 1}
10 2 
12 5 
14 16 
18 3 

RANKS: 1 -1 0 2 2
EVENT39: 1113 48253a_4828ba_4829f3_482ae7
COMP 4b-0: 46a96f_46accf_46ae12_46af04 (2 2645.00 2 2625.00 0 2655.00){0.00 0.00 0.00 0.00 1062.00 0}{1062.00 0.00 0.00 0.00 2124.00 0}{2124.00 2625.00 2640.00 2655.00 3186.00 2}{3186.00 0.00 0.00 0.00 4248.00 0}{4248.00 0.00 0.00 0.00 5310.00 0}
COMP 4b-1: 48b495_48b719_48b7ed_48b8a6 (1 21597.00 0 21597.00 0 21597.00){0.00 0.00 0.00 0.00 8638.80 0}{8638.80 0.00 0.00 0.00 17277.60 0}{17277.60 21597.00 21597.00 21597.00 25916.40 1}{25916.40 0.00 0.00 0.00 34555.20 0}{34555.20 0.00 0.00 0.00 43194.00 0}
COMP 4c-0: 46a96f_46accf_46ae12_46af04 (2 11670.00 0 11670.00 0 11670.00){0.00 0.00 0.00 0.00 4668.00 0}{4668.00 0.00 0.00 0.00 9336.00 0}{9336.00 11670.00 11670.00 11670.00 14004.00 2}{14004.00 0.00 0.00 0.00 18672.00 0}{18672.00 0.00 0.00 0.00 23340.00 0}
COMP 4c-1: 48b495_48b719_48b7ed_48b8a6 (1 93789.00 0 93789.00 0 93789.00){0.00 0.00 0.00 0.00 37515.60 0}{37515.60 0.00 0.00 0.00 75031.20 0}{75031.20 93789.00 93789.00 93789.00 112546.80 1}{112546.80 0.00 0.00 0.00 150062.40 0}{150062.40 0.00 0.00 0.00 187578.00 0}
COMM 4b-0: 46a96f_46accf_46ae12_46af04 (2 242.00 0 241.00 2 244.00){0.00 0.00 0.00 0.00 96.40 0}{96.40 0.00 0.00 0.00 192.80 0}{192.80 241.00 242.50 244.00 289.20 2}{289.20 0.00 0.00 0.00 385.60 0}{385.60 0.00 0.00 0.00 482.00 0}
COMM 4b-1: 48b495_48b719_48b7ed_48b8a6 (1 242.00 0 242.00 0 242.00){0.00 0.00 0.00 0.00 96.80 0}{96.80 0.00 0.00 0.00 193.60 0}{193.60 242.00 242.00 242.00 290.40 1}{290.40 0.00 0.00 0.00 387.20 0}{387.20 0.00 0.00 0.00 484.00 0}
LOOP0: iter: ( 2 )[ 1 -1 0 1 0 ] mem: ( 3 )[ 1 -1 0 1 0 ]
10 2 
12 52020 
14 16 
1a ( 1 2 )[ 1 -1 0 1 0 ]
1a ( 1 )[ 1 -1 2 1 0 ]
1b 0 

RANKS: 1 -1 0 4 1
EVENT40: 1090 47a406_47a7db_47a946_47aa67
COMP 4b-0: 46a96f_46accf_46ae12_46af04 (2 2430.67 3 2404.00 1 2444.00){0.00 0.00 0.00 0.00 977.60 0}{977.60 0.00 0.00 0.00 1955.20 0}{1955.20 2404.00 2424.00 2444.00 2932.80 2}{2932.80 0.00 0.00 0.00 3910.40 0}{3910.40 0.00 0.00 0.00 4888.00 0}
COMP 4b-1: 48253a_4828ba_4829f3_482ae7 (4 4257.80 0 9.00 3 21250.00){0.00 0.00 0.00 0.00 4.00 0}{4.00 0.00 0.00 0.00 8.00 0}{8.00 9.00 9.67 10.00 16.00 3}{16.00 0.00 0.00 0.00 20.00 0}{20.00 21250.00 21250.00 21250.00 42480.00 1}
COMP 4b-2: 48b495_48b719_48b7ed_48b8a6 (1 21336.00 2 21336.00 2 21336.00){0.00 0.00 0.00 0.00 8534.40 0}{8534.40 0.00 0.00 0.00 17068.80 0}{17068.80 21336.00 21336.00 21336.00 25603.20 1}{25603.20 0.00 0.00 0.00 34137.60 0}{34137.60 0.00 0.00 0.00 42672.00 0}
COMP 4c-0: 46a96f_46accf_46ae12_46af04 (2 11481.00 1 11481.00 1 11481.00){0.00 0.00 0.00 0.00 4592.40 0}{4592.40 0.00 0.00 0.00 9184.80 0}{9184.80 11481.00 11481.00 11481.00 13777.20 2}{13777.20 0.00 0.00 0.00 18369.60 0}{18369.60 0.00 0.00 0.00 22962.00 0}
COMP 4c-1: 48253a_4828ba_4829f3_482ae7 (4 18718.60 0 25.00 3 93492.00){0.00 0.00 0.00 0.00 10.00 0}{10.00 0.00 0.00 0.00 20.00 0}{20.00 25.00 25.33 26.00 40.00 3}{40.00 0.00 0.00 0.00 50.00 0}{50.00 93492.00 93492.00 93492.00 186934.00 1}
COMP 4c-2: 48b495_48b719_48b7ed_48b8a6 (1 93606.00 2 93606.00 2 93606.00){0.00 0.00 0.00 0.00 37442.40 0}{37442.40 0.00 0.00 0.00 74884.80 0}{74884.80 93606.00 93606.00 93606.00 112327.20 1}{112327.20 0.00 0.00 0.00 149769.60 0}{149769.60 0.00 0.00 0.00 187212.00 0}
COMM 4b-0: 46a96f_46accf_46ae12_46af04 (2 2.33 1 2.00 3 3.00){0.00 0.00 0.00 0.00 0.80 0}{0.80 0.00 0.00 0.00 1.60 0}{1.60 2.00 2.00 2.00 2.40 1}{2.40 3.00 3.00 3.00 3.20 1}{3.20 0.00 0.00 0.00 4.00 0}
COMM 4b-1: 48253a_4828ba_4829f3_482ae7 (4 2.00 0 2.00 0 2.00){0.00 0.00 0.00 0.00 0.80 0}{0.80 0.00 0.00 0.00 1.60 0}{1.60 2.00 2.00 2.00 2.40 4}{2.40 0.00 0.00 0.00 3.20 0}{3.20 0.00 0.00 0.00 4.00 0}
COMM 4b-2: 48b495_48b719_48b7ed_48b8a6 (1 3.00 2 3.00 2 3.00){0.00 0.00 0.00 0.00 1.20 0}{1.20 0.00 0.00 0.00 2.40 0}{2.40 3.00 3.00 3.00 3.60 1}{3.60 0.00 0.00 0.00 4.80 0}{4.80 0.00 0.00 0.00 6.00 0}
LOOP0: iter: ( 2 )[ 1 -1 2 2 1 ] mem: ( 3 )[ 1 -1 3 1 0 ]( 2 )[ 1 -1 2 1 0 ]
10 2 
12 52020 
14 16 
1b 0 
2b 2147483647 

RANKS: 1 -1 0 4 1
EVENT41: 1148 48b495_48b719_48b7ed_48b8a6
COMP 4b-0: 47a406_47a7db_47a946_47aa67 (7 9.75 0 9.00 0 10.00){0.00 0.00 0.00 0.00 4.00 0}{4.00 0.00 0.00 0.00 8.00 0}{8.00 9.00 9.71 10.00 12.00 7}{12.00 0.00 0.00 0.00 16.00 0}{16.00 0.00 0.00 0.00 20.00 0}
COMP 4c-0: 47a406_47a7db_47a946_47aa67 (7 25.62 0 25.00 0 26.00){0.00 0.00 0.00 0.00 10.00 0}{10.00 0.00 0.00 0.00 20.00 0}{20.00 25.00 25.71 26.00 30.00 7}{30.00 0.00 0.00 0.00 40.00 0}{40.00 0.00 0.00 0.00 50.00 0}
COMM 4b-0: 47a406_47a7db_47a946_47aa67 (7 427.75 3 297.00 0 484.00){0.00 0.00 0.00 0.00 193.60 0}{193.60 297.00 297.00 297.00 387.20 1}{387.20 399.00 440.17 484.00 580.80 6}{580.80 0.00 0.00 0.00 774.40 0}{774.40 0.00 0.00 0.00 968.00 0}
1c 9999 

RANKS: 1 -1 2 2 1
EVENT42: 1113 48253a_4828ba_4829f3_482ae7
COMP 4b-0: 48b495_48b719_48b7ed_48b8a6 (3 275.25 3 228.00 3 322.00){0.00 0.00 0.00 0.00 128.80 0}{128.80 228.00 228.50 229.00 257.60 2}{257.60 322.00 322.00 322.00 386.40 1}{386.40 0.00 0.00 0.00 515.20 0}{515.20 0.00 0.00 0.00 644.00 0}
COMP 4c-0: 48b495_48b719_48b7ed_48b8a6 (3 382.00 3 381.00 2 384.00){0.00 0.00 0.00 0.00 152.40 0}{152.40 0.00 0.00 0.00 304.80 0}{304.80 381.00 382.33 384.00 457.20 3}{457.20 0.00 0.00 0.00 609.60 0}{609.60 0.00 0.00 0.00 762.00 0}
COMM 4b-0: 48b495_48b719_48b7ed_48b8a6 (3 232.75 2 231.00 3 234.00){0.00 0.00 0.00 0.00 93.20 0}{93.20 0.00 0.00 0.00 186.40 0}{186.40 231.00 232.67 234.00 279.60 3}{279.60 0.00 0.00 0.00 372.80 0}{372.80 0.00 0.00 0.00 466.00 0}
10 2 
12 52020 
14 16 
1a ( 3 2 )[ 1 -1 3 1 0 ]
1a ( 2 )[ 1 -1 2 1 0 ]
1b 0 

RANKS: 2 -1 0 2 2 -1 3 1 0
EVENT43: 1004 46a96f_46accf_46ae12_46af04
COMP 4b-0: 46a96f_46accf_46ae12_46af04 (6 8594.86 3 10.00 0 20044.00){0.00 0.00 0.00 0.00 4.40 0}{4.40 0.00 0.00 0.00 8.80 0}{8.80 10.00 10.50 11.00 17.60 2}{17.60 18.00 18.00 18.00 22.00 1}{22.00 20030.00 20038.00 20044.00 40066.00 3}
COMP 4b-1: 48253a_4828ba_4829f3_482ae7 (2 45427.67 3 45415.00 2 45453.00){0.00 0.00 0.00 0.00 18166.00 0}{18166.00 0.00 0.00 0.00 36332.00 0}{36332.00 45415.00 45434.00 45453.00 54498.00 2}{54498.00 0.00 0.00 0.00 72664.00 0}{72664.00 0.00 0.00 0.00 90830.00 0}
COMP 4b-2: 48b495_48b719_48b7ed_48b8a6 (1 45684.00 0 45684.00 0 45684.00){0.00 0.00 0.00 0.00 18273.60 0}{18273.60 0.00 0.00 0.00 36547.20 0}{36547.20 45684.00 45684.00 45684.00 54820.80 1}{54820.80 0.00 0.00 0.00 73094.40 0}{73094.40 0.00 0.00 0.00 91368.00 0}
COMP 4c-0: 46a96f_46accf_46ae12_46af04 (6 40661.57 0 25.00 0 94843.00){0.00 0.00 0.00 0.00 10.00 0}{10.00 0.00 0.00 0.00 20.00 0}{20.00 25.00 25.67 26.00 40.00 3}{40.00 0.00 0.00 0.00 50.00 0}{50.00 94843.00 94843.00 94843.00 189636.00 3}
COMP 4c-1: 48253a_4828ba_4829f3_482ae7 (2 194755.33 2 194752.00 3 194757.00){0.00 0.00 0.00 0.00 77902.80 0}{77902.80 0.00 0.00 0.00 155805.60 0}{155805.60 194752.00 194754.50 194757.00 233708.40 2}{233708.40 0.00 0.00 0.00 311611.20 0}{311611.20 0.00 0.00 0.00 389514.00 0}
COMP 4c-2: 48b495_48b719_48b7ed_48b8a6 (1 194885.00 0 194885.00 0 194885.00){0.00 0.00 0.00 0.00 77954.00 0}{77954.00 0.00 0.00 0.00 155908.00 0}{155908.00 194885.00 194885.00 194885.00 233862.00 1}{233862.00 0.00 0.00 0.00 311816.00 0}{311816.00 0.00 0.00 0.00 389770.00 0}
COMM 4b-0: 46a96f_46accf_46ae12_46af04 (6 21.86 2 5.00 2 35.00){0.00 5.00 5.00 5.00 13.60 1}{13.60 17.00 18.50 20.00 20.40 2}{20.40 25.00 25.00 25.00 27.20 1}{27.20 34.00 34.00 34.00 34.00 1}{34.00 35.00 35.00 35.00 36.00 1}
COMM 4b-1: 48253a_4828ba_4829f3_482ae7 (2 464.00 2 284.00 3 554.00){0.00 0.00 0.00 0.00 221.60 0}{221.60 284.00 284.00 284.00 443.20 1}{443.20 554.00 554.00 554.00 664.80 1}{664.80 0.00 0.00 0.00 886.40 0}{886.40 0.00 0.00 0.00 1108.00 0}
COMM 4b-2: 48b495_48b719_48b7ed_48b8a6 (1 25.00 0 25.00 0 25.00){0.00 0.00 0.00 0.00 10.00 0}{10.00 0.00 0.00 0.00 20.00 0}{20.00 25.00 25.00 25.00 30.00 1}{30.00 0.00 0.00 0.00 40.00 0}{40.00 0.00 0.00 0.00 50.00 0}
LOOP0: iter: ( 3 )[ 2 -1 0 2 2 -1 3 1 0 ] mem: ( 1 )[ 2 -1 0 2 2 -1 3 1 0 ]
10 2 
12 5 1 5 
14 16 
18 3 1 3 

RANKS: 1 -1 1 3 1
EVENT44: 1113 48253a_4828ba_4829f3_482ae7
COMP 4b-0: 46a96f_46accf_46ae12_46af04 (2 101.33 2 92.00 3 106.00){0.00 0.00 0.00 0.00 42.40 0}{42.40 0.00 0.00 0.00 84.80 0}{84.80 92.00 99.00 106.00 127.20 2}{127.20 0.00 0.00 0.00 169.60 0}{169.60 0.00 0.00 0.00 212.00 0}
COMP 4b-1: 48253a_4828ba_4829f3_482ae7 (2 14221.67 3 9.00 1 21328.00){0.00 9.00 9.00 9.00 8531.20 1}{8531.20 0.00 0.00 0.00 17062.40 0}{17062.40 21328.00 21328.00 21328.00 25593.60 1}{25593.60 0.00 0.00 0.00 34124.80 0}{34124.80 0.00 0.00 0.00 42656.00 0}
COMP 4b-2: 48b495_48b719_48b7ed_48b8a6 (1 326.00 1 326.00 1 326.00){0.00 0.00 0.00 0.00 130.40 0}{130.40 0.00 0.00 0.00 260.80 0}{260.80 326.00 326.00 326.00 391.20 1}{391.20 0.00 0.00 0.00 521.60 0}{521.60 0.00 0.00 0.00 652.00 0}
COMP 4c-0: 46a96f_46accf_46ae12_46af04 (2 145.67 2 145.00 3 146.00){0.00 0.00 0.00 0.00 58.40 0}{58.40 0.00 0.00 0.00 116.80 0}{116.80 145.00 145.50 146.00 175.20 2}{175.20 0.00 0.00 0.00 233.60 0}{233.60 0.00 0.00 0.00 292.00 0}
COMP 4c-1: 48253a_4828ba_4829f3_482ae7 (2 62459.00 3 27.00 1 93675.00){0.00 27.00 27.00 27.00 37470.00 1}{37470.00 0.00 0.00 0.00 74940.00 0}{74940.00 93675.00 93675.00 93675.00 112410.00 1}{112410.00 0.00 0.00 0.00 149880.00 0}{149880.00 0.00 0.00 0.00 187350.00 0}
COMP 4c-2: 48b495_48b719_48b7ed_48b8a6 (1 381.00 1 381.00 1 381.00){0.00 0.00 0.00 0.00 152.40 0}{152.40 0.00 0.00 0.00 304.80 0}{304.80 381.00 381.00 381.00 457.20 1}{457.20 0.00 0.00 0.00 609.60 0}{609.60 0.00 0.00 0.00 762.00 0}
COMM 4b-0: 46a96f_46accf_46ae12_46af04 (2 4.00 3 4.00 3 4.00){0.00 0.00 0.00 0.00 1.60 0}{1.60 0.00 0.00 0.00 3.20 0}{3.20 4.00 4.00 4.00 4.80 2}{4.80 0.00 0.00 0.00 6.40 0}{6.40 0.00 0.00 0.00 8.00 0}
COMM 4b-1: 48253a_4828ba_4829f3_482ae7 (2 163.33 3 2.00 1 244.00){0.00 2.00 2.00 2.00 97.60 1}{97.60 0.00 0.00 0.00 195.20 0}{195.20 244.00 244.00 244.00 292.80 1}{292.80 0.00 0.00 0.00 390.40 0}{390.40 0.00 0.00 0.00 488.00 0}
COMM 4b-2: 48b495_48b719_48b7ed_48b8a6 (1 231.00 1 231.00 1 231.00){0.00 0.00 0.00 0.00 92.40 0}{92.40 0.00 0.00 0.00 184.80 0}{184.80 231.00 231.00 231.00 277.20 1}{277.20 0.00 0.00 0.00 369.60 0}{369.60 0.00 0.00 0.00 462.00 0}
LOOP0: iter: ( 2 )[ 1 -1 1 2 2 ] mem: ( 1 )[ 1 -1 1 2 2 ]
10 2 
12 ( 52020 )[ 1 -1 1 1 0 ]
12 ( 102 106 )[ 1 -1 3 1 0 ]
12 ( 102 )[ 1 -1 2 1 0 ]
14 16 
1a ( 3 2 )[ 1 -1 1 1 0 ]
1a ( 2 3 )[ 1 -1 3 1 0 ]
1a ( 2 )[ 1 -1 2 1 0 ]
1b 0 

RANKS: 1 -1 0 2 1
EVENT45: 1090 47a406_47a7db_47a946_47aa67
COMP 4b-0: 46a96f_46accf_46ae12_46af04 (1 102.00 0 102.00 0 102.00){0.00 0.00 0.00 0.00 40.80 0}{40.80 0.00 0.00 0.00 81.60 0}{81.60 102.00 102.00 102.00 122.40 1}{122.40 0.00 0.00 0.00 163.20 0}{163.20 0.00 0.00 0.00 204.00 0}
COMP 4b-1: 48253a_4828ba_4829f3_482ae7 (1 11.00 1 11.00 1 11.00){0.00 0.00 0.00 0.00 4.40 0}{4.40 0.00 0.00 0.00 8.80 0}{8.80 11.00 11.00 11.00 13.20 1}{13.20 0.00 0.00 0.00 17.60 0}{17.60 0.00 0.00 0.00 22.00 0}
COMP 4b-2: 48b495_48b719_48b7ed_48b8a6 (1 10.00 0 10.00 0 10.00){0.00 0.00 0.00 0.00 4.00 0}{4.00 0.00 0.00 0.00 8.00 0}{8.00 10.00 10.00 10.00 12.00 1}{12.00 0.00 0.00 0.00 16.00 0}{16.00 0.00 0.00 0.00 20.00 0}
COMP 4c-0: 46a96f_46accf_46ae12_46af04 (1 147.00 0 147.00 0 147.00){0.00 0.00 0.00 0.00 58.80 0}{58.80 0.00 0.00 0.00 117.60 0}{117.60 147.00 147.00 147.00 176.40 1}{176.40 0.00 0.00 0.00 235.20 0}{235.20 0.00 0.00 0.00 294.00 0}
COMP 4c-1: 48253a_4828ba_4829f3_482ae7 (1 27.00 1 27.00 1 27.00){0.00 0.00 0.00 0.00 10.80 0}{10.80 0.00 0.00 0.00 21.60 0}{21.60 27.00 27.00 27.00 32.40 1}{32.40 0.00 0.00 0.00 43.20 0}{43.20 0.00 0.00 0.00 54.00 0}
COMP 4c-2: 48b495_48b719_48b7ed_48b8a6 (1 26.00 0 26.00 0 26.00){0.00 0.00 0.00 0.00 10.40 0}{10.40 0.00 0.00 0.00 20.80 0}{20.80 26.00 26.00 26.00 31.20 1}{31.20 0.00 0.00 0.00 41.60 0}{41.60 0.00 0.00 0.00 52.00 0}
COMM 4b-0: 46a96f_46accf_46ae12_46af04 (1 2.00 0 2.00 0 2.00){0.00 0.00 0.00 0.00 0.80 0}{0.80 0.00 0.00 0.00 1.60 0}{1.60 2.00 2.00 2.00 2.40 1}{2.40 0.00 0.00 0.00 3.20 0}{3.20 0.00 0.00 0.00 4.00 0}
COMM 4b-1: 48253a_4828ba_4829f3_482ae7 (1 2.00 1 2.00 1 2.00){0.00 0.00 0.00 0.00 0.80 0}{0.80 0.00 0.00 0.00 1.60 0}{1.60 2.00 2.00 2.00 2.40 1}{2.40 0.00 0.00 0.00 3.20 0}{3.20 0.00 0.00 0.00 4.00 0}
COMM 4b-2: 48b495_48b719_48b7ed_48b8a6 (1 1.00 0 1.00 0 1.00){0.00 0.00 0.00 0.00 0.40 0}{0.40 0.00 0.00 0.00 0.80 0}{0.80 1.00 1.00 1.00 1.20 1}{1.20 0.00 0.00 0.00 1.60 0}{1.60 0.00 0.00 0.00 2.00 0}
LOOP0: iter: ( 2 )[ 1 -1 0 1 0 ] mem: ( 2 )[ 1 -1 0 1 0 ]
10 2 
12 ( 102 106 )[ 1 -1 0 1 0 ]
12 ( 52020 )[ 1 -1 1 1 0 ]
14 16 
1b 0 
2b 2147483647 

RANKS: 1 -1 0 2 1
EVENT46: 1148 48b495_48b719_48b7ed_48b8a6
COMP 4b-0: 47a406_47a7db_47a946_47aa67 (3 9.00 0 8.00 1 10.00){0.00 0.00 0.00 0.00 3.60 0}{3.60 0.00 0.00 0.00 7.20 0}{7.20 8.00 9.00 10.00 10.80 3}{10.80 0.00 0.00 0.00 14.40 0}{14.40 0.00 0.00 0.00 18.00 0}
COMP 4c-0: 47a406_47a7db_47a946_47aa67 (3 26.00 0 26.00 0 26.00){0.00 0.00 0.00 0.00 10.40 0}{10.40 0.00 0.00 0.00 20.80 0}{20.80 26.00 26.00 26.00 31.20 3}{31.20 0.00 0.00 0.00 41.60 0}{41.60 0.00 0.00 0.00 52.00 0}
COMM 4b-0: 47a406_47a7db_47a946_47aa67 (3 89.75 0 2.00 1 349.00){0.00 0.00 0.00 0.00 1.60 0}{1.60 2.00 2.00 2.00 3.20 1}{3.20 4.00 4.00 4.00 6.40 1}{6.40 0.00 0.00 0.00 8.00 0}{8.00 349.00 349.00 349.00 690.00 1}
1c 9999 

RANKS: 2 -1 0 2 1 -1 3 1 0
EVENT47: 1004 46a96f_46accf_46ae12_46af04
COMP 4b-0: 46a96f_46accf_46ae12_46af04 (2 6688.00 1 13.00 1 20038.00){0.00 0.00 0.00 0.00 5.20 0}{5.20 0.00 0.00 0.00 10.40 0}{10.40 13.00 13.00 13.00 20.80 1}{20.80 0.00 0.00 0.00 26.00 0}{26.00 20038.00 20038.00 20038.00 40050.00 1}
COMP 4b-1: 48253a_4828ba_4829f3_482ae7 (1 21.00 3 21.00 3 21.00){0.00 0.00 0.00 0.00 8.40 0}{8.40 0.00 0.00 0.00 16.80 0}{16.80 21.00 21.00 21.00 25.20 1}{25.20 0.00 0.00 0.00 33.60 0}{33.60 0.00 0.00 0.00 42.00 0}
COMP 4b-2: 48b495_48b719_48b7ed_48b8a6 (2 15167.00 0 23.00 1 45455.00){0.00 0.00 0.00 0.00 9.20 0}{9.20 0.00 0.00 0.00 18.40 0}{18.40 23.00 23.00 23.00 36.80 1}{36.80 0.00 0.00 0.00 46.00 0}{46.00 45455.00 45455.00 45455.00 90864.00 1}
COMP 4c-0: 46a96f_46accf_46ae12_46af04 (2 31631.67 1 26.00 1 94843.00){0.00 0.00 0.00 0.00 10.40 0}{10.40 0.00 0.00 0.00 20.80 0}{20.80 26.00 26.00 26.00 41.60 1}{41.60 0.00 0.00 0.00 52.00 0}{52.00 94843.00 94843.00 94843.00 189634.00 1}
COMP 4c-1: 48253a_4828ba_4829f3_482ae7 (1 70.00 3 70.00 3 70.00){0.00 0.00 0.00 0.00 28.00 0}{28.00 0.00 0.00 0.00 56.00 0}{56.00 70.00 70.00 70.00 84.00 1}{84.00 0.00 0.00 0.00 112.00 0}{112.00 0.00 0.00 0.00 140.00 0}
COMP 4c-2: 48b495_48b719_48b7ed_48b8a6 (2 65010.00 0 75.00 1 194880.00){0.00 0.00 0.00 0.00 30.00 0}{30.00 0.00 0.00 0.00 60.00 0}{60.00 75.00 75.00 75.00 120.00 1}{120.00 0.00 0.00 0.00 150.00 0}{150.00 194880.00 194880.00 194880.00 389610.00 1}
COMM 4b-0: 46a96f_46accf_46ae12_46af04 (2 24.67 1 23.00 1 28.00){0.00 0.00 0.00 0.00 9.20 0}{9.20 0.00 0.00 0.00 18.40 0}{18.40 23.00 23.00 23.00 27.60 1}{27.60 28.00 28.00 28.00 36.80 1}{36.80 0.00 0.00 0.00 46.00 0}
COMM 4b-1: 48253a_4828ba_4829f3_482ae7 (1 55.00 3 55.00 3 55.00){0.00 0.00 0.00 0.00 22.00 0}{22.00 0.00 0.00 0.00 44.00 0}{44.00 55.00 55.00 55.00 66.00 1}{66.00 0.00 0.00 0.00 88.00 0}{88.00 0.00 0.00 0.00 110.00 0}
COMM 4b-2: 48b495_48b719_48b7ed_48b8a6 (2 195.67 0 6.00 1 575.00){0.00 0.00 0.00 0.00 2.40 0}{2.40 0.00 0.00 0.00 4.80 0}{4.80 6.00 6.00 6.00 9.60 1}{9.60 0.00 0.00 0.00 12.00 0}{12.00 575.00 575.00 575.00 1138.00 1}
LOOP0: iter: ( 3 )[ 1 -1 1 1 0 ] mem: ( 1 )[ 1 -1 1 1 0 ]
10 2 
12 ( 1 )[ 1 -1 0 2 3 ]
12 ( 5 1 5 )[ 1 -1 1 1 0 ]
14 16 
18 ( 3 )[ 1 -1 0 2 3 ]
18 ( 3 1 3 )[ 1 -1 1 1 0 ]

RANKS: 1 -1 0 3 1
EVENT48: 1090 47a406_47a7db_47a946_47aa67
COMP 4b-0: 46a96f_46accf_46ae12_46af04 (3 78.00 2 70.00 1 100.00){0.00 0.00 0.00 0.00 28.40 0}{28.40 0.00 0.00 0.00 56.80 0}{56.80 70.00 70.50 71.00 85.20 2}{85.20 100.00 100.00 100.00 113.60 1}{113.60 0.00 0.00 0.00 142.00 0}
COMP 4b-1: 48253a_4828ba_4829f3_482ae7 (1 9.00 2 9.00 2 9.00){0.00 0.00 0.00 0.00 3.60 0}{3.60 0.00 0.00 0.00 7.20 0}{7.20 9.00 9.00 9.00 10.80 1}{10.80 0.00 0.00 0.00 14.40 0}{14.40 0.00 0.00 0.00 18.00 0}
COMP 4c-0: 46a96f_46accf_46ae12_46af04 (3 155.25 1 146.00 2 159.00){0.00 0.00 0.00 0.00 63.20 0}{63.20 0.00 0.00 0.00 126.40 0}{126.40 146.00 154.33 159.00 189.60 3}{189.60 0.00 0.00 0.00 252.80 0}{252.80 0.00 0.00 0.00 316.00 0}
COMP 4c-1: 48253a_4828ba_4829f3_482ae7 (1 26.00 2 26.00 2 26.00){0.00 0.00 0.00 0.00 10.40 0}{10.40 0.00 0.00 0.00 20.80 0}{20.80 26.00 26.00 26.00 31.20 1}{31.20 0.00 0.00 0.00 41.60 0}{41.60 0.00 0.00 0.00 52.00 0}
COMM 4b-0: 46a96f_46accf_46ae12_46af04 (3 1.25 0 1.00 1 2.00){0.00 0.00 0.00 0.00 0.40 0}{0.40 0.00 0.00 0.00 0.80 0}{0.80 1.00 1.00 1.00 1.20 2}{1.20 0.00 0.00 0.00 1.60 0}{1.60 2.00 2.00 2.00 2.00 1}
COMM 4b-1: 48253a_4828ba_4829f3_482ae7 (1 1.00 2 1.00 2 1.00){0.00 0.00 0.00 0.00 0.40 0}{0.40 0.00 0.00 0.00 0.80 0}{0.80 1.00 1.00 1.00 1.20 1}{1.20 0.00 0.00 0.00 1.60 0}{1.60 0.00 0.00 0.00 2.00 0}
LOOP0: iter: ( 2 )[ 1 -1 2 1 0 ] mem: ( 3 )[ 1 -1 2 1 0 ]
10 2 
12 ( 102 )[ 1 -1 0 2 1 ]
12 ( 106 102 )[ 1 -1 2 1 0 ]
14 16 
1b 0 
2b 2147483647 

RANKS: 1 -1 0 3 1
EVENT49: 1148 48b495_48b719_48b7ed_48b8a6
COMP 4b-0: 47a406_47a7db_47a946_47aa67 (4 8.80 2 8.00 0 9.00){0.00 0.00 0.00 0.00 3.60 0}{3.60 0.00 0.00 0.00 7.20 0}{7.20 8.00 8.75 9.00 10.80 4}{10.80 0.00 0.00 0.00 14.40 0}{14.40 0.00 0.00 0.00 18.00 0}
COMP 4c-0: 47a406_47a7db_47a946_47aa67 (4 26.00 0 26.00 0 26.00){0.00 0.00 0.00 0.00 10.40 0}{10.40 0.00 0.00 0.00 20.80 0}{20.80 26.00 26.00 26.00 31.20 4}{31.20 0.00 0.00 0.00 41.60 0}{41.60 0.00 0.00 0.00 52.00 0}
COMM 4b-0: 47a406_47a7db_47a946_47aa67 (4 2.80 2 2.00 0 3.00){0.00 0.00 0.00 0.00 1.20 0}{1.20 2.00 2.00 2.00 2.40 1}{2.40 3.00 3.00 3.00 3.60 3}{3.60 0.00 0.00 0.00 4.80 0}{4.80 0.00 0.00 0.00 6.00 0}
1c 9999 

RANKS: 1 -1 1 2 2
EVENT50: 1113 48253a_4828ba_4829f3_482ae7
COMP 4b-0: 46a96f_46accf_46ae12_46af04 (2 71.33 1 71.00 3 72.00){0.00 0.00 0.00 0.00 28.40 0}{28.40 0.00 0.00 0.00 56.80 0}{56.80 71.00 71.50 72.00 85.20 2}{85.20 0.00 0.00 0.00 113.60 0}{113.60 0.00 0.00 0.00 142.00 0}
COMP 4b-1: 48b495_48b719_48b7ed_48b8a6 (1 10.00 1 10.00 1 10.00){0.00 0.00 0.00 0.00 4.00 0}{4.00 0.00 0.00 0.00 8.00 0}{8.00 10.00 10.00 10.00 12.00 1}{12.00 0.00 0.00 0.00 16.00 0}{16.00 0.00 0.00 0.00 20.00 0}
COMP 4c-0: 46a96f_46accf_46ae12_46af04 (2 160.00 1 160.00 1 160.00){0.00 0.00 0.00 0.00 64.00 0}{64.00 0.00 0.00 0.00 128.00 0}{128.00 160.00 160.00 160.00 192.00 2}{192.00 0.00 0.00 0.00 256.00 0}{256.00 0.00 0.00 0.00 320.00 0}
COMP 4c-1: 48b495_48b719_48b7ed_48b8a6 (1 27.00 1 27.00 1 27.00){0.00 0.00 0.00 0.00 10.80 0}{10.80 0.00 0.00 0.00 21.60 0}{21.60 27.00 27.00 27.00 32.40 1}{32.40 0.00 0.00 0.00 43.20 0}{43.20 0.00 0.00 0.00 54.00 0}
COMM 4b-0: 46a96f_46accf_46ae12_46af04 (2 3.00 1 3.00 1 3.00){0.00 0.00 0.00 0.00 1.20 0}{1.20 0.00 0.00 0.00 2.40 0}{2.40 3.00 3.00 3.00 3.60 2}{3.60 0.00 0.00 0.00 4.80 0}{4.80 0.00 0.00 0.00 6.00 0}
COMM 4b-1: 48b495_48b719_48b7ed_48b8a6 (1 4.00 1 4.00 1 4.00){0.00 0.00 0.00 0.00 1.60 0}{1.60 0.00 0.00 0.00 3.20 0}{3.20 4.00 4.00 4.00 4.80 1}{4.80 0.00 0.00 0.00 6.40 0}{6.40 0.00 0.00 0.00 8.00 0}
LOOP0: iter: ( 2 )[ 1 -1 1 1 0 ] mem: ( 2 )[ 1 -1 1 1 0 ]
10 2 
12 ( 106 102 )[ 1 -1 1 1 0 ]
12 ( 102 )[ 1 -1 3 1 0 ]
14 16 
1a 3 
1b 0 

RANKS: 1 -1 0 4 1
EVENT51: 1004 46a96f_46accf_46ae12_46af04
COMP 4b-0: 48253a_4828ba_4829f3_482ae7 (3 25.50 1 20.00 1 31.00){0.00 0.00 0.00 0.00 8.00 0}{8.00 0.00 0.00 0.00 16.00 0}{16.00 20.00 20.00 20.00 24.00 1}{24.00 31.00 31.00 31.00 32.00 2}{32.00 0.00 0.00 0.00 40.00 0}
COMP 4b-1: 48b495_48b719_48b7ed_48b8a6 (3 29.75 2 21.00 0 33.00){0.00 0.00 0.00 0.00 13.20 0}{13.20 21.00 21.00 21.00 26.40 1}{26.40 32.00 32.50 33.00 39.60 2}{39.60 0.00 0.00 0.00 52.80 0}{52.80 0.00 0.00 0.00 66.00 0}
COMP 4c-0: 48253a_4828ba_4829f3_482ae7 (3 92.50 1 71.00 1 114.00){0.00 0.00 0.00 0.00 28.40 0}{28.40 0.00 0.00 0.00 56.80 0}{56.80 71.00 71.00 71.00 85.20 1}{85.20 0.00 0.00 0.00 113.60 0}{113.60 114.00 114.00 114.00 142.00 2}
COMP 4c-1: 48b495_48b719_48b7ed_48b8a6 (3 105.50 2 71.00 0 117.00){0.00 0.00 0.00 0.00 46.80 0}{46.80 71.00 71.00 71.00 93.60 1}{93.60 117.00 117.00 117.00 140.40 2}{140.40 0.00 0.00 0.00 187.20 0}{187.20 0.00 0.00 0.00 234.00 0}
COMM 4b-0: 48253a_4828ba_4829f3_482ae7 (3 38.75 1 35.00 3 44.00){0.00 0.00 0.00 0.00 14.00 0}{14.00 0.00 0.00 0.00 28.00 0}{28.00 35.00 38.00 41.00 42.00 2}{42.00 44.00 44.00 44.00 56.00 1}{56.00 0.00 0.00 0.00 70.00 0}
COMM 4b-1: 48b495_48b719_48b7ed_48b8a6 (3 22.25 2 5.00 2 42.00){0.00 5.00 5.00 5.00 8.40 1}{8.40 0.00 0.00 0.00 16.80 0}{16.80 21.00 21.00 21.00 25.20 1}{25.20 0.00 0.00 0.00 33.60 0}{33.60 42.00 42.00 42.00 42.00 1}
10 2 
12 1 
14 16 
18 3 

RANKS: 1 -1 0 2 1
EVENT52: 1090 47a406_47a7db_47a946_47aa67_45f344
COMP 4b-0: 46a96f_46accf_46ae12_46af04 (2 105.00 0 104.00 1 107.00){0.00 0.00 0.00 0.00 41.60 0}{41.60 0.00 0.00 0.00 83.20 0}{83.20 104.00 105.50 107.00 124.80 2}{124.80 0.00 0.00 0.00 166.40 0}{166.40 0.00 0.00 0.00 208.00 0}
COMP 4c-0: 46a96f_46accf_46ae12_46af04 (2 166.00 0 165.00 1 168.00){0.00 0.00 0.00 0.00 66.00 0}{66.00 0.00 0.00 0.00 132.00 0}{132.00 165.00 166.50 168.00 198.00 2}{198.00 0.00 0.00 0.00 264.00 0}{264.00 0.00 0.00 0.00 330.00 0}
COMM 4b-0: 46a96f_46accf_46ae12_46af04 (2 1.00 0 1.00 0 1.00){0.00 0.00 0.00 0.00 0.40 0}{0.40 0.00 0.00 0.00 0.80 0}{0.80 1.00 1.00 1.00 1.20 2}{1.20 0.00 0.00 0.00 1.60 0}{1.60 0.00 0.00 0.00 2.00 0}
10 2 
12 102 
14 16 
1b 0 
2b 2147483647 

RANKS: 1 -1 0 2 1
EVENT53: 1148 48b495_48b719_48b7ed_48b8a6_45f359
COMP 4b-0: 47a406_47a7db_47a946_47aa67_45f344 (2 8.67 1 8.00 0 9.00){0.00 0.00 0.00 0.00 3.60 0}{3.60 0.00 0.00 0.00 7.20 0}{7.20 8.00 8.50 9.00 10.80 2}{10.80 0.00 0.00 0.00 14.40 0}{14.40 0.00 0.00 0.00 18.00 0}
COMP 4c-0: 47a406_47a7db_47a946_47aa67_45f344 (2 27.00 0 27.00 0 27.00){0.00 0.00 0.00 0.00 10.80 0}{10.80 0.00 0.00 0.00 21.60 0}{21.60 27.00 27.00 27.00 32.40 2}{32.40 0.00 0.00 0.00 43.20 0}{43.20 0.00 0.00 0.00 54.00 0}
COMM 4b-0: 47a406_47a7db_47a946_47aa67_45f344 (2 3.00 0 3.00 0 3.00){0.00 0.00 0.00 0.00 1.20 0}{1.20 0.00 0.00 0.00 2.40 0}{2.40 3.00 3.00 3.00 3.60 2}{3.60 0.00 0.00 0.00 4.80 0}{4.80 0.00 0.00 0.00 6.00 0}
1c 9999 

RANKS: 1 -1 2 2 1
EVENT54: 1113 48253a_4828ba_4829f3_482ae7_45f408
COMP 4b-0: 46a96f_46accf_46ae12_46af04 (2 102.33 3 101.00 2 105.00){0.00 0.00 0.00 0.00 40.40 0}{40.40 0.00 0.00 0.00 80.80 0}{80.80 101.00 103.00 105.00 121.20 2}{121.20 0.00 0.00 0.00 161.60 0}{161.60 0.00 0.00 0.00 202.00 0}
COMP 4c-0: 46a96f_46accf_46ae12_46af04 (2 165.33 3 164.00 2 168.00){0.00 0.00 0.00 0.00 65.60 0}{65.60 0.00 0.00 0.00 131.20 0}{131.20 164.00 166.00 168.00 196.80 2}{196.80 0.00 0.00 0.00 262.40 0}{262.40 0.00 0.00 0.00 328.00 0}
COMM 4b-0: 46a96f_46accf_46ae12_46af04 (2 2.33 3 2.00 2 3.00){0.00 0.00 0.00 0.00 0.80 0}{0.80 0.00 0.00 0.00 1.60 0}{1.60 2.00 2.00 2.00 2.40 1}{2.40 3.00 3.00 3.00 3.20 1}{3.20 0.00 0.00 0.00 4.00 0}
10 2 
12 102 
14 16 
1a 2 
1b 0 

RANKS: 1 -1 0 4 1
EVENT55: 1004 46a96f_46accf_46ae12_46af04
COMP 4b-0: 48253a_4828ba_4829f3_482ae7_45f408 (2 31.00 3 31.00 3 31.00){0.00 0.00 0.00 0.00 12.40 0}{12.40 0.00 0.00 0.00 24.80 0}{24.80 31.00 31.00 31.00 37.20 2}{37.20 0.00 0.00 0.00 49.60 0}{49.60 0.00 0.00 0.00 62.00 0}
COMP 4b-1: 48b495_48b719_48b7ed_48b8a6_45f359 (2 33.00 0 32.00 1 35.00){0.00 0.00 0.00 0.00 12.80 0}{12.80 0.00 0.00 0.00 25.60 0}{25.60 32.00 33.50 35.00 38.40 2}{38.40 0.00 0.00 0.00 51.20 0}{51.20 0.00 0.00 0.00 64.00 0}
COMP 4c-0: 48253a_4828ba_4829f3_482ae7_45f408 (2 111.67 2 111.00 3 112.00){0.00 0.00 0.00 0.00 44.80 0}{44.80 0.00 0.00 0.00 89.60 0}{89.60 111.00 111.50 112.00 134.40 2}{134.40 0.00 0.00 0.00 179.20 0}{179.20 0.00 0.00 0.00 224.00 0}
COMP 4c-1: 48b495_48b719_48b7ed_48b8a6_45f359 (2 117.00 0 117.00 0 117.00){0.00 0.00 0.00 0.00 46.80 0}{46.80 0.00 0.00 0.00 93.60 0}{93.60 117.00 117.00 117.00 140.40 2}{140.40 0.00 0.00 0.00 187.20 0}{187.20 0.00 0.00 0.00 234.00 0}
COMM 4b-0: 48253a_4828ba_4829f3_482ae7_45f408 (2 59.00 2 37.00 3 70.00){0.00 0.00 0.00 0.00 28.00 0}{28.00 37.00 37.00 37.00 56.00 1}{56.00 70.00 70.00 70.00 84.00 1}{84.00 0.00 0.00 0.00 112.00 0}{112.00 0.00 0.00 0.00 140.00 0}
COMM 4b-1: 48b495_48b719_48b7ed_48b8a6_45f359 (2 26.67 1 6.00 0 37.00){0.00 6.00 6.00 6.00 14.80 1}{14.80 0.00 0.00 0.00 29.60 0}{29.60 37.00 37.00 37.00 44.40 1}{44.40 0.00 0.00 0.00 59.20 0}{59.20 0.00 0.00 0.00 74.00 0}
10 2 
12 1 
14 16 
18 3 

RANKS: 1 -1 0 4 1
EVENT56: 1045 4732cf_473343_4733a9_473404
COMP 4b-0: 46a96f_46accf_46ae12_46af04 (4 1370.00 0 1305.00 2 1445.00){0.00 0.00 0.00 0.00 522.00 0}{522.00 0.00 0.00 0.00 1044.00 0}{1044.00 1305.00 1386.25 1445.00 1566.00 4}{1566.00 0.00 0.00 0.00 2088.00 0}{2088.00 0.00 0.00 0.00 2610.00 0}
COMP 4c-0: 46a96f_46accf_46ae12_46af04 (4 4308.60 0 590.00 2 6873.00){0.00 0.00 0.00 0.00 236.00 0}{236.00 0.00 0.00 0.00 472.00 0}{472.00 590.00 590.00 590.00 944.00 1}{944.00 0.00 0.00 0.00 1180.00 0}{1180.00 6725.00 6787.67 6873.00 12270.00 3}

