RANKS: 1 -1 0 4 1
EVENT0: 1084 478d7c_478e3b_478ed1_478f2c
33 2 
34 0 

RANKS: 1 -1 0 4 1
EVENT1: 1011 46cf59_46d288_46d3a3_46d48f
COMP 4b-0: 46cf59_46d288_46d3a3_46d48f (32 6.03 0 5.00 0 19.00){0.00 0.00 0.00 0.00 2.40 0}{2.40 0.00 0.00 0.00 4.80 0}{4.80 5.00 5.61 7.00 9.60 31}{9.60 0.00 0.00 0.00 12.00 0}{12.00 19.00 19.00 19.00 26.00 1}
COMP 4b-1: 478d7c_478e3b_478ed1_478f2c (4 264.20 3 56.00 0 575.00){0.00 56.00 57.00 58.00 230.00 3}{230.00 0.00 0.00 0.00 460.00 0}{460.00 575.00 575.00 575.00 690.00 1}{690.00 0.00 0.00 0.00 920.00 0}{920.00 0.00 0.00 0.00 1150.00 0}
COMM 4b-0: 46cf59_46d288_46d3a3_46d48f (32 12.91 0 1.00 2 81.00){0.00 1.00 1.00 1.00 1.60 1}{1.60 2.00 2.44 3.00 3.20 16}{3.20 4.00 4.17 5.00 6.40 6}{6.40 8.00 8.00 8.00 8.00 1}{8.00 10.00 43.63 81.00 126.00 8}
COMM 4b-1: 478d7c_478e3b_478ed1_478f2c (4 438.40 0 20.00 1 807.00){0.00 0.00 0.00 0.00 8.00 0}{8.00 0.00 0.00 0.00 16.00 0}{16.00 20.00 20.00 20.00 32.00 1}{32.00 0.00 0.00 0.00 40.00 0}{40.00 545.00 717.33 807.00 1560.00 3}
LOOP0: iter: ( 9 )[ 1 -1 0 4 1 ] mem: ( 1 )[ 1 -1 0 4 1 ]
10 2 
12 1 1 1 1 1 5 1 1 1 
14 14 14 14 16 16 16 14 14 14 
19 0 

RANKS: 1 -1 2 1 0
EVENT2: 1113 481caa_48202a_482163_482257
COMP 4b-0: 46cf59_46d288_46d3a3_46d48f (1 34113.00 2 34113.00 2 34113.00){0.00 0.00 0.00 0.00 13645.20 0}{13645.20 0.00 0.00 0.00 27290.40 0}{27290.40 34113.00 34113.00 34113.00 40935.60 1}{40935.60 0.00 0.00 0.00 54580.80 0}{54580.80 0.00 0.00 0.00 68226.00 0}
COMM 4b-0: 46cf59_46d288_46d3a3_46d48f (1 308.00 2 308.00 2 308.00){0.00 0.00 0.00 0.00 123.20 0}{123.20 0.00 0.00 0.00 246.40 0}{246.40 308.00 308.00 308.00 369.60 1}{369.60 0.00 0.00 0.00 492.80 0}{492.80 0.00 0.00 0.00 616.00 0}
10 2 
12 20480 
14 16 
1a 1 
1b 0 

RANKS: 1 -1 1 2 1
EVENT3: 1090 479b76_479f4b_47a0b6_47a1d7
COMP 4b-0: 46cf59_46d288_46d3a3_46d48f (1 34060.00 1 34060.00 1 34060.00){0.00 0.00 0.00 0.00 13624.00 0}{13624.00 0.00 0.00 0.00 27248.00 0}{27248.00 34060.00 34060.00 34060.00 40872.00 1}{40872.00 0.00 0.00 0.00 54496.00 0}{54496.00 0.00 0.00 0.00 68120.00 0}
COMP 4b-1: 481caa_48202a_482163_482257 (1 11.00 2 11.00 2 11.00){0.00 0.00 0.00 0.00 4.40 0}{4.40 0.00 0.00 0.00 8.80 0}{8.80 11.00 11.00 11.00 13.20 1}{13.20 0.00 0.00 0.00 17.60 0}{17.60 0.00 0.00 0.00 22.00 0}
COMP 4b-2: 48ac05_48ae89_48af5d_48b016 (1 5775.00 2 5775.00 2 5775.00){0.00 0.00 0.00 0.00 2310.00 0}{2310.00 0.00 0.00 0.00 4620.00 0}{4620.00 5775.00 5775.00 5775.00 6930.00 1}{6930.00 0.00 0.00 0.00 9240.00 0}{9240.00 0.00 0.00 0.00 11550.00 0}
COMM 4b-0: 46cf59_46d288_46d3a3_46d48f (1 5.00 1 5.00 1 5.00){0.00 0.00 0.00 0.00 2.00 0}{2.00 0.00 0.00 0.00 4.00 0}{4.00 5.00 5.00 5.00 6.00 1}{6.00 0.00 0.00 0.00 8.00 0}{8.00 0.00 0.00 0.00 10.00 0}
COMM 4b-1: 481caa_48202a_482163_482257 (1 4.00 2 4.00 2 4.00){0.00 0.00 0.00 0.00 1.60 0}{1.60 0.00 0.00 0.00 3.20 0}{3.20 4.00 4.00 4.00 4.80 1}{4.80 0.00 0.00 0.00 6.40 0}{6.40 0.00 0.00 0.00 8.00 0}
COMM 4b-2: 48ac05_48ae89_48af5d_48b016 (1 4.00 2 4.00 2 4.00){0.00 0.00 0.00 0.00 1.60 0}{1.60 0.00 0.00 0.00 3.20 0}{3.20 4.00 4.00 4.00 4.80 1}{4.80 0.00 0.00 0.00 6.40 0}{6.40 0.00 0.00 0.00 8.00 0}
LOOP0: iter: ( 2 )[ 1 -1 2 1 0 ] mem: ( 2 )[ 1 -1 2 1 0 ]
10 2 
12 20480 
14 16 
1b 0 
2b 2147483647 

RANKS: 1 -1 1 2 1
EVENT4: 1148 48ac05_48ae89_48af5d_48b016
COMP 4b-0: 479b76_479f4b_47a0b6_47a1d7 (3 11.75 2 6.00 1 14.00){0.00 0.00 0.00 0.00 5.60 0}{5.60 6.00 6.00 6.00 11.20 1}{11.20 13.00 13.50 14.00 16.80 2}{16.80 0.00 0.00 0.00 22.40 0}{22.40 0.00 0.00 0.00 28.00 0}
COMM 4b-0: 479b76_479f4b_47a0b6_47a1d7 (3 293.25 2 177.00 1 361.00){0.00 0.00 0.00 0.00 144.40 0}{144.40 177.00 225.50 274.00 288.80 2}{288.80 361.00 361.00 361.00 433.20 1}{433.20 0.00 0.00 0.00 577.60 0}{577.60 0.00 0.00 0.00 722.00 0}
1c 9999 

RANKS: 1 -1 1 2 1
EVENT5: 1113 481caa_48202a_482163_482257
COMP 4b-0: 481caa_48202a_482163_482257 (2 7486.67 1 5781.00 2 10898.00){0.00 0.00 0.00 0.00 2312.40 0}{2312.40 0.00 0.00 0.00 4624.80 0}{4624.80 5781.00 5781.00 5781.00 6937.20 1}{6937.20 0.00 0.00 0.00 9249.60 0}{9249.60 10898.00 10898.00 10898.00 11562.00 1}
COMP 4b-1: 48ac05_48ae89_48af5d_48b016 (2 107.00 1 107.00 1 107.00){0.00 0.00 0.00 0.00 42.80 0}{42.80 0.00 0.00 0.00 85.60 0}{85.60 107.00 107.00 107.00 128.40 2}{128.40 0.00 0.00 0.00 171.20 0}{171.20 0.00 0.00 0.00 214.00 0}
COMM 4b-0: 481caa_48202a_482163_482257 (2 114.33 1 114.00 2 115.00){0.00 0.00 0.00 0.00 45.60 0}{45.60 0.00 0.00 0.00 91.20 0}{91.20 114.00 114.50 115.00 136.80 2}{136.80 0.00 0.00 0.00 182.40 0}{182.40 0.00 0.00 0.00 228.00 0}
COMM 4b-1: 48ac05_48ae89_48af5d_48b016 (2 193.67 2 105.00 1 238.00){0.00 0.00 0.00 0.00 95.20 0}{95.20 105.00 105.00 105.00 190.40 1}{190.40 238.00 238.00 238.00 285.60 1}{285.60 0.00 0.00 0.00 380.80 0}{380.80 0.00 0.00 0.00 476.00 0}
LOOP0: iter: ( 2 )[ 1 -1 1 2 1 ] mem: ( 1 )[ 1 -1 1 2 1 ]
10 2 
12 20480 
14 16 
1a ( 3 2 )[ 1 -1 1 1 0 ]
1a ( 2 1 )[ 1 -1 2 1 0 ]
1b 0 

RANKS: 1 -1 1 3 1
EVENT6: 1090 479b76_479f4b_47a0b6_47a1d7
COMP 4b-0: 46cf59_46d288_46d3a3_46d48f (1 34078.00 3 34078.00 3 34078.00){0.00 0.00 0.00 0.00 13631.20 0}{13631.20 0.00 0.00 0.00 27262.40 0}{27262.40 34078.00 34078.00 34078.00 40893.60 1}{40893.60 0.00 0.00 0.00 54524.80 0}{54524.80 0.00 0.00 0.00 68156.00 0}
COMP 4b-1: 481caa_48202a_482163_482257 (5 3594.67 1 7.00 3 10830.00){0.00 0.00 0.00 0.00 2.80 0}{2.80 0.00 0.00 0.00 5.60 0}{5.60 7.00 7.00 7.00 14.00 2}{14.00 4978.00 5358.50 5739.00 9942.00 2}{9942.00 10830.00 10830.00 10830.00 11718.00 1}
COMP 4b-2: 48ac05_48ae89_48af5d_48b016 (2 8937.33 2 5056.00 1 10878.00){0.00 0.00 0.00 0.00 4351.20 0}{4351.20 5056.00 5056.00 5056.00 8702.40 1}{8702.40 10878.00 10878.00 10878.00 13053.60 1}{13053.60 0.00 0.00 0.00 17404.80 0}{17404.80 0.00 0.00 0.00 21756.00 0}
COMM 4b-0: 46cf59_46d288_46d3a3_46d48f (1 4.00 3 4.00 3 4.00){0.00 0.00 0.00 0.00 1.60 0}{1.60 0.00 0.00 0.00 3.20 0}{3.20 4.00 4.00 4.00 4.80 1}{4.80 0.00 0.00 0.00 6.40 0}{6.40 0.00 0.00 0.00 8.00 0}
COMM 4b-1: 481caa_48202a_482163_482257 (5 2.67 3 2.00 1 3.00){0.00 0.00 0.00 0.00 1.20 0}{1.20 2.00 2.00 2.00 2.40 2}{2.40 3.00 3.00 3.00 3.60 3}{3.60 0.00 0.00 0.00 4.80 0}{4.80 0.00 0.00 0.00 6.00 0}
COMM 4b-2: 48ac05_48ae89_48af5d_48b016 (2 2.67 2 2.00 1 3.00){0.00 0.00 0.00 0.00 1.20 0}{1.20 2.00 2.00 2.00 2.40 1}{2.40 3.00 3.00 3.00 3.60 1}{3.60 0.00 0.00 0.00 4.80 0}{4.80 0.00 0.00 0.00 6.00 0}
LOOP0: iter: ( 2 )[ 1 -1 1 2 1 ]( 4 )[ 1 -1 3 1 0 ] mem: ( 2 )[ 1 -1 1 2 1 ]( 3 )[ 1 -1 3 1 0 ]
10 2 
12 20480 
14 16 
1b 0 
2b 2147483647 

RANKS: 1 -1 1 3 1
EVENT7: 1148 48ac05_48ae89_48af5d_48b016
COMP 4b-0: 479b76_479f4b_47a0b6_47a1d7 (8 7.67 3 5.00 3 13.00){0.00 0.00 0.00 0.00 4.00 0}{4.00 5.00 6.00 7.00 8.00 6}{8.00 10.00 10.00 10.00 12.00 1}{12.00 13.00 13.00 13.00 16.00 1}{16.00 0.00 0.00 0.00 20.00 0}
COMM 4b-0: 479b76_479f4b_47a0b6_47a1d7 (8 222.11 1 120.00 1 362.00){0.00 0.00 0.00 0.00 48.00 0}{48.00 0.00 0.00 0.00 96.00 0}{96.00 120.00 152.25 173.00 192.00 4}{192.00 0.00 0.00 0.00 240.00 0}{240.00 286.00 317.50 362.00 484.00 4}
1c 9999 

RANKS: 1 -1 0 4 1
EVENT8: 1113 481caa_48202a_482163_482257
COMP 4b-0: 46cf59_46d288_46d3a3_46d48f (1 34178.00 0 34178.00 0 34178.00){0.00 0.00 0.00 0.00 13671.20 0}{13671.20 0.00 0.00 0.00 27342.40 0}{27342.40 34178.00 34178.00 34178.00 41013.60 1}{41013.60 0.00 0.00 0.00 54684.80 0}{54684.80 0.00 0.00 0.00 68356.00 0}
COMP 4b-1: 481caa_48202a_482163_482257 (1 5008.00 1 5008.00 1 5008.00){0.00 0.00 0.00 0.00 2003.20 0}{2003.20 0.00 0.00 0.00 4006.40 0}{4006.40 5008.00 5008.00 5008.00 6009.60 1}{6009.60 0.00 0.00 0.00 8012.80 0}{8012.80 0.00 0.00 0.00 10016.00 0}
COMP 4b-2: 48ac05_48ae89_48af5d_48b016 (9 2853.00 3 106.00 0 11073.00){0.00 106.00 119.17 143.00 2335.60 6}{2335.60 0.00 0.00 0.00 4671.20 0}{4671.20 5064.00 5451.50 5839.00 7006.80 2}{7006.80 0.00 0.00 0.00 9342.40 0}{9342.40 11073.00 11073.00 11073.00 11678.00 1}
COMM 4b-0: 46cf59_46d288_46d3a3_46d48f (1 301.00 0 301.00 0 301.00){0.00 0.00 0.00 0.00 120.40 0}{120.40 0.00 0.00 0.00 240.80 0}{240.80 301.00 301.00 301.00 361.20 1}{361.20 0.00 0.00 0.00 481.60 0}{481.60 0.00 0.00 0.00 602.00 0}
COMM 4b-1: 481caa_48202a_482163_482257 (1 108.00 1 108.00 1 108.00){0.00 0.00 0.00 0.00 43.20 0}{43.20 0.00 0.00 0.00 86.40 0}{86.40 108.00 108.00 108.00 129.60 1}{129.60 0.00 0.00 0.00 172.80 0}{172.80 0.00 0.00 0.00 216.00 0}
COMM 4b-2: 48ac05_48ae89_48af5d_48b016 (9 121.10 2 101.00 3 247.00){0.00 0.00 0.00 0.00 44.80 0}{44.80 0.00 0.00 0.00 89.60 0}{89.60 101.00 106.50 113.00 179.20 8}{179.20 0.00 0.00 0.00 224.00 0}{224.00 247.00 247.00 247.00 270.00 1}
LOOP0: iter: ( 4 )[ 1 -1 0 1 0 ]( 2 )[ 1 -1 1 1 0 ] mem: ( 3 )[ 1 -1 0 1 0 ]( 1 )[ 1 -1 1 1 0 ]
10 2 
12 20480 
14 16 
1a ( 1 2 )[ 1 -1 0 1 0 ]
1a ( 3 2 )[ 1 -1 1 2 2 ]
1a ( 2 )[ 1 -1 2 1 0 ]
1b 0 

RANKS: 1 -1 0 2 1
EVENT9: 1090 479b76_479f4b_47a0b6_47a1d7
COMP 4b-0: 481caa_48202a_482163_482257 (5 7.83 0 5.00 0 12.00){0.00 0.00 0.00 0.00 4.80 0}{4.80 5.00 5.75 6.00 9.60 4}{9.60 12.00 12.00 12.00 14.40 1}{14.40 0.00 0.00 0.00 19.20 0}{19.20 0.00 0.00 0.00 24.00 0}
COMM 4b-0: 481caa_48202a_482163_482257 (5 2.67 0 2.00 0 4.00){0.00 0.00 0.00 0.00 1.60 0}{1.60 2.00 2.00 2.00 3.20 4}{3.20 4.00 4.00 4.00 4.80 1}{4.80 0.00 0.00 0.00 6.40 0}{6.40 0.00 0.00 0.00 8.00 0}
10 2 
12 20480 
14 16 
1b 0 
2b 2147483647 

RANKS: 1 -1 0 2 1
EVENT10: 1148 48ac05_48ae89_48af5d_48b016
COMP 4b-0: 479b76_479f4b_47a0b6_47a1d7 (5 8.83 1 5.00 0 12.00){0.00 0.00 0.00 0.00 4.80 0}{4.80 5.00 5.67 6.00 9.60 3}{9.60 12.00 12.00 12.00 14.40 2}{14.40 0.00 0.00 0.00 19.20 0}{19.20 0.00 0.00 0.00 24.00 0}
COMM 4b-0: 479b76_479f4b_47a0b6_47a1d7 (5 204.67 1 125.00 0 265.00){0.00 0.00 0.00 0.00 106.00 0}{106.00 125.00 161.67 185.00 212.00 3}{212.00 213.00 239.00 265.00 318.00 2}{318.00 0.00 0.00 0.00 424.00 0}{424.00 0.00 0.00 0.00 530.00 0}
1c 9999 

RANKS: 1 -1 0 4 1
EVENT11: 1004 46a0df_46a43f_46a582_46a674
COMP 4b-0: 481caa_48202a_482163_482257 (2 10298.67 3 10297.00 2 10302.00){0.00 0.00 0.00 0.00 4118.80 0}{4118.80 0.00 0.00 0.00 8237.60 0}{8237.60 10297.00 10299.50 10302.00 12356.40 2}{12356.40 0.00 0.00 0.00 16475.20 0}{16475.20 0.00 0.00 0.00 20594.00 0}
COMP 4b-1: 48ac05_48ae89_48af5d_48b016 (2 10381.33 1 10344.00 0 10400.00){0.00 0.00 0.00 0.00 4160.00 0}{4160.00 0.00 0.00 0.00 8320.00 0}{8320.00 10344.00 10372.00 10400.00 12480.00 2}{12480.00 0.00 0.00 0.00 16640.00 0}{16640.00 0.00 0.00 0.00 20800.00 0}
COMM 4b-0: 481caa_48202a_482163_482257 (2 193.33 2 152.00 3 214.00){0.00 0.00 0.00 0.00 85.60 0}{85.60 152.00 152.00 152.00 171.20 1}{171.20 214.00 214.00 214.00 256.80 1}{256.80 0.00 0.00 0.00 342.40 0}{342.40 0.00 0.00 0.00 428.00 0}
COMM 4b-1: 48ac05_48ae89_48af5d_48b016 (2 92.67 0 38.00 1 202.00){0.00 0.00 0.00 0.00 15.20 0}{15.20 0.00 0.00 0.00 30.40 0}{30.40 38.00 38.00 38.00 60.80 1}{60.80 0.00 0.00 0.00 76.00 0}{76.00 202.00 202.00 202.00 328.00 1}
10 2 
12 5 
14 16 
18 3 

RANKS: 1 -1 0 4 1
EVENT12: 1010 46ca70_46cca5_46cd49_46cdc5
COMP 4b-0: 46a0df_46a43f_46a582_46a674 (4 6.00 0 6.00 0 6.00){0.00 0.00 0.00 0.00 2.40 0}{2.40 0.00 0.00 0.00 4.80 0}{4.80 6.00 6.00 6.00 7.20 4}{7.20 0.00 0.00 0.00 9.60 0}{9.60 0.00 0.00 0.00 12.00 0}
COMM 4b-0: 46a0df_46a43f_46a582_46a674 (4 175.60 2 133.00 3 290.00){0.00 0.00 0.00 0.00 59.60 0}{59.60 0.00 0.00 0.00 119.20 0}{119.20 133.00 146.33 157.00 178.80 3}{178.80 0.00 0.00 0.00 238.40 0}{238.40 290.00 290.00 290.00 298.00 1}
10 2 

RANKS: 1 -1 1 3 1
EVENT13: 1102 47d1e9_47d5ae_47d718_47d837
COMP 4b-0: 46ca70_46cca5_46cd49_46cdc5 (3 560.50 1 557.00 2 569.00){0.00 0.00 0.00 0.00 222.80 0}{222.80 0.00 0.00 0.00 445.60 0}{445.60 557.00 561.67 569.00 668.40 3}{668.40 0.00 0.00 0.00 891.20 0}{891.20 0.00 0.00 0.00 1114.00 0}
COMP 4b-1: 47d1e9_47d5ae_47d718_47d837 (123 169.73 3 6.00 3 355.00){0.00 0.00 0.00 0.00 2.80 0}{2.80 0.00 0.00 0.00 5.60 0}{5.60 6.00 6.05 7.00 11.20 60}{11.20 14.00 14.00 14.00 14.00 2}{14.00 337.00 338.49 355.00 670.00 61}
COMP 4b-2: 481caa_48202a_482163_482257 (246 147.53 1 141.00 2 168.00){0.00 0.00 0.00 0.00 66.00 0}{66.00 0.00 0.00 0.00 132.00 0}{132.00 141.00 147.46 168.00 198.00 246}{198.00 0.00 0.00 0.00 264.00 0}{264.00 0.00 0.00 0.00 330.00 0}
COMM 4b-0: 46ca70_46cca5_46cd49_46cdc5 (3 228.50 1 192.00 3 321.00){0.00 0.00 0.00 0.00 76.80 0}{76.80 0.00 0.00 0.00 153.60 0}{153.60 192.00 200.50 209.00 230.40 2}{230.40 0.00 0.00 0.00 307.20 0}{307.20 321.00 321.00 321.00 384.00 1}
COMM 4b-1: 47d1e9_47d5ae_47d718_47d837 (123 4.93 3 1.00 3 113.00){0.00 1.00 1.00 1.00 1.60 49}{1.60 2.00 2.32 3.00 3.20 19}{3.20 4.00 4.00 4.00 4.00 18}{4.00 5.00 6.06 10.00 10.00 33}{10.00 16.00 61.00 113.00 152.00 4}
COMM 4b-2: 481caa_48202a_482163_482257 (246 9.02 1 2.00 1 612.00){0.00 0.00 0.00 0.00 1.20 0}{1.20 2.00 2.95 4.00 4.80 230}{4.80 5.00 5.38 6.00 6.00 8}{6.00 9.00 42.75 78.00 120.00 4}{120.00 127.00 333.50 612.00 1104.00 4}
LOOP0: iter: ( 124 )[ 1 -1 1 3 1 ] mem: ( 2 )[ 1 -1 1 2 1 ]( 1 )[ 1 -1 3 1 0 ]
10 2 
12 155 
14 16 
1b 0 
2b ( 3 3 3 3 3 3 3 3 3 3 3 3 3 3 3 3 3 3 3 3 3 3 3 3 3 3 3 3 3 3 3 3 3 3 3 3 3 3 3 3 3 3 3 3 3 3 3 3 3 3 3 3 3 3 3 3 3 3 3 3 3 3 2 2 2 2 2 2 2 2 2 2 2 2 2 2 2 2 2 2 2 2 2 2 2 2 2 2 2 2 2 2 2 2 2 2 2 2 2 2 2 2 2 2 2 2 2 2 2 2 2 2 2 2 2 2 2 2 2 2 2 2 2 2 )[ 1 -1 1 1 0 ]
2b ( 3 2 )[ 1 -1 3 1 0 ]
2b ( 2 2 2 2 2 2 2 2 2 2 2 2 2 2 2 2 2 2 2 2 2 2 2 2 2 2 2 2 2 2 2 2 2 2 2 2 2 2 2 2 2 2 2 2 2 2 2 2 2 2 2 2 2 2 2 2 2 2 2 2 2 2 1 1 1 1 1 1 1 1 1 1 1 1 1 1 1 1 1 1 1 1 1 1 1 1 1 1 1 1 1 1 1 1 1 1 1 1 1 1 1 1 1 1 1 1 1 1 1 1 1 1 1 1 1 1 1 1 1 1 1 1 1 1 )[ 1 -1 2 1 0 ]

RANKS: 1 -1 2 1 0
EVENT14: 1113 481caa_48202a_482163_482257
COMP 4b-0: 47d1e9_47d5ae_47d718_47d837 (124 189.26 2 183.00 2 221.00){0.00 0.00 0.00 0.00 79.20 0}{79.20 0.00 0.00 0.00 158.40 0}{158.40 183.00 189.19 221.00 237.60 124}{237.60 0.00 0.00 0.00 316.80 0}{316.80 0.00 0.00 0.00 396.00 0}
COMM 4b-0: 47d1e9_47d5ae_47d718_47d837 (124 3.16 2 2.00 2 86.00){0.00 0.00 0.00 0.00 1.60 0}{1.60 2.00 2.33 3.00 3.20 120}{3.20 4.00 4.00 4.00 6.40 1}{6.40 0.00 0.00 0.00 8.00 0}{8.00 10.00 36.00 86.00 164.00 3}
10 2 
12 155 
14 16 
1a 1 1 1 1 1 1 1 1 1 1 1 1 1 1 1 1 1 1 1 1 1 1 1 1 1 1 1 1 1 1 1 1 1 1 1 1 1 1 1 1 1 1 1 1 1 1 1 1 1 1 1 1 1 1 1 1 1 1 1 1 1 1 2 2 2 2 2 2 2 2 2 2 2 2 2 2 2 2 2 2 2 2 2 2 2 2 2 2 2 2 2 2 2 2 2 2 2 2 2 2 2 2 2 2 2 2 2 2 2 2 2 2 2 2 2 2 2 2 2 2 2 2 2 2 
1b 0 

RANKS: 1 -1 0 4 1
EVENT15: 1113 481caa_48202a_482163_482257
COMP 4b-0: 46a0df_46a43f_46a582_46a674 (1 28208.00 2 28208.00 2 28208.00){0.00 0.00 0.00 0.00 11283.20 0}{11283.20 0.00 0.00 0.00 22566.40 0}{22566.40 28208.00 28208.00 28208.00 33849.60 1}{33849.60 0.00 0.00 0.00 45132.80 0}{45132.80 0.00 0.00 0.00 56416.00 0}
COMP 4b-1: 46ca70_46cca5_46cd49_46cdc5 (1 742.00 0 742.00 0 742.00){0.00 0.00 0.00 0.00 296.80 0}{296.80 0.00 0.00 0.00 593.60 0}{593.60 742.00 742.00 742.00 890.40 1}{890.40 0.00 0.00 0.00 1187.20 0}{1187.20 0.00 0.00 0.00 1484.00 0}
COMP 4b-2: 47d1e9_47d5ae_47d718_47d837 (125 192.27 1 182.00 3 524.00){0.00 0.00 0.00 0.00 80.40 0}{80.40 0.00 0.00 0.00 160.80 0}{160.80 182.00 189.52 210.00 321.60 124}{321.60 0.00 0.00 0.00 402.00 0}{402.00 524.00 524.00 524.00 646.00 1}
COMP 4b-3: 481caa_48202a_482163_482257 (247 168.40 3 4.00 2 1037.00){0.00 0.00 0.00 0.00 2.00 0}{2.00 4.00 4.00 4.00 4.00 1}{4.00 5.00 5.70 7.00 10.00 123}{10.00 316.00 328.00 348.00 666.00 122}{666.00 1037.00 1037.00 1037.00 1408.00 1}
COMM 4b-0: 46a0df_46a43f_46a582_46a674 (1 112.00 2 112.00 2 112.00){0.00 0.00 0.00 0.00 44.80 0}{44.80 0.00 0.00 0.00 89.60 0}{89.60 112.00 112.00 112.00 134.40 1}{134.40 0.00 0.00 0.00 179.20 0}{179.20 0.00 0.00 0.00 224.00 0}
COMM 4b-1: 46ca70_46cca5_46cd49_46cdc5 (1 4.00 0 4.00 0 4.00){0.00 0.00 0.00 0.00 1.60 0}{1.60 0.00 0.00 0.00 3.20 0}{3.20 4.00 4.00 4.00 4.80 1}{4.80 0.00 0.00 0.00 6.40 0}{6.40 0.00 0.00 0.00 8.00 0}
COMM 4b-2: 47d1e9_47d5ae_47d718_47d837 (125 3.14 1 2.00 1 86.00){0.00 2.00 2.00 2.00 2.00 86}{2.00 3.00 3.00 3.00 4.00 34}{4.00 5.00 5.00 5.00 8.00 2}{8.00 10.00 10.00 10.00 10.00 1}{10.00 11.00 48.50 86.00 162.00 2}
COMM 4b-3: 481caa_48202a_482163_482257 (247 3.87 0 1.00 2 111.00){0.00 0.00 0.00 0.00 0.80 0}{0.80 1.00 1.00 1.00 1.60 63}{1.60 2.00 2.00 2.00 2.40 150}{2.40 3.00 3.00 3.00 4.00 25}{4.00 11.00 57.78 111.00 200.00 9}
LOOP0: iter: ( 124 )[ 1 -1 0 2 3 ]( 2 )[ 1 -1 2 1 0 ] mem: ( 1 )[ 1 -1 0 2 3 ]( 5 )[ 1 -1 2 1 0 ]
10 2 
12 ( 155 )[ 2 -1 0 2 1 -1 3 1 0 ]
12 ( 20480 )[ 1 -1 2 1 0 ]
14 16 
1a ( 1 2 )[ 1 -1 0 1 0 ]
1a ( 2 2 2 2 2 2 2 2 2 2 2 2 2 2 2 2 2 2 2 2 2 2 2 2 2 2 2 2 2 2 2 2 2 2 2 2 2 2 2 2 2 2 2 2 2 2 2 2 2 2 2 2 2 2 2 2 2 2 2 2 2 2 3 3 3 3 3 3 3 3 3 3 3 3 3 3 3 3 3 3 3 3 3 3 3 3 3 3 3 3 3 3 3 3 3 3 3 3 3 3 3 3 3 3 3 3 3 3 3 3 3 3 3 3 3 3 3 3 3 3 3 3 3 3 )[ 1 -1 1 1 0 ]
1a ( 3 2 )[ 1 -1 3 1 0 ]
1a ( 1 )[ 1 -1 2 1 0 ]
1b 0 

RANKS: 1 -1 0 1 0
EVENT16: 1102 47d1e9_47d5ae_47d718_47d837
COMP 4b-0: 47d1e9_47d5ae_47d718_47d837 (123 159.63 0 6.00 0 350.00){0.00 0.00 0.00 0.00 2.40 0}{2.40 0.00 0.00 0.00 4.80 0}{4.80 6.00 6.05 7.00 9.60 62}{9.60 0.00 0.00 0.00 12.00 0}{12.00 316.00 318.25 350.00 688.00 61}
COMP 4b-1: 481caa_48202a_482163_482257 (1 148.00 0 148.00 0 148.00){0.00 0.00 0.00 0.00 59.20 0}{59.20 0.00 0.00 0.00 118.40 0}{118.40 148.00 148.00 148.00 177.60 1}{177.60 0.00 0.00 0.00 236.80 0}{236.80 0.00 0.00 0.00 296.00 0}
COMM 4b-0: 47d1e9_47d5ae_47d718_47d837 (123 6.40 0 1.00 0 333.00){0.00 1.00 1.00 1.00 1.60 45}{1.60 2.00 2.37 3.00 3.20 27}{3.20 4.00 4.00 4.00 4.00 25}{4.00 5.00 5.50 6.00 6.00 4}{6.00 7.00 25.50 333.00 660.00 22}
COMM 4b-1: 481caa_48202a_482163_482257 (1 1120.00 0 1120.00 0 1120.00){0.00 0.00 0.00 0.00 448.00 0}{448.00 0.00 0.00 0.00 896.00 0}{896.00 1120.00 1120.00 1120.00 1344.00 1}{1344.00 0.00 0.00 0.00 1792.00 0}{1792.00 0.00 0.00 0.00 2240.00 0}
LOOP0: iter: ( 124 )[ 1 -1 0 1 0 ] mem: ( 1 )[ 1 -1 0 1 0 ]
10 2 
12 155 
14 16 
1b 0 
2b 1 2 

RANKS: 1 -1 1 3 1
EVENT17: 1090 479b76_479f4b_47a0b6_47a1d7
COMP 4b-0: 46a0df_46a43f_46a582_46a674 (2 28184.00 3 28170.00 1 28191.00){0.00 0.00 0.00 0.00 11276.40 0}{11276.40 0.00 0.00 0.00 22552.80 0}{22552.80 28170.00 28180.50 28191.00 33829.20 2}{33829.20 0.00 0.00 0.00 45105.60 0}{45105.60 0.00 0.00 0.00 56382.00 0}
COMP 4b-1: 481caa_48202a_482163_482257 (6 1849.57 2 6.00 3 4971.00){0.00 6.00 6.50 7.00 400.80 2}{400.80 0.00 0.00 0.00 801.60 0}{801.60 990.00 996.00 1002.00 1603.20 2}{1603.20 0.00 0.00 0.00 2004.00 0}{2004.00 4969.00 4970.00 4971.00 7938.00 2}
COMP 4b-2: 48ac05_48ae89_48af5d_48b016 (2 5016.33 2 5015.00 2 5017.00){0.00 0.00 0.00 0.00 2006.80 0}{2006.80 0.00 0.00 0.00 4013.60 0}{4013.60 5015.00 5016.00 5017.00 6020.40 2}{6020.40 0.00 0.00 0.00 8027.20 0}{8027.20 0.00 0.00 0.00 10034.00 0}
COMM 4b-0: 46a0df_46a43f_46a582_46a674 (2 2.00 1 2.00 1 2.00){0.00 0.00 0.00 0.00 0.80 0}{0.80 0.00 0.00 0.00 1.60 0}{1.60 2.00 2.00 2.00 2.40 2}{2.40 0.00 0.00 0.00 3.20 0}{3.20 0.00 0.00 0.00 4.00 0}
COMM 4b-1: 481caa_48202a_482163_482257 (6 2.29 1 2.00 3 3.00){0.00 0.00 0.00 0.00 0.80 0}{0.80 0.00 0.00 0.00 1.60 0}{1.60 2.00 2.00 2.00 2.40 4}{2.40 3.00 3.00 3.00 3.20 2}{3.20 0.00 0.00 0.00 4.00 0}
COMM 4b-2: 48ac05_48ae89_48af5d_48b016 (2 2.00 2 2.00 2 2.00){0.00 0.00 0.00 0.00 0.80 0}{0.80 0.00 0.00 0.00 1.60 0}{1.60 2.00 2.00 2.00 2.40 2}{2.40 0.00 0.00 0.00 3.20 0}{3.20 0.00 0.00 0.00 4.00 0}
LOOP0: iter: ( 2 )[ 1 -1 1 3 1 ] mem: ( 6 )[ 1 -1 1 1 0 ]( 4 )[ 1 -1 3 1 0 ]( 2 )[ 1 -1 2 1 0 ]
LOOP1: iter: ( 2 )[ 1 -1 3 1 0 ] mem: ( 3 )[ 1 -1 3 1 0 ]
10 2 
12 20480 
14 16 
1b 0 
2b 2147483647 

RANKS: 1 -1 1 3 1
EVENT18: 1148 48ac05_48ae89_48af5d_48b016
COMP 4b-0: 479b76_479f4b_47a0b6_47a1d7 (10 6.64 1 6.00 2 12.00){0.00 0.00 0.00 0.00 2.40 0}{2.40 0.00 0.00 0.00 4.80 0}{4.80 6.00 6.11 7.00 7.20 9}{7.20 0.00 0.00 0.00 9.60 0}{9.60 12.00 12.00 12.00 12.00 1}
COMM 4b-0: 479b76_479f4b_47a0b6_47a1d7 (10 269.45 2 97.00 3 843.00){0.00 97.00 112.00 122.00 138.80 4}{138.80 140.00 144.00 148.00 277.60 2}{277.60 338.00 346.00 353.00 555.20 3}{555.20 0.00 0.00 0.00 694.00 0}{694.00 843.00 843.00 843.00 992.00 1}
1c 9999 

RANKS: 1 -1 0 4 1
EVENT19: 1113 481caa_48202a_482163_482257
COMP 4b-0: 46a0df_46a43f_46a582_46a674 (1 28236.00 0 28236.00 0 28236.00){0.00 0.00 0.00 0.00 11294.40 0}{11294.40 0.00 0.00 0.00 22588.80 0}{22588.80 28236.00 28236.00 28236.00 33883.20 1}{33883.20 0.00 0.00 0.00 45177.60 0}{45177.60 0.00 0.00 0.00 56472.00 0}
COMP 4b-1: 47d1e9_47d5ae_47d718_47d837 (1 1247.00 0 1247.00 0 1247.00){0.00 0.00 0.00 0.00 498.80 0}{498.80 0.00 0.00 0.00 997.60 0}{997.60 1247.00 1247.00 1247.00 1496.40 1}{1496.40 0.00 0.00 0.00 1995.20 0}{1995.20 0.00 0.00 0.00 2494.00 0}
COMP 4b-2: 481caa_48202a_482163_482257 (2 4991.67 1 4991.00 1 4993.00){0.00 0.00 0.00 0.00 1996.40 0}{1996.40 0.00 0.00 0.00 3992.80 0}{3992.80 4991.00 4992.00 4993.00 5989.20 2}{5989.20 0.00 0.00 0.00 7985.60 0}{7985.60 0.00 0.00 0.00 9982.00 0}
COMP 4b-3: 48ac05_48ae89_48af5d_48b016 (10 1440.36 3 82.00 0 5038.00){0.00 82.00 92.75 111.00 2012.80 8}{2012.80 0.00 0.00 0.00 4025.60 0}{4025.60 5032.00 5035.00 5038.00 6038.40 2}{6038.40 0.00 0.00 0.00 8051.20 0}{8051.20 0.00 0.00 0.00 10064.00 0}
COMM 4b-0: 46a0df_46a43f_46a582_46a674 (1 108.00 0 108.00 0 108.00){0.00 0.00 0.00 0.00 43.20 0}{43.20 0.00 0.00 0.00 86.40 0}{86.40 108.00 108.00 108.00 129.60 1}{129.60 0.00 0.00 0.00 172.80 0}{172.80 0.00 0.00 0.00 216.00 0}
COMM 4b-1: 47d1e9_47d5ae_47d718_47d837 (1 110.00 0 110.00 0 110.00){0.00 0.00 0.00 0.00 44.00 0}{44.00 0.00 0.00 0.00 88.00 0}{88.00 110.00 110.00 110.00 132.00 1}{132.00 0.00 0.00 0.00 176.00 0}{176.00 0.00 0.00 0.00 220.00 0}
COMM 4b-2: 481caa_48202a_482163_482257 (2 107.00 1 105.00 1 108.00){0.00 0.00 0.00 0.00 43.20 0}{43.20 0.00 0.00 0.00 86.40 0}{86.40 105.00 106.50 108.00 129.60 2}{129.60 0.00 0.00 0.00 172.80 0}{172.80 0.00 0.00 0.00 216.00 0}
COMM 4b-3: 48ac05_48ae89_48af5d_48b016 (10 103.18 2 100.00 0 108.00){0.00 0.00 0.00 0.00 42.40 0}{42.40 0.00 0.00 0.00 84.80 0}{84.80 100.00 102.90 108.00 127.20 10}{127.20 0.00 0.00 0.00 169.60 0}{169.60 0.00 0.00 0.00 212.00 0}
LOOP0: iter: ( 2 )[ 1 -1 0 2 1 ] mem: ( 4 )[ 1 -1 0 1 0 ]( 1 )[ 1 -1 1 1 0 ]
LOOP1: iter: ( 2 )[ 1 -1 0 1 0 ] mem: ( 3 )[ 1 -1 0 1 0 ]
10 2 
12 20480 
14 16 
1a ( 1 2 )[ 1 -1 0 1 0 ]
1a ( 3 2 )[ 1 -1 1 2 2 ]
1a ( 2 )[ 1 -1 2 1 0 ]
1b 0 

RANKS: 1 -1 0 2 1
EVENT20: 1090 479b76_479f4b_47a0b6_47a1d7
COMP 4b-0: 481caa_48202a_482163_482257 (6 6.29 0 6.00 1 7.00){0.00 0.00 0.00 0.00 2.40 0}{2.40 0.00 0.00 0.00 4.80 0}{4.80 6.00 6.33 7.00 7.20 6}{7.20 0.00 0.00 0.00 9.60 0}{9.60 0.00 0.00 0.00 12.00 0}
COMM 4b-0: 481caa_48202a_482163_482257 (6 1.71 0 1.00 0 2.00){0.00 0.00 0.00 0.00 0.80 0}{0.80 1.00 1.00 1.00 1.60 2}{1.60 2.00 2.00 2.00 2.40 4}{2.40 0.00 0.00 0.00 3.20 0}{3.20 0.00 0.00 0.00 4.00 0}
10 2 
12 20480 
14 16 
1b 0 
2b 2147483647 

RANKS: 1 -1 0 2 1
EVENT21: 1148 48ac05_48ae89_48af5d_48b016
COMP 4b-0: 479b76_479f4b_47a0b6_47a1d7 (6 6.43 0 6.00 0 9.00){0.00 0.00 0.00 0.00 2.40 0}{2.40 0.00 0.00 0.00 4.80 0}{4.80 6.00 6.00 6.00 7.20 5}{7.20 9.00 9.00 9.00 9.60 1}{9.60 0.00 0.00 0.00 12.00 0}
COMM 4b-0: 479b76_479f4b_47a0b6_47a1d7 (6 133.43 1 96.00 0 153.00){0.00 0.00 0.00 0.00 56.80 0}{56.80 96.00 99.50 103.00 113.60 2}{113.60 142.00 148.25 153.00 170.40 4}{170.40 0.00 0.00 0.00 227.20 0}{227.20 0.00 0.00 0.00 284.00 0}
1c 9999 

RANKS: 1 -1 0 4 1
EVENT22: 1004 46a0df_46a43f_46a582_46a674
COMP 4b-0: 481caa_48202a_482163_482257 (4 10049.20 3 9895.00 3 10280.00){0.00 0.00 0.00 0.00 3958.00 0}{3958.00 0.00 0.00 0.00 7916.00 0}{7916.00 9895.00 10087.75 10280.00 11874.00 4}{11874.00 0.00 0.00 0.00 15832.00 0}{15832.00 0.00 0.00 0.00 19790.00 0}
COMP 4b-1: 48ac05_48ae89_48af5d_48b016 (4 10082.60 1 9912.00 0 10322.00){0.00 0.00 0.00 0.00 3975.20 0}{3975.20 0.00 0.00 0.00 7950.40 0}{7950.40 9912.00 10118.75 10322.00 11925.60 4}{11925.60 0.00 0.00 0.00 15900.80 0}{15900.80 0.00 0.00 0.00 19876.00 0}
COMM 4b-0: 481caa_48202a_482163_482257 (4 82.00 2 72.00 3 94.00){0.00 0.00 0.00 0.00 30.80 0}{30.80 0.00 0.00 0.00 61.60 0}{61.60 72.00 79.67 90.00 92.40 3}{92.40 94.00 94.00 94.00 123.20 1}{123.20 0.00 0.00 0.00 154.00 0}
COMM 4b-1: 48ac05_48ae89_48af5d_48b016 (4 56.80 0 22.00 1 114.00){0.00 0.00 0.00 0.00 8.80 0}{8.80 0.00 0.00 0.00 17.60 0}{17.60 22.00 22.00 22.00 35.20 2}{35.20 0.00 0.00 0.00 44.00 0}{44.00 104.00 109.00 114.00 164.00 2}
10 2 
12 1 5 
14 16 
18 1 3 

RANKS: 1 -1 0 4 1
EVENT23: 1010 46ca70_46cca5_46cd49_46cdc5
COMP 4b-0: 46a0df_46a43f_46a582_46a674 (4 8.60 0 8.00 1 10.00){0.00 0.00 0.00 0.00 3.20 0}{3.20 0.00 0.00 0.00 6.40 0}{6.40 8.00 8.33 9.00 9.60 3}{9.60 10.00 10.00 10.00 12.80 1}{12.80 0.00 0.00 0.00 16.00 0}
COMM 4b-0: 46a0df_46a43f_46a582_46a674 (4 24.40 2 5.00 3 35.00){0.00 5.00 5.00 5.00 12.80 1}{12.80 18.00 18.00 18.00 25.60 1}{25.60 32.00 33.50 35.00 38.40 2}{38.40 0.00 0.00 0.00 51.20 0}{51.20 0.00 0.00 0.00 64.00 0}
10 2 

RANKS: 1 -1 2 1 0
EVENT24: 1102 47d1e9_47d5ae_47d718_47d837
COMP 4b-0: 46ca70_46cca5_46cd49_46cdc5 (1 541.00 2 541.00 2 541.00){0.00 0.00 0.00 0.00 216.40 0}{216.40 0.00 0.00 0.00 432.80 0}{432.80 541.00 541.00 541.00 649.20 1}{649.20 0.00 0.00 0.00 865.60 0}{865.60 0.00 0.00 0.00 1082.00 0}
COMP 4b-1: 481caa_48202a_482163_482257 (123 147.23 2 141.00 2 164.00){0.00 0.00 0.00 0.00 60.00 0}{60.00 0.00 0.00 0.00 120.00 0}{120.00 141.00 147.20 164.00 180.00 123}{180.00 0.00 0.00 0.00 240.00 0}{240.00 0.00 0.00 0.00 300.00 0}
COMM 4b-0: 46ca70_46cca5_46cd49_46cdc5 (1 391.00 2 391.00 2 391.00){0.00 0.00 0.00 0.00 156.40 0}{156.40 0.00 0.00 0.00 312.80 0}{312.80 391.00 391.00 391.00 469.20 1}{469.20 0.00 0.00 0.00 625.60 0}{625.60 0.00 0.00 0.00 782.00 0}
COMM 4b-1: 481caa_48202a_482163_482257 (123 6.75 2 2.00 2 409.00){0.00 2.00 3.03 5.00 9.20 119}{9.20 10.00 10.50 11.00 18.40 2}{18.40 23.00 23.00 23.00 36.80 1}{36.80 0.00 0.00 0.00 46.00 0}{46.00 409.00 409.00 409.00 772.00 1}
LOOP0: iter: ( 124 )[ 1 -1 2 1 0 ] mem: ( 2 )[ 1 -1 2 1 0 ]
10 2 
12 155 
14 16 
1b 0 
2b 2 2 2 2 2 2 2 2 2 2 2 2 2 2 2 2 2 2 2 2 2 2 2 2 2 2 2 2 2 2 2 2 2 2 2 2 2 2 2 2 2 2 2 2 2 2 2 2 2 2 2 2 2 2 2 2 2 2 2 2 2 2 1 1 1 1 1 1 1 1 1 1 1 1 1 1 1 1 1 1 1 1 1 1 1 1 1 1 1 1 1 1 1 1 1 1 1 1 1 1 1 1 1 1 1 1 1 1 1 1 1 1 1 1 1 1 1 1 1 1 1 1 1 1 

RANKS: 1 -1 0 2 2
EVENT25: 1113 481caa_48202a_482163_482257
COMP 4b-0: 46ca70_46cca5_46cd49_46cdc5 (1 891.00 0 891.00 0 891.00){0.00 0.00 0.00 0.00 356.40 0}{356.40 0.00 0.00 0.00 712.80 0}{712.80 891.00 891.00 891.00 1069.20 1}{1069.20 0.00 0.00 0.00 1425.60 0}{1425.60 0.00 0.00 0.00 1782.00 0}
COMP 4b-1: 47d1e9_47d5ae_47d718_47d837 (124 189.33 2 182.00 2 220.00){0.00 0.00 0.00 0.00 78.80 0}{78.80 0.00 0.00 0.00 157.60 0}{157.60 182.00 189.27 220.00 236.40 124}{236.40 0.00 0.00 0.00 315.20 0}{315.20 0.00 0.00 0.00 394.00 0}
COMP 4b-2: 481caa_48202a_482163_482257 (30627 170.99 0 4.00 0 532.00){0.00 0.00 0.00 0.00 2.00 0}{2.00 4.00 4.00 4.00 4.00 43}{4.00 5.00 5.81 8.00 8.00 15367}{8.00 0.00 0.00 0.00 10.00 0}{10.00 12.00 338.28 532.00 664.00 15217}
COMP 4b-3: 48ac05_48ae89_48af5d_48b016 (248 10674.14 0 10646.00 0 11019.00){0.00 0.00 0.00 0.00 4266.80 0}{4266.80 0.00 0.00 0.00 8533.60 0}{8533.60 10646.00 10674.17 11019.00 12800.40 248}{12800.40 0.00 0.00 0.00 17067.20 0}{17067.20 0.00 0.00 0.00 21334.00 0}
COMM 4b-0: 46ca70_46cca5_46cd49_46cdc5 (1 5.00 0 5.00 0 5.00){0.00 0.00 0.00 0.00 2.00 0}{2.00 0.00 0.00 0.00 4.00 0}{4.00 5.00 5.00 5.00 6.00 1}{6.00 0.00 0.00 0.00 8.00 0}{8.00 0.00 0.00 0.00 10.00 0}
COMM 4b-1: 47d1e9_47d5ae_47d718_47d837 (124 2.42 2 2.00 2 10.00){0.00 0.00 0.00 0.00 1.20 0}{1.20 2.00 2.00 2.00 2.40 86}{2.40 3.00 3.00 3.00 4.80 36}{4.80 0.00 0.00 0.00 6.00 0}{6.00 10.00 10.00 10.00 14.00 2}
COMM 4b-2: 481caa_48202a_482163_482257 (30627 2.20 0 1.00 0 29.00){0.00 1.00 1.00 1.00 1.60 6070}{1.60 2.00 2.00 2.00 2.40 18638}{2.40 3.00 3.00 4.00 4.00 5408}{4.00 8.00 15.43 23.00 26.00 510}{26.00 29.00 29.00 29.00 32.00 1}
COMM 4b-3: 48ac05_48ae89_48af5d_48b016 (248 8.15 0 7.00 0 21.00){0.00 0.00 0.00 0.00 3.60 0}{3.60 7.00 7.00 7.00 7.20 36}{7.20 8.00 8.28 10.00 14.40 211}{14.40 0.00 0.00 0.00 18.00 0}{18.00 21.00 21.00 21.00 24.00 1}
LOOP0: iter: ( 249 )[ 1 -1 0 1 0 ] mem: ( 5 )[ 1 -1 0 1 0 ]
LOOP1: iter: ( 124 )[ 1 -1 0 1 0 ] mem: ( 1 )[ 1 -1 0 1 0 ]
10 2 
12 155 
14 16 
1a ( 1 2 )[ 1 -1 0 1 0 ]
1a ( 1 1 1 1 1 1 1 1 1 1 1 1 1 1 1 1 1 1 1 1 1 1 1 1 1 1 1 1 1 1 1 1 1 1 1 1 1 1 1 1 1 1 1 1 1 1 1 1 1 1 1 1 1 1 1 1 1 1 1 1 1 1 2 2 2 2 2 2 2 2 2 2 2 2 2 2 2 2 2 2 2 2 2 2 2 2 2 2 2 2 2 2 2 2 2 2 2 2 2 2 2 2 2 2 2 2 2 2 2 2 2 2 2 2 2 2 2 2 2 2 2 2 2 2 )[ 1 -1 2 1 0 ]
1b 0 

RANKS: 2 -1 0 2 1 -1 3 1 0
EVENT26: 1102 47d1e9_47d5ae_47d718_47d837
COMP 4b-0: 46ca70_46cca5_46cd49_46cdc5 (2 540.67 3 540.00 1 541.00){0.00 0.00 0.00 0.00 216.40 0}{216.40 0.00 0.00 0.00 432.80 0}{432.80 540.00 540.50 541.00 649.20 2}{649.20 0.00 0.00 0.00 865.60 0}{865.60 0.00 0.00 0.00 1082.00 0}
COMP 4b-1: 47d1e9_47d5ae_47d718_47d837 (61254 166.00 0 5.00 0 532.00){0.00 0.00 0.00 0.00 2.00 0}{2.00 0.00 0.00 0.00 4.00 0}{4.00 5.00 6.13 8.00 8.00 30826}{8.00 0.00 0.00 0.00 10.00 0}{10.00 13.00 327.97 532.00 628.00 30428}
COMP 4b-2: 481caa_48202a_482163_482257 (31124 229.22 0 141.00 3 10712.00){0.00 0.00 0.00 0.00 56.80 0}{56.80 0.00 0.00 0.00 113.60 0}{113.60 141.00 147.18 164.00 170.40 30863}{170.40 180.00 185.46 202.00 284.00 13}{284.00 10413.00 10441.86 10712.00 21140.00 248}
COMP 4b-3: 48ac05_48ae89_48af5d_48b016 (248 10455.43 1 10435.00 1 10803.00){0.00 0.00 0.00 0.00 4179.20 0}{4179.20 0.00 0.00 0.00 8358.40 0}{8358.40 10435.00 10455.46 10803.00 12537.60 248}{12537.60 0.00 0.00 0.00 16716.80 0}{16716.80 0.00 0.00 0.00 20896.00 0}
COMM 4b-0: 46ca70_46cca5_46cd49_46cdc5 (2 446.67 1 360.00 3 620.00){0.00 0.00 0.00 0.00 144.00 0}{144.00 0.00 0.00 0.00 288.00 0}{288.00 360.00 360.00 360.00 432.00 1}{432.00 0.00 0.00 0.00 576.00 0}{576.00 620.00 620.00 620.00 720.00 1}
COMM 4b-1: 47d1e9_47d5ae_47d718_47d837 (61254 6.88 0 1.00 0 208.00){0.00 1.00 1.73 3.10 3.20 27554}{3.20 4.00 4.00 4.00 4.00 573}{4.00 4.35 11.13 44.00 44.00 33086}{44.00 45.00 61.94 72.00 88.00 36}{88.00 182.00 199.00 208.00 324.00 5}
COMM 4b-2: 481caa_48202a_482163_482257 (31124 26.89 1 1.00 0 3230.00){0.00 1.00 3.10 23.00 429.60 30366}{429.60 627.35 627.35 627.35 859.20 348}{859.20 962.00 994.06 1091.00 1288.80 162}{1288.80 1310.00 1453.55 1644.00 2148.00 247}{2148.00 3230.00 3230.00 3230.00 4312.00 1}
COMM 4b-3: 48ac05_48ae89_48af5d_48b016 (248 302.94 1 179.00 1 537.00){0.00 0.00 0.00 0.00 124.00 0}{124.00 179.00 233.00 245.00 248.00 7}{248.00 253.00 294.41 338.00 372.00 227}{372.00 441.00 467.50 494.00 496.00 12}{496.00 514.00 525.50 537.00 620.00 2}
LOOP0: iter: ( 124 )[ 1 -1 0 1 0 ]( 249 )[ 1 -1 1 2 2 ] mem: ( 1 )[ 1 -1 0 1 0 ]( 7 )[ 1 -1 1 1 0 ]( 5 )[ 1 -1 3 1 0 ]
LOOP1: iter: ( 124 )[ 1 -1 1 2 2 ] mem: ( 2 )[ 1 -1 1 1 0 ]( 1 )[ 1 -1 3 1 0 ]
10 2 
12 155 
14 16 
1b 0 
2b ( 1 2 )[ 1 -1 0 1 0 ]
2b ( 3 3 3 3 3 3 3 3 3 3 3 3 3 3 3 3 3 3 3 3 3 3 3 3 3 3 3 3 3 3 3 3 3 3 3 3 3 3 3 3 3 3 3 3 3 3 3 3 3 3 3 3 3 3 3 3 3 3 3 3 3 3 2 2 2 2 2 2 2 2 2 2 2 2 2 2 2 2 2 2 2 2 2 2 2 2 2 2 2 2 2 2 2 2 2 2 2 2 2 2 2 2 2 2 2 2 2 2 2 2 2 2 2 2 2 2 2 2 2 2 2 2 2 2 )[ 1 -1 1 1 0 ]
2b ( 3 2 )[ 1 -1 3 1 0 ]

RANKS: 1 -1 0 4 1
EVENT27: 1113 481caa_48202a_482163_482257
COMP 4b-0: 47d1e9_47d5ae_47d718_47d837 (31374 199.95 1 182.00 0 1246.00){0.00 182.00 189.11 387.00 492.00 30876}{492.00 506.00 509.35 536.00 984.00 249}{984.00 1222.00 1230.43 1246.00 1476.00 249}{1476.00 0.00 0.00 0.00 1968.00 0}{1968.00 0.00 0.00 0.00 2460.00 0}
COMP 4b-1: 481caa_48202a_482163_482257 (30628 160.44 3 4.00 2 1028.00){0.00 0.00 0.00 0.00 2.00 0}{2.00 4.00 4.00 4.00 4.00 50}{4.00 5.00 5.80 8.00 10.00 15364}{10.00 12.00 317.07 509.00 622.00 15213}{622.00 1028.00 1028.00 1028.00 1434.00 1}
COMP 4b-2: 48ac05_48ae89_48af5d_48b016 (249 5026.12 0 5016.00 0 5070.00){0.00 0.00 0.00 0.00 2015.60 0}{2015.60 0.00 0.00 0.00 4031.20 0}{4031.20 5016.00 5026.06 5070.00 6046.80 249}{6046.80 0.00 0.00 0.00 8062.40 0}{8062.40 0.00 0.00 0.00 10078.00 0}
COMM 4b-0: 47d1e9_47d5ae_47d718_47d837 (31374 3.43 1 2.00 0 124.00){0.00 2.00 2.57 18.00 43.20 31125}{43.20 0.00 0.00 0.00 86.40 0}{86.40 108.00 109.33 124.00 129.60 249}{129.60 0.00 0.00 0.00 172.80 0}{172.80 0.00 0.00 0.00 216.00 0}
COMM 4b-1: 481caa_48202a_482163_482257 (30628 2.15 3 1.00 2 112.00){0.00 1.00 1.71 2.00 2.40 24011}{2.40 3.00 3.00 3.00 3.20 6086}{3.20 4.00 4.00 4.00 4.00 14}{4.00 8.00 12.24 16.00 24.00 516}{24.00 112.00 112.00 112.00 200.00 1}
COMM 4b-2: 48ac05_48ae89_48af5d_48b016 (249 106.87 0 104.00 0 226.00){0.00 0.00 0.00 0.00 42.40 0}{42.40 0.00 0.00 0.00 84.80 0}{84.80 104.00 105.94 120.00 169.60 247}{169.60 0.00 0.00 0.00 212.00 0}{212.00 218.00 222.00 226.00 240.00 2}
LOOP0: iter: ( 2 )[ 1 -1 0 1 0 ]( 124 )[ 1 -1 3 1 0 ] mem: ( 3 )[ 1 -1 0 1 0 ]( 1 )[ 1 -1 3 1 0 ]
10 2 
12 ( 20480 )[ 1 -1 0 2 2 ]
12 ( 155 )[ 1 -1 1 2 2 ]
14 16 
1a ( 1 2 )[ 1 -1 0 1 0 ]
1a ( 2 2 2 2 2 2 2 2 2 2 2 2 2 2 2 2 2 2 2 2 2 2 2 2 2 2 2 2 2 2 2 2 2 2 2 2 2 2 2 2 2 2 2 2 2 2 2 2 2 2 2 2 2 2 2 2 2 2 2 2 2 2 3 3 3 3 3 3 3 3 3 3 3 3 3 3 3 3 3 3 3 3 3 3 3 3 3 3 3 3 3 3 3 3 3 3 3 3 3 3 3 3 3 3 3 3 3 3 3 3 3 3 3 3 3 3 3 3 3 3 3 3 3 3 )[ 1 -1 1 1 0 ]
1a ( 3 2 )[ 1 -1 3 1 0 ]
1a ( 1 )[ 1 -1 2 1 0 ]
1b 0 

RANKS: 1 -1 0 4 1
EVENT28: 1090 479b76_479f4b_47a0b6_47a1d7
COMP 4b-0: 481caa_48202a_482163_482257 (1493 1162.66 0 5.00 3 5041.00){0.00 0.00 0.00 0.00 4.80 0}{4.80 5.00 6.54 12.00 12.00 585}{12.00 12.52 12.61 22.00 32.00 161}{32.00 971.00 993.42 1026.00 1910.00 498}{1910.00 4953.00 4965.56 5041.00 8172.00 249}
COMP 4b-1: 48ac05_48ae89_48af5d_48b016 (248 5013.78 2 4999.00 2 5198.00){0.00 0.00 0.00 0.00 2005.60 0}{2005.60 0.00 0.00 0.00 4011.20 0}{4011.20 4999.00 5013.78 5198.00 6016.80 248}{6016.80 0.00 0.00 0.00 8022.40 0}{8022.40 0.00 0.00 0.00 10028.00 0}
COMM 4b-0: 481caa_48202a_482163_482257 (1493 2.18 0 1.00 3 4.00){0.00 0.00 0.00 0.00 0.80 0}{0.80 1.00 1.00 1.00 1.60 109}{1.60 2.00 2.00 2.00 2.40 1007}{2.40 3.00 3.00 3.00 3.20 376}{3.20 4.00 4.00 4.00 4.00 1}
COMM 4b-1: 48ac05_48ae89_48af5d_48b016 (248 2.26 2 1.00 2 3.00){0.00 0.00 0.00 0.00 0.80 0}{0.80 1.00 1.00 1.00 1.60 1}{1.60 2.00 2.00 2.00 2.40 182}{2.40 3.00 3.00 3.00 3.20 65}{3.20 0.00 0.00 0.00 4.00 0}
LOOP0: iter: ( 2 )[ 1 -1 3 1 0 ]( 248 )[ 1 -1 2 1 0 ] mem: ( 3 )[ 1 -1 3 1 0 ]( 5 )[ 1 -1 2 1 0 ]
LOOP1: iter: ( 2 )[ 1 -1 2 1 0 ] mem: ( 2 )[ 1 -1 2 1 0 ]
10 2 
12 20480 
14 16 
1b 0 
2b 2147483647 

RANKS: 1 -1 0 4 1
EVENT29: 1148 48ac05_48ae89_48af5d_48b016
COMP 4b-0: 479b76_479f4b_47a0b6_47a1d7 (1741 6.01 0 5.00 3 22.00){0.00 0.00 0.00 0.00 4.80 0}{4.80 5.00 5.96 7.00 9.60 1732}{9.60 12.00 12.00 12.00 12.00 1}{12.00 13.00 13.33 14.00 14.00 3}{14.00 17.00 18.80 22.00 28.00 5}
COMM 4b-0: 479b76_479f4b_47a0b6_47a1d7 (1741 339.70 2 95.00 3 1186.00){0.00 95.00 96.58 96.58 105.60 248}{105.60 107.00 177.27 237.40 264.00 996}{264.00 275.00 621.19 668.00 776.00 209}{776.00 906.02 906.24 968.57 1161.14 287}{1161.14 1186.00 1186.00 1186.00 1210.86 1}
1c 9999 

RANKS: 1 -1 2 1 0
EVENT30: 1113 481caa_48202a_482163_482257
COMP 4b-0: 47d1e9_47d5ae_47d718_47d837 (30504 191.32 2 183.00 2 1884.00){0.00 0.00 0.00 0.00 92.80 0}{92.80 183.00 184.56 185.00 185.60 296}{185.60 186.00 191.31 290.00 371.20 30203}{371.20 378.00 383.75 390.00 464.00 4}{464.00 1884.00 1884.00 1884.00 3304.00 1}
COMP 4b-1: 48ac05_48ae89_48af5d_48b016 (248 83.51 2 82.00 2 95.00){0.00 0.00 0.00 0.00 33.60 0}{33.60 0.00 0.00 0.00 67.20 0}{67.20 82.00 83.50 95.00 100.80 248}{100.80 0.00 0.00 0.00 134.40 0}{134.40 0.00 0.00 0.00 168.00 0}
COMM 4b-0: 47d1e9_47d5ae_47d718_47d837 (30504 2.55 2 2.00 2 45.00){0.00 2.00 2.36 3.00 3.20 29732}{3.20 4.00 5.80 6.00 6.40 107}{6.40 7.00 7.87 9.00 9.60 260}{9.60 10.00 11.62 16.00 16.00 402}{16.00 28.00 35.00 45.00 74.00 3}
COMM 4b-1: 48ac05_48ae89_48af5d_48b016 (248 100.91 2 100.00 2 111.00){0.00 0.00 0.00 0.00 40.40 0}{40.40 0.00 0.00 0.00 80.80 0}{80.80 100.00 100.91 111.00 121.20 248}{121.20 0.00 0.00 0.00 161.60 0}{161.60 0.00 0.00 0.00 202.00 0}
LOOP0: iter: ( 124 )[ 1 -1 2 1 0 ] mem: ( 2 )[ 1 -1 2 1 0 ]
10 2 
12 20480 155 155 155 155 155 155 155 155 155 155 155 155 155 155 155 155 155 155 155 155 155 155 155 155 155 155 155 155 155 155 155 155 155 155 155 155 155 155 155 155 155 155 155 155 155 155 155 155 155 155 155 155 155 155 155 155 155 155 155 155 155 155 155 155 155 155 155 155 155 155 155 155 155 155 155 155 155 155 155 155 155 155 155 155 155 155 155 155 155 155 155 155 155 155 155 155 155 155 155 155 155 155 155 155 155 155 155 155 155 155 155 155 155 155 155 155 155 155 155 155 155 155 155 
14 16 
1a 2 1 1 1 1 1 1 1 1 1 1 1 1 1 1 1 1 1 1 1 1 1 1 1 1 1 1 1 1 1 1 1 1 1 1 1 1 1 1 1 1 1 1 1 1 1 1 1 1 1 1 1 1 1 1 1 1 1 1 1 1 1 1 2 2 2 2 2 2 2 2 2 2 2 2 2 2 2 2 2 2 2 2 2 2 2 2 2 2 2 2 2 2 2 2 2 2 2 2 2 2 2 2 2 2 2 2 2 2 2 2 2 2 2 2 2 2 2 2 2 2 2 2 2 
1b 0 

RANKS: 1 -1 2 1 0
EVENT31: 1102 47d1e9_47d5ae_47d718_47d837
COMP 4b-0: 481caa_48202a_482163_482257 (30752 228.43 2 139.00 2 10644.00){0.00 139.00 145.20 346.00 4168.40 30504}{4168.40 0.00 0.00 0.00 8336.80 0}{8336.80 10406.00 10424.87 10644.00 12505.20 248}{12505.20 0.00 0.00 0.00 16673.60 0}{16673.60 0.00 0.00 0.00 20842.00 0}
COMM 4b-0: 481caa_48202a_482163_482257 (30752 9.95 2 1.00 2 638.00){0.00 1.00 3.09 240.00 252.00 30257}{252.00 315.00 352.29 377.00 378.00 7}{378.00 383.00 424.98 474.00 504.00 474}{504.00 564.00 592.54 614.00 630.00 13}{630.00 638.00 638.00 638.00 646.00 1}
10 2 
12 155 
14 16 
1b 0 
2b 2 2 2 2 2 2 2 2 2 2 2 2 2 2 2 2 2 2 2 2 2 2 2 2 2 2 2 2 2 2 2 2 2 2 2 2 2 2 2 2 2 2 2 2 2 2 2 2 2 2 2 2 2 2 2 2 2 2 2 2 2 2 1 1 1 1 1 1 1 1 1 1 1 1 1 1 1 1 1 1 1 1 1 1 1 1 1 1 1 1 1 1 1 1 1 1 1 1 1 1 1 1 1 1 1 1 1 1 1 1 1 1 1 1 1 1 1 1 1 1 1 1 1 1 

RANKS: 1 -1 0 4 1
EVENT32: 1113 481caa_48202a_482163_482257
COMP 4b-0: 47d1e9_47d5ae_47d718_47d837 (248 185.56 2 184.00 2 201.00){0.00 0.00 0.00 0.00 74.00 0}{74.00 0.00 0.00 0.00 148.00 0}{148.00 184.00 185.56 201.00 222.00 248}{222.00 0.00 0.00 0.00 296.00 0}{296.00 0.00 0.00 0.00 370.00 0}
COMP 4b-1: 481caa_48202a_482163_482257 (620 2444.46 0 5.00 1 5032.00){0.00 0.00 0.00 0.00 2.00 0}{2.00 0.00 0.00 0.00 4.00 0}{4.00 5.00 5.85 6.00 10.00 62}{10.00 337.00 338.84 349.00 666.00 61}{666.00 1014.00 3012.01 5032.00 9294.00 497}
COMP 4b-2: 48ac05_48ae89_48af5d_48b016 (748 117.31 3 80.00 0 10829.00){0.00 80.00 88.63 115.00 4331.60 747}{4331.60 0.00 0.00 0.00 8663.20 0}{8663.20 10829.00 10829.00 10829.00 12994.80 1}{12994.80 0.00 0.00 0.00 17326.40 0}{17326.40 0.00 0.00 0.00 21658.00 0}
COMM 4b-0: 47d1e9_47d5ae_47d718_47d837 (248 2.39 2 2.00 2 3.00){0.00 0.00 0.00 0.00 0.80 0}{0.80 0.00 0.00 0.00 1.60 0}{1.60 2.00 2.00 2.00 2.40 151}{2.40 3.00 3.00 3.00 3.20 97}{3.20 0.00 0.00 0.00 4.00 0}
COMM 4b-1: 481caa_48202a_482163_482257 (620 88.62 0 1.00 1 119.00){0.00 1.00 1.00 1.00 1.60 28}{1.60 2.00 2.00 2.00 2.40 72}{2.40 3.00 3.00 3.00 4.00 20}{4.00 9.00 13.33 21.00 38.00 3}{38.00 107.00 110.18 119.00 176.00 497}
COMM 4b-2: 48ac05_48ae89_48af5d_48b016 (748 134.41 0 10.00 3 222.00){0.00 0.00 0.00 0.00 8.00 0}{8.00 10.00 10.00 10.00 20.00 1}{20.00 100.00 102.42 173.00 180.00 501}{180.00 199.57 200.49 217.08 219.13 245}{219.13 222.00 222.00 222.00 224.87 1}
LOOP0: iter: ( 124 )[ 1 -1 0 1 0 ]( 2 )[ 1 -1 1 2 1 ] mem: ( 1 )[ 1 -1 0 3 1 ]
10 2 
12 ( 155 )[ 1 -1 0 1 0 ]
12 ( 20480 )[ 1 -1 1 2 2 ]
12 ( 155 20480 )[ 1 -1 2 1 0 ]
14 16 
1a ( 1 2 )[ 1 -1 0 1 0 ]
1a ( 3 2 )[ 1 -1 1 2 2 ]
1a ( 2 1 )[ 1 -1 2 1 0 ]
1b 0 

RANKS: 1 -1 1 2 1
EVENT33: 1090 479b76_479f4b_47a0b6_47a1d7
COMP 4b-0: 481caa_48202a_482163_482257 (250 6.96 1 6.00 2 13.00){0.00 0.00 0.00 0.00 3.20 0}{3.20 6.00 6.00 6.00 6.40 25}{6.40 7.00 7.03 8.00 9.60 224}{9.60 0.00 0.00 0.00 12.80 0}{12.80 13.00 13.00 13.00 16.00 1}
COMP 4b-1: 48ac05_48ae89_48af5d_48b016 (1 5002.00 2 5002.00 2 5002.00){0.00 0.00 0.00 0.00 2000.80 0}{2000.80 0.00 0.00 0.00 4001.60 0}{4001.60 5002.00 5002.00 5002.00 6002.40 1}{6002.40 0.00 0.00 0.00 8003.20 0}{8003.20 0.00 0.00 0.00 10004.00 0}
COMM 4b-0: 481caa_48202a_482163_482257 (250 2.02 1 1.00 1 3.00){0.00 0.00 0.00 0.00 0.80 0}{0.80 1.00 1.00 1.00 1.60 9}{1.60 2.00 2.00 2.00 2.40 227}{2.40 3.00 3.00 3.00 3.20 14}{3.20 0.00 0.00 0.00 4.00 0}
COMM 4b-1: 48ac05_48ae89_48af5d_48b016 (1 2.00 2 2.00 2 2.00){0.00 0.00 0.00 0.00 0.80 0}{0.80 0.00 0.00 0.00 1.60 0}{1.60 2.00 2.00 2.00 2.40 1}{2.40 0.00 0.00 0.00 3.20 0}{3.20 0.00 0.00 0.00 4.00 0}
LOOP0: iter: ( 2 )[ 1 -1 2 1 0 ] mem: ( 2 )[ 1 -1 2 1 0 ]
10 2 
12 20480 
14 16 
1b 0 
2b 2147483647 

RANKS: 1 -1 1 2 1
EVENT34: 1148 48ac05_48ae89_48af5d_48b016
COMP 4b-0: 479b76_479f4b_47a0b6_47a1d7 (251 5.62 1 5.00 1 8.00){0.00 0.00 0.00 0.00 2.80 0}{2.80 5.00 5.00 5.00 5.60 100}{5.60 6.00 6.02 8.00 8.40 151}{8.40 0.00 0.00 0.00 11.20 0}{11.20 0.00 0.00 0.00 14.00 0}
COMM 4b-0: 479b76_479f4b_47a0b6_47a1d7 (251 99.69 1 96.00 2 211.00){0.00 0.00 0.00 0.00 38.40 0}{38.40 0.00 0.00 0.00 76.80 0}{76.80 96.00 99.26 114.00 153.60 250}{153.60 0.00 0.00 0.00 192.00 0}{192.00 211.00 211.00 211.00 230.00 1}
1c 9999 

RANKS: 1 -1 2 1 0
EVENT35: 1113 481caa_48202a_482163_482257
COMP 4b-0: 47d1e9_47d5ae_47d718_47d837 (123 191.06 2 184.00 2 204.00){0.00 0.00 0.00 0.00 78.40 0}{78.40 0.00 0.00 0.00 156.80 0}{156.80 184.00 191.02 204.00 235.20 123}{235.20 0.00 0.00 0.00 313.60 0}{313.60 0.00 0.00 0.00 392.00 0}
COMP 4b-1: 48ac05_48ae89_48af5d_48b016 (1 84.00 2 84.00 2 84.00){0.00 0.00 0.00 0.00 33.60 0}{33.60 0.00 0.00 0.00 67.20 0}{67.20 84.00 84.00 84.00 100.80 1}{100.80 0.00 0.00 0.00 134.40 0}{134.40 0.00 0.00 0.00 168.00 0}
COMM 4b-0: 47d1e9_47d5ae_47d718_47d837 (123 2.55 2 2.00 2 13.00){0.00 2.00 2.00 2.00 2.80 81}{2.80 3.00 3.00 3.00 5.60 39}{5.60 7.00 7.00 7.00 8.40 1}{8.40 10.00 10.00 10.00 11.20 1}{11.20 13.00 13.00 13.00 14.00 1}
COMM 4b-1: 48ac05_48ae89_48af5d_48b016 (1 101.00 2 101.00 2 101.00){0.00 0.00 0.00 0.00 40.40 0}{40.40 0.00 0.00 0.00 80.80 0}{80.80 101.00 101.00 101.00 121.20 1}{121.20 0.00 0.00 0.00 161.60 0}{161.60 0.00 0.00 0.00 202.00 0}
LOOP0: iter: ( 124 )[ 1 -1 2 1 0 ] mem: ( 2 )[ 1 -1 2 1 0 ]
10 2 
12 20480 155 155 155 155 155 155 155 155 155 155 155 155 155 155 155 155 155 155 155 155 155 155 155 155 155 155 155 155 155 155 155 155 155 155 155 155 155 155 155 155 155 155 155 155 155 155 155 155 155 155 155 155 155 155 155 155 155 155 155 155 155 155 155 155 155 155 155 155 155 155 155 155 155 155 155 155 155 155 155 155 155 155 155 155 155 155 155 155 155 155 155 155 155 155 155 155 155 155 155 155 155 155 155 155 155 155 155 155 155 155 155 155 155 155 155 155 155 155 155 155 155 155 155 
14 16 
1a 2 1 1 1 1 1 1 1 1 1 1 1 1 1 1 1 1 1 1 1 1 1 1 1 1 1 1 1 1 1 1 1 1 1 1 1 1 1 1 1 1 1 1 1 1 1 1 1 1 1 1 1 1 1 1 1 1 1 1 1 1 1 1 2 2 2 2 2 2 2 2 2 2 2 2 2 2 2 2 2 2 2 2 2 2 2 2 2 2 2 2 2 2 2 2 2 2 2 2 2 2 2 2 2 2 2 2 2 2 2 2 2 2 2 2 2 2 2 2 2 2 2 2 2 
1b 0 

RANKS: 1 -1 0 4 1
EVENT36: 1102 47d1e9_47d5ae_47d718_47d837
COMP 4b-0: 47d1e9_47d5ae_47d718_47d837 (246 165.32 0 6.00 3 347.00){0.00 0.00 0.00 0.00 2.40 0}{2.40 0.00 0.00 0.00 4.80 0}{4.80 6.00 6.09 7.00 9.60 124}{9.60 0.00 0.00 0.00 12.00 0}{12.00 316.00 328.46 347.00 626.00 122}
COMP 4b-1: 481caa_48202a_482163_482257 (249 228.09 2 139.00 3 10432.00){0.00 0.00 0.00 0.00 57.20 0}{57.20 0.00 0.00 0.00 114.40 0}{114.40 139.00 145.91 161.00 228.80 247}{228.80 0.00 0.00 0.00 286.00 0}{286.00 10409.00 10420.50 10432.00 20578.00 2}
COMP 4b-2: 48ac05_48ae89_48af5d_48b016 (1 10451.00 1 10451.00 1 10451.00){0.00 0.00 0.00 0.00 4180.40 0}{4180.40 0.00 0.00 0.00 8360.80 0}{8360.80 10451.00 10451.00 10451.00 12541.20 1}{12541.20 0.00 0.00 0.00 16721.60 0}{16721.60 0.00 0.00 0.00 20902.00 0}
COMM 4b-0: 47d1e9_47d5ae_47d718_47d837 (246 6.64 0 1.00 3 27.00){0.00 0.00 0.00 0.00 0.80 0}{0.80 1.00 1.00 1.00 1.60 55}{1.60 2.00 2.50 3.00 3.20 68}{3.20 4.00 4.00 4.00 4.00 8}{4.00 5.00 12.02 27.00 28.00 115}
COMM 4b-1: 481caa_48202a_482163_482257 (249 25.15 2 1.00 0 1431.00){0.00 1.00 4.90 430.00 572.40 245}{572.40 606.00 741.67 914.00 1144.80 3}{1144.80 1431.00 1431.00 1431.00 1717.20 1}{1717.20 0.00 0.00 0.00 2289.60 0}{2289.60 0.00 0.00 0.00 2862.00 0}
COMM 4b-2: 48ac05_48ae89_48af5d_48b016 (1 454.00 1 454.00 1 454.00){0.00 0.00 0.00 0.00 181.60 0}{181.60 0.00 0.00 0.00 363.20 0}{363.20 454.00 454.00 454.00 544.80 1}{544.80 0.00 0.00 0.00 726.40 0}{726.40 0.00 0.00 0.00 908.00 0}
LOOP0: iter: ( 124 )[ 2 -1 0 2 1 -1 3 1 0 ] mem: ( 1 )[ 1 -1 0 2 3 ]( 2 )[ 1 -1 1 1 0 ]
10 2 
12 155 
14 16 
1b 0 
2b ( 1 2 )[ 1 -1 0 1 0 ]
2b ( 3 3 3 3 3 3 3 3 3 3 3 3 3 3 3 3 3 3 3 3 3 3 3 3 3 3 3 3 3 3 3 3 3 3 3 3 3 3 3 3 3 3 3 3 3 3 3 3 3 3 3 3 3 3 3 3 3 3 3 3 3 3 2 2 2 2 2 2 2 2 2 2 2 2 2 2 2 2 2 2 2 2 2 2 2 2 2 2 2 2 2 2 2 2 2 2 2 2 2 2 2 2 2 2 2 2 2 2 2 2 2 2 2 2 2 2 2 2 2 2 2 2 2 2 )[ 1 -1 1 1 0 ]
2b ( 3 2 )[ 1 -1 3 1 0 ]
2b ( 2 2 2 2 2 2 2 2 2 2 2 2 2 2 2 2 2 2 2 2 2 2 2 2 2 2 2 2 2 2 2 2 2 2 2 2 2 2 2 2 2 2 2 2 2 2 2 2 2 2 2 2 2 2 2 2 2 2 2 2 2 2 1 1 1 1 1 1 1 1 1 1 1 1 1 1 1 1 1 1 1 1 1 1 1 1 1 1 1 1 1 1 1 1 1 1 1 1 1 1 1 1 1 1 1 1 1 1 1 1 1 1 1 1 1 1 1 1 1 1 1 1 1 1 )[ 1 -1 2 1 0 ]

RANKS: 1 -1 1 3 1
EVENT37: 1113 481caa_48202a_482163_482257
COMP 4b-0: 47d1e9_47d5ae_47d718_47d837 (126 191.89 1 183.00 3 509.00){0.00 0.00 0.00 0.00 78.80 0}{78.80 0.00 0.00 0.00 157.60 0}{157.60 183.00 189.31 211.00 315.20 125}{315.20 0.00 0.00 0.00 394.00 0}{394.00 509.00 509.00 509.00 624.00 1}
COMP 4b-1: 481caa_48202a_482163_482257 (123 159.04 3 5.00 3 325.00){0.00 0.00 0.00 0.00 2.00 0}{2.00 0.00 0.00 0.00 4.00 0}{4.00 5.00 5.82 7.00 8.00 62}{8.00 0.00 0.00 0.00 10.00 0}{10.00 316.00 317.30 325.00 640.00 61}
COMM 4b-0: 47d1e9_47d5ae_47d718_47d837 (126 2.63 1 2.00 1 11.00){0.00 2.00 2.00 2.00 2.40 70}{2.40 3.00 3.00 3.00 4.80 52}{4.80 6.00 6.00 6.00 7.20 2}{7.20 9.00 9.00 9.00 9.60 1}{9.60 11.00 11.00 11.00 12.00 1}
COMM 4b-1: 481caa_48202a_482163_482257 (123 2.15 3 1.00 3 15.00){0.00 0.00 0.00 0.00 0.80 0}{0.80 1.00 1.00 1.00 1.60 28}{1.60 2.00 2.00 2.00 2.40 69}{2.40 3.00 3.00 3.00 4.00 24}{4.00 11.00 13.00 15.00 26.00 2}
LOOP0: iter: ( 124 )[ 1 -1 3 1 0 ] mem: ( 1 )[ 1 -1 3 1 0 ]
10 2 
12 155 
14 16 
1a ( 2 2 2 2 2 2 2 2 2 2 2 2 2 2 2 2 2 2 2 2 2 2 2 2 2 2 2 2 2 2 2 2 2 2 2 2 2 2 2 2 2 2 2 2 2 2 2 2 2 2 2 2 2 2 2 2 2 2 2 2 2 2 3 3 3 3 3 3 3 3 3 3 3 3 3 3 3 3 3 3 3 3 3 3 3 3 3 3 3 3 3 3 3 3 3 3 3 3 3 3 3 3 3 3 3 3 3 3 3 3 3 3 3 3 3 3 3 3 3 3 3 3 3 3 )[ 1 -1 1 1 0 ]
1a ( 3 2 )[ 1 -1 3 1 0 ]
1a ( 2 )[ 1 -1 2 1 0 ]
1b 0 

RANKS: 1 -1 0 4 1
EVENT38: 1004 46a0df_46a43f_46a582_46a674
COMP 4b-0: 47d1e9_47d5ae_47d718_47d837 (1 1005.00 0 1005.00 0 1005.00){0.00 0.00 0.00 0.00 402.00 0}{402.00 0.00 0.00 0.00 804.00 0}{804.00 1005.00 1005.00 1005.00 1206.00 1}{1206.00 0.00 0.00 0.00 1608.00 0}{1608.00 0.00 0.00 0.00 2010.00 0}
COMP 4b-1: 481caa_48202a_482163_482257 (3 810.50 3 810.00 1 811.00){0.00 0.00 0.00 0.00 324.40 0}{324.40 0.00 0.00 0.00 648.80 0}{648.80 810.00 810.33 811.00 973.20 3}{973.20 0.00 0.00 0.00 1297.60 0}{1297.60 0.00 0.00 0.00 1622.00 0}
COMM 4b-0: 47d1e9_47d5ae_47d718_47d837 (1 11.00 0 11.00 0 11.00){0.00 0.00 0.00 0.00 4.40 0}{4.40 0.00 0.00 0.00 8.80 0}{8.80 11.00 11.00 11.00 13.20 1}{13.20 0.00 0.00 0.00 17.60 0}{17.60 0.00 0.00 0.00 22.00 0}
COMM 4b-1: 481caa_48202a_482163_482257 (3 571.50 2 218.00 3 1022.00){0.00 0.00 0.00 0.00 209.20 0}{209.20 218.00 218.00 218.00 418.40 1}{418.40 523.00 523.00 523.00 627.60 1}{627.60 0.00 0.00 0.00 836.80 0}{836.80 1022.00 1022.00 1022.00 1046.00 1}
10 2 
12 5 
14 16 
18 3 

RANKS: 1 -1 2 1 0
EVENT39: 1113 481caa_48202a_482163_482257
COMP 4b-0: 46a0df_46a43f_46a582_46a674 (1 597.00 2 597.00 2 597.00){0.00 0.00 0.00 0.00 238.80 0}{238.80 0.00 0.00 0.00 477.60 0}{477.60 597.00 597.00 597.00 716.40 1}{716.40 0.00 0.00 0.00 955.20 0}{955.20 0.00 0.00 0.00 1194.00 0}
COMM 4b-0: 46a0df_46a43f_46a582_46a674 (1 111.00 2 111.00 2 111.00){0.00 0.00 0.00 0.00 44.40 0}{44.40 0.00 0.00 0.00 88.80 0}{88.80 111.00 111.00 111.00 133.20 1}{133.20 0.00 0.00 0.00 177.60 0}{177.60 0.00 0.00 0.00 222.00 0}
10 2 
12 20480 
14 16 
1a 1 
1b 0 

RANKS: 1 -1 1 3 1
EVENT40: 1090 479b76_479f4b_47a0b6_47a1d7
COMP 4b-0: 46a0df_46a43f_46a582_46a674 (2 570.00 3 564.00 1 573.00){0.00 0.00 0.00 0.00 229.20 0}{229.20 0.00 0.00 0.00 458.40 0}{458.40 564.00 568.50 573.00 687.60 2}{687.60 0.00 0.00 0.00 916.80 0}{916.80 0.00 0.00 0.00 1146.00 0}
COMP 4b-1: 481caa_48202a_482163_482257 (2 3314.00 2 6.00 3 4968.00){0.00 6.00 6.00 6.00 1987.20 1}{1987.20 0.00 0.00 0.00 3974.40 0}{3974.40 4968.00 4968.00 4968.00 5961.60 1}{5961.60 0.00 0.00 0.00 7948.80 0}{7948.80 0.00 0.00 0.00 9936.00 0}
COMP 4b-2: 48ac05_48ae89_48af5d_48b016 (1 5016.00 2 5016.00 2 5016.00){0.00 0.00 0.00 0.00 2006.40 0}{2006.40 0.00 0.00 0.00 4012.80 0}{4012.80 5016.00 5016.00 5016.00 6019.20 1}{6019.20 0.00 0.00 0.00 8025.60 0}{8025.60 0.00 0.00 0.00 10032.00 0}
COMM 4b-0: 46a0df_46a43f_46a582_46a674 (2 2.00 1 2.00 1 2.00){0.00 0.00 0.00 0.00 0.80 0}{0.80 0.00 0.00 0.00 1.60 0}{1.60 2.00 2.00 2.00 2.40 2}{2.40 0.00 0.00 0.00 3.20 0}{3.20 0.00 0.00 0.00 4.00 0}
COMM 4b-1: 481caa_48202a_482163_482257 (2 2.67 2 2.00 3 3.00){0.00 0.00 0.00 0.00 1.20 0}{1.20 2.00 2.00 2.00 2.40 1}{2.40 3.00 3.00 3.00 3.60 1}{3.60 0.00 0.00 0.00 4.80 0}{4.80 0.00 0.00 0.00 6.00 0}
COMM 4b-2: 48ac05_48ae89_48af5d_48b016 (1 2.00 2 2.00 2 2.00){0.00 0.00 0.00 0.00 0.80 0}{0.80 0.00 0.00 0.00 1.60 0}{1.60 2.00 2.00 2.00 2.40 1}{2.40 0.00 0.00 0.00 3.20 0}{3.20 0.00 0.00 0.00 4.00 0}
LOOP0: iter: ( 2 )[ 1 -1 2 2 1 ] mem: ( 3 )[ 1 -1 3 1 0 ]( 2 )[ 1 -1 2 1 0 ]
10 2 
12 20480 
14 16 
1b 0 
2b 2147483647 

RANKS: 1 -1 1 3 1
EVENT41: 1148 48ac05_48ae89_48af5d_48b016
COMP 4b-0: 479b76_479f4b_47a0b6_47a1d7 (5 6.00 1 6.00 1 6.00){0.00 0.00 0.00 0.00 2.40 0}{2.40 0.00 0.00 0.00 4.80 0}{4.80 6.00 6.00 6.00 7.20 5}{7.20 0.00 0.00 0.00 9.60 0}{9.60 0.00 0.00 0.00 12.00 0}
COMM 4b-0: 479b76_479f4b_47a0b6_47a1d7 (5 102.83 2 98.00 2 116.00){0.00 0.00 0.00 0.00 39.60 0}{39.60 0.00 0.00 0.00 79.20 0}{79.20 98.00 103.60 116.00 118.80 5}{118.80 0.00 0.00 0.00 158.40 0}{158.40 0.00 0.00 0.00 198.00 0}
1c 9999 

RANKS: 1 -1 0 4 1
EVENT42: 1113 481caa_48202a_482163_482257
COMP 4b-0: 46a0df_46a43f_46a582_46a674 (1 608.00 0 608.00 0 608.00){0.00 0.00 0.00 0.00 243.20 0}{243.20 0.00 0.00 0.00 486.40 0}{486.40 608.00 608.00 608.00 729.60 1}{729.60 0.00 0.00 0.00 972.80 0}{972.80 0.00 0.00 0.00 1216.00 0}
COMP 4b-1: 481caa_48202a_482163_482257 (1 4995.00 1 4995.00 1 4995.00){0.00 0.00 0.00 0.00 1998.00 0}{1998.00 0.00 0.00 0.00 3996.00 0}{3996.00 4995.00 4995.00 4995.00 5994.00 1}{5994.00 0.00 0.00 0.00 7992.00 0}{7992.00 0.00 0.00 0.00 9990.00 0}
COMP 4b-2: 48ac05_48ae89_48af5d_48b016 (5 1734.67 2 82.00 0 5025.00){0.00 82.00 89.50 93.00 2010.00 4}{2010.00 0.00 0.00 0.00 4020.00 0}{4020.00 5025.00 5025.00 5025.00 6030.00 1}{6030.00 0.00 0.00 0.00 8040.00 0}{8040.00 0.00 0.00 0.00 10050.00 0}
COMM 4b-0: 46a0df_46a43f_46a582_46a674 (1 107.00 0 107.00 0 107.00){0.00 0.00 0.00 0.00 42.80 0}{42.80 0.00 0.00 0.00 85.60 0}{85.60 107.00 107.00 107.00 128.40 1}{128.40 0.00 0.00 0.00 171.20 0}{171.20 0.00 0.00 0.00 214.00 0}
COMM 4b-1: 481caa_48202a_482163_482257 (1 109.00 1 109.00 1 109.00){0.00 0.00 0.00 0.00 43.60 0}{43.60 0.00 0.00 0.00 87.20 0}{87.20 109.00 109.00 109.00 130.80 1}{130.80 0.00 0.00 0.00 174.40 0}{174.40 0.00 0.00 0.00 218.00 0}
COMM 4b-2: 48ac05_48ae89_48af5d_48b016 (5 111.50 1 100.00 0 131.00){0.00 0.00 0.00 0.00 52.40 0}{52.40 100.00 101.75 104.00 104.80 4}{104.80 131.00 131.00 131.00 157.20 1}{157.20 0.00 0.00 0.00 209.60 0}{209.60 0.00 0.00 0.00 262.00 0}
LOOP0: iter: ( 2 )[ 1 -1 0 2 1 ] mem: ( 3 )[ 1 -1 0 1 0 ]( 1 )[ 1 -1 1 1 0 ]
10 2 
12 20480 
14 16 
1a ( 1 2 )[ 1 -1 0 1 0 ]
1a ( 3 2 )[ 1 -1 1 2 2 ]
1a ( 2 )[ 1 -1 2 1 0 ]
1b 0 

RANKS: 1 -1 0 2 1
EVENT43: 1090 479b76_479f4b_47a0b6_47a1d7
COMP 4b-0: 481caa_48202a_482163_482257 (3 6.25 0 6.00 1 7.00){0.00 0.00 0.00 0.00 2.40 0}{2.40 0.00 0.00 0.00 4.80 0}{4.80 6.00 6.33 7.00 7.20 3}{7.20 0.00 0.00 0.00 9.60 0}{9.60 0.00 0.00 0.00 12.00 0}
COMM 4b-0: 481caa_48202a_482163_482257 (3 2.00 0 2.00 0 2.00){0.00 0.00 0.00 0.00 0.80 0}{0.80 0.00 0.00 0.00 1.60 0}{1.60 2.00 2.00 2.00 2.40 3}{2.40 0.00 0.00 0.00 3.20 0}{3.20 0.00 0.00 0.00 4.00 0}
10 2 
12 20480 
14 16 
1b 0 
2b 2147483647 

RANKS: 1 -1 0 2 1
EVENT44: 1148 48ac05_48ae89_48af5d_48b016
COMP 4b-0: 479b76_479f4b_47a0b6_47a1d7 (3 5.75 0 5.00 0 6.00){0.00 0.00 0.00 0.00 2.40 0}{2.40 0.00 0.00 0.00 4.80 0}{4.80 5.00 5.67 6.00 7.20 3}{7.20 0.00 0.00 0.00 9.60 0}{9.60 0.00 0.00 0.00 12.00 0}
COMM 4b-0: 479b76_479f4b_47a0b6_47a1d7 (3 131.00 1 101.00 0 149.00){0.00 0.00 0.00 0.00 54.80 0}{54.80 101.00 101.00 101.00 109.60 1}{109.60 137.00 143.00 149.00 164.40 2}{164.40 0.00 0.00 0.00 219.20 0}{219.20 0.00 0.00 0.00 274.00 0}
1c 9999 

RANKS: 1 -1 0 4 1
EVENT45: 1004 46a0df_46a43f_46a582_46a674
COMP 4b-0: 46a0df_46a43f_46a582_46a674 (8 2118.11 0 6.00 0 4759.00){0.00 0.00 0.00 0.00 2.40 0}{2.40 0.00 0.00 0.00 4.80 0}{4.80 6.00 6.00 6.00 9.60 2}{9.60 0.00 0.00 0.00 12.00 0}{12.00 14.00 3174.17 4759.00 9506.00 6}
COMP 4b-1: 481caa_48202a_482163_482257 (2 10260.33 3 10255.00 2 10271.00){0.00 0.00 0.00 0.00 4102.00 0}{4102.00 0.00 0.00 0.00 8204.00 0}{8204.00 10255.00 10263.00 10271.00 12306.00 2}{12306.00 0.00 0.00 0.00 16408.00 0}{16408.00 0.00 0.00 0.00 20510.00 0}
COMP 4b-2: 48ac05_48ae89_48af5d_48b016 (2 10305.67 1 10287.00 0 10315.00){0.00 0.00 0.00 0.00 4126.00 0}{4126.00 0.00 0.00 0.00 8252.00 0}{8252.00 10287.00 10301.00 10315.00 12378.00 2}{12378.00 0.00 0.00 0.00 16504.00 0}{16504.00 0.00 0.00 0.00 20630.00 0}
COMM 4b-0: 46a0df_46a43f_46a582_46a674 (8 14.56 2 5.00 3 24.00){0.00 5.00 5.50 6.00 8.40 2}{8.40 10.00 13.50 16.00 16.80 4}{16.80 21.00 22.50 24.00 25.20 2}{25.20 0.00 0.00 0.00 33.60 0}{33.60 0.00 0.00 0.00 42.00 0}
COMM 4b-1: 481caa_48202a_482163_482257 (2 100.00 2 86.00 3 107.00){0.00 0.00 0.00 0.00 42.80 0}{42.80 0.00 0.00 0.00 85.60 0}{85.60 86.00 96.50 107.00 128.40 2}{128.40 0.00 0.00 0.00 171.20 0}{171.20 0.00 0.00 0.00 214.00 0}
COMM 4b-2: 48ac05_48ae89_48af5d_48b016 (2 57.67 0 22.00 1 129.00){0.00 0.00 0.00 0.00 8.80 0}{8.80 0.00 0.00 0.00 17.60 0}{17.60 22.00 22.00 22.00 35.20 1}{35.20 0.00 0.00 0.00 44.00 0}{44.00 129.00 129.00 129.00 214.00 1}
LOOP0: iter: ( 3 )[ 1 -1 0 4 1 ] mem: ( 1 )[ 1 -1 0 4 1 ]
10 2 
12 5 1 5 
14 16 
18 3 1 3 

RANKS: 1 -1 0 2 1
EVENT46: 1090 479b76_479f4b_47a0b6_47a1d7_45e7e0
COMP 4b-0: 46a0df_46a43f_46a582_46a674 (2 46.00 1 42.00 0 48.00){0.00 0.00 0.00 0.00 19.20 0}{19.20 0.00 0.00 0.00 38.40 0}{38.40 42.00 45.00 48.00 57.60 2}{57.60 0.00 0.00 0.00 76.80 0}{76.80 0.00 0.00 0.00 96.00 0}
COMM 4b-0: 46a0df_46a43f_46a582_46a674 (2 1.33 0 1.00 1 2.00){0.00 0.00 0.00 0.00 0.40 0}{0.40 0.00 0.00 0.00 0.80 0}{0.80 1.00 1.00 1.00 1.20 1}{1.20 0.00 0.00 0.00 1.60 0}{1.60 2.00 2.00 2.00 2.00 1}
10 2 
12 64 
14 16 
1b 0 
2b 2147483647 

RANKS: 1 -1 0 2 1
EVENT47: 1148 48ac05_48ae89_48af5d_48b016_45e7f9
COMP 4b-0: 479b76_479f4b_47a0b6_47a1d7_45e7e0 (2 6.00 0 6.00 0 6.00){0.00 0.00 0.00 0.00 2.40 0}{2.40 0.00 0.00 0.00 4.80 0}{4.80 6.00 6.00 6.00 7.20 2}{7.20 0.00 0.00 0.00 9.60 0}{9.60 0.00 0.00 0.00 12.00 0}
COMM 4b-0: 479b76_479f4b_47a0b6_47a1d7_45e7e0 (2 3.33 0 3.00 1 4.00){0.00 0.00 0.00 0.00 1.20 0}{1.20 0.00 0.00 0.00 2.40 0}{2.40 3.00 3.00 3.00 3.60 1}{3.60 4.00 4.00 4.00 4.80 1}{4.80 0.00 0.00 0.00 6.00 0}
1c 9999 

RANKS: 1 -1 2 1 0
EVENT48: 1113 481caa_48202a_482163_482257_45e8ce
COMP 4b-0: 46a0df_46a43f_46a582_46a674 (1 44.00 2 44.00 2 44.00){0.00 0.00 0.00 0.00 17.60 0}{17.60 0.00 0.00 0.00 35.20 0}{35.20 44.00 44.00 44.00 52.80 1}{52.80 0.00 0.00 0.00 70.40 0}{70.40 0.00 0.00 0.00 88.00 0}
COMM 4b-0: 46a0df_46a43f_46a582_46a674 (1 3.00 2 3.00 2 3.00){0.00 0.00 0.00 0.00 1.20 0}{1.20 0.00 0.00 0.00 2.40 0}{2.40 3.00 3.00 3.00 3.60 1}{3.60 0.00 0.00 0.00 4.80 0}{4.80 0.00 0.00 0.00 6.00 0}
10 2 
12 64 
14 16 
1a 2 
1b 0 

RANKS: 1 -1 0 2 2
EVENT49: 1090 479b76_479f4b_47a0b6_47a1d7_45e92a
COMP 4b-0: 481caa_48202a_482163_482257_45e8ce (1 6.00 2 6.00 2 6.00){0.00 0.00 0.00 0.00 2.40 0}{2.40 0.00 0.00 0.00 4.80 0}{4.80 6.00 6.00 6.00 7.20 1}{7.20 0.00 0.00 0.00 9.60 0}{9.60 0.00 0.00 0.00 12.00 0}
COMP 4b-1: 48ac05_48ae89_48af5d_48b016_45e7f9 (1 6.00 0 6.00 0 6.00){0.00 0.00 0.00 0.00 2.40 0}{2.40 0.00 0.00 0.00 4.80 0}{4.80 6.00 6.00 6.00 7.20 1}{7.20 0.00 0.00 0.00 9.60 0}{9.60 0.00 0.00 0.00 12.00 0}
COMM 4b-0: 481caa_48202a_482163_482257_45e8ce (1 2.00 2 2.00 2 2.00){0.00 0.00 0.00 0.00 0.80 0}{0.80 0.00 0.00 0.00 1.60 0}{1.60 2.00 2.00 2.00 2.40 1}{2.40 0.00 0.00 0.00 3.20 0}{3.20 0.00 0.00 0.00 4.00 0}
COMM 4b-1: 48ac05_48ae89_48af5d_48b016_45e7f9 (1 1.00 0 1.00 0 1.00){0.00 0.00 0.00 0.00 0.40 0}{0.40 0.00 0.00 0.00 0.80 0}{0.80 1.00 1.00 1.00 1.20 1}{1.20 0.00 0.00 0.00 1.60 0}{1.60 0.00 0.00 0.00 2.00 0}
10 2 
12 68 
14 16 
1b 0 
2b 2147483647 

RANKS: 1 -1 0 2 2
EVENT50: 1148 48ac05_48ae89_48af5d_48b016_45e93f
COMP 4b-0: 479b76_479f4b_47a0b6_47a1d7_45e92a (2 6.67 2 6.00 0 7.00){0.00 0.00 0.00 0.00 2.80 0}{2.80 0.00 0.00 0.00 5.60 0}{5.60 6.00 6.50 7.00 8.40 2}{8.40 0.00 0.00 0.00 11.20 0}{11.20 0.00 0.00 0.00 14.00 0}
COMM 4b-0: 479b76_479f4b_47a0b6_47a1d7_45e92a (2 2.00 0 1.00 2 4.00){0.00 0.00 0.00 0.00 0.40 0}{0.40 0.00 0.00 0.00 0.80 0}{0.80 1.00 1.00 1.00 1.60 1}{1.60 0.00 0.00 0.00 2.00 0}{2.00 4.00 4.00 4.00 6.00 1}
1c 9999 

RANKS: 1 -1 3 1 0
EVENT51: 1113 481caa_48202a_482163_482257_45e8ce
COMP 4b-0: 46a0df_46a43f_46a582_46a674 (1 48.00 3 48.00 3 48.00){0.00 0.00 0.00 0.00 19.20 0}{19.20 0.00 0.00 0.00 38.40 0}{38.40 48.00 48.00 48.00 57.60 1}{57.60 0.00 0.00 0.00 76.80 0}{76.80 0.00 0.00 0.00 96.00 0}
COMM 4b-0: 46a0df_46a43f_46a582_46a674 (1 4.00 3 4.00 3 4.00){0.00 0.00 0.00 0.00 1.60 0}{1.60 0.00 0.00 0.00 3.20 0}{3.20 4.00 4.00 4.00 4.80 1}{4.80 0.00 0.00 0.00 6.40 0}{6.40 0.00 0.00 0.00 8.00 0}
10 2 
12 64 
14 16 
1a 2 
1b 0 

RANKS: 1 -1 1 2 2
EVENT52: 1113 481caa_48202a_482163_482257_45ea3f
COMP 4b-0: 481caa_48202a_482163_482257_45e8ce (1 5.00 3 5.00 3 5.00){0.00 0.00 0.00 0.00 2.00 0}{2.00 0.00 0.00 0.00 4.00 0}{4.00 5.00 5.00 5.00 6.00 1}{6.00 0.00 0.00 0.00 8.00 0}{8.00 0.00 0.00 0.00 10.00 0}
COMP 4b-1: 48ac05_48ae89_48af5d_48b016_45e7f9 (1 28.00 1 28.00 1 28.00){0.00 0.00 0.00 0.00 11.20 0}{11.20 0.00 0.00 0.00 22.40 0}{22.40 28.00 28.00 28.00 33.60 1}{33.60 0.00 0.00 0.00 44.80 0}{44.80 0.00 0.00 0.00 56.00 0}
COMM 4b-0: 481caa_48202a_482163_482257_45e8ce (1 2.00 3 2.00 3 2.00){0.00 0.00 0.00 0.00 0.80 0}{0.80 0.00 0.00 0.00 1.60 0}{1.60 2.00 2.00 2.00 2.40 1}{2.40 0.00 0.00 0.00 3.20 0}{3.20 0.00 0.00 0.00 4.00 0}
COMM 4b-1: 48ac05_48ae89_48af5d_48b016_45e7f9 (1 4.00 1 4.00 1 4.00){0.00 0.00 0.00 0.00 1.60 0}{1.60 0.00 0.00 0.00 3.20 0}{3.20 4.00 4.00 4.00 4.80 1}{4.80 0.00 0.00 0.00 6.40 0}{6.40 0.00 0.00 0.00 8.00 0}
10 2 
12 68 
14 16 
1a 3 
1b 0 

RANKS: 1 -1 0 4 1
EVENT53: 1004 46a0df_46a43f_46a582_46a674_466371
COMP 4b-0: 481caa_48202a_482163_482257_45ea3f (2 13.00 3 11.00 1 14.00){0.00 0.00 0.00 0.00 5.60 0}{5.60 11.00 11.00 11.00 11.20 1}{11.20 14.00 14.00 14.00 16.80 1}{16.80 0.00 0.00 0.00 22.40 0}{22.40 0.00 0.00 0.00 28.00 0}
COMP 4b-1: 48ac05_48ae89_48af5d_48b016_45e93f (2 12.33 0 12.00 2 13.00){0.00 0.00 0.00 0.00 4.80 0}{4.80 0.00 0.00 0.00 9.60 0}{9.60 12.00 12.50 13.00 14.40 2}{14.40 0.00 0.00 0.00 19.20 0}{19.20 0.00 0.00 0.00 24.00 0}
COMM 4b-0: 481caa_48202a_482163_482257_45ea3f (2 21.33 1 6.00 3 52.00){0.00 0.00 0.00 0.00 2.40 0}{2.40 0.00 0.00 0.00 4.80 0}{4.80 6.00 6.00 6.00 9.60 1}{9.60 0.00 0.00 0.00 12.00 0}{12.00 52.00 52.00 52.00 92.00 1}
COMM 4b-1: 48ac05_48ae89_48af5d_48b016_45e93f (2 10.67 0 5.00 2 22.00){0.00 0.00 0.00 0.00 2.00 0}{2.00 0.00 0.00 0.00 4.00 0}{4.00 5.00 5.00 5.00 8.00 1}{8.00 0.00 0.00 0.00 10.00 0}{10.00 22.00 22.00 22.00 34.00 1}
10 2 
12 1 
14 16 
18 3 

RANKS: 1 -1 0 2 2
EVENT54: 1090 479b76_479f4b_47a0b6_47a1d7
COMP 4b-0: 46a0df_46a43f_46a582_46a674_466371 (2 27.00 0 27.00 0 27.00){0.00 0.00 0.00 0.00 10.80 0}{10.80 0.00 0.00 0.00 21.60 0}{21.60 27.00 27.00 27.00 32.40 2}{32.40 0.00 0.00 0.00 43.20 0}{43.20 0.00 0.00 0.00 54.00 0}
COMM 4b-0: 46a0df_46a43f_46a582_46a674_466371 (2 1.00 0 1.00 0 1.00){0.00 0.00 0.00 0.00 0.40 0}{0.40 0.00 0.00 0.00 0.80 0}{0.80 1.00 1.00 1.00 1.20 2}{1.20 0.00 0.00 0.00 1.60 0}{1.60 0.00 0.00 0.00 2.00 0}
10 2 
12 64 
14 16 
1b 0 
2b 2147483647 

RANKS: 1 -1 0 2 2
EVENT55: 1148 48ac05_48ae89_48af5d_48b016
COMP 4b-0: 479b76_479f4b_47a0b6_47a1d7 (2 5.00 0 5.00 0 5.00){0.00 0.00 0.00 0.00 2.00 0}{2.00 0.00 0.00 0.00 4.00 0}{4.00 5.00 5.00 5.00 6.00 2}{6.00 0.00 0.00 0.00 8.00 0}{8.00 0.00 0.00 0.00 10.00 0}
COMM 4b-0: 479b76_479f4b_47a0b6_47a1d7 (2 2.00 0 2.00 0 2.00){0.00 0.00 0.00 0.00 0.80 0}{0.80 0.00 0.00 0.00 1.60 0}{1.60 2.00 2.00 2.00 2.40 2}{2.40 0.00 0.00 0.00 3.20 0}{3.20 0.00 0.00 0.00 4.00 0}
1c 9999 

RANKS: 1 -1 1 2 2
EVENT56: 1113 481caa_48202a_482163_482257
COMP 4b-0: 46a0df_46a43f_46a582_46a674_466371 (2 27.67 1 27.00 3 29.00){0.00 0.00 0.00 0.00 10.80 0}{10.80 0.00 0.00 0.00 21.60 0}{21.60 27.00 28.00 29.00 32.40 2}{32.40 0.00 0.00 0.00 43.20 0}{43.20 0.00 0.00 0.00 54.00 0}
COMM 4b-0: 46a0df_46a43f_46a582_46a674_466371 (2 2.33 1 2.00 3 3.00){0.00 0.00 0.00 0.00 0.80 0}{0.80 0.00 0.00 0.00 1.60 0}{1.60 2.00 2.00 2.00 2.40 1}{2.40 3.00 3.00 3.00 3.20 1}{3.20 0.00 0.00 0.00 4.00 0}
10 2 
12 64 
14 16 
1a 3 
1b 0 

RANKS: 1 -1 0 4 1
EVENT57: 1004 46a0df_46a43f_46a582_46a674_466744
COMP 4b-0: 481caa_48202a_482163_482257 (2 14.00 1 13.00 3 16.00){0.00 0.00 0.00 0.00 5.20 0}{5.20 0.00 0.00 0.00 10.40 0}{10.40 13.00 13.00 13.00 15.60 1}{15.60 16.00 16.00 16.00 20.80 1}{20.80 0.00 0.00 0.00 26.00 0}
COMP 4b-1: 48ac05_48ae89_48af5d_48b016 (2 14.67 0 14.00 2 16.00){0.00 0.00 0.00 0.00 5.60 0}{5.60 0.00 0.00 0.00 11.20 0}{11.20 14.00 15.00 16.00 16.80 2}{16.80 0.00 0.00 0.00 22.40 0}{22.40 0.00 0.00 0.00 28.00 0}
COMM 4b-0: 481caa_48202a_482163_482257 (2 29.00 3 27.00 1 30.00){0.00 0.00 0.00 0.00 12.00 0}{12.00 0.00 0.00 0.00 24.00 0}{24.00 27.00 28.50 30.00 36.00 2}{36.00 0.00 0.00 0.00 48.00 0}{48.00 0.00 0.00 0.00 60.00 0}
COMM 4b-1: 48ac05_48ae89_48af5d_48b016 (2 7.67 2 5.00 0 9.00){0.00 0.00 0.00 0.00 3.60 0}{3.60 5.00 5.00 5.00 7.20 1}{7.20 9.00 9.00 9.00 10.80 1}{10.80 0.00 0.00 0.00 14.40 0}{14.40 0.00 0.00 0.00 18.00 0}
10 2 
12 1 
14 16 
18 3 

RANKS: 1 -1 0 2 1
EVENT58: 1090 479b76_479f4b_47a0b6_47a1d7_45ec18
COMP 4b-0: 46a0df_46a43f_46a582_46a674_466744 (2 30.67 1 30.00 0 31.00){0.00 0.00 0.00 0.00 12.40 0}{12.40 0.00 0.00 0.00 24.80 0}{24.80 30.00 30.50 31.00 37.20 2}{37.20 0.00 0.00 0.00 49.60 0}{49.60 0.00 0.00 0.00 62.00 0}
COMM 4b-0: 46a0df_46a43f_46a582_46a674_466744 (2 1.00 0 1.00 0 1.00){0.00 0.00 0.00 0.00 0.40 0}{0.40 0.00 0.00 0.00 0.80 0}{0.80 1.00 1.00 1.00 1.20 2}{1.20 0.00 0.00 0.00 1.60 0}{1.60 0.00 0.00 0.00 2.00 0}
10 2 
12 64 
14 16 
1b 0 
2b 2147483647 

RANKS: 1 -1 0 2 1
EVENT59: 1148 48ac05_48ae89_48af5d_48b016_45ec2d
COMP 4b-0: 479b76_479f4b_47a0b6_47a1d7_45ec18 (2 5.00 0 5.00 0 5.00){0.00 0.00 0.00 0.00 2.00 0}{2.00 0.00 0.00 0.00 4.00 0}{4.00 5.00 5.00 5.00 6.00 2}{6.00 0.00 0.00 0.00 8.00 0}{8.00 0.00 0.00 0.00 10.00 0}
COMM 4b-0: 479b76_479f4b_47a0b6_47a1d7_45ec18 (2 2.00 0 2.00 0 2.00){0.00 0.00 0.00 0.00 0.80 0}{0.80 0.00 0.00 0.00 1.60 0}{1.60 2.00 2.00 2.00 2.40 2}{2.40 0.00 0.00 0.00 3.20 0}{3.20 0.00 0.00 0.00 4.00 0}
1c 9999 

RANKS: 1 -1 2 2 1
EVENT60: 1113 481caa_48202a_482163_482257_45ecda
COMP 4b-0: 46a0df_46a43f_46a582_46a674_466744 (2 30.00 3 29.00 2 32.00){0.00 0.00 0.00 0.00 11.60 0}{11.60 0.00 0.00 0.00 23.20 0}{23.20 29.00 30.50 32.00 34.80 2}{34.80 0.00 0.00 0.00 46.40 0}{46.40 0.00 0.00 0.00 58.00 0}
COMM 4b-0: 46a0df_46a43f_46a582_46a674_466744 (2 2.33 3 2.00 2 3.00){0.00 0.00 0.00 0.00 0.80 0}{0.80 0.00 0.00 0.00 1.60 0}{1.60 2.00 2.00 2.00 2.40 1}{2.40 3.00 3.00 3.00 3.20 1}{3.20 0.00 0.00 0.00 4.00 0}
10 2 
12 64 
14 16 
1a 2 
1b 0 

RANKS: 1 -1 0 4 1
EVENT61: 1004 46a0df_46a43f_46a582_46a674
COMP 4b-0: 481caa_48202a_482163_482257_45ecda (2 13.00 3 13.00 3 13.00){0.00 0.00 0.00 0.00 5.20 0}{5.20 0.00 0.00 0.00 10.40 0}{10.40 13.00 13.00 13.00 15.60 2}{15.60 0.00 0.00 0.00 20.80 0}{20.80 0.00 0.00 0.00 26.00 0}
COMP 4b-1: 48ac05_48ae89_48af5d_48b016_45ec2d (2 16.00 0 16.00 0 16.00){0.00 0.00 0.00 0.00 6.40 0}{6.40 0.00 0.00 0.00 12.80 0}{12.80 16.00 16.00 16.00 19.20 2}{19.20 0.00 0.00 0.00 25.60 0}{25.60 0.00 0.00 0.00 32.00 0}
COMM 4b-0: 481caa_48202a_482163_482257_45ecda (2 36.00 2 34.00 3 37.00){0.00 0.00 0.00 0.00 14.80 0}{14.80 0.00 0.00 0.00 29.60 0}{29.60 34.00 35.50 37.00 44.40 2}{44.40 0.00 0.00 0.00 59.20 0}{59.20 0.00 0.00 0.00 74.00 0}
COMM 4b-1: 48ac05_48ae89_48af5d_48b016_45ec2d (2 9.00 1 5.00 0 11.00){0.00 0.00 0.00 0.00 4.40 0}{4.40 5.00 5.00 5.00 8.80 1}{8.80 11.00 11.00 11.00 13.20 1}{13.20 0.00 0.00 0.00 17.60 0}{17.60 0.00 0.00 0.00 22.00 0}
10 2 
12 1 
14 16 
18 3 

RANKS: 1 -1 0 4 1
EVENT62: 1045 472a3f_472ab3_472b19_472b74
COMP 4b-0: 46a0df_46a43f_46a582_46a674 (4 3224.80 2 3222.00 0 3228.00){0.00 0.00 0.00 0.00 1291.20 0}{1291.20 0.00 0.00 0.00 2582.40 0}{2582.40 3222.00 3224.00 3228.00 3873.60 4}{3873.60 0.00 0.00 0.00 5164.80 0}{5164.80 0.00 0.00 0.00 6456.00 0}

