RANKS: 1 -1 0 4 1
EVENT0: 1084 46bb64_46bc23_46bcb9_46bd14
33 2 
34 0 

RANKS: 1 -1 0 4 1
EVENT1: 1090 46c95e_46cd33_46ce9e_46cfbf_457e56
COMP 4c-0: 46bb64_46bc23_46bcb9_46bd14 (4 1355353.20 2 1299894.00 0 1393666.00){0.00 0.00 0.00 0.00 557466.40 0}{557466.40 0.00 0.00 0.00 1114932.80 0}{1114932.80 1299894.00 1345775.00 1393666.00 1672399.20 4}{1672399.20 0.00 0.00 0.00 2229865.60 0}{2229865.60 0.00 0.00 0.00 2787332.00 0}
COMM 4b-0: 46bb64_46bc23_46bcb9_46bd14 (4 6.60 0 6.00 1 7.00){0.00 0.00 0.00 0.00 2.40 0}{2.40 0.00 0.00 0.00 4.80 0}{4.80 6.00 6.75 7.00 7.20 4}{7.20 0.00 0.00 0.00 9.60 0}{9.60 0.00 0.00 0.00 12.00 0}
10 2 
12 1 
14 16 
1b 0 
2b ( 1 )[ 1 -1 0 2 2 ]
2b ( 3 )[ 1 -1 1 2 2 ]

RANKS: 1 -1 0 4 1
EVENT2: 1113 474a92_474e12_474f4b_47503f_457e8e
COMP 4c-0: 46c95e_46cd33_46ce9e_46cfbf_457e56 (4 17.00 0 17.00 0 17.00){0.00 0.00 0.00 0.00 6.80 0}{6.80 0.00 0.00 0.00 13.60 0}{13.60 17.00 17.00 17.00 20.40 4}{20.40 0.00 0.00 0.00 27.20 0}{27.20 0.00 0.00 0.00 34.00 0}
COMM 4b-0: 46c95e_46cd33_46ce9e_46cfbf_457e56 (4 21.80 1 17.00 0 27.00){0.00 0.00 0.00 0.00 10.80 0}{10.80 17.00 18.33 21.00 21.60 3}{21.60 27.00 27.00 27.00 32.40 1}{32.40 0.00 0.00 0.00 43.20 0}{43.20 0.00 0.00 0.00 54.00 0}
10 2 
12 1 
14 16 
1a ( 1 )[ 1 -1 0 2 2 ]
1a ( 3 )[ 1 -1 1 2 2 ]
1b 0 

RANKS: 1 -1 0 4 1
EVENT3: 1148 47d9ed_47dc71_47dd45_47ddfe_457ea8
COMP 4c-0: 474a92_474e12_474f4b_47503f_457e8e (4 17.00 0 17.00 0 17.00){0.00 0.00 0.00 0.00 6.80 0}{6.80 0.00 0.00 0.00 13.60 0}{13.60 17.00 17.00 17.00 20.40 4}{20.40 0.00 0.00 0.00 27.20 0}{27.20 0.00 0.00 0.00 34.00 0}
COMM 4b-0: 474a92_474e12_474f4b_47503f_457e8e (4 24660.20 0 17.00 1 63645.00){0.00 0.00 0.00 0.00 6.80 0}{6.80 0.00 0.00 0.00 13.60 0}{13.60 17.00 17.00 17.00 27.20 2}{27.20 0.00 0.00 0.00 34.00 0}{34.00 59605.00 61625.00 63645.00 127256.00 2}
1c 9999 

RANKS: 1 -1 0 4 1
EVENT4: 1090 46c95e_46cd33_46ce9e_46cfbf_45800a
COMP 4c-0: 47d9ed_47dc71_47dd45_47ddfe_457ea8 (4 82415.60 1 82011.00 0 82721.00){0.00 0.00 0.00 0.00 33088.40 0}{33088.40 0.00 0.00 0.00 66176.80 0}{66176.80 82011.00 82339.25 82721.00 99265.20 4}{99265.20 0.00 0.00 0.00 132353.60 0}{132353.60 0.00 0.00 0.00 165442.00 0}
COMP 4c-1: 47d9ed_47dc71_47dd45_47ddfe_458469 (96 83033.34 1 82685.00 0 83412.00){0.00 0.00 0.00 0.00 33358.40 0}{33358.40 0.00 0.00 0.00 66716.80 0}{66716.80 82685.00 83029.56 83412.00 100075.20 96}{100075.20 0.00 0.00 0.00 133433.60 0}{133433.60 0.00 0.00 0.00 166792.00 0}
COMM 4b-0: 47d9ed_47dc71_47dd45_47ddfe_457ea8 (4 3.80 1 3.00 0 4.00){0.00 0.00 0.00 0.00 1.60 0}{1.60 3.00 3.00 3.00 3.20 1}{3.20 4.00 4.00 4.00 4.80 3}{4.80 0.00 0.00 0.00 6.40 0}{6.40 0.00 0.00 0.00 8.00 0}
COMM 4b-1: 47d9ed_47dc71_47dd45_47ddfe_458469 (96 4.19 1 3.00 0 6.00){0.00 0.00 0.00 0.00 2.00 0}{2.00 3.00 3.97 4.00 4.00 78}{4.00 5.00 5.06 6.00 6.00 18}{6.00 0.00 0.00 0.00 8.00 0}{8.00 0.00 0.00 0.00 10.00 0}
LOOP0: iter: ( 25 )[ 1 -1 0 4 1 ] mem: ( 12 )[ 1 -1 0 4 1 ]
10 2 
12 75000 
14 16 
1b 0 
2b ( 1 )[ 1 -1 0 2 2 ]
2b ( 3 )[ 1 -1 1 2 2 ]

RANKS: 1 -1 0 4 1
EVENT5: 1113 474a92_474e12_474f4b_47503f_45805c
COMP 4c-0: 46c95e_46cd33_46ce9e_46cfbf_45800a (100 16.00 0 16.00 0 16.00){0.00 0.00 0.00 0.00 6.40 0}{6.40 0.00 0.00 0.00 12.80 0}{12.80 16.00 16.00 16.00 19.20 100}{19.20 0.00 0.00 0.00 25.60 0}{25.60 0.00 0.00 0.00 32.00 0}
COMM 4b-0: 46c95e_46cd33_46ce9e_46cfbf_45800a (100 546.53 0 334.00 1 3220.00){0.00 334.00 449.33 800.00 1206.00 96}{1206.00 1228.00 1407.00 1586.00 2412.00 2}{2412.00 3015.00 3117.50 3220.00 3618.00 2}{3618.00 0.00 0.00 0.00 4824.00 0}{4824.00 0.00 0.00 0.00 6030.00 0}
10 2 
12 75000 
14 16 
1a ( 1 )[ 1 -1 0 2 2 ]
1a ( 3 )[ 1 -1 1 2 2 ]
1b 0 

RANKS: 1 -1 0 4 1
EVENT6: 1148 47d9ed_47dc71_47dd45_47ddfe_458071
COMP 4c-0: 474a92_474e12_474f4b_47503f_45805c (100 16.00 0 16.00 0 16.00){0.00 0.00 0.00 0.00 6.40 0}{6.40 0.00 0.00 0.00 12.80 0}{12.80 16.00 16.00 16.00 19.20 100}{19.20 0.00 0.00 0.00 25.60 0}{25.60 0.00 0.00 0.00 32.00 0}
COMM 4b-0: 474a92_474e12_474f4b_47503f_45805c (100 5.24 0 2.00 1 194.00){0.00 0.00 0.00 0.00 1.60 0}{1.60 2.00 2.58 4.00 4.00 74}{4.00 5.00 5.54 8.00 8.00 24}{8.00 9.00 9.00 9.00 10.00 1}{10.00 194.00 194.00 194.00 378.00 1}
1c 9999 

RANKS: 1 -1 0 4 1
EVENT7: 1090 46c95e_46cd33_46ce9e_46cfbf_458110
COMP 4c-0: 47d9ed_47dc71_47dd45_47ddfe_458071 (100 616.08 0 616.00 1 617.00){0.00 0.00 0.00 0.00 246.40 0}{246.40 0.00 0.00 0.00 492.80 0}{492.80 616.00 616.08 617.00 739.20 100}{739.20 0.00 0.00 0.00 985.60 0}{985.60 0.00 0.00 0.00 1232.00 0}
COMM 4b-0: 47d9ed_47dc71_47dd45_47ddfe_458071 (100 2.25 0 1.00 1 7.00){0.00 1.00 1.00 1.00 1.20 20}{1.20 2.00 2.05 2.11 2.40 62}{2.40 3.00 3.00 3.00 3.60 4}{3.60 4.00 4.00 4.00 6.00 11}{6.00 7.00 7.00 7.00 8.00 3}
10 2 
12 75000 
14 16 
1b 0 
2b ( 0 )[ 1 -1 0 2 3 ]
2b ( 1 )[ 1 -1 1 1 0 ]
2b ( 3 )[ 1 -1 2 1 0 ]

RANKS: 1 -1 0 4 1
EVENT8: 1113 474a92_474e12_474f4b_47503f_458145
COMP 4c-0: 46c95e_46cd33_46ce9e_46cfbf_458110 (100 16.00 0 16.00 0 16.00){0.00 0.00 0.00 0.00 6.40 0}{6.40 0.00 0.00 0.00 12.80 0}{12.80 16.00 16.00 16.00 19.20 100}{19.20 0.00 0.00 0.00 25.60 0}{25.60 0.00 0.00 0.00 32.00 0}
COMM 4b-0: 46c95e_46cd33_46ce9e_46cfbf_458110 (100 427.07 0 61.00 2 10917.00){0.00 61.00 65.84 89.00 115.20 25}{115.20 144.00 202.00 203.23 288.00 48}{288.00 322.00 392.50 463.00 638.00 2}{638.00 752.32 831.08 1733.00 2686.00 24}{2686.00 10917.00 10917.00 10917.00 19148.00 1}
10 2 
12 75000 
14 16 
1a ( 0 )[ 1 -1 0 2 3 ]
1a ( 1 )[ 1 -1 1 1 0 ]
1a ( 3 )[ 1 -1 2 1 0 ]
1b 0 

RANKS: 1 -1 0 4 1
EVENT9: 1148 47d9ed_47dc71_47dd45_47ddfe_45815a
COMP 4c-0: 474a92_474e12_474f4b_47503f_458145 (100 16.00 0 16.00 0 16.00){0.00 0.00 0.00 0.00 6.40 0}{6.40 0.00 0.00 0.00 12.80 0}{12.80 16.00 16.00 16.00 19.20 100}{19.20 0.00 0.00 0.00 25.60 0}{25.60 0.00 0.00 0.00 32.00 0}
COMM 4b-0: 474a92_474e12_474f4b_47503f_458145 (100 2.39 0 1.00 2 58.00){0.00 1.00 1.22 2.00 2.40 79}{2.40 3.00 3.45 4.00 4.80 11}{4.80 4.86 4.88 5.00 6.00 8}{6.00 7.00 7.00 7.00 8.00 1}{8.00 58.00 58.00 58.00 108.00 1}
1c 9999 

RANKS: 1 -1 0 4 1
EVENT10: 1090 46c95e_46cd33_46ce9e_46cfbf_458276
COMP 4c-0: 47d9ed_47dc71_47dd45_47ddfe_45815a (100 916.00 0 916.00 0 916.00){0.00 0.00 0.00 0.00 366.40 0}{366.40 0.00 0.00 0.00 732.80 0}{732.80 916.00 916.00 916.00 1099.20 100}{1099.20 0.00 0.00 0.00 1465.60 0}{1465.60 0.00 0.00 0.00 1832.00 0}
COMM 4b-0: 47d9ed_47dc71_47dd45_47ddfe_45815a (100 2.23 0 1.00 1 5.00){0.00 1.00 1.00 1.00 1.20 24}{1.20 2.00 2.00 2.00 2.40 45}{2.40 3.00 3.00 3.00 3.60 21}{3.60 4.00 4.00 4.00 4.80 5}{4.80 5.00 5.00 5.00 6.00 5}
10 2 
12 1 
14 16 
1b 0 
2b ( 1 )[ 1 -1 0 2 2 ]
2b ( 3 )[ 1 -1 1 2 2 ]

RANKS: 1 -1 0 4 1
EVENT11: 1113 474a92_474e12_474f4b_47503f_4582ae
COMP 4c-0: 46c95e_46cd33_46ce9e_46cfbf_458276 (100 16.00 0 16.00 0 16.00){0.00 0.00 0.00 0.00 6.40 0}{6.40 0.00 0.00 0.00 12.80 0}{12.80 16.00 16.00 16.00 19.20 100}{19.20 0.00 0.00 0.00 25.60 0}{25.60 0.00 0.00 0.00 32.00 0}
COMM 4b-0: 46c95e_46cd33_46ce9e_46cfbf_458276 (100 4.02 0 3.00 0 7.00){0.00 0.00 0.00 0.00 1.60 0}{1.60 3.00 3.00 3.00 3.20 25}{3.20 4.00 4.00 4.00 4.80 65}{4.80 6.00 6.00 6.00 6.40 3}{6.40 7.00 7.00 7.00 8.00 7}
10 2 
12 1 
14 16 
1a ( 1 )[ 1 -1 0 2 2 ]
1a ( 3 )[ 1 -1 1 2 2 ]
1b 0 

RANKS: 1 -1 0 4 1
EVENT12: 1148 47d9ed_47dc71_47dd45_47ddfe_4582c3
COMP 4c-0: 474a92_474e12_474f4b_47503f_4582ae (100 16.00 0 16.00 0 16.00){0.00 0.00 0.00 0.00 6.40 0}{6.40 0.00 0.00 0.00 12.80 0}{12.80 16.00 16.00 16.00 19.20 100}{19.20 0.00 0.00 0.00 25.60 0}{25.60 0.00 0.00 0.00 32.00 0}
COMM 4b-0: 474a92_474e12_474f4b_47503f_4582ae (100 371.78 1 1.00 3 10589.00){0.00 1.00 71.44 433.00 475.60 63}{475.60 484.00 548.56 741.00 951.20 34}{951.20 1189.00 1189.00 1189.00 1426.80 1}{1426.80 1431.00 1431.00 1431.00 2378.00 1}{2378.00 10589.00 10589.00 10589.00 18800.00 1}
1c 9999 

RANKS: 1 -1 0 4 1
EVENT13: 1090 46c95e_46cd33_46ce9e_46cfbf_45841c
COMP 4c-0: 47d9ed_47dc71_47dd45_47ddfe_4582c3 (100 1591.00 0 1591.00 0 1591.00){0.00 0.00 0.00 0.00 636.40 0}{636.40 0.00 0.00 0.00 1272.80 0}{1272.80 1591.00 1591.00 1591.00 1909.20 100}{1909.20 0.00 0.00 0.00 2545.60 0}{2545.60 0.00 0.00 0.00 3182.00 0}
COMM 4b-0: 47d9ed_47dc71_47dd45_47ddfe_4582c3 (100 1.72 0 1.00 0 4.00){0.00 0.00 0.00 0.00 0.80 0}{0.80 1.00 1.00 1.00 1.60 38}{1.60 2.00 2.00 2.00 2.40 55}{2.40 3.00 3.00 3.00 3.20 4}{3.20 4.00 4.00 4.00 4.00 3}
10 2 
12 1 
14 16 
1b 0 
2b ( 1 )[ 1 -1 0 2 2 ]
2b ( 3 )[ 1 -1 1 2 2 ]

RANKS: 1 -1 0 4 1
EVENT14: 1113 474a92_474e12_474f4b_47503f_458454
COMP 4c-0: 46c95e_46cd33_46ce9e_46cfbf_45841c (100 16.02 0 16.00 1 17.00){0.00 0.00 0.00 0.00 6.40 0}{6.40 0.00 0.00 0.00 12.80 0}{12.80 16.00 16.02 17.00 19.20 100}{19.20 0.00 0.00 0.00 25.60 0}{25.60 0.00 0.00 0.00 32.00 0}
COMM 4b-0: 46c95e_46cd33_46ce9e_46cfbf_45841c (100 4.07 0 3.00 1 7.00){0.00 0.00 0.00 0.00 1.60 0}{1.60 3.00 3.03 3.10 3.20 61}{3.20 4.00 4.00 4.00 4.80 11}{4.80 6.00 6.33 6.35 6.40 27}{6.40 7.00 7.00 7.00 8.00 1}
10 2 
12 1 
14 16 
1a ( 1 )[ 1 -1 0 2 2 ]
1a ( 3 )[ 1 -1 1 2 2 ]
1b 0 

RANKS: 1 -1 0 4 1
EVENT15: 1148 47d9ed_47dc71_47dd45_47ddfe_458469
COMP 4c-0: 474a92_474e12_474f4b_47503f_458454 (100 16.00 0 16.00 0 16.00){0.00 0.00 0.00 0.00 6.40 0}{6.40 0.00 0.00 0.00 12.80 0}{12.80 16.00 16.00 16.00 19.20 100}{19.20 0.00 0.00 0.00 25.60 0}{25.60 0.00 0.00 0.00 32.00 0}
COMM 4b-0: 474a92_474e12_474f4b_47503f_458454 (100 34.54 0 2.00 0 257.00){0.00 2.00 6.38 36.00 38.80 73}{38.80 51.00 60.08 69.00 77.60 12}{77.60 97.00 120.45 152.00 155.20 11}{155.20 182.00 182.00 182.00 194.00 1}{194.00 216.00 232.67 257.00 276.00 3}
1c 9999 

RANKS: 1 -1 0 4 1
EVENT16: 1090 46c95e_46cd33_46ce9e_46cfbf_45861a
COMP 4c-0: 47d9ed_47dc71_47dd45_47ddfe_458469 (4 83106.60 1 82702.00 0 83412.00){0.00 0.00 0.00 0.00 33364.80 0}{33364.80 0.00 0.00 0.00 66729.60 0}{66729.60 82702.00 83030.25 83412.00 100094.40 4}{100094.40 0.00 0.00 0.00 133459.20 0}{133459.20 0.00 0.00 0.00 166824.00 0}
COMM 4b-0: 47d9ed_47dc71_47dd45_47ddfe_458469 (4 4.00 0 4.00 0 4.00){0.00 0.00 0.00 0.00 1.60 0}{1.60 0.00 0.00 0.00 3.20 0}{3.20 4.00 4.00 4.00 4.80 4}{4.80 0.00 0.00 0.00 6.40 0}{6.40 0.00 0.00 0.00 8.00 0}
10 2 
12 75000 
14 16 
1b 0 
2b ( 1 )[ 1 -1 0 2 2 ]
2b ( 3 )[ 1 -1 1 2 2 ]

RANKS: 1 -1 0 4 1
EVENT17: 1113 474a92_474e12_474f4b_47503f_45866c
COMP 4c-0: 46c95e_46cd33_46ce9e_46cfbf_45861a (4 16.00 0 16.00 0 16.00){0.00 0.00 0.00 0.00 6.40 0}{6.40 0.00 0.00 0.00 12.80 0}{12.80 16.00 16.00 16.00 19.20 4}{19.20 0.00 0.00 0.00 25.60 0}{25.60 0.00 0.00 0.00 32.00 0}
COMM 4b-0: 46c95e_46cd33_46ce9e_46cfbf_45861a (4 652.20 3 415.00 1 1236.00){0.00 0.00 0.00 0.00 210.80 0}{210.80 415.00 415.00 415.00 421.60 1}{421.60 527.00 541.50 556.00 843.20 2}{843.20 0.00 0.00 0.00 1054.00 0}{1054.00 1236.00 1236.00 1236.00 1418.00 1}
10 2 
12 75000 
14 16 
1a ( 1 )[ 1 -1 0 2 2 ]
1a ( 3 )[ 1 -1 1 2 2 ]
1b 0 

RANKS: 1 -1 0 4 1
EVENT18: 1148 47d9ed_47dc71_47dd45_47ddfe_458681
COMP 4c-0: 474a92_474e12_474f4b_47503f_45866c (4 17.00 0 17.00 0 17.00){0.00 0.00 0.00 0.00 6.80 0}{6.80 0.00 0.00 0.00 13.60 0}{13.60 17.00 17.00 17.00 20.40 4}{20.40 0.00 0.00 0.00 27.20 0}{27.20 0.00 0.00 0.00 34.00 0}
COMM 4b-0: 474a92_474e12_474f4b_47503f_45866c (4 3.40 0 2.00 3 6.00){0.00 0.00 0.00 0.00 0.80 0}{0.80 0.00 0.00 0.00 1.60 0}{1.60 2.00 2.00 2.00 3.20 2}{3.20 0.00 0.00 0.00 4.00 0}{4.00 5.00 5.50 6.00 6.00 2}
1c 9999 

RANKS: 1 -1 0 4 1
EVENT19: 1090 46c95e_46cd33_46ce9e_46cfbf_458722
COMP 4c-0: 47d9ed_47dc71_47dd45_47ddfe_458681 (4 616.00 0 616.00 0 616.00){0.00 0.00 0.00 0.00 246.40 0}{246.40 0.00 0.00 0.00 492.80 0}{492.80 616.00 616.00 616.00 739.20 4}{739.20 0.00 0.00 0.00 985.60 0}{985.60 0.00 0.00 0.00 1232.00 0}
COMM 4b-0: 47d9ed_47dc71_47dd45_47ddfe_458681 (4 2.20 0 2.00 1 3.00){0.00 0.00 0.00 0.00 0.80 0}{0.80 0.00 0.00 0.00 1.60 0}{1.60 2.00 2.00 2.00 2.40 3}{2.40 3.00 3.00 3.00 3.20 1}{3.20 0.00 0.00 0.00 4.00 0}
10 2 
12 75000 
14 16 
1b 0 
2b ( 0 )[ 1 -1 0 2 3 ]
2b ( 1 )[ 1 -1 1 1 0 ]
2b ( 3 )[ 1 -1 2 1 0 ]

RANKS: 1 -1 0 4 1
EVENT20: 1113 474a92_474e12_474f4b_47503f_458757
COMP 4c-0: 46c95e_46cd33_46ce9e_46cfbf_458722 (4 16.00 0 16.00 0 16.00){0.00 0.00 0.00 0.00 6.40 0}{6.40 0.00 0.00 0.00 12.80 0}{12.80 16.00 16.00 16.00 19.20 4}{19.20 0.00 0.00 0.00 25.60 0}{25.60 0.00 0.00 0.00 32.00 0}
COMM 4b-0: 46c95e_46cd33_46ce9e_46cfbf_458722 (4 355.40 0 64.00 2 1224.00){0.00 0.00 0.00 0.00 25.60 0}{25.60 0.00 0.00 0.00 51.20 0}{51.20 64.00 64.00 64.00 128.00 2}{128.00 361.00 361.00 361.00 594.00 1}{594.00 1224.00 1224.00 1224.00 1854.00 1}
10 2 
12 75000 
14 16 
1a ( 0 )[ 1 -1 0 2 3 ]
1a ( 1 )[ 1 -1 1 1 0 ]
1a ( 3 )[ 1 -1 2 1 0 ]
1b 0 

RANKS: 1 -1 0 4 1
EVENT21: 1148 47d9ed_47dc71_47dd45_47ddfe_45876c
COMP 4c-0: 474a92_474e12_474f4b_47503f_458757 (4 16.00 0 16.00 0 16.00){0.00 0.00 0.00 0.00 6.40 0}{6.40 0.00 0.00 0.00 12.80 0}{12.80 16.00 16.00 16.00 19.20 4}{19.20 0.00 0.00 0.00 25.60 0}{25.60 0.00 0.00 0.00 32.00 0}
COMM 4b-0: 474a92_474e12_474f4b_47503f_458757 (4 1.60 0 1.00 2 4.00){0.00 0.00 0.00 0.00 0.40 0}{0.40 0.00 0.00 0.00 0.80 0}{0.80 1.00 1.00 1.00 1.60 3}{1.60 0.00 0.00 0.00 2.00 0}{2.00 4.00 4.00 4.00 6.00 1}
1c 9999 

RANKS: 1 -1 0 4 1
EVENT22: 1090 46c95e_46cd33_46ce9e_46cfbf
COMP 4c-0: 47d9ed_47dc71_47dd45_47ddfe (4 915.00 0 915.00 0 915.00){0.00 0.00 0.00 0.00 366.00 0}{366.00 0.00 0.00 0.00 732.00 0}{732.00 915.00 915.00 915.00 1098.00 4}{1098.00 0.00 0.00 0.00 1464.00 0}{1464.00 0.00 0.00 0.00 1830.00 0}
COMP 4c-1: 47d9ed_47dc71_47dd45_47ddfe_45876c (4 690.00 0 690.00 0 690.00){0.00 0.00 0.00 0.00 276.00 0}{276.00 0.00 0.00 0.00 552.00 0}{552.00 690.00 690.00 690.00 828.00 4}{828.00 0.00 0.00 0.00 1104.00 0}{1104.00 0.00 0.00 0.00 1380.00 0}
COMM 4b-0: 47d9ed_47dc71_47dd45_47ddfe (4 1.40 0 1.00 1 2.00){0.00 0.00 0.00 0.00 0.40 0}{0.40 0.00 0.00 0.00 0.80 0}{0.80 1.00 1.00 1.00 1.20 2}{1.20 0.00 0.00 0.00 1.60 0}{1.60 2.00 2.00 2.00 2.00 2}
COMM 4b-1: 47d9ed_47dc71_47dd45_47ddfe_45876c (4 2.40 3 1.00 1 4.00){0.00 0.00 0.00 0.00 0.80 0}{0.80 1.00 1.00 1.00 1.60 1}{1.60 2.00 2.00 2.00 2.40 1}{2.40 3.00 3.00 3.00 3.20 1}{3.20 4.00 4.00 4.00 4.00 1}
LOOP0: iter: ( 2 )[ 1 -1 0 4 1 ] mem: ( 3 )[ 1 -1 0 4 1 ]
10 2 
12 1 2 
14 16 
1b 0 
2b ( 1 )[ 1 -1 0 2 2 ]
2b ( 3 )[ 1 -1 1 2 2 ]

RANKS: 1 -1 0 4 1
EVENT23: 1113 474a92_474e12_474f4b_47503f
COMP 4c-0: 46c95e_46cd33_46ce9e_46cfbf (8 14.56 0 14.00 0 15.00){0.00 0.00 0.00 0.00 6.00 0}{6.00 0.00 0.00 0.00 12.00 0}{12.00 14.00 14.50 15.00 18.00 8}{18.00 0.00 0.00 0.00 24.00 0}{24.00 0.00 0.00 0.00 30.00 0}
COMM 4b-0: 46c95e_46cd33_46ce9e_46cfbf (8 3.89 0 3.00 1 6.00){0.00 0.00 0.00 0.00 1.60 0}{1.60 3.00 3.00 3.00 3.20 3}{3.20 4.00 4.00 4.00 4.80 4}{4.80 6.00 6.00 6.00 6.40 1}{6.40 0.00 0.00 0.00 8.00 0}
10 2 
12 1 2 
14 16 
1a ( 1 )[ 1 -1 0 2 2 ]
1a ( 3 )[ 1 -1 1 2 2 ]
1b 0 

RANKS: 1 -1 0 4 1
EVENT24: 1148 47d9ed_47dc71_47dd45_47ddfe
COMP 4c-0: 474a92_474e12_474f4b_47503f (8 14.56 0 14.00 0 15.00){0.00 0.00 0.00 0.00 6.00 0}{6.00 0.00 0.00 0.00 12.00 0}{12.00 14.00 14.50 15.00 18.00 8}{18.00 0.00 0.00 0.00 24.00 0}{24.00 0.00 0.00 0.00 30.00 0}
COMM 4b-0: 474a92_474e12_474f4b_47503f (8 196.33 2 2.00 3 1054.00){0.00 2.00 10.80 43.00 96.40 5}{96.40 177.00 177.00 177.00 192.80 1}{192.80 241.00 241.00 241.00 385.60 1}{385.60 0.00 0.00 0.00 482.00 0}{482.00 1054.00 1054.00 1054.00 1626.00 1}
1c 9999 

RANKS: 1 -1 0 4 1
EVENT25: 1010 45f858_45fa8d_45fb31_45fbad
COMP 4c-0: 47d9ed_47dc71_47dd45_47ddfe (4 1143.40 0 1143.00 3 1144.00){0.00 0.00 0.00 0.00 457.20 0}{457.20 0.00 0.00 0.00 914.40 0}{914.40 1143.00 1143.50 1144.00 1371.60 4}{1371.60 0.00 0.00 0.00 1828.80 0}{1828.80 0.00 0.00 0.00 2286.00 0}
COMM 4b-0: 47d9ed_47dc71_47dd45_47ddfe (4 138.20 1 11.00 3 336.00){0.00 11.00 11.00 11.00 11.20 1}{11.20 0.00 0.00 0.00 22.40 0}{22.40 28.00 28.00 28.00 44.80 1}{44.80 0.00 0.00 0.00 56.00 0}{56.00 288.00 312.00 336.00 616.00 2}
10 2 

RANKS: 1 -1 0 4 1
EVENT26: 1090 46c95e_46cd33_46ce9e_46cfbf_457e56
COMP 4c-0: 45f858_45fa8d_45fb31_45fbad (4 1371.00 0 1371.00 0 1371.00){0.00 0.00 0.00 0.00 548.40 0}{548.40 0.00 0.00 0.00 1096.80 0}{1096.80 1371.00 1371.00 1371.00 1645.20 4}{1645.20 0.00 0.00 0.00 2193.60 0}{2193.60 0.00 0.00 0.00 2742.00 0}
COMP 4c-1: 47d9ed_47dc71_47dd45_47ddfe (296 2088.03 1 2045.00 0 2105.00){0.00 0.00 0.00 0.00 829.20 0}{829.20 0.00 0.00 0.00 1658.40 0}{1658.40 2045.00 2088.08 2105.00 2487.60 296}{2487.60 0.00 0.00 0.00 3316.80 0}{3316.80 0.00 0.00 0.00 4146.00 0}
COMM 4b-0: 45f858_45fa8d_45fb31_45fbad (4 2.40 1 2.00 0 3.00){0.00 0.00 0.00 0.00 1.20 0}{1.20 2.00 2.00 2.00 2.40 3}{2.40 3.00 3.00 3.00 3.60 1}{3.60 0.00 0.00 0.00 4.80 0}{4.80 0.00 0.00 0.00 6.00 0}
COMM 4b-1: 47d9ed_47dc71_47dd45_47ddfe (296 1.89 0 1.00 0 4.00){0.00 0.00 0.00 0.00 0.80 0}{0.80 1.00 1.00 1.00 1.60 50}{1.60 2.00 2.00 2.00 2.40 234}{2.40 3.00 3.00 3.00 3.20 6}{3.20 4.00 4.00 4.00 4.00 6}
LOOP0: iter: ( 75 )[ 1 -1 0 4 1 ] mem: ( 24 )[ 1 -1 0 4 1 ]
10 2 
12 1 
14 16 
1b 0 
2b ( 1 )[ 1 -1 0 2 2 ]
2b ( 3 )[ 1 -1 1 2 2 ]

RANKS: 1 -1 0 4 1
EVENT27: 1113 474a92_474e12_474f4b_47503f_457e8e
COMP 4c-0: 46c95e_46cd33_46ce9e_46cfbf_457e56 (300 16.12 0 16.00 0 17.00){0.00 0.00 0.00 0.00 6.40 0}{6.40 0.00 0.00 0.00 12.80 0}{12.80 16.00 16.12 17.00 19.20 300}{19.20 0.00 0.00 0.00 25.60 0}{25.60 0.00 0.00 0.00 32.00 0}
COMM 4b-0: 46c95e_46cd33_46ce9e_46cfbf_457e56 (300 3.80 0 3.00 0 9.00){0.00 0.00 0.00 0.00 1.20 0}{1.20 0.00 0.00 0.00 2.40 0}{2.40 3.00 3.16 4.00 4.80 241}{4.80 6.00 6.00 6.00 6.00 8}{6.00 6.27 6.53 9.00 12.00 51}
10 2 
12 1 
14 16 
1a ( 1 )[ 1 -1 0 2 2 ]
1a ( 3 )[ 1 -1 1 2 2 ]
1b 0 

RANKS: 1 -1 0 4 1
EVENT28: 1148 47d9ed_47dc71_47dd45_47ddfe_457ea8
COMP 4c-0: 474a92_474e12_474f4b_47503f_457e8e (300 16.10 0 16.00 0 17.00){0.00 0.00 0.00 0.00 6.40 0}{6.40 0.00 0.00 0.00 12.80 0}{12.80 16.00 16.10 17.00 19.20 300}{19.20 0.00 0.00 0.00 25.60 0}{25.60 0.00 0.00 0.00 32.00 0}
COMM 4b-0: 474a92_474e12_474f4b_47503f_457e8e (300 15.48 0 2.00 1 196.00){0.00 0.00 0.00 0.00 1.20 0}{1.20 2.00 2.00 2.00 2.40 8}{2.40 2.91 2.97 4.00 4.80 211}{4.80 5.00 5.50 6.00 6.00 2}{6.00 6.08 50.65 196.00 244.00 79}
1c 9999 

RANKS: 1 -1 0 4 1
EVENT29: 1090 46c95e_46cd33_46ce9e_46cfbf_45800a
COMP 4c-0: 47d9ed_47dc71_47dd45_47ddfe_457ea8 (300 82340.10 1 82010.00 0 82721.00){0.00 0.00 0.00 0.00 33088.40 0}{33088.40 0.00 0.00 0.00 66176.80 0}{66176.80 82010.00 82338.83 82721.00 99265.20 300}{99265.20 0.00 0.00 0.00 132353.60 0}{132353.60 0.00 0.00 0.00 165442.00 0}
COMP 4c-1: 47d9ed_47dc71_47dd45_47ddfe_458469 (7200 83030.07 1 82685.00 0 83413.00){0.00 0.00 0.00 0.00 33358.40 0}{33358.40 0.00 0.00 0.00 66716.80 0}{66716.80 82685.00 83030.01 83413.00 100075.20 7200}{100075.20 0.00 0.00 0.00 133433.60 0}{133433.60 0.00 0.00 0.00 166792.00 0}
COMM 4b-0: 47d9ed_47dc71_47dd45_47ddfe_457ea8 (300 4.20 0 3.00 0 9.00){0.00 0.00 0.00 0.00 1.60 0}{1.60 3.00 3.98 4.00 4.80 247}{4.80 5.00 5.00 5.00 6.40 49}{6.40 7.00 7.67 8.00 8.00 3}{8.00 9.00 9.00 9.00 10.00 1}
COMM 4b-1: 47d9ed_47dc71_47dd45_47ddfe_458469 (7200 4.16 0 3.00 3 16.00){0.00 0.00 0.00 0.00 1.60 0}{1.60 3.00 4.11 6.00 6.40 7128}{6.40 7.00 7.48 8.00 8.00 52}{8.00 9.00 9.00 9.00 10.00 12}{10.00 13.00 14.38 16.00 20.00 8}
LOOP0: iter: ( 25 )[ 1 -1 0 4 1 ] mem: ( 12 )[ 1 -1 0 4 1 ]
10 2 
12 75000 
14 16 
1b 0 
2b ( 1 )[ 1 -1 0 2 2 ]
2b ( 3 )[ 1 -1 1 2 2 ]

RANKS: 1 -1 0 4 1
EVENT30: 1113 474a92_474e12_474f4b_47503f_45805c
COMP 4c-0: 46c95e_46cd33_46ce9e_46cfbf_45800a (7500 16.13 0 16.00 0 17.00){0.00 0.00 0.00 0.00 6.40 0}{6.40 0.00 0.00 0.00 12.80 0}{12.80 16.00 16.13 17.00 19.20 7500}{19.20 0.00 0.00 0.00 25.60 0}{25.60 0.00 0.00 0.00 32.00 0}
COMM 4b-0: 46c95e_46cd33_46ce9e_46cfbf_45800a (7500 473.94 0 332.00 1 1904.00){0.00 0.00 0.00 0.00 268.80 0}{268.80 332.00 441.54 839.83 900.00 7204}{900.00 905.00 914.00 923.00 936.00 2}{936.00 959.00 1263.04 1674.00 1800.00 293}{1800.00 1904.00 1904.00 1904.00 2008.00 1}
10 2 
12 75000 
14 16 
1a ( 1 )[ 1 -1 0 2 2 ]
1a ( 3 )[ 1 -1 1 2 2 ]
1b 0 

RANKS: 1 -1 0 4 1
EVENT31: 1148 47d9ed_47dc71_47dd45_47ddfe_458071
COMP 4c-0: 474a92_474e12_474f4b_47503f_45805c (7500 16.03 0 16.00 0 17.00){0.00 0.00 0.00 0.00 6.40 0}{6.40 0.00 0.00 0.00 12.80 0}{12.80 16.00 16.03 17.00 19.20 7500}{19.20 0.00 0.00 0.00 25.60 0}{25.60 0.00 0.00 0.00 32.00 0}
COMM 4b-0: 474a92_474e12_474f4b_47503f_45805c (7500 3.56 0 1.00 3 59.00){0.00 1.00 2.20 4.00 4.00 4515}{4.00 5.00 5.37 6.00 6.00 2811}{6.00 7.00 9.39 13.00 14.00 172}{14.00 14.50 14.50 14.50 15.00 1}{15.00 59.00 59.00 59.00 103.00 1}
1c 9999 

RANKS: 1 -1 0 4 1
EVENT32: 1090 46c95e_46cd33_46ce9e_46cfbf_458110
COMP 4c-0: 47d9ed_47dc71_47dd45_47ddfe_458071 (7500 616.18 0 616.00 0 617.00){0.00 0.00 0.00 0.00 246.40 0}{246.40 0.00 0.00 0.00 492.80 0}{492.80 616.00 616.18 617.00 739.20 7500}{739.20 0.00 0.00 0.00 985.60 0}{985.60 0.00 0.00 0.00 1232.00 0}
COMM 4b-0: 47d9ed_47dc71_47dd45_47ddfe_458071 (7500 2.18 0 1.00 1 18.00){0.00 0.00 0.00 0.00 0.80 0}{0.80 1.00 1.83 2.00 2.40 6576}{2.40 3.00 3.93 4.00 4.00 743}{4.00 5.00 5.25 6.00 6.00 12}{6.00 6.67 7.78 18.00 22.00 169}
10 2 
12 75000 
14 16 
1b 0 
2b ( 0 )[ 1 -1 0 2 3 ]
2b ( 1 )[ 1 -1 1 1 0 ]
2b ( 3 )[ 1 -1 2 1 0 ]

RANKS: 1 -1 0 4 1
EVENT33: 1113 474a92_474e12_474f4b_47503f_458145
COMP 4c-0: 46c95e_46cd33_46ce9e_46cfbf_458110 (7500 16.10 0 16.00 0 17.00){0.00 0.00 0.00 0.00 6.40 0}{6.40 0.00 0.00 0.00 12.80 0}{12.80 16.00 16.10 17.00 19.20 7500}{19.20 0.00 0.00 0.00 25.60 0}{25.60 0.00 0.00 0.00 32.00 0}
COMM 4b-0: 46c95e_46cd33_46ce9e_46cfbf_458110 (7500 285.06 0 60.00 2 1768.00){0.00 60.00 65.04 220.00 254.00 3750}{254.00 320.00 357.99 468.98 502.00 1923}{502.00 557.89 557.95 645.00 656.00 1560}{656.00 986.00 1167.16 1318.00 1320.00 174}{1320.00 1401.01 1423.38 1768.00 1896.00 93}
10 2 
12 75000 
14 16 
1a ( 0 )[ 1 -1 0 2 3 ]
1a ( 1 )[ 1 -1 1 1 0 ]
1a ( 3 )[ 1 -1 2 1 0 ]
1b 0 

RANKS: 1 -1 0 4 1
EVENT34: 1148 47d9ed_47dc71_47dd45_47ddfe_45815a
COMP 4c-0: 474a92_474e12_474f4b_47503f_458145 (7500 16.05 0 16.00 0 17.00){0.00 0.00 0.00 0.00 6.40 0}{6.40 0.00 0.00 0.00 12.80 0}{12.80 16.00 16.05 17.00 19.20 7500}{19.20 0.00 0.00 0.00 25.60 0}{25.60 0.00 0.00 0.00 32.00 0}
COMM 4b-0: 474a92_474e12_474f4b_47503f_458145 (7500 1.86 0 1.00 2 106.00){0.00 0.00 0.00 0.00 0.80 0}{0.80 1.00 1.23 1.47 1.60 5485}{1.60 2.00 2.00 2.00 2.00 1048}{2.00 3.00 4.23 8.00 8.00 937}{8.00 10.00 38.23 106.00 190.00 30}
1c 9999 

RANKS: 1 -1 0 4 1
EVENT35: 1090 46c95e_46cd33_46ce9e_46cfbf_458276
COMP 4c-0: 47d9ed_47dc71_47dd45_47ddfe_45815a (7500 916.21 0 916.00 0 917.00){0.00 0.00 0.00 0.00 366.40 0}{366.40 0.00 0.00 0.00 732.80 0}{732.80 916.00 916.21 917.00 1099.20 7500}{1099.20 0.00 0.00 0.00 1465.60 0}{1465.60 0.00 0.00 0.00 1832.00 0}
COMM 4b-0: 47d9ed_47dc71_47dd45_47ddfe_45815a (7500 2.25 0 1.00 1 12.00){0.00 1.00 1.01 1.57 1.60 1662}{1.60 1.65 2.17 2.35 2.40 4180}{2.40 2.41 3.12 4.00 4.00 1021}{4.00 4.51 4.62 6.00 6.00 633}{6.00 7.00 9.50 12.00 16.00 4}
10 2 
12 1 
14 16 
1b 0 
2b ( 1 )[ 1 -1 0 2 2 ]
2b ( 3 )[ 1 -1 1 2 2 ]

RANKS: 1 -1 0 4 1
EVENT36: 1113 474a92_474e12_474f4b_47503f_4582ae
COMP 4c-0: 46c95e_46cd33_46ce9e_46cfbf_458276 (7500 16.07 0 16.00 0 17.00){0.00 0.00 0.00 0.00 6.40 0}{6.40 0.00 0.00 0.00 12.80 0}{12.80 16.00 16.07 17.00 19.20 7500}{19.20 0.00 0.00 0.00 25.60 0}{25.60 0.00 0.00 0.00 32.00 0}
COMM 4b-0: 46c95e_46cd33_46ce9e_46cfbf_458276 (7500 3.92 0 3.00 1 22.00){0.00 0.00 0.00 0.00 1.60 0}{1.60 3.00 3.70 4.01 4.80 7021}{4.80 5.00 6.90 8.00 8.00 445}{8.00 9.00 10.45 14.00 20.00 33}{20.00 22.00 22.00 22.00 24.00 1}
10 2 
12 1 
14 16 
1a ( 1 )[ 1 -1 0 2 2 ]
1a ( 3 )[ 1 -1 1 2 2 ]
1b 0 

RANKS: 1 -1 0 4 1
EVENT37: 1148 47d9ed_47dc71_47dd45_47ddfe_4582c3
COMP 4c-0: 474a92_474e12_474f4b_47503f_4582ae (7500 16.04 0 16.00 0 17.00){0.00 0.00 0.00 0.00 6.40 0}{6.40 0.00 0.00 0.00 12.80 0}{12.80 16.00 16.04 17.00 19.20 7500}{19.20 0.00 0.00 0.00 25.60 0}{25.60 0.00 0.00 0.00 32.00 0}
COMM 4b-0: 474a92_474e12_474f4b_47503f_4582ae (7500 229.57 1 1.00 3 1625.00){0.00 1.00 2.10 132.00 132.40 3764}{132.40 135.00 402.73 766.00 870.00 3434}{870.00 1027.20 1092.65 1092.87 1184.40 300}{1184.40 1342.31 1342.31 1342.31 1500.22 1}{1500.22 1625.00 1625.00 1625.00 1749.78 1}
1c 9999 

RANKS: 1 -1 0 4 1
EVENT38: 1090 46c95e_46cd33_46ce9e_46cfbf_45841c
COMP 4c-0: 47d9ed_47dc71_47dd45_47ddfe_4582c3 (7500 1591.16 0 1591.00 0 1592.00){0.00 0.00 0.00 0.00 636.40 0}{636.40 0.00 0.00 0.00 1272.80 0}{1272.80 1591.00 1591.16 1592.00 1909.20 7500}{1909.20 0.00 0.00 0.00 2545.60 0}{2545.60 0.00 0.00 0.00 3182.00 0}
COMM 4b-0: 47d9ed_47dc71_47dd45_47ddfe_4582c3 (7500 1.75 0 1.00 0 54.00){0.00 1.00 1.00 1.00 1.60 2528}{1.60 1.73 2.00 2.30 2.40 4553}{2.40 3.00 3.28 4.00 4.00 396}{4.00 5.00 5.19 6.00 6.00 21}{6.00 9.00 31.50 54.00 102.00 2}
10 2 
12 1 
14 16 
1b 0 
2b ( 1 )[ 1 -1 0 2 2 ]
2b ( 3 )[ 1 -1 1 2 2 ]

RANKS: 1 -1 0 4 1
EVENT39: 1113 474a92_474e12_474f4b_47503f_458454
COMP 4c-0: 46c95e_46cd33_46ce9e_46cfbf_45841c (7500 16.04 0 16.00 0 17.00){0.00 0.00 0.00 0.00 6.40 0}{6.40 0.00 0.00 0.00 12.80 0}{12.80 16.00 16.04 17.00 19.20 7500}{19.20 0.00 0.00 0.00 25.60 0}{25.60 0.00 0.00 0.00 32.00 0}
COMM 4b-0: 46c95e_46cd33_46ce9e_46cfbf_45841c (7500 3.54 1 2.00 2 37.00){0.00 2.00 3.10 4.50 4.80 6463}{4.80 6.00 6.24 9.20 10.00 1033}{10.00 11.00 11.50 12.00 14.00 2}{14.00 20.00 20.00 20.00 26.00 1}{26.00 37.00 37.00 37.00 48.00 1}
10 2 
12 1 
14 16 
1a ( 1 )[ 1 -1 0 2 2 ]
1a ( 3 )[ 1 -1 1 2 2 ]
1b 0 

RANKS: 1 -1 0 4 1
EVENT40: 1148 47d9ed_47dc71_47dd45_47ddfe_458469
COMP 4c-0: 474a92_474e12_474f4b_47503f_458454 (7500 16.00 0 16.00 0 17.00){0.00 0.00 0.00 0.00 6.40 0}{6.40 0.00 0.00 0.00 12.80 0}{12.80 16.00 16.00 17.00 19.20 7500}{19.20 0.00 0.00 0.00 25.60 0}{25.60 0.00 0.00 0.00 32.00 0}
COMM 4b-0: 474a92_474e12_474f4b_47503f_458454 (7500 13.26 0 2.00 0 257.00){0.00 2.00 3.13 6.00 6.00 6168}{6.00 6.30 20.33 44.00 44.00 377}{44.00 44.52 74.93 204.00 210.00 949}{210.00 226.00 233.00 242.00 242.00 4}{242.00 253.00 255.00 257.00 272.00 2}
1c 9999 

RANKS: 1 -1 0 4 1
EVENT41: 1090 46c95e_46cd33_46ce9e_46cfbf_45861a
COMP 4c-0: 47d9ed_47dc71_47dd45_47ddfe_458469 (300 83032.08 1 82702.00 0 83413.00){0.00 0.00 0.00 0.00 33364.80 0}{33364.80 0.00 0.00 0.00 66729.60 0}{66729.60 82702.00 83030.81 83413.00 100094.40 300}{100094.40 0.00 0.00 0.00 133459.20 0}{133459.20 0.00 0.00 0.00 166824.00 0}
COMM 4b-0: 47d9ed_47dc71_47dd45_47ddfe_458469 (300 4.17 0 3.00 0 9.00){0.00 0.00 0.00 0.00 2.00 0}{2.00 3.00 3.97 4.00 4.00 252}{4.00 5.00 5.04 6.00 6.00 46}{6.00 8.00 8.00 8.00 8.00 1}{8.00 9.00 9.00 9.00 10.00 1}
10 2 
12 75000 
14 16 
1b 0 
2b ( 1 )[ 1 -1 0 2 2 ]
2b ( 3 )[ 1 -1 1 2 2 ]

RANKS: 1 -1 0 4 1
EVENT42: 1113 474a92_474e12_474f4b_47503f_45866c
COMP 4c-0: 46c95e_46cd33_46ce9e_46cfbf_45861a (300 16.15 0 16.00 0 17.00){0.00 0.00 0.00 0.00 6.40 0}{6.40 0.00 0.00 0.00 12.80 0}{12.80 16.00 16.15 17.00 19.20 300}{19.20 0.00 0.00 0.00 25.60 0}{25.60 0.00 0.00 0.00 32.00 0}
COMM 4b-0: 46c95e_46cd33_46ce9e_46cfbf_45861a (300 462.36 0 333.00 1 1440.00){0.00 0.00 0.00 0.00 268.00 0}{268.00 333.00 338.02 345.00 402.00 154}{402.00 407.00 530.13 620.00 670.00 111}{670.00 671.30 684.18 838.00 1006.00 28}{1006.00 1049.00 1254.14 1440.00 1874.00 7}
10 2 
12 75000 
14 16 
1a ( 1 )[ 1 -1 0 2 2 ]
1a ( 3 )[ 1 -1 1 2 2 ]
1b 0 

RANKS: 1 -1 0 4 1
EVENT43: 1148 47d9ed_47dc71_47dd45_47ddfe_458681
COMP 4c-0: 474a92_474e12_474f4b_47503f_45866c (300 16.02 0 16.00 1 17.00){0.00 0.00 0.00 0.00 6.40 0}{6.40 0.00 0.00 0.00 12.80 0}{12.80 16.00 16.02 17.00 19.20 300}{19.20 0.00 0.00 0.00 25.60 0}{25.60 0.00 0.00 0.00 32.00 0}
COMM 4b-0: 474a92_474e12_474f4b_47503f_45866c (300 3.43 0 1.00 0 10.00){0.00 1.00 1.99 2.00 2.00 71}{2.00 2.03 2.37 4.00 4.00 125}{4.00 5.00 5.41 6.00 6.00 96}{6.00 7.00 7.50 8.00 8.00 2}{8.00 9.00 9.50 10.00 10.00 6}
1c 9999 

RANKS: 1 -1 0 4 1
EVENT44: 1090 46c95e_46cd33_46ce9e_46cfbf_458722
COMP 4c-0: 47d9ed_47dc71_47dd45_47ddfe_458681 (300 616.18 0 616.00 0 617.00){0.00 0.00 0.00 0.00 246.40 0}{246.40 0.00 0.00 0.00 492.80 0}{492.80 616.00 616.18 617.00 739.20 300}{739.20 0.00 0.00 0.00 985.60 0}{985.60 0.00 0.00 0.00 1232.00 0}
COMM 4b-0: 47d9ed_47dc71_47dd45_47ddfe_458681 (300 2.12 0 1.00 2 11.00){0.00 1.00 1.00 1.00 1.60 62}{1.60 2.00 2.10 3.00 3.20 210}{3.20 4.00 4.12 5.00 6.40 24}{6.40 7.00 7.00 7.00 8.00 3}{8.00 11.00 11.00 11.00 14.00 1}
10 2 
12 75000 
14 16 
1b 0 
2b ( 0 )[ 1 -1 0 2 3 ]
2b ( 1 )[ 1 -1 1 1 0 ]
2b ( 3 )[ 1 -1 2 1 0 ]

RANKS: 1 -1 0 4 1
EVENT45: 1113 474a92_474e12_474f4b_47503f_458757
COMP 4c-0: 46c95e_46cd33_46ce9e_46cfbf_458722 (300 16.12 0 16.00 0 17.00){0.00 0.00 0.00 0.00 6.40 0}{6.40 0.00 0.00 0.00 12.80 0}{12.80 16.00 16.12 17.00 19.20 300}{19.20 0.00 0.00 0.00 25.60 0}{25.60 0.00 0.00 0.00 32.00 0}
COMM 4b-0: 46c95e_46cd33_46ce9e_46cfbf_458722 (300 266.79 0 61.00 2 1469.00){0.00 61.00 66.59 179.00 228.00 150}{228.00 320.00 369.20 442.00 472.00 109}{472.00 542.00 646.54 901.00 940.00 35}{940.00 1114.00 1182.00 1235.00 1288.00 5}{1288.00 1469.00 1469.00 1469.00 1650.00 1}
10 2 
12 75000 
14 16 
1a ( 0 )[ 1 -1 0 2 3 ]
1a ( 1 )[ 1 -1 1 1 0 ]
1a ( 3 )[ 1 -1 2 1 0 ]
1b 0 

RANKS: 1 -1 0 4 1
EVENT46: 1148 47d9ed_47dc71_47dd45_47ddfe_45876c
COMP 4c-0: 474a92_474e12_474f4b_47503f_458757 (300 16.04 0 16.00 0 17.00){0.00 0.00 0.00 0.00 6.40 0}{6.40 0.00 0.00 0.00 12.80 0}{12.80 16.00 16.04 17.00 19.20 300}{19.20 0.00 0.00 0.00 25.60 0}{25.60 0.00 0.00 0.00 32.00 0}
COMM 4b-0: 474a92_474e12_474f4b_47503f_458757 (300 1.54 0 1.00 1 6.00){0.00 0.00 0.00 0.00 0.40 0}{0.40 0.00 0.00 0.00 0.80 0}{0.80 1.00 1.00 1.00 1.60 189}{1.60 2.00 2.00 2.00 2.00 88}{2.00 4.00 4.22 6.00 10.00 23}
1c 9999 

RANKS: 1 -1 0 4 1
EVENT47: 1090 46c95e_46cd33_46ce9e_46cfbf
COMP 4c-0: 47d9ed_47dc71_47dd45_47ddfe (300 915.00 0 915.00 0 915.00){0.00 0.00 0.00 0.00 366.00 0}{366.00 0.00 0.00 0.00 732.00 0}{732.00 915.00 915.00 915.00 1098.00 300}{1098.00 0.00 0.00 0.00 1464.00 0}{1464.00 0.00 0.00 0.00 1830.00 0}
COMP 4c-1: 47d9ed_47dc71_47dd45_47ddfe_45876c (300 690.00 0 690.00 0 690.00){0.00 0.00 0.00 0.00 276.00 0}{276.00 0.00 0.00 0.00 552.00 0}{552.00 690.00 690.00 690.00 828.00 300}{828.00 0.00 0.00 0.00 1104.00 0}{1104.00 0.00 0.00 0.00 1380.00 0}
COMM 4b-0: 47d9ed_47dc71_47dd45_47ddfe (300 1.77 0 1.00 0 5.00){0.00 0.00 0.00 0.00 0.40 0}{0.40 0.00 0.00 0.00 0.80 0}{0.80 1.00 1.00 1.00 1.60 114}{1.60 2.00 2.00 2.00 2.00 147}{2.00 3.00 3.21 5.00 6.00 39}
COMM 4b-1: 47d9ed_47dc71_47dd45_47ddfe_45876c (300 2.31 0 1.00 0 6.00){0.00 0.00 0.00 0.00 0.80 0}{0.80 1.00 1.00 1.00 1.60 71}{1.60 2.00 2.00 2.00 2.00 64}{2.00 2.08 2.78 4.00 4.00 149}{4.00 5.00 5.06 6.00 8.00 16}
LOOP0: iter: ( 2 )[ 1 -1 0 4 1 ] mem: ( 3 )[ 1 -1 0 4 1 ]
10 2 
12 1 2 
14 16 
1b 0 
2b ( 1 )[ 1 -1 0 2 2 ]
2b ( 3 )[ 1 -1 1 2 2 ]

RANKS: 1 -1 0 4 1
EVENT48: 1113 474a92_474e12_474f4b_47503f
COMP 4c-0: 46c95e_46cd33_46ce9e_46cfbf (600 14.81 0 14.00 0 15.00){0.00 0.00 0.00 0.00 6.00 0}{6.00 0.00 0.00 0.00 12.00 0}{12.00 14.00 14.81 15.00 18.00 600}{18.00 0.00 0.00 0.00 24.00 0}{24.00 0.00 0.00 0.00 30.00 0}
COMM 4b-0: 46c95e_46cd33_46ce9e_46cfbf (600 3.64 0 2.00 2 12.00){0.00 0.00 0.00 0.00 1.60 0}{1.60 2.00 3.54 6.00 6.40 584}{6.40 7.00 7.14 8.00 8.00 14}{8.00 9.00 9.00 9.00 10.00 1}{10.00 12.00 12.00 12.00 14.00 1}
10 2 
12 1 2 
14 16 
1a ( 1 )[ 1 -1 0 2 2 ]
1a ( 3 )[ 1 -1 1 2 2 ]
1b 0 

RANKS: 1 -1 0 4 1
EVENT49: 1148 47d9ed_47dc71_47dd45_47ddfe
COMP 4c-0: 474a92_474e12_474f4b_47503f (600 14.54 0 14.00 0 15.00){0.00 0.00 0.00 0.00 6.00 0}{6.00 0.00 0.00 0.00 12.00 0}{12.00 14.00 14.53 15.00 18.00 600}{18.00 0.00 0.00 0.00 24.00 0}{24.00 0.00 0.00 0.00 30.00 0}
COMM 4b-0: 474a92_474e12_474f4b_47503f (600 113.67 1 1.00 3 1254.00){0.00 1.00 14.84 148.00 156.80 450}{156.80 171.00 250.70 309.00 313.60 43}{313.60 314.00 432.67 627.00 627.20 100}{627.20 657.00 657.00 657.00 784.00 1}{784.00 971.00 1089.83 1254.00 1724.00 6}
1c 9999 

RANKS: 1 -1 0 4 1
EVENT50: 1104 471041_4713de_471542_471651
COMP 4c-0: 47d9ed_47dc71_47dd45_47ddfe (4 743.80 2 735.00 0 755.00){0.00 0.00 0.00 0.00 302.00 0}{302.00 0.00 0.00 0.00 604.00 0}{604.00 735.00 741.00 755.00 906.00 4}{906.00 0.00 0.00 0.00 1208.00 0}{1208.00 0.00 0.00 0.00 1510.00 0}
COMM 4b-0: 47d9ed_47dc71_47dd45_47ddfe (4 7030.80 1 10.00 3 11940.00){0.00 10.00 11.00 12.00 4638.40 2}{4638.40 0.00 0.00 0.00 9276.80 0}{9276.80 11596.00 11768.00 11940.00 13915.20 2}{13915.20 0.00 0.00 0.00 18553.60 0}{18553.60 0.00 0.00 0.00 23192.00 0}
10 2 
12 1 
14 16 
18 1 
19 0 

RANKS: 1 -1 0 4 1
EVENT51: 1045 465827_46589b_465901_46595c
COMP 4c-0: 471041_4713de_471542_471651 (4 27184.60 0 211.00 2 66776.00){0.00 0.00 0.00 0.00 84.40 0}{84.40 0.00 0.00 0.00 168.80 0}{168.80 211.00 211.00 211.00 422.00 1}{422.00 2475.00 2475.00 2475.00 4528.00 1}{4528.00 66250.00 66513.00 66776.00 127972.00 2}

