RANKS: 1 -1 0 4 1
EVENT0: 1084 47929c_47935b_4793f1_47944c
33 2 
34 0 

RANKS: 1 -1 0 4 1
EVENT1: 1011 46d479_46d7a8_46d8c3_46d9af
COMP 4c-0: 46d479_46d7a8_46d8c3_46d9af (32 15.76 0 14.00 0 17.00){0.00 0.00 0.00 0.00 5.60 0}{5.60 0.00 0.00 0.00 11.20 0}{11.20 14.00 15.77 16.00 16.80 31}{16.80 17.00 17.00 17.00 22.40 1}{22.40 0.00 0.00 0.00 28.00 0}
COMP 4c-1: 47929c_47935b_4793f1_47944c (4 55.00 1 24.00 0 101.00){0.00 24.00 24.33 25.00 40.40 3}{40.40 0.00 0.00 0.00 80.80 0}{80.80 101.00 101.00 101.00 121.20 1}{121.20 0.00 0.00 0.00 161.60 0}{161.60 0.00 0.00 0.00 202.00 0}
COMM 4b-0: 46d479_46d7a8_46d8c3_46d9af (32 18.82 0 3.00 3 91.00){0.00 0.00 0.00 0.00 1.20 0}{1.20 0.00 0.00 0.00 2.40 0}{2.40 3.00 3.00 3.00 3.60 6}{3.60 4.00 4.12 5.00 6.00 8}{6.00 7.00 31.50 91.00 102.00 18}
COMM 4b-1: 47929c_47935b_4793f1_47944c (4 62.40 0 17.00 2 181.00){0.00 0.00 0.00 0.00 6.80 0}{6.80 0.00 0.00 0.00 13.60 0}{13.60 17.00 18.00 19.00 34.00 2}{34.00 78.00 78.00 78.00 122.00 1}{122.00 181.00 181.00 181.00 240.00 1}
LOOP0: iter: ( 9 )[ 1 -1 0 4 1 ] mem: ( 1 )[ 1 -1 0 4 1 ]
10 2 
12 1 1 1 1 1 5 1 1 1 
14 14 14 14 16 16 16 14 14 14 
19 0 

RANKS: 1 -1 2 1 0
EVENT2: 1113 4821ca_48254a_482683_482777
COMP 4c-0: 46d479_46d7a8_46d8c3_46d9af (1 152267.00 2 152267.00 2 152267.00){0.00 0.00 0.00 0.00 60906.80 0}{60906.80 0.00 0.00 0.00 121813.60 0}{121813.60 152267.00 152267.00 152267.00 182720.40 1}{182720.40 0.00 0.00 0.00 243627.20 0}{243627.20 0.00 0.00 0.00 304534.00 0}
COMM 4b-0: 46d479_46d7a8_46d8c3_46d9af (1 438.00 2 438.00 2 438.00){0.00 0.00 0.00 0.00 175.20 0}{175.20 0.00 0.00 0.00 350.40 0}{350.40 438.00 438.00 438.00 525.60 1}{525.60 0.00 0.00 0.00 700.80 0}{700.80 0.00 0.00 0.00 876.00 0}
10 2 
12 20480 
14 16 
1a 1 
1b 0 

RANKS: 1 -1 1 2 1
EVENT3: 1090 47a096_47a46b_47a5d6_47a6f7
COMP 4c-0: 46d479_46d7a8_46d8c3_46d9af (1 152198.00 1 152198.00 1 152198.00){0.00 0.00 0.00 0.00 60879.20 0}{60879.20 0.00 0.00 0.00 121758.40 0}{121758.40 152198.00 152198.00 152198.00 182637.60 1}{182637.60 0.00 0.00 0.00 243516.80 0}{243516.80 0.00 0.00 0.00 304396.00 0}
COMP 4c-1: 4821ca_48254a_482683_482777 (1 15.00 2 15.00 2 15.00){0.00 0.00 0.00 0.00 6.00 0}{6.00 0.00 0.00 0.00 12.00 0}{12.00 15.00 15.00 15.00 18.00 1}{18.00 0.00 0.00 0.00 24.00 0}{24.00 0.00 0.00 0.00 30.00 0}
COMP 4c-2: 48b125_48b3a9_48b47d_48b536 (1 21405.00 2 21405.00 2 21405.00){0.00 0.00 0.00 0.00 8562.00 0}{8562.00 0.00 0.00 0.00 17124.00 0}{17124.00 21405.00 21405.00 21405.00 25686.00 1}{25686.00 0.00 0.00 0.00 34248.00 0}{34248.00 0.00 0.00 0.00 42810.00 0}
COMM 4b-0: 46d479_46d7a8_46d8c3_46d9af (1 10.00 1 10.00 1 10.00){0.00 0.00 0.00 0.00 4.00 0}{4.00 0.00 0.00 0.00 8.00 0}{8.00 10.00 10.00 10.00 12.00 1}{12.00 0.00 0.00 0.00 16.00 0}{16.00 0.00 0.00 0.00 20.00 0}
COMM 4b-1: 4821ca_48254a_482683_482777 (1 9.00 2 9.00 2 9.00){0.00 0.00 0.00 0.00 3.60 0}{3.60 0.00 0.00 0.00 7.20 0}{7.20 9.00 9.00 9.00 10.80 1}{10.80 0.00 0.00 0.00 14.40 0}{14.40 0.00 0.00 0.00 18.00 0}
COMM 4b-2: 48b125_48b3a9_48b47d_48b536 (1 4.00 2 4.00 2 4.00){0.00 0.00 0.00 0.00 1.60 0}{1.60 0.00 0.00 0.00 3.20 0}{3.20 4.00 4.00 4.00 4.80 1}{4.80 0.00 0.00 0.00 6.40 0}{6.40 0.00 0.00 0.00 8.00 0}
LOOP0: iter: ( 2 )[ 1 -1 2 1 0 ] mem: ( 2 )[ 1 -1 2 1 0 ]
10 2 
12 20480 
14 16 
1b 0 
2b 2147483647 

RANKS: 1 -1 1 2 1
EVENT4: 1148 48b125_48b3a9_48b47d_48b536
COMP 4c-0: 47a096_47a46b_47a5d6_47a6f7 (3 15.75 2 15.00 1 16.00){0.00 0.00 0.00 0.00 6.40 0}{6.40 0.00 0.00 0.00 12.80 0}{12.80 15.00 15.67 16.00 19.20 3}{19.20 0.00 0.00 0.00 25.60 0}{25.60 0.00 0.00 0.00 32.00 0}
COMM 4b-0: 47a096_47a46b_47a5d6_47a6f7 (3 211.50 2 108.00 2 298.00){0.00 0.00 0.00 0.00 88.00 0}{88.00 108.00 108.00 108.00 176.00 1}{176.00 220.00 220.00 220.00 264.00 1}{264.00 298.00 298.00 298.00 352.00 1}{352.00 0.00 0.00 0.00 440.00 0}
1c 9999 

RANKS: 1 -1 1 2 1
EVENT5: 1113 4821ca_48254a_482683_482777
COMP 4c-0: 4821ca_48254a_482683_482777 (2 29445.33 1 21435.00 2 45466.00){0.00 0.00 0.00 0.00 8574.00 0}{8574.00 0.00 0.00 0.00 17148.00 0}{17148.00 21435.00 21435.00 21435.00 34296.00 1}{34296.00 0.00 0.00 0.00 42870.00 0}{42870.00 45466.00 45466.00 45466.00 48062.00 1}
COMP 4c-1: 48b125_48b3a9_48b47d_48b536 (2 156.67 1 156.00 2 158.00){0.00 0.00 0.00 0.00 62.40 0}{62.40 0.00 0.00 0.00 124.80 0}{124.80 156.00 157.00 158.00 187.20 2}{187.20 0.00 0.00 0.00 249.60 0}{249.60 0.00 0.00 0.00 312.00 0}
COMM 4b-0: 4821ca_48254a_482683_482777 (2 122.00 1 121.00 2 124.00){0.00 0.00 0.00 0.00 48.40 0}{48.40 0.00 0.00 0.00 96.80 0}{96.80 121.00 122.50 124.00 145.20 2}{145.20 0.00 0.00 0.00 193.60 0}{193.60 0.00 0.00 0.00 242.00 0}
COMM 4b-1: 48b125_48b3a9_48b47d_48b536 (2 264.33 2 111.00 1 341.00){0.00 111.00 111.00 111.00 136.40 1}{136.40 0.00 0.00 0.00 272.80 0}{272.80 341.00 341.00 341.00 409.20 1}{409.20 0.00 0.00 0.00 545.60 0}{545.60 0.00 0.00 0.00 682.00 0}
LOOP0: iter: ( 2 )[ 1 -1 1 2 1 ] mem: ( 1 )[ 1 -1 1 2 1 ]
10 2 
12 20480 
14 16 
1a ( 3 2 )[ 1 -1 1 1 0 ]
1a ( 2 1 )[ 1 -1 2 1 0 ]
1b 0 

RANKS: 1 -1 1 3 1
EVENT6: 1090 47a096_47a46b_47a5d6_47a6f7
COMP 4c-0: 46d479_46d7a8_46d8c3_46d9af (1 152205.00 3 152205.00 3 152205.00){0.00 0.00 0.00 0.00 60882.00 0}{60882.00 0.00 0.00 0.00 121764.00 0}{121764.00 152205.00 152205.00 152205.00 182646.00 1}{182646.00 0.00 0.00 0.00 243528.00 0}{243528.00 0.00 0.00 0.00 304410.00 0}
COMP 4c-1: 4821ca_48254a_482683_482777 (5 14696.67 1 16.00 3 45396.00){0.00 0.00 0.00 0.00 6.40 0}{6.40 0.00 0.00 0.00 12.80 0}{12.80 16.00 16.00 16.00 32.00 2}{32.00 21363.00 21368.00 21373.00 42694.00 2}{42694.00 45396.00 45396.00 45396.00 48098.00 1}
COMP 4c-2: 48b125_48b3a9_48b47d_48b536 (2 37433.00 2 21413.00 1 45443.00){0.00 0.00 0.00 0.00 18177.20 0}{18177.20 21413.00 21413.00 21413.00 36354.40 1}{36354.40 45443.00 45443.00 45443.00 54531.60 1}{54531.60 0.00 0.00 0.00 72708.80 0}{72708.80 0.00 0.00 0.00 90886.00 0}
COMM 4b-0: 46d479_46d7a8_46d8c3_46d9af (1 6.00 3 6.00 3 6.00){0.00 0.00 0.00 0.00 2.40 0}{2.40 0.00 0.00 0.00 4.80 0}{4.80 6.00 6.00 6.00 7.20 1}{7.20 0.00 0.00 0.00 9.60 0}{9.60 0.00 0.00 0.00 12.00 0}
COMM 4b-1: 4821ca_48254a_482683_482777 (5 3.50 2 2.00 1 4.00){0.00 0.00 0.00 0.00 1.60 0}{1.60 2.00 2.50 3.00 3.20 2}{3.20 4.00 4.00 4.00 4.80 3}{4.80 0.00 0.00 0.00 6.40 0}{6.40 0.00 0.00 0.00 8.00 0}
COMM 4b-2: 48b125_48b3a9_48b47d_48b536 (2 6.67 2 4.00 1 8.00){0.00 0.00 0.00 0.00 3.20 0}{3.20 4.00 4.00 4.00 6.40 1}{6.40 8.00 8.00 8.00 9.60 1}{9.60 0.00 0.00 0.00 12.80 0}{12.80 0.00 0.00 0.00 16.00 0}
LOOP0: iter: ( 2 )[ 1 -1 1 2 1 ]( 4 )[ 1 -1 3 1 0 ] mem: ( 2 )[ 1 -1 1 2 1 ]( 3 )[ 1 -1 3 1 0 ]
10 2 
12 20480 
14 16 
1b 0 
2b 2147483647 

RANKS: 1 -1 1 3 1
EVENT7: 1148 48b125_48b3a9_48b47d_48b536
COMP 4c-0: 47a096_47a46b_47a5d6_47a6f7 (8 15.00 3 14.00 3 16.00){0.00 0.00 0.00 0.00 6.00 0}{6.00 0.00 0.00 0.00 12.00 0}{12.00 14.00 15.00 16.00 18.00 8}{18.00 0.00 0.00 0.00 24.00 0}{24.00 0.00 0.00 0.00 30.00 0}
COMM 4b-0: 47a096_47a46b_47a5d6_47a6f7 (8 439.00 1 98.00 2 841.00){0.00 0.00 0.00 0.00 39.20 0}{39.20 0.00 0.00 0.00 78.40 0}{78.40 98.00 122.00 146.00 156.80 2}{156.80 0.00 0.00 0.00 196.00 0}{196.00 379.00 601.50 841.00 1246.00 6}
1c 9999 

RANKS: 1 -1 0 4 1
EVENT8: 1113 4821ca_48254a_482683_482777
COMP 4c-0: 46d479_46d7a8_46d8c3_46d9af (1 152260.00 0 152260.00 0 152260.00){0.00 0.00 0.00 0.00 60904.00 0}{60904.00 0.00 0.00 0.00 121808.00 0}{121808.00 152260.00 152260.00 152260.00 182712.00 1}{182712.00 0.00 0.00 0.00 243616.00 0}{243616.00 0.00 0.00 0.00 304520.00 0}
COMP 4c-1: 4821ca_48254a_482683_482777 (1 21442.00 1 21442.00 1 21442.00){0.00 0.00 0.00 0.00 8576.80 0}{8576.80 0.00 0.00 0.00 17153.60 0}{17153.60 21442.00 21442.00 21442.00 25730.40 1}{25730.40 0.00 0.00 0.00 34307.20 0}{34307.20 0.00 0.00 0.00 42884.00 0}
COMP 4c-2: 48b125_48b3a9_48b47d_48b536 (9 11090.30 3 155.00 0 45521.00){0.00 155.00 156.00 158.00 8591.20 6}{8591.20 0.00 0.00 0.00 17182.40 0}{17182.40 21478.00 21484.00 21490.00 34364.80 2}{34364.80 0.00 0.00 0.00 42956.00 0}{42956.00 45521.00 45521.00 45521.00 48086.00 1}
COMM 4b-0: 46d479_46d7a8_46d8c3_46d9af (1 713.00 0 713.00 0 713.00){0.00 0.00 0.00 0.00 285.20 0}{285.20 0.00 0.00 0.00 570.40 0}{570.40 713.00 713.00 713.00 855.60 1}{855.60 0.00 0.00 0.00 1140.80 0}{1140.80 0.00 0.00 0.00 1426.00 0}
COMM 4b-1: 4821ca_48254a_482683_482777 (1 117.00 1 117.00 1 117.00){0.00 0.00 0.00 0.00 46.80 0}{46.80 0.00 0.00 0.00 93.60 0}{93.60 117.00 117.00 117.00 140.40 1}{140.40 0.00 0.00 0.00 187.20 0}{187.20 0.00 0.00 0.00 234.00 0}
COMM 4b-2: 48b125_48b3a9_48b47d_48b536 (9 183.40 2 107.00 3 417.00){0.00 107.00 107.00 107.00 107.20 1}{107.20 109.00 129.00 169.00 214.40 6}{214.40 268.00 268.00 268.00 321.60 1}{321.60 417.00 417.00 417.00 428.80 1}{428.80 0.00 0.00 0.00 536.00 0}
LOOP0: iter: ( 4 )[ 1 -1 0 1 0 ]( 2 )[ 1 -1 1 1 0 ] mem: ( 3 )[ 1 -1 0 1 0 ]( 1 )[ 1 -1 1 1 0 ]
10 2 
12 20480 
14 16 
1a ( 1 2 )[ 1 -1 0 1 0 ]
1a ( 3 2 )[ 1 -1 1 2 2 ]
1a ( 2 )[ 1 -1 2 1 0 ]
1b 0 

RANKS: 1 -1 0 2 1
EVENT9: 1090 47a096_47a46b_47a5d6_47a6f7
COMP 4c-0: 4821ca_48254a_482683_482777 (5 14.83 0 14.00 1 16.00){0.00 0.00 0.00 0.00 6.00 0}{6.00 0.00 0.00 0.00 12.00 0}{12.00 14.00 14.80 16.00 18.00 5}{18.00 0.00 0.00 0.00 24.00 0}{24.00 0.00 0.00 0.00 30.00 0}
COMM 4b-0: 4821ca_48254a_482683_482777 (5 3.33 0 2.00 0 5.00){0.00 2.00 2.00 2.00 2.00 2}{2.00 3.00 3.00 3.00 4.00 2}{4.00 5.00 5.00 5.00 6.00 1}{6.00 0.00 0.00 0.00 8.00 0}{8.00 0.00 0.00 0.00 10.00 0}
10 2 
12 20480 
14 16 
1b 0 
2b 2147483647 

RANKS: 1 -1 0 2 1
EVENT10: 1148 48b125_48b3a9_48b47d_48b536
COMP 4c-0: 47a096_47a46b_47a5d6_47a6f7 (5 15.33 0 15.00 0 16.00){0.00 0.00 0.00 0.00 6.40 0}{6.40 0.00 0.00 0.00 12.80 0}{12.80 15.00 15.20 16.00 19.20 5}{19.20 0.00 0.00 0.00 25.60 0}{25.60 0.00 0.00 0.00 32.00 0}
COMM 4b-0: 47a096_47a46b_47a5d6_47a6f7 (5 301.00 1 98.00 0 456.00){0.00 98.00 98.00 98.00 182.40 1}{182.40 250.00 265.33 283.00 364.80 3}{364.80 456.00 456.00 456.00 547.20 1}{547.20 0.00 0.00 0.00 729.60 0}{729.60 0.00 0.00 0.00 912.00 0}
1c 9999 

RANKS: 1 -1 0 4 1
EVENT11: 1004 46a5ff_46a95f_46aaa2_46ab94
COMP 4c-0: 4821ca_48254a_482683_482777 (2 44551.67 2 44549.00 3 44553.00){0.00 0.00 0.00 0.00 17821.20 0}{17821.20 0.00 0.00 0.00 35642.40 0}{35642.40 44549.00 44551.00 44553.00 53463.60 2}{53463.60 0.00 0.00 0.00 71284.80 0}{71284.80 0.00 0.00 0.00 89106.00 0}
COMP 4c-1: 48b125_48b3a9_48b47d_48b536 (2 44602.67 1 44600.00 0 44604.00){0.00 0.00 0.00 0.00 17841.60 0}{17841.60 0.00 0.00 0.00 35683.20 0}{35683.20 44600.00 44602.00 44604.00 53524.80 2}{53524.80 0.00 0.00 0.00 71366.40 0}{71366.40 0.00 0.00 0.00 89208.00 0}
COMM 4b-0: 4821ca_48254a_482683_482777 (2 812.67 2 582.00 3 928.00){0.00 0.00 0.00 0.00 371.20 0}{371.20 582.00 582.00 582.00 742.40 1}{742.40 928.00 928.00 928.00 1113.60 1}{1113.60 0.00 0.00 0.00 1484.80 0}{1484.80 0.00 0.00 0.00 1856.00 0}
COMM 4b-1: 48b125_48b3a9_48b47d_48b536 (2 304.33 0 38.00 1 837.00){0.00 0.00 0.00 0.00 15.20 0}{15.20 0.00 0.00 0.00 30.40 0}{30.40 38.00 38.00 38.00 60.80 1}{60.80 0.00 0.00 0.00 76.00 0}{76.00 837.00 837.00 837.00 1598.00 1}
10 2 
12 5 
14 16 
18 3 

RANKS: 1 -1 0 4 1
EVENT12: 1010 46cf90_46d1c5_46d269_46d2e5
COMP 4c-0: 46a5ff_46a95f_46aaa2_46ab94 (4 14.40 0 14.00 3 15.00){0.00 0.00 0.00 0.00 5.60 0}{5.60 0.00 0.00 0.00 11.20 0}{11.20 14.00 14.50 15.00 16.80 4}{16.80 0.00 0.00 0.00 22.40 0}{22.40 0.00 0.00 0.00 28.00 0}
COMM 4b-0: 46a5ff_46a95f_46aaa2_46ab94 (4 306.40 2 187.00 3 474.00){0.00 0.00 0.00 0.00 122.40 0}{122.40 187.00 187.00 187.00 244.80 1}{244.80 259.00 282.50 306.00 367.20 2}{367.20 474.00 474.00 474.00 489.60 1}{489.60 0.00 0.00 0.00 612.00 0}
10 2 

RANKS: 1 -1 1 3 1
EVENT13: 1102 47d709_47dace_47dc38_47dd57
COMP 4c-0: 46cf90_46d1c5_46d269_46d2e5 (3 3331.00 1 3331.00 1 3331.00){0.00 0.00 0.00 0.00 1332.40 0}{1332.40 0.00 0.00 0.00 2664.80 0}{2664.80 3331.00 3331.00 3331.00 3997.20 3}{3997.20 0.00 0.00 0.00 5329.60 0}{5329.60 0.00 0.00 0.00 6662.00 0}
COMP 4c-1: 47d709_47dace_47dc38_47dd57 (123 696.32 3 15.00 3 1398.00){0.00 0.00 0.00 0.00 6.00 0}{6.00 0.00 0.00 0.00 12.00 0}{12.00 15.00 16.95 17.00 24.00 62}{24.00 0.00 0.00 0.00 30.00 0}{30.00 1398.00 1398.00 1398.00 2766.00 61}
COMP 4c-2: 4821ca_48254a_482683_482777 (246 730.36 1 711.00 1 750.00){0.00 0.00 0.00 0.00 298.40 0}{298.40 0.00 0.00 0.00 596.80 0}{596.80 711.00 730.30 750.00 895.20 246}{895.20 0.00 0.00 0.00 1193.60 0}{1193.60 0.00 0.00 0.00 1492.00 0}
COMM 4b-0: 46cf90_46d1c5_46d269_46d2e5 (3 281.75 1 142.00 3 570.00){0.00 0.00 0.00 0.00 56.80 0}{56.80 0.00 0.00 0.00 113.60 0}{113.60 142.00 142.00 142.00 227.20 1}{227.20 273.00 273.00 273.00 284.00 1}{284.00 570.00 570.00 570.00 856.00 1}
COMM 4b-1: 47d709_47dace_47dc38_47dd57 (123 15.34 3 1.00 3 340.00){0.00 1.00 1.89 2.00 2.40 35}{2.40 3.00 3.00 3.00 3.60 21}{3.60 4.00 4.35 6.00 6.00 43}{6.00 7.00 26.50 70.00 72.00 20}{72.00 230.00 263.25 340.00 388.00 4}
COMM 4b-2: 4821ca_48254a_482683_482777 (246 24.55 1 2.00 2 1744.00){0.00 2.00 3.60 6.00 6.40 174}{6.40 7.00 8.17 12.00 12.80 40}{12.80 14.00 14.00 14.00 16.00 4}{16.00 94.76 122.26 811.00 1606.00 27}{1606.00 1744.00 1744.00 1744.00 1882.00 1}
LOOP0: iter: ( 124 )[ 1 -1 1 3 1 ] mem: ( 2 )[ 1 -1 1 2 1 ]( 1 )[ 1 -1 3 1 0 ]
10 2 
12 155 
14 16 
1b 0 
2b ( 3 3 3 3 3 3 3 3 3 3 3 3 3 3 3 3 3 3 3 3 3 3 3 3 3 3 3 3 3 3 3 3 3 3 3 3 3 3 3 3 3 3 3 3 3 3 3 3 3 3 3 3 3 3 3 3 3 3 3 3 3 3 2 2 2 2 2 2 2 2 2 2 2 2 2 2 2 2 2 2 2 2 2 2 2 2 2 2 2 2 2 2 2 2 2 2 2 2 2 2 2 2 2 2 2 2 2 2 2 2 2 2 2 2 2 2 2 2 2 2 2 2 2 2 )[ 1 -1 1 1 0 ]
2b ( 3 2 )[ 1 -1 3 1 0 ]
2b ( 2 2 2 2 2 2 2 2 2 2 2 2 2 2 2 2 2 2 2 2 2 2 2 2 2 2 2 2 2 2 2 2 2 2 2 2 2 2 2 2 2 2 2 2 2 2 2 2 2 2 2 2 2 2 2 2 2 2 2 2 2 2 1 1 1 1 1 1 1 1 1 1 1 1 1 1 1 1 1 1 1 1 1 1 1 1 1 1 1 1 1 1 1 1 1 1 1 1 1 1 1 1 1 1 1 1 1 1 1 1 1 1 1 1 1 1 1 1 1 1 1 1 1 1 )[ 1 -1 2 1 0 ]

RANKS: 1 -1 2 1 0
EVENT14: 1113 4821ca_48254a_482683_482777
COMP 4c-0: 47d709_47dace_47dc38_47dd57 (124 660.96 2 656.00 2 666.00){0.00 0.00 0.00 0.00 266.00 0}{266.00 0.00 0.00 0.00 532.00 0}{532.00 656.00 660.93 666.00 798.00 124}{798.00 0.00 0.00 0.00 1064.00 0}{1064.00 0.00 0.00 0.00 1330.00 0}
COMM 4b-0: 47d709_47dace_47dc38_47dd57 (124 5.38 2 3.00 2 173.00){0.00 3.00 3.00 3.00 3.20 68}{3.20 4.00 4.27 6.00 6.40 44}{6.40 7.00 8.70 11.00 12.80 10}{12.80 13.00 13.00 13.00 16.00 1}{16.00 173.00 173.00 173.00 330.00 1}
10 2 
12 155 
14 16 
1a 1 1 1 1 1 1 1 1 1 1 1 1 1 1 1 1 1 1 1 1 1 1 1 1 1 1 1 1 1 1 1 1 1 1 1 1 1 1 1 1 1 1 1 1 1 1 1 1 1 1 1 1 1 1 1 1 1 1 1 1 1 1 2 2 2 2 2 2 2 2 2 2 2 2 2 2 2 2 2 2 2 2 2 2 2 2 2 2 2 2 2 2 2 2 2 2 2 2 2 2 2 2 2 2 2 2 2 2 2 2 2 2 2 2 2 2 2 2 2 2 2 2 2 2 
1b 0 

RANKS: 1 -1 0 4 1
EVENT15: 1113 4821ca_48254a_482683_482777
COMP 4c-0: 46a5ff_46a95f_46aaa2_46ab94 (1 133461.00 2 133461.00 2 133461.00){0.00 0.00 0.00 0.00 53384.40 0}{53384.40 0.00 0.00 0.00 106768.80 0}{106768.80 133461.00 133461.00 133461.00 160153.20 1}{160153.20 0.00 0.00 0.00 213537.60 0}{213537.60 0.00 0.00 0.00 266922.00 0}
COMP 4c-1: 46cf90_46d1c5_46d269_46d2e5 (1 3981.00 0 3981.00 0 3981.00){0.00 0.00 0.00 0.00 1592.40 0}{1592.40 0.00 0.00 0.00 3184.80 0}{3184.80 3981.00 3981.00 3981.00 4777.20 1}{4777.20 0.00 0.00 0.00 6369.60 0}{6369.60 0.00 0.00 0.00 7962.00 0}
COMP 4c-2: 47d709_47dace_47dc38_47dd57 (125 671.17 1 655.00 3 2000.00){0.00 0.00 0.00 0.00 266.00 0}{266.00 0.00 0.00 0.00 532.00 0}{532.00 655.00 660.51 666.00 1064.00 124}{1064.00 0.00 0.00 0.00 1330.00 0}{1330.00 2000.00 2000.00 2000.00 2670.00 1}
COMP 4c-3: 4821ca_48254a_482683_482777 (247 707.75 0 15.00 2 5807.00){0.00 0.00 0.00 0.00 6.00 0}{6.00 0.00 0.00 0.00 12.00 0}{12.00 15.00 16.97 17.00 30.00 124}{30.00 1349.00 1373.75 1398.00 2766.00 122}{2766.00 5807.00 5807.00 5807.00 8848.00 1}
COMM 4b-0: 46a5ff_46a95f_46aaa2_46ab94 (1 118.00 2 118.00 2 118.00){0.00 0.00 0.00 0.00 47.20 0}{47.20 0.00 0.00 0.00 94.40 0}{94.40 118.00 118.00 118.00 141.60 1}{141.60 0.00 0.00 0.00 188.80 0}{188.80 0.00 0.00 0.00 236.00 0}
COMM 4b-1: 46cf90_46d1c5_46d269_46d2e5 (1 8.00 0 8.00 0 8.00){0.00 0.00 0.00 0.00 3.20 0}{3.20 0.00 0.00 0.00 6.40 0}{6.40 8.00 8.00 8.00 9.60 1}{9.60 0.00 0.00 0.00 12.80 0}{12.80 0.00 0.00 0.00 16.00 0}
COMM 4b-2: 47d709_47dace_47dc38_47dd57 (125 5.48 1 3.00 1 70.00){0.00 3.00 3.00 3.00 3.60 29}{3.60 4.00 4.50 7.00 7.20 76}{7.20 9.00 9.28 12.00 14.40 18}{14.40 16.00 16.00 16.00 18.00 1}{18.00 70.00 70.00 70.00 122.00 1}
COMM 4b-3: 4821ca_48254a_482683_482777 (247 5.82 0 2.00 2 118.00){0.00 0.00 0.00 0.00 1.20 0}{1.20 2.00 2.00 2.00 2.40 46}{2.40 3.00 3.00 3.00 3.60 132}{3.60 4.00 4.77 6.00 6.00 26}{6.00 7.00 19.26 118.00 190.00 43}
LOOP0: iter: ( 124 )[ 1 -1 0 2 3 ]( 2 )[ 1 -1 2 1 0 ] mem: ( 1 )[ 1 -1 0 2 3 ]( 5 )[ 1 -1 2 1 0 ]
10 2 
12 ( 155 )[ 2 -1 0 2 1 -1 3 1 0 ]
12 ( 20480 )[ 1 -1 2 1 0 ]
14 16 
1a ( 1 2 )[ 1 -1 0 1 0 ]
1a ( 2 2 2 2 2 2 2 2 2 2 2 2 2 2 2 2 2 2 2 2 2 2 2 2 2 2 2 2 2 2 2 2 2 2 2 2 2 2 2 2 2 2 2 2 2 2 2 2 2 2 2 2 2 2 2 2 2 2 2 2 2 2 3 3 3 3 3 3 3 3 3 3 3 3 3 3 3 3 3 3 3 3 3 3 3 3 3 3 3 3 3 3 3 3 3 3 3 3 3 3 3 3 3 3 3 3 3 3 3 3 3 3 3 3 3 3 3 3 3 3 3 3 3 3 )[ 1 -1 1 1 0 ]
1a ( 3 2 )[ 1 -1 3 1 0 ]
1a ( 1 )[ 1 -1 2 1 0 ]
1b 0 

RANKS: 1 -1 0 1 0
EVENT16: 1102 47d709_47dace_47dc38_47dd57
COMP 4c-0: 47d709_47dace_47dc38_47dd57 (123 672.69 0 15.00 0 1350.00){0.00 0.00 0.00 0.00 6.00 0}{6.00 0.00 0.00 0.00 12.00 0}{12.00 15.00 16.94 17.00 24.00 62}{24.00 0.00 0.00 0.00 30.00 0}{30.00 1349.00 1349.98 1350.00 2668.00 61}
COMP 4c-1: 4821ca_48254a_482683_482777 (1 709.00 0 709.00 0 709.00){0.00 0.00 0.00 0.00 283.60 0}{283.60 0.00 0.00 0.00 567.20 0}{567.20 709.00 709.00 709.00 850.80 1}{850.80 0.00 0.00 0.00 1134.40 0}{1134.40 0.00 0.00 0.00 1418.00 0}
COMM 4b-0: 47d709_47dace_47dc38_47dd57 (123 53.02 0 1.00 0 419.00){0.00 1.00 1.00 1.00 1.20 4}{1.20 2.00 2.00 2.00 2.40 44}{2.40 3.00 3.58 5.00 6.00 12}{6.00 10.00 97.06 271.00 306.00 62}{306.00 419.00 419.00 419.00 532.00 1}
COMM 4b-1: 4821ca_48254a_482683_482777 (1 4642.00 0 4642.00 0 4642.00){0.00 0.00 0.00 0.00 1856.80 0}{1856.80 0.00 0.00 0.00 3713.60 0}{3713.60 4642.00 4642.00 4642.00 5570.40 1}{5570.40 0.00 0.00 0.00 7427.20 0}{7427.20 0.00 0.00 0.00 9284.00 0}
LOOP0: iter: ( 124 )[ 1 -1 0 1 0 ] mem: ( 1 )[ 1 -1 0 1 0 ]
10 2 
12 155 
14 16 
1b 0 
2b 1 2 

RANKS: 1 -1 1 3 1
EVENT17: 1090 47a096_47a46b_47a5d6_47a6f7
COMP 4c-0: 46a5ff_46a95f_46aaa2_46ab94 (2 133394.33 1 133392.00 3 133399.00){0.00 0.00 0.00 0.00 53356.80 0}{53356.80 0.00 0.00 0.00 106713.60 0}{106713.60 133392.00 133395.50 133399.00 160070.40 2}{160070.40 0.00 0.00 0.00 213427.20 0}{213427.20 0.00 0.00 0.00 266784.00 0}
COMP 4c-1: 4821ca_48254a_482683_482777 (6 8566.43 2 15.00 3 21369.00){0.00 15.00 15.00 15.00 2293.20 2}{2293.20 0.00 0.00 0.00 4586.40 0}{4586.40 5731.00 5732.00 5733.00 9172.80 2}{9172.80 0.00 0.00 0.00 11466.00 0}{11466.00 21369.00 21369.00 21369.00 31272.00 2}
COMP 4c-2: 48b125_48b3a9_48b47d_48b536 (2 21413.00 2 21413.00 2 21413.00){0.00 0.00 0.00 0.00 8565.20 0}{8565.20 0.00 0.00 0.00 17130.40 0}{17130.40 21413.00 21413.00 21413.00 25695.60 2}{25695.60 0.00 0.00 0.00 34260.80 0}{34260.80 0.00 0.00 0.00 42826.00 0}
COMM 4b-0: 46a5ff_46a95f_46aaa2_46ab94 (2 4.67 3 4.00 1 5.00){0.00 0.00 0.00 0.00 2.00 0}{2.00 4.00 4.00 4.00 4.00 1}{4.00 5.00 5.00 5.00 6.00 1}{6.00 0.00 0.00 0.00 8.00 0}{8.00 0.00 0.00 0.00 10.00 0}
COMM 4b-1: 4821ca_48254a_482683_482777 (6 4.29 2 2.00 3 8.00){0.00 0.00 0.00 0.00 1.20 0}{1.20 2.00 2.00 2.00 2.40 1}{2.40 3.00 3.00 3.00 4.80 3}{4.80 0.00 0.00 0.00 6.00 0}{6.00 8.00 8.00 8.00 10.00 2}
COMM 4b-2: 48b125_48b3a9_48b47d_48b536 (2 3.67 2 2.00 2 7.00){0.00 0.00 0.00 0.00 0.80 0}{0.80 0.00 0.00 0.00 1.60 0}{1.60 2.00 2.00 2.00 3.20 1}{3.20 0.00 0.00 0.00 4.00 0}{4.00 7.00 7.00 7.00 10.00 1}
LOOP0: iter: ( 2 )[ 1 -1 1 3 1 ] mem: ( 6 )[ 1 -1 1 1 0 ]( 4 )[ 1 -1 3 1 0 ]( 2 )[ 1 -1 2 1 0 ]
LOOP1: iter: ( 2 )[ 1 -1 3 1 0 ] mem: ( 3 )[ 1 -1 3 1 0 ]
10 2 
12 20480 
14 16 
1b 0 
2b 2147483647 

RANKS: 1 -1 1 3 1
EVENT18: 1148 48b125_48b3a9_48b47d_48b536
COMP 4c-0: 47a096_47a46b_47a5d6_47a6f7 (10 15.00 1 15.00 1 15.00){0.00 0.00 0.00 0.00 6.00 0}{6.00 0.00 0.00 0.00 12.00 0}{12.00 15.00 15.00 15.00 18.00 10}{18.00 0.00 0.00 0.00 24.00 0}{24.00 0.00 0.00 0.00 30.00 0}
COMM 4b-0: 47a096_47a46b_47a5d6_47a6f7 (10 916.82 2 120.00 2 2462.00){0.00 120.00 176.00 231.00 232.40 4}{232.40 0.00 0.00 0.00 464.80 0}{464.80 581.00 581.00 581.00 929.60 1}{929.60 1155.00 1155.00 1155.00 1162.00 1}{1162.00 1283.00 1766.00 2462.00 2786.00 4}
1c 9999 

RANKS: 1 -1 0 4 1
EVENT19: 1113 4821ca_48254a_482683_482777
COMP 4c-0: 46a5ff_46a95f_46aaa2_46ab94 (1 133455.00 0 133455.00 0 133455.00){0.00 0.00 0.00 0.00 53382.00 0}{53382.00 0.00 0.00 0.00 106764.00 0}{106764.00 133455.00 133455.00 133455.00 160146.00 1}{160146.00 0.00 0.00 0.00 213528.00 0}{213528.00 0.00 0.00 0.00 266910.00 0}
COMP 4c-1: 47d709_47dace_47dc38_47dd57 (1 6446.00 0 6446.00 0 6446.00){0.00 0.00 0.00 0.00 2578.40 0}{2578.40 0.00 0.00 0.00 5156.80 0}{5156.80 6446.00 6446.00 6446.00 7735.20 1}{7735.20 0.00 0.00 0.00 10313.60 0}{10313.60 0.00 0.00 0.00 12892.00 0}
COMP 4c-2: 4821ca_48254a_482683_482777 (2 21442.00 1 21442.00 1 21442.00){0.00 0.00 0.00 0.00 8576.80 0}{8576.80 0.00 0.00 0.00 17153.60 0}{17153.60 21442.00 21442.00 21442.00 25730.40 2}{25730.40 0.00 0.00 0.00 34307.20 0}{34307.20 0.00 0.00 0.00 42884.00 0}
COMP 4c-3: 48b125_48b3a9_48b47d_48b536 (10 5972.82 1 155.00 0 21485.00){0.00 155.00 155.75 157.00 8594.00 8}{8594.00 0.00 0.00 0.00 17188.00 0}{17188.00 21485.00 21485.00 21485.00 25782.00 2}{25782.00 0.00 0.00 0.00 34376.00 0}{34376.00 0.00 0.00 0.00 42970.00 0}
COMM 4b-0: 46a5ff_46a95f_46aaa2_46ab94 (1 115.00 0 115.00 0 115.00){0.00 0.00 0.00 0.00 46.00 0}{46.00 0.00 0.00 0.00 92.00 0}{92.00 115.00 115.00 115.00 138.00 1}{138.00 0.00 0.00 0.00 184.00 0}{184.00 0.00 0.00 0.00 230.00 0}
COMM 4b-1: 47d709_47dace_47dc38_47dd57 (1 118.00 0 118.00 0 118.00){0.00 0.00 0.00 0.00 47.20 0}{47.20 0.00 0.00 0.00 94.40 0}{94.40 118.00 118.00 118.00 141.60 1}{141.60 0.00 0.00 0.00 188.80 0}{188.80 0.00 0.00 0.00 236.00 0}
COMM 4b-2: 4821ca_48254a_482683_482777 (2 114.00 1 112.00 1 118.00){0.00 0.00 0.00 0.00 44.80 0}{44.80 0.00 0.00 0.00 89.60 0}{89.60 112.00 115.00 118.00 134.40 2}{134.40 0.00 0.00 0.00 179.20 0}{179.20 0.00 0.00 0.00 224.00 0}
COMM 4b-3: 48b125_48b3a9_48b47d_48b536 (10 120.91 1 106.00 3 199.00){0.00 0.00 0.00 0.00 44.00 0}{44.00 0.00 0.00 0.00 88.00 0}{88.00 106.00 108.88 113.00 132.00 8}{132.00 150.00 150.00 150.00 176.00 1}{176.00 199.00 199.00 199.00 220.00 1}
LOOP0: iter: ( 2 )[ 1 -1 0 2 1 ] mem: ( 4 )[ 1 -1 0 1 0 ]( 1 )[ 1 -1 1 1 0 ]
LOOP1: iter: ( 2 )[ 1 -1 0 1 0 ] mem: ( 3 )[ 1 -1 0 1 0 ]
10 2 
12 20480 
14 16 
1a ( 1 2 )[ 1 -1 0 1 0 ]
1a ( 3 2 )[ 1 -1 1 2 2 ]
1a ( 2 )[ 1 -1 2 1 0 ]
1b 0 

RANKS: 1 -1 0 2 1
EVENT20: 1090 47a096_47a46b_47a5d6_47a6f7
COMP 4c-0: 4821ca_48254a_482683_482777 (6 15.14 0 14.00 1 16.00){0.00 0.00 0.00 0.00 6.00 0}{6.00 0.00 0.00 0.00 12.00 0}{12.00 14.00 15.17 16.00 18.00 6}{18.00 0.00 0.00 0.00 24.00 0}{24.00 0.00 0.00 0.00 30.00 0}
COMM 4b-0: 4821ca_48254a_482683_482777 (6 3.00 1 2.00 0 4.00){0.00 0.00 0.00 0.00 1.20 0}{1.20 2.00 2.00 2.00 2.40 1}{2.40 3.00 3.00 3.00 3.60 4}{3.60 4.00 4.00 4.00 4.80 1}{4.80 0.00 0.00 0.00 6.00 0}
10 2 
12 20480 
14 16 
1b 0 
2b 2147483647 

RANKS: 1 -1 0 2 1
EVENT21: 1148 48b125_48b3a9_48b47d_48b536
COMP 4c-0: 47a096_47a46b_47a5d6_47a6f7 (6 15.00 0 15.00 0 15.00){0.00 0.00 0.00 0.00 6.00 0}{6.00 0.00 0.00 0.00 12.00 0}{12.00 15.00 15.00 15.00 18.00 6}{18.00 0.00 0.00 0.00 24.00 0}{24.00 0.00 0.00 0.00 30.00 0}
COMM 4b-0: 47a096_47a46b_47a5d6_47a6f7 (6 160.71 1 97.00 0 246.00){0.00 0.00 0.00 0.00 57.60 0}{57.60 97.00 97.00 97.00 115.20 2}{115.20 144.00 144.00 144.00 172.80 1}{172.80 182.00 198.50 215.00 230.40 2}{230.40 246.00 246.00 246.00 288.00 1}
1c 9999 

RANKS: 1 -1 0 4 1
EVENT22: 1004 46a5ff_46a95f_46aaa2_46ab94
COMP 4c-0: 4821ca_48254a_482683_482777 (4 43002.40 2 41968.00 3 44552.00){0.00 0.00 0.00 0.00 16788.80 0}{16788.80 0.00 0.00 0.00 33577.60 0}{33577.60 41968.00 43260.00 44552.00 50366.40 4}{50366.40 0.00 0.00 0.00 67155.20 0}{67155.20 0.00 0.00 0.00 83944.00 0}
COMP 4c-1: 48b125_48b3a9_48b47d_48b536 (4 43053.40 1 42019.00 0 44603.00){0.00 0.00 0.00 0.00 16809.20 0}{16809.20 0.00 0.00 0.00 33618.40 0}{33618.40 42019.00 43311.00 44603.00 50427.60 4}{50427.60 0.00 0.00 0.00 67236.80 0}{67236.80 0.00 0.00 0.00 84046.00 0}
COMM 4b-0: 4821ca_48254a_482683_482777 (4 595.60 2 381.00 3 846.00){0.00 0.00 0.00 0.00 259.60 0}{259.60 381.00 417.00 453.00 519.20 2}{519.20 649.00 649.00 649.00 778.80 1}{778.80 846.00 846.00 846.00 1038.40 1}{1038.40 0.00 0.00 0.00 1298.00 0}
COMM 4b-1: 48b125_48b3a9_48b47d_48b536 (4 274.40 0 22.00 1 670.00){0.00 0.00 0.00 0.00 8.80 0}{8.80 0.00 0.00 0.00 17.60 0}{17.60 22.00 22.00 22.00 35.20 2}{35.20 0.00 0.00 0.00 44.00 0}{44.00 636.00 653.00 670.00 1228.00 2}
10 2 
12 1 5 
14 16 
18 1 3 

RANKS: 1 -1 0 4 1
EVENT23: 1010 46cf90_46d1c5_46d269_46d2e5
COMP 4c-0: 46a5ff_46a95f_46aaa2_46ab94 (4 21.40 3 20.00 3 23.00){0.00 0.00 0.00 0.00 8.40 0}{8.40 0.00 0.00 0.00 16.80 0}{16.80 20.00 21.50 23.00 25.20 4}{25.20 0.00 0.00 0.00 33.60 0}{33.60 0.00 0.00 0.00 42.00 0}
COMM 4b-0: 46a5ff_46a95f_46aaa2_46ab94 (4 69.00 1 13.00 3 114.00){0.00 13.00 13.00 13.00 34.80 1}{34.80 44.00 44.00 44.00 69.60 1}{69.60 87.00 87.00 87.00 104.40 1}{104.40 114.00 114.00 114.00 139.20 1}{139.20 0.00 0.00 0.00 174.00 0}
10 2 

RANKS: 1 -1 2 1 0
EVENT24: 1102 47d709_47dace_47dc38_47dd57
COMP 4c-0: 46cf90_46d1c5_46d269_46d2e5 (1 3326.00 2 3326.00 2 3326.00){0.00 0.00 0.00 0.00 1330.40 0}{1330.40 0.00 0.00 0.00 2660.80 0}{2660.80 3326.00 3326.00 3326.00 3991.20 1}{3991.20 0.00 0.00 0.00 5321.60 0}{5321.60 0.00 0.00 0.00 6652.00 0}
COMP 4c-1: 4821ca_48254a_482683_482777 (123 730.36 2 710.00 2 750.00){0.00 0.00 0.00 0.00 298.40 0}{298.40 0.00 0.00 0.00 596.80 0}{596.80 710.00 730.24 750.00 895.20 123}{895.20 0.00 0.00 0.00 1193.60 0}{1193.60 0.00 0.00 0.00 1492.00 0}
COMM 4b-0: 46cf90_46d1c5_46d269_46d2e5 (1 222.00 2 222.00 2 222.00){0.00 0.00 0.00 0.00 88.80 0}{88.80 0.00 0.00 0.00 177.60 0}{177.60 222.00 222.00 222.00 266.40 1}{266.40 0.00 0.00 0.00 355.20 0}{355.20 0.00 0.00 0.00 444.00 0}
COMM 4b-1: 4821ca_48254a_482683_482777 (123 70.71 2 2.00 2 5770.00){0.00 2.00 2.00 2.00 2.40 8}{2.40 3.00 3.65 4.00 4.80 54}{4.80 5.00 5.82 7.00 7.20 22}{7.20 9.00 10.50 12.00 12.00 2}{12.00 13.00 227.03 5770.00 11528.00 37}
LOOP0: iter: ( 124 )[ 1 -1 2 1 0 ] mem: ( 2 )[ 1 -1 2 1 0 ]
10 2 
12 155 
14 16 
1b 0 
2b 2 2 2 2 2 2 2 2 2 2 2 2 2 2 2 2 2 2 2 2 2 2 2 2 2 2 2 2 2 2 2 2 2 2 2 2 2 2 2 2 2 2 2 2 2 2 2 2 2 2 2 2 2 2 2 2 2 2 2 2 2 2 1 1 1 1 1 1 1 1 1 1 1 1 1 1 1 1 1 1 1 1 1 1 1 1 1 1 1 1 1 1 1 1 1 1 1 1 1 1 1 1 1 1 1 1 1 1 1 1 1 1 1 1 1 1 1 1 1 1 1 1 1 1 

RANKS: 1 -1 0 2 2
EVENT25: 1113 4821ca_48254a_482683_482777
COMP 4c-0: 46cf90_46d1c5_46d269_46d2e5 (1 3980.00 0 3980.00 0 3980.00){0.00 0.00 0.00 0.00 1592.00 0}{1592.00 0.00 0.00 0.00 3184.00 0}{3184.00 3980.00 3980.00 3980.00 4776.00 1}{4776.00 0.00 0.00 0.00 6368.00 0}{6368.00 0.00 0.00 0.00 7960.00 0}
COMP 4c-1: 47d709_47dace_47dc38_47dd57 (124 660.38 2 655.00 2 666.00){0.00 0.00 0.00 0.00 266.00 0}{266.00 0.00 0.00 0.00 532.00 0}{532.00 655.00 660.34 666.00 798.00 124}{798.00 0.00 0.00 0.00 1064.00 0}{1064.00 0.00 0.00 0.00 1330.00 0}
COMP 4c-2: 4821ca_48254a_482683_482777 (30627 702.42 0 15.00 0 1399.00){0.00 0.00 0.00 0.00 6.00 0}{6.00 0.00 0.00 0.00 12.00 0}{12.00 15.00 17.29 18.00 24.00 15438}{24.00 0.00 0.00 0.00 30.00 0}{30.00 1398.00 1398.82 1399.00 2766.00 15189}
COMP 4c-3: 48b125_48b3a9_48b47d_48b536 (248 45997.58 0 45984.00 0 46003.00){0.00 0.00 0.00 0.00 18393.60 0}{18393.60 0.00 0.00 0.00 36787.20 0}{36787.20 45984.00 45997.63 46003.00 55180.80 248}{55180.80 0.00 0.00 0.00 73574.40 0}{73574.40 0.00 0.00 0.00 91968.00 0}
COMM 4b-0: 46cf90_46d1c5_46d269_46d2e5 (1 5.00 0 5.00 0 5.00){0.00 0.00 0.00 0.00 2.00 0}{2.00 0.00 0.00 0.00 4.00 0}{4.00 5.00 5.00 5.00 6.00 1}{6.00 0.00 0.00 0.00 8.00 0}{8.00 0.00 0.00 0.00 10.00 0}
COMM 4b-1: 47d709_47dace_47dc38_47dd57 (124 3.74 2 3.00 2 12.00){0.00 3.00 3.00 3.00 3.20 72}{3.20 4.00 4.05 6.00 6.40 44}{6.40 7.00 7.17 8.00 9.60 6}{9.60 10.00 11.00 12.00 12.80 2}{12.80 0.00 0.00 0.00 16.00 0}
COMM 4b-2: 4821ca_48254a_482683_482777 (30627 3.15 0 2.00 0 32.00){0.00 0.00 0.00 0.00 1.20 0}{1.20 2.00 2.88 6.00 6.00 29900}{6.00 6.25 7.02 8.00 8.00 180}{8.00 9.00 16.76 30.00 30.00 546}{30.00 32.00 32.00 32.00 34.00 1}
COMM 4b-3: 48b125_48b3a9_48b47d_48b536 (248 10.31 0 9.00 0 17.00){0.00 0.00 0.00 0.00 3.60 0}{3.60 0.00 0.00 0.00 7.20 0}{7.20 9.00 9.56 10.00 10.80 206}{10.80 11.00 13.32 14.00 14.40 28}{14.40 15.00 15.43 17.00 18.00 14}
LOOP0: iter: ( 249 )[ 1 -1 0 1 0 ] mem: ( 5 )[ 1 -1 0 1 0 ]
LOOP1: iter: ( 124 )[ 1 -1 0 1 0 ] mem: ( 1 )[ 1 -1 0 1 0 ]
10 2 
12 155 
14 16 
1a ( 1 2 )[ 1 -1 0 1 0 ]
1a ( 1 1 1 1 1 1 1 1 1 1 1 1 1 1 1 1 1 1 1 1 1 1 1 1 1 1 1 1 1 1 1 1 1 1 1 1 1 1 1 1 1 1 1 1 1 1 1 1 1 1 1 1 1 1 1 1 1 1 1 1 1 1 2 2 2 2 2 2 2 2 2 2 2 2 2 2 2 2 2 2 2 2 2 2 2 2 2 2 2 2 2 2 2 2 2 2 2 2 2 2 2 2 2 2 2 2 2 2 2 2 2 2 2 2 2 2 2 2 2 2 2 2 2 2 )[ 1 -1 2 1 0 ]
1b 0 

RANKS: 2 -1 0 2 1 -1 3 1 0
EVENT26: 1102 47d709_47dace_47dc38_47dd57
COMP 4c-0: 46cf90_46d1c5_46d269_46d2e5 (2 3326.00 1 3326.00 1 3326.00){0.00 0.00 0.00 0.00 1330.40 0}{1330.40 0.00 0.00 0.00 2660.80 0}{2660.80 3326.00 3326.00 3326.00 3991.20 2}{3991.20 0.00 0.00 0.00 5321.60 0}{5321.60 0.00 0.00 0.00 6652.00 0}
COMP 4c-1: 47d709_47dace_47dc38_47dd57 (61254 690.53 0 15.00 3 1399.00){0.00 0.00 0.00 0.00 6.40 0}{6.40 0.00 0.00 0.00 12.80 0}{12.80 15.00 17.65 18.00 25.60 30876}{25.60 0.00 0.00 0.00 32.00 0}{32.00 1349.00 1374.46 1399.00 2666.00 30378}
COMP 4c-2: 4821ca_48254a_482683_482777 (31124 1085.25 0 709.00 3 45299.00){0.00 0.00 0.00 0.00 284.00 0}{284.00 0.00 0.00 0.00 568.00 0}{568.00 709.00 730.14 750.00 1136.00 30876}{1136.00 0.00 0.00 0.00 1420.00 0}{1420.00 45283.00 45297.45 45299.00 89178.00 248}
COMP 4c-3: 48b125_48b3a9_48b47d_48b536 (248 45344.30 1 45330.00 1 45345.00){0.00 0.00 0.00 0.00 18132.00 0}{18132.00 0.00 0.00 0.00 36264.00 0}{36264.00 45330.00 45344.35 45345.00 54396.00 248}{54396.00 0.00 0.00 0.00 72528.00 0}{72528.00 0.00 0.00 0.00 90660.00 0}
COMM 4b-0: 46cf90_46d1c5_46d269_46d2e5 (2 303.00 1 146.00 3 617.00){0.00 0.00 0.00 0.00 58.40 0}{58.40 0.00 0.00 0.00 116.80 0}{116.80 146.00 146.00 146.00 233.60 1}{233.60 0.00 0.00 0.00 292.00 0}{292.00 617.00 617.00 617.00 942.00 1}
COMM 4b-1: 47d709_47dace_47dc38_47dd57 (61254 22.16 0 1.00 0 404.00){0.00 1.00 2.43 4.00 4.00 35137}{4.00 4.18 46.10 186.00 186.00 25685}{186.00 186.33 193.28 219.00 220.00 328}{220.00 222.00 235.92 316.00 324.00 102}{324.00 364.00 384.00 404.00 484.00 2}
COMM 4b-2: 4821ca_48254a_482683_482777 (31124 67.03 1 2.00 0 9759.00){0.00 2.00 34.21 2636.00 2671.60 30899}{2671.60 2708.00 3896.04 5343.00 5343.20 184}{5343.20 5351.00 6552.35 7695.00 8014.80 26}{8014.80 8044.00 9006.73 9759.00 10686.40 15}{10686.40 0.00 0.00 0.00 13358.00 0}
COMM 4b-3: 48b125_48b3a9_48b47d_48b536 (248 1003.66 1 21.00 1 1973.00){0.00 21.00 239.89 340.00 347.20 9}{347.20 355.00 706.53 1034.00 1041.60 125}{1041.60 1043.00 1215.39 1387.00 1388.80 64}{1388.80 1399.00 1601.40 1845.00 1930.00 48}{1930.00 1943.00 1958.00 1973.00 2016.00 2}
LOOP0: iter: ( 124 )[ 1 -1 0 1 0 ]( 249 )[ 1 -1 1 2 2 ] mem: ( 1 )[ 1 -1 0 1 0 ]( 7 )[ 1 -1 1 1 0 ]( 5 )[ 1 -1 3 1 0 ]
LOOP1: iter: ( 124 )[ 1 -1 1 2 2 ] mem: ( 2 )[ 1 -1 1 1 0 ]( 1 )[ 1 -1 3 1 0 ]
10 2 
12 155 
14 16 
1b 0 
2b ( 1 2 )[ 1 -1 0 1 0 ]
2b ( 3 3 3 3 3 3 3 3 3 3 3 3 3 3 3 3 3 3 3 3 3 3 3 3 3 3 3 3 3 3 3 3 3 3 3 3 3 3 3 3 3 3 3 3 3 3 3 3 3 3 3 3 3 3 3 3 3 3 3 3 3 3 2 2 2 2 2 2 2 2 2 2 2 2 2 2 2 2 2 2 2 2 2 2 2 2 2 2 2 2 2 2 2 2 2 2 2 2 2 2 2 2 2 2 2 2 2 2 2 2 2 2 2 2 2 2 2 2 2 2 2 2 2 2 )[ 1 -1 1 1 0 ]
2b ( 3 2 )[ 1 -1 3 1 0 ]

RANKS: 1 -1 0 4 1
EVENT27: 1113 4821ca_48254a_482683_482777
COMP 4c-0: 47d709_47dace_47dc38_47dd57 (31374 717.29 1 655.00 0 6447.00){0.00 655.00 671.27 2001.00 2578.40 31125}{2578.40 0.00 0.00 0.00 5156.80 0}{5156.80 6446.00 6446.14 6447.00 7735.20 249}{7735.20 0.00 0.00 0.00 10313.60 0}{10313.60 0.00 0.00 0.00 12892.00 0}
COMP 4c-1: 4821ca_48254a_482683_482777 (30628 678.41 3 15.00 2 5807.00){0.00 0.00 0.00 0.00 6.00 0}{6.00 0.00 0.00 0.00 12.00 0}{12.00 15.00 17.35 18.00 30.00 15438}{30.00 1349.00 1350.01 1351.00 2668.00 15189}{2668.00 5807.00 5807.00 5807.00 8946.00 1}
COMP 4c-2: 48b125_48b3a9_48b47d_48b536 (249 21485.04 0 21485.00 0 21486.00){0.00 0.00 0.00 0.00 8594.00 0}{8594.00 0.00 0.00 0.00 17188.00 0}{17188.00 21485.00 21485.04 21486.00 25782.00 249}{25782.00 0.00 0.00 0.00 34376.00 0}{34376.00 0.00 0.00 0.00 42970.00 0}
COMM 4b-0: 47d709_47dace_47dc38_47dd57 (31374 5.03 1 2.00 0 123.00){0.00 2.00 4.15 30.00 45.20 31124}{45.20 73.00 73.00 73.00 90.40 1}{90.40 110.00 113.48 123.00 135.60 249}{135.60 0.00 0.00 0.00 180.80 0}{180.80 0.00 0.00 0.00 226.00 0}
COMM 4b-1: 4821ca_48254a_482683_482777 (30628 3.66 3 2.00 2 116.00){0.00 2.00 3.23 6.00 6.00 28916}{6.00 6.14 9.01 12.00 12.00 1299}{12.00 13.00 16.79 26.00 28.00 410}{28.00 29.00 29.00 29.00 30.00 2}{30.00 116.00 116.00 116.00 202.00 1}
COMM 4b-2: 48b125_48b3a9_48b47d_48b536 (249 111.69 0 108.00 0 120.00){0.00 0.00 0.00 0.00 45.20 0}{45.20 0.00 0.00 0.00 90.40 0}{90.40 108.00 111.69 120.00 135.60 249}{135.60 0.00 0.00 0.00 180.80 0}{180.80 0.00 0.00 0.00 226.00 0}
LOOP0: iter: ( 2 )[ 1 -1 0 1 0 ]( 124 )[ 1 -1 3 1 0 ] mem: ( 3 )[ 1 -1 0 1 0 ]( 1 )[ 1 -1 3 1 0 ]
10 2 
12 ( 20480 )[ 1 -1 0 2 2 ]
12 ( 155 )[ 1 -1 1 2 2 ]
14 16 
1a ( 1 2 )[ 1 -1 0 1 0 ]
1a ( 2 2 2 2 2 2 2 2 2 2 2 2 2 2 2 2 2 2 2 2 2 2 2 2 2 2 2 2 2 2 2 2 2 2 2 2 2 2 2 2 2 2 2 2 2 2 2 2 2 2 2 2 2 2 2 2 2 2 2 2 2 2 3 3 3 3 3 3 3 3 3 3 3 3 3 3 3 3 3 3 3 3 3 3 3 3 3 3 3 3 3 3 3 3 3 3 3 3 3 3 3 3 3 3 3 3 3 3 3 3 3 3 3 3 3 3 3 3 3 3 3 3 3 3 )[ 1 -1 1 1 0 ]
1a ( 3 2 )[ 1 -1 3 1 0 ]
1a ( 1 )[ 1 -1 2 1 0 ]
1b 0 

RANKS: 1 -1 0 4 1
EVENT28: 1090 47a096_47a46b_47a5d6_47a6f7
COMP 4c-0: 4821ca_48254a_482683_482777 (1493 5481.38 0 14.00 3 21369.00){0.00 0.00 0.00 0.00 5.60 0}{5.60 0.00 0.00 0.00 11.20 0}{11.20 14.00 18.17 28.00 28.00 746}{28.00 5731.00 5732.38 5733.00 11434.00 498}{11434.00 21369.00 21369.00 21369.00 31304.00 249}
COMP 4c-1: 48b125_48b3a9_48b47d_48b536 (248 21413.00 2 21413.00 2 21413.00){0.00 0.00 0.00 0.00 8565.20 0}{8565.20 0.00 0.00 0.00 17130.40 0}{17130.40 21413.00 21413.00 21413.00 25695.60 248}{25695.60 0.00 0.00 0.00 34260.80 0}{34260.80 0.00 0.00 0.00 42826.00 0}
COMM 4b-0: 4821ca_48254a_482683_482777 (1493 3.07 0 1.00 1 15.00){0.00 1.00 2.96 4.00 4.80 1453}{4.80 5.00 5.18 6.00 6.00 11}{6.00 7.00 7.27 8.00 8.00 26}{8.00 9.00 9.00 9.00 10.00 2}{10.00 15.00 15.00 15.00 20.00 1}
COMM 4b-1: 48b125_48b3a9_48b47d_48b536 (248 2.88 2 2.00 2 4.00){0.00 0.00 0.00 0.00 1.60 0}{1.60 2.00 2.86 3.00 3.20 244}{3.20 4.00 4.00 4.00 4.80 4}{4.80 0.00 0.00 0.00 6.40 0}{6.40 0.00 0.00 0.00 8.00 0}
LOOP0: iter: ( 2 )[ 1 -1 3 1 0 ]( 248 )[ 1 -1 2 1 0 ] mem: ( 3 )[ 1 -1 3 1 0 ]( 5 )[ 1 -1 2 1 0 ]
LOOP1: iter: ( 2 )[ 1 -1 2 1 0 ] mem: ( 2 )[ 1 -1 2 1 0 ]
10 2 
12 20480 
14 16 
1b 0 
2b 2147483647 

RANKS: 1 -1 0 4 1
EVENT29: 1148 48b125_48b3a9_48b47d_48b536
COMP 4c-0: 47a096_47a46b_47a5d6_47a6f7 (1741 14.67 0 14.00 0 15.00){0.00 0.00 0.00 0.00 6.00 0}{6.00 0.00 0.00 0.00 12.00 0}{12.00 14.00 14.67 15.00 18.00 1741}{18.00 0.00 0.00 0.00 24.00 0}{24.00 0.00 0.00 0.00 30.00 0}
COMM 4b-0: 47a096_47a46b_47a5d6_47a6f7 (1741 793.04 0 95.00 2 10040.00){0.00 95.00 170.27 442.00 608.00 994}{608.00 609.01 752.10 1029.00 1050.00 481}{1050.00 1097.00 1176.09 1255.18 1366.36 2}{1366.36 1455.06 1481.37 2181.00 2995.64 80}{2995.64 3711.33 3964.70 10040.00 16602.36 184}
1c 9999 

RANKS: 1 -1 2 1 0
EVENT30: 1113 4821ca_48254a_482683_482777
COMP 4c-0: 47d709_47dace_47dc38_47dd57 (30504 663.90 2 656.00 2 669.00){0.00 0.00 0.00 0.00 266.00 0}{266.00 0.00 0.00 0.00 532.00 0}{532.00 656.00 663.90 669.00 798.00 30504}{798.00 0.00 0.00 0.00 1064.00 0}{1064.00 0.00 0.00 0.00 1330.00 0}
COMP 4c-1: 48b125_48b3a9_48b47d_48b536 (248 157.87 2 157.00 2 158.00){0.00 0.00 0.00 0.00 62.80 0}{62.80 0.00 0.00 0.00 125.60 0}{125.60 157.00 157.87 158.00 188.40 248}{188.40 0.00 0.00 0.00 251.20 0}{251.20 0.00 0.00 0.00 314.00 0}
COMM 4b-0: 47d709_47dace_47dc38_47dd57 (30504 3.66 2 2.00 2 49.00){0.00 2.00 3.39 5.00 5.60 29322}{5.60 6.00 7.76 11.00 11.20 657}{11.20 12.00 13.62 19.00 22.40 522}{22.40 24.00 24.50 25.00 28.00 2}{28.00 49.00 49.00 49.00 70.00 1}
COMM 4b-1: 48b125_48b3a9_48b47d_48b536 (248 108.14 2 102.00 2 173.00){0.00 0.00 0.00 0.00 42.80 0}{42.80 0.00 0.00 0.00 85.60 0}{85.60 102.00 106.17 126.00 128.40 236}{128.40 129.00 144.82 158.00 171.20 11}{171.20 173.00 173.00 173.00 214.00 1}
LOOP0: iter: ( 124 )[ 1 -1 2 1 0 ] mem: ( 2 )[ 1 -1 2 1 0 ]
10 2 
12 20480 155 155 155 155 155 155 155 155 155 155 155 155 155 155 155 155 155 155 155 155 155 155 155 155 155 155 155 155 155 155 155 155 155 155 155 155 155 155 155 155 155 155 155 155 155 155 155 155 155 155 155 155 155 155 155 155 155 155 155 155 155 155 155 155 155 155 155 155 155 155 155 155 155 155 155 155 155 155 155 155 155 155 155 155 155 155 155 155 155 155 155 155 155 155 155 155 155 155 155 155 155 155 155 155 155 155 155 155 155 155 155 155 155 155 155 155 155 155 155 155 155 155 155 
14 16 
1a 2 1 1 1 1 1 1 1 1 1 1 1 1 1 1 1 1 1 1 1 1 1 1 1 1 1 1 1 1 1 1 1 1 1 1 1 1 1 1 1 1 1 1 1 1 1 1 1 1 1 1 1 1 1 1 1 1 1 1 1 1 1 1 2 2 2 2 2 2 2 2 2 2 2 2 2 2 2 2 2 2 2 2 2 2 2 2 2 2 2 2 2 2 2 2 2 2 2 2 2 2 2 2 2 2 2 2 2 2 2 2 2 2 2 2 2 2 2 2 2 2 2 2 2 
1b 0 

RANKS: 1 -1 2 1 0
EVENT31: 1102 47d709_47dace_47dc38_47dd57
COMP 4c-0: 4821ca_48254a_482683_482777 (30752 1087.39 2 707.00 2 45280.00){0.00 707.00 726.65 747.00 18112.00 30504}{18112.00 0.00 0.00 0.00 36224.00 0}{36224.00 45279.00 45279.57 45280.00 54336.00 248}{54336.00 0.00 0.00 0.00 72448.00 0}{72448.00 0.00 0.00 0.00 90560.00 0}
COMM 4b-0: 4821ca_48254a_482683_482777 (30752 41.83 2 2.00 2 8214.00){0.00 2.00 12.22 182.00 184.00 30255}{184.00 188.00 260.00 365.00 368.00 9}{368.00 376.00 571.65 733.00 736.00 142}{736.00 750.00 826.77 913.00 920.00 13}{920.00 937.00 2468.42 8214.00 10692.00 333}
10 2 
12 155 
14 16 
1b 0 
2b 2 2 2 2 2 2 2 2 2 2 2 2 2 2 2 2 2 2 2 2 2 2 2 2 2 2 2 2 2 2 2 2 2 2 2 2 2 2 2 2 2 2 2 2 2 2 2 2 2 2 2 2 2 2 2 2 2 2 2 2 2 2 1 1 1 1 1 1 1 1 1 1 1 1 1 1 1 1 1 1 1 1 1 1 1 1 1 1 1 1 1 1 1 1 1 1 1 1 1 1 1 1 1 1 1 1 1 1 1 1 1 1 1 1 1 1 1 1 1 1 1 1 1 1 

RANKS: 1 -1 0 4 1
EVENT32: 1113 4821ca_48254a_482683_482777
COMP 4c-0: 47d709_47dace_47dc38_47dd57 (248 658.96 2 656.00 2 660.00){0.00 0.00 0.00 0.00 263.60 0}{263.60 0.00 0.00 0.00 527.20 0}{527.20 656.00 658.96 660.00 790.80 248}{790.80 0.00 0.00 0.00 1054.40 0}{1054.40 0.00 0.00 0.00 1318.00 0}
COMP 4c-1: 4821ca_48254a_482683_482777 (620 11054.36 0 15.00 1 21442.00){0.00 0.00 0.00 0.00 6.00 0}{6.00 0.00 0.00 0.00 12.00 0}{12.00 15.00 17.92 18.00 30.00 62}{30.00 1398.00 1398.98 1399.00 2766.00 61}{2766.00 5804.00 13638.42 21442.00 40116.00 497}
COMP 4c-2: 48b125_48b3a9_48b47d_48b536 (748 277.61 1 155.00 0 46003.00){0.00 155.00 155.18 156.00 18401.20 747}{18401.20 0.00 0.00 0.00 36802.40 0}{36802.40 46003.00 46003.00 46003.00 55203.60 1}{55203.60 0.00 0.00 0.00 73604.80 0}{73604.80 0.00 0.00 0.00 92006.00 0}
COMM 4b-0: 47d709_47dace_47dc38_47dd57 (248 3.37 2 3.00 2 9.00){0.00 0.00 0.00 0.00 1.60 0}{1.60 3.00 3.00 3.00 3.20 168}{3.20 4.00 4.00 4.00 4.80 77}{4.80 6.00 6.50 7.00 8.00 2}{8.00 9.00 9.00 9.00 10.00 1}
COMM 4b-1: 4821ca_48254a_482683_482777 (620 92.84 0 2.00 1 197.00){0.00 0.00 0.00 0.00 1.20 0}{1.20 2.00 2.93 4.00 6.00 121}{6.00 13.00 17.00 21.00 36.00 2}{36.00 110.00 114.90 171.00 184.00 495}{184.00 190.00 193.50 197.00 210.00 2}
COMM 4b-2: 48b125_48b3a9_48b47d_48b536 (748 172.03 0 16.00 3 389.00){0.00 16.00 16.00 16.00 32.00 1}{32.00 103.00 121.71 164.00 174.00 411}{174.00 188.00 188.00 188.00 202.00 1}{202.00 231.71 234.20 355.60 358.30 334}{358.30 389.00 389.00 389.00 419.70 1}
LOOP0: iter: ( 124 )[ 1 -1 0 1 0 ]( 2 )[ 1 -1 1 2 1 ] mem: ( 1 )[ 1 -1 0 3 1 ]
10 2 
12 ( 155 )[ 1 -1 0 1 0 ]
12 ( 20480 )[ 1 -1 1 2 2 ]
12 ( 155 20480 )[ 1 -1 2 1 0 ]
14 16 
1a ( 1 2 )[ 1 -1 0 1 0 ]
1a ( 3 2 )[ 1 -1 1 2 2 ]
1a ( 2 1 )[ 1 -1 2 1 0 ]
1b 0 

RANKS: 1 -1 1 2 1
EVENT33: 1090 47a096_47a46b_47a5d6_47a6f7
COMP 4c-0: 4821ca_48254a_482683_482777 (250 16.03 1 16.00 2 23.00){0.00 0.00 0.00 0.00 6.40 0}{6.40 0.00 0.00 0.00 12.80 0}{12.80 16.00 16.00 16.00 19.20 249}{19.20 23.00 23.00 23.00 25.60 1}{25.60 0.00 0.00 0.00 32.00 0}
COMP 4c-1: 48b125_48b3a9_48b47d_48b536 (1 21413.00 2 21413.00 2 21413.00){0.00 0.00 0.00 0.00 8565.20 0}{8565.20 0.00 0.00 0.00 17130.40 0}{17130.40 21413.00 21413.00 21413.00 25695.60 1}{25695.60 0.00 0.00 0.00 34260.80 0}{34260.80 0.00 0.00 0.00 42826.00 0}
COMM 4b-0: 4821ca_48254a_482683_482777 (250 3.11 1 2.00 1 7.00){0.00 0.00 0.00 0.00 1.60 0}{1.60 2.00 2.00 2.00 2.40 77}{2.40 3.00 3.00 3.00 3.20 80}{3.20 4.00 4.00 4.00 4.00 82}{4.00 5.00 5.18 7.00 10.00 11}
COMM 4b-1: 48b125_48b3a9_48b47d_48b536 (1 3.00 2 3.00 2 3.00){0.00 0.00 0.00 0.00 1.20 0}{1.20 0.00 0.00 0.00 2.40 0}{2.40 3.00 3.00 3.00 3.60 1}{3.60 0.00 0.00 0.00 4.80 0}{4.80 0.00 0.00 0.00 6.00 0}
LOOP0: iter: ( 2 )[ 1 -1 2 1 0 ] mem: ( 2 )[ 1 -1 2 1 0 ]
10 2 
12 20480 
14 16 
1b 0 
2b 2147483647 

RANKS: 1 -1 1 2 1
EVENT34: 1148 48b125_48b3a9_48b47d_48b536
COMP 4c-0: 47a096_47a46b_47a5d6_47a6f7 (251 14.96 1 14.00 1 15.00){0.00 0.00 0.00 0.00 6.00 0}{6.00 0.00 0.00 0.00 12.00 0}{12.00 14.00 14.96 15.00 18.00 251}{18.00 0.00 0.00 0.00 24.00 0}{24.00 0.00 0.00 0.00 30.00 0}
COMM 4b-0: 47a096_47a46b_47a5d6_47a6f7 (251 108.69 1 97.00 2 2195.00){0.00 0.00 0.00 0.00 38.80 0}{38.80 0.00 0.00 0.00 77.60 0}{77.60 97.00 99.92 116.00 116.40 244}{116.40 117.00 119.50 123.00 194.00 6}{194.00 2195.00 2195.00 2195.00 4196.00 1}
1c 9999 

RANKS: 1 -1 2 1 0
EVENT35: 1113 4821ca_48254a_482683_482777
COMP 4c-0: 47d709_47dace_47dc38_47dd57 (123 663.89 2 657.00 2 669.00){0.00 0.00 0.00 0.00 266.00 0}{266.00 0.00 0.00 0.00 532.00 0}{532.00 657.00 663.88 669.00 798.00 123}{798.00 0.00 0.00 0.00 1064.00 0}{1064.00 0.00 0.00 0.00 1330.00 0}
COMP 4c-1: 48b125_48b3a9_48b47d_48b536 (1 158.00 2 158.00 2 158.00){0.00 0.00 0.00 0.00 63.20 0}{63.20 0.00 0.00 0.00 126.40 0}{126.40 158.00 158.00 158.00 189.60 1}{189.60 0.00 0.00 0.00 252.80 0}{252.80 0.00 0.00 0.00 316.00 0}
COMM 4b-0: 47d709_47dace_47dc38_47dd57 (123 3.39 2 3.00 2 13.00){0.00 3.00 3.13 4.00 5.20 120}{5.20 7.00 7.00 7.00 10.40 1}{10.40 11.00 12.00 13.00 15.60 2}{15.60 0.00 0.00 0.00 20.80 0}{20.80 0.00 0.00 0.00 26.00 0}
COMM 4b-1: 48b125_48b3a9_48b47d_48b536 (1 106.00 2 106.00 2 106.00){0.00 0.00 0.00 0.00 42.40 0}{42.40 0.00 0.00 0.00 84.80 0}{84.80 106.00 106.00 106.00 127.20 1}{127.20 0.00 0.00 0.00 169.60 0}{169.60 0.00 0.00 0.00 212.00 0}
LOOP0: iter: ( 124 )[ 1 -1 2 1 0 ] mem: ( 2 )[ 1 -1 2 1 0 ]
10 2 
12 20480 155 155 155 155 155 155 155 155 155 155 155 155 155 155 155 155 155 155 155 155 155 155 155 155 155 155 155 155 155 155 155 155 155 155 155 155 155 155 155 155 155 155 155 155 155 155 155 155 155 155 155 155 155 155 155 155 155 155 155 155 155 155 155 155 155 155 155 155 155 155 155 155 155 155 155 155 155 155 155 155 155 155 155 155 155 155 155 155 155 155 155 155 155 155 155 155 155 155 155 155 155 155 155 155 155 155 155 155 155 155 155 155 155 155 155 155 155 155 155 155 155 155 155 
14 16 
1a 2 1 1 1 1 1 1 1 1 1 1 1 1 1 1 1 1 1 1 1 1 1 1 1 1 1 1 1 1 1 1 1 1 1 1 1 1 1 1 1 1 1 1 1 1 1 1 1 1 1 1 1 1 1 1 1 1 1 1 1 1 1 1 2 2 2 2 2 2 2 2 2 2 2 2 2 2 2 2 2 2 2 2 2 2 2 2 2 2 2 2 2 2 2 2 2 2 2 2 2 2 2 2 2 2 2 2 2 2 2 2 2 2 2 2 2 2 2 2 2 2 2 2 2 
1b 0 

RANKS: 1 -1 0 4 1
EVENT36: 1102 47d709_47dace_47dc38_47dd57
COMP 4c-0: 47d709_47dace_47dc38_47dd57 (246 687.97 0 15.00 3 1399.00){0.00 0.00 0.00 0.00 6.00 0}{6.00 0.00 0.00 0.00 12.00 0}{12.00 15.00 17.94 18.00 24.00 124}{24.00 0.00 0.00 0.00 30.00 0}{30.00 1350.00 1374.49 1399.00 2670.00 122}
COMP 4c-1: 4821ca_48254a_482683_482777 (249 1084.76 2 707.00 3 45299.00){0.00 0.00 0.00 0.00 284.00 0}{284.00 0.00 0.00 0.00 568.00 0}{568.00 707.00 728.35 750.00 1136.00 247}{1136.00 0.00 0.00 0.00 1420.00 0}{1420.00 45279.00 45289.00 45299.00 89178.00 2}
COMP 4c-2: 48b125_48b3a9_48b47d_48b536 (1 45345.00 1 45345.00 1 45345.00){0.00 0.00 0.00 0.00 18138.00 0}{18138.00 0.00 0.00 0.00 36276.00 0}{36276.00 45345.00 45345.00 45345.00 54414.00 1}{54414.00 0.00 0.00 0.00 72552.00 0}{72552.00 0.00 0.00 0.00 90690.00 0}
COMM 4b-0: 47d709_47dace_47dc38_47dd57 (246 64.47 0 1.00 3 284.00){0.00 0.00 0.00 0.00 0.80 0}{0.80 1.00 1.00 1.00 1.60 5}{1.60 2.00 2.37 3.13 3.20 123}{3.20 4.00 4.00 4.00 4.00 1}{4.00 5.00 133.52 284.00 384.00 117}
COMM 4b-1: 4821ca_48254a_482683_482777 (249 125.59 1 2.00 0 9068.00){0.00 2.00 19.34 1022.00 3627.20 247}{3627.20 0.00 0.00 0.00 7254.40 0}{7254.40 8484.00 8776.00 9068.00 10881.60 2}{10881.60 0.00 0.00 0.00 14508.80 0}{14508.80 0.00 0.00 0.00 18136.00 0}
COMM 4b-2: 48b125_48b3a9_48b47d_48b536 (1 497.00 1 497.00 1 497.00){0.00 0.00 0.00 0.00 198.80 0}{198.80 0.00 0.00 0.00 397.60 0}{397.60 497.00 497.00 497.00 596.40 1}{596.40 0.00 0.00 0.00 795.20 0}{795.20 0.00 0.00 0.00 994.00 0}
LOOP0: iter: ( 124 )[ 2 -1 0 2 1 -1 3 1 0 ] mem: ( 1 )[ 1 -1 0 2 3 ]( 2 )[ 1 -1 1 1 0 ]
10 2 
12 155 
14 16 
1b 0 
2b ( 1 2 )[ 1 -1 0 1 0 ]
2b ( 3 3 3 3 3 3 3 3 3 3 3 3 3 3 3 3 3 3 3 3 3 3 3 3 3 3 3 3 3 3 3 3 3 3 3 3 3 3 3 3 3 3 3 3 3 3 3 3 3 3 3 3 3 3 3 3 3 3 3 3 3 3 2 2 2 2 2 2 2 2 2 2 2 2 2 2 2 2 2 2 2 2 2 2 2 2 2 2 2 2 2 2 2 2 2 2 2 2 2 2 2 2 2 2 2 2 2 2 2 2 2 2 2 2 2 2 2 2 2 2 2 2 2 2 )[ 1 -1 1 1 0 ]
2b ( 3 2 )[ 1 -1 3 1 0 ]
2b ( 2 2 2 2 2 2 2 2 2 2 2 2 2 2 2 2 2 2 2 2 2 2 2 2 2 2 2 2 2 2 2 2 2 2 2 2 2 2 2 2 2 2 2 2 2 2 2 2 2 2 2 2 2 2 2 2 2 2 2 2 2 2 1 1 1 1 1 1 1 1 1 1 1 1 1 1 1 1 1 1 1 1 1 1 1 1 1 1 1 1 1 1 1 1 1 1 1 1 1 1 1 1 1 1 1 1 1 1 1 1 1 1 1 1 1 1 1 1 1 1 1 1 1 1 )[ 1 -1 2 1 0 ]

RANKS: 1 -1 1 3 1
EVENT37: 1113 4821ca_48254a_482683_482777
COMP 4c-0: 47d709_47dace_47dc38_47dd57 (126 670.92 1 655.00 3 2001.00){0.00 0.00 0.00 0.00 266.00 0}{266.00 0.00 0.00 0.00 532.00 0}{532.00 655.00 660.33 665.00 1064.00 125}{1064.00 0.00 0.00 0.00 1330.00 0}{1330.00 2001.00 2001.00 2001.00 2672.00 1}
COMP 4c-1: 4821ca_48254a_482683_482777 (123 673.21 3 15.00 3 1350.00){0.00 0.00 0.00 0.00 6.00 0}{6.00 0.00 0.00 0.00 12.00 0}{12.00 15.00 17.95 18.00 24.00 62}{24.00 0.00 0.00 0.00 30.00 0}{30.00 1350.00 1350.00 1350.00 2670.00 61}
COMM 4b-0: 47d709_47dace_47dc38_47dd57 (126 5.94 1 3.00 1 16.00){0.00 3.00 3.53 4.00 5.60 47}{5.60 6.00 6.97 10.00 11.20 76}{11.20 14.00 15.00 16.00 16.80 3}{16.80 0.00 0.00 0.00 22.40 0}{22.40 0.00 0.00 0.00 28.00 0}
COMM 4b-1: 4821ca_48254a_482683_482777 (123 3.56 3 2.00 3 18.00){0.00 0.00 0.00 0.00 1.20 0}{1.20 2.00 2.00 2.00 2.40 7}{2.40 3.00 3.00 3.00 3.60 72}{3.60 4.00 4.19 6.00 6.00 42}{6.00 15.00 16.50 18.00 30.00 2}
LOOP0: iter: ( 124 )[ 1 -1 3 1 0 ] mem: ( 1 )[ 1 -1 3 1 0 ]
10 2 
12 155 
14 16 
1a ( 2 2 2 2 2 2 2 2 2 2 2 2 2 2 2 2 2 2 2 2 2 2 2 2 2 2 2 2 2 2 2 2 2 2 2 2 2 2 2 2 2 2 2 2 2 2 2 2 2 2 2 2 2 2 2 2 2 2 2 2 2 2 3 3 3 3 3 3 3 3 3 3 3 3 3 3 3 3 3 3 3 3 3 3 3 3 3 3 3 3 3 3 3 3 3 3 3 3 3 3 3 3 3 3 3 3 3 3 3 3 3 3 3 3 3 3 3 3 3 3 3 3 3 3 )[ 1 -1 1 1 0 ]
1a ( 3 2 )[ 1 -1 3 1 0 ]
1a ( 2 )[ 1 -1 2 1 0 ]
1b 0 

RANKS: 1 -1 0 4 1
EVENT38: 1004 46a5ff_46a95f_46aaa2_46ab94
COMP 4c-0: 47d709_47dace_47dc38_47dd57 (1 6115.00 0 6115.00 0 6115.00){0.00 0.00 0.00 0.00 2446.00 0}{2446.00 0.00 0.00 0.00 4892.00 0}{4892.00 6115.00 6115.00 6115.00 7338.00 1}{7338.00 0.00 0.00 0.00 9784.00 0}{9784.00 0.00 0.00 0.00 12230.00 0}
COMP 4c-1: 4821ca_48254a_482683_482777 (3 5475.00 2 5473.00 1 5476.00){0.00 0.00 0.00 0.00 2190.40 0}{2190.40 0.00 0.00 0.00 4380.80 0}{4380.80 5473.00 5474.67 5476.00 6571.20 3}{6571.20 0.00 0.00 0.00 8761.60 0}{8761.60 0.00 0.00 0.00 10952.00 0}
COMM 4b-0: 47d709_47dace_47dc38_47dd57 (1 22.00 0 22.00 0 22.00){0.00 0.00 0.00 0.00 8.80 0}{8.80 0.00 0.00 0.00 17.60 0}{17.60 22.00 22.00 22.00 26.40 1}{26.40 0.00 0.00 0.00 35.20 0}{35.20 0.00 0.00 0.00 44.00 0}
COMM 4b-1: 4821ca_48254a_482683_482777 (3 3730.25 1 453.00 3 7095.00){0.00 0.00 0.00 0.00 181.20 0}{181.20 0.00 0.00 0.00 362.40 0}{362.40 453.00 453.00 453.00 724.80 1}{724.80 0.00 0.00 0.00 906.00 0}{906.00 6920.00 7007.50 7095.00 13284.00 2}
10 2 
12 5 
14 16 
18 3 

RANKS: 1 -1 2 1 0
EVENT39: 1113 4821ca_48254a_482683_482777
COMP 4c-0: 46a5ff_46a95f_46aaa2_46ab94 (1 2926.00 2 2926.00 2 2926.00){0.00 0.00 0.00 0.00 1170.40 0}{1170.40 0.00 0.00 0.00 2340.80 0}{2340.80 2926.00 2926.00 2926.00 3511.20 1}{3511.20 0.00 0.00 0.00 4681.60 0}{4681.60 0.00 0.00 0.00 5852.00 0}
COMM 4b-0: 46a5ff_46a95f_46aaa2_46ab94 (1 116.00 2 116.00 2 116.00){0.00 0.00 0.00 0.00 46.40 0}{46.40 0.00 0.00 0.00 92.80 0}{92.80 116.00 116.00 116.00 139.20 1}{139.20 0.00 0.00 0.00 185.60 0}{185.60 0.00 0.00 0.00 232.00 0}
10 2 
12 20480 
14 16 
1a 1 
1b 0 

RANKS: 1 -1 1 3 1
EVENT40: 1090 47a096_47a46b_47a5d6_47a6f7
COMP 4c-0: 46a5ff_46a95f_46aaa2_46ab94 (2 2852.00 1 2852.00 1 2852.00){0.00 0.00 0.00 0.00 1140.80 0}{1140.80 0.00 0.00 0.00 2281.60 0}{2281.60 2852.00 2852.00 2852.00 3422.40 2}{3422.40 0.00 0.00 0.00 4563.20 0}{4563.20 0.00 0.00 0.00 5704.00 0}
COMP 4c-1: 4821ca_48254a_482683_482777 (2 14251.00 2 15.00 3 21369.00){0.00 15.00 15.00 15.00 8547.60 1}{8547.60 0.00 0.00 0.00 17095.20 0}{17095.20 21369.00 21369.00 21369.00 25642.80 1}{25642.80 0.00 0.00 0.00 34190.40 0}{34190.40 0.00 0.00 0.00 42738.00 0}
COMP 4c-2: 48b125_48b3a9_48b47d_48b536 (1 21413.00 2 21413.00 2 21413.00){0.00 0.00 0.00 0.00 8565.20 0}{8565.20 0.00 0.00 0.00 17130.40 0}{17130.40 21413.00 21413.00 21413.00 25695.60 1}{25695.60 0.00 0.00 0.00 34260.80 0}{34260.80 0.00 0.00 0.00 42826.00 0}
COMM 4b-0: 46a5ff_46a95f_46aaa2_46ab94 (2 2.33 1 2.00 3 3.00){0.00 0.00 0.00 0.00 0.80 0}{0.80 0.00 0.00 0.00 1.60 0}{1.60 2.00 2.00 2.00 2.40 1}{2.40 3.00 3.00 3.00 3.20 1}{3.20 0.00 0.00 0.00 4.00 0}
COMM 4b-1: 4821ca_48254a_482683_482777 (2 4.00 3 4.00 3 4.00){0.00 0.00 0.00 0.00 1.60 0}{1.60 0.00 0.00 0.00 3.20 0}{3.20 4.00 4.00 4.00 4.80 2}{4.80 0.00 0.00 0.00 6.40 0}{6.40 0.00 0.00 0.00 8.00 0}
COMM 4b-2: 48b125_48b3a9_48b47d_48b536 (1 3.00 2 3.00 2 3.00){0.00 0.00 0.00 0.00 1.20 0}{1.20 0.00 0.00 0.00 2.40 0}{2.40 3.00 3.00 3.00 3.60 1}{3.60 0.00 0.00 0.00 4.80 0}{4.80 0.00 0.00 0.00 6.00 0}
LOOP0: iter: ( 2 )[ 1 -1 2 2 1 ] mem: ( 3 )[ 1 -1 3 1 0 ]( 2 )[ 1 -1 2 1 0 ]
10 2 
12 20480 
14 16 
1b 0 
2b 2147483647 

RANKS: 1 -1 1 3 1
EVENT41: 1148 48b125_48b3a9_48b47d_48b536
COMP 4c-0: 47a096_47a46b_47a5d6_47a6f7 (5 14.83 3 14.00 1 15.00){0.00 0.00 0.00 0.00 6.00 0}{6.00 0.00 0.00 0.00 12.00 0}{12.00 14.00 14.80 15.00 18.00 5}{18.00 0.00 0.00 0.00 24.00 0}{24.00 0.00 0.00 0.00 30.00 0}
COMM 4b-0: 47a096_47a46b_47a5d6_47a6f7 (5 184.50 2 97.00 3 263.00){0.00 0.00 0.00 0.00 71.60 0}{71.60 97.00 116.00 135.00 143.20 2}{143.20 179.00 179.00 179.00 214.80 1}{214.80 254.00 258.50 263.00 286.40 2}{286.40 0.00 0.00 0.00 358.00 0}
1c 9999 

RANKS: 1 -1 0 4 1
EVENT42: 1113 4821ca_48254a_482683_482777
COMP 4c-0: 46a5ff_46a95f_46aaa2_46ab94 (1 2926.00 0 2926.00 0 2926.00){0.00 0.00 0.00 0.00 1170.40 0}{1170.40 0.00 0.00 0.00 2340.80 0}{2340.80 2926.00 2926.00 2926.00 3511.20 1}{3511.20 0.00 0.00 0.00 4681.60 0}{4681.60 0.00 0.00 0.00 5852.00 0}
COMP 4c-1: 4821ca_48254a_482683_482777 (1 21442.00 1 21442.00 1 21442.00){0.00 0.00 0.00 0.00 8576.80 0}{8576.80 0.00 0.00 0.00 17153.60 0}{17153.60 21442.00 21442.00 21442.00 25730.40 1}{25730.40 0.00 0.00 0.00 34307.20 0}{34307.20 0.00 0.00 0.00 42884.00 0}
COMP 4c-2: 48b125_48b3a9_48b47d_48b536 (5 7265.33 1 155.00 0 21485.00){0.00 155.00 155.50 157.00 8594.00 4}{8594.00 0.00 0.00 0.00 17188.00 0}{17188.00 21485.00 21485.00 21485.00 25782.00 1}{25782.00 0.00 0.00 0.00 34376.00 0}{34376.00 0.00 0.00 0.00 42970.00 0}
COMM 4b-0: 46a5ff_46a95f_46aaa2_46ab94 (1 135.00 0 135.00 0 135.00){0.00 0.00 0.00 0.00 54.00 0}{54.00 0.00 0.00 0.00 108.00 0}{108.00 135.00 135.00 135.00 162.00 1}{162.00 0.00 0.00 0.00 216.00 0}{216.00 0.00 0.00 0.00 270.00 0}
COMM 4b-1: 4821ca_48254a_482683_482777 (1 113.00 1 113.00 1 113.00){0.00 0.00 0.00 0.00 45.20 0}{45.20 0.00 0.00 0.00 90.40 0}{90.40 113.00 113.00 113.00 135.60 1}{135.60 0.00 0.00 0.00 180.80 0}{180.80 0.00 0.00 0.00 226.00 0}
COMM 4b-2: 48b125_48b3a9_48b47d_48b536 (5 143.67 1 104.00 3 250.00){0.00 0.00 0.00 0.00 44.80 0}{44.80 0.00 0.00 0.00 89.60 0}{89.60 104.00 107.67 112.00 134.40 3}{134.40 177.00 177.00 177.00 224.00 1}{224.00 250.00 250.00 250.00 276.00 1}
LOOP0: iter: ( 2 )[ 1 -1 0 2 1 ] mem: ( 3 )[ 1 -1 0 1 0 ]( 1 )[ 1 -1 1 1 0 ]
10 2 
12 20480 
14 16 
1a ( 1 2 )[ 1 -1 0 1 0 ]
1a ( 3 2 )[ 1 -1 1 2 2 ]
1a ( 2 )[ 1 -1 2 1 0 ]
1b 0 

RANKS: 1 -1 0 2 1
EVENT43: 1090 47a096_47a46b_47a5d6_47a6f7
COMP 4c-0: 4821ca_48254a_482683_482777 (3 14.50 0 14.00 1 16.00){0.00 0.00 0.00 0.00 5.60 0}{5.60 0.00 0.00 0.00 11.20 0}{11.20 14.00 14.67 16.00 16.80 3}{16.80 0.00 0.00 0.00 22.40 0}{22.40 0.00 0.00 0.00 28.00 0}
COMM 4b-0: 4821ca_48254a_482683_482777 (3 2.75 0 2.00 1 5.00){0.00 0.00 0.00 0.00 0.80 0}{0.80 0.00 0.00 0.00 1.60 0}{1.60 2.00 2.00 2.00 3.20 2}{3.20 0.00 0.00 0.00 4.00 0}{4.00 5.00 5.00 5.00 6.00 1}
10 2 
12 20480 
14 16 
1b 0 
2b 2147483647 

RANKS: 1 -1 0 2 1
EVENT44: 1148 48b125_48b3a9_48b47d_48b536
COMP 4c-0: 47a096_47a46b_47a5d6_47a6f7 (3 14.50 0 14.00 0 15.00){0.00 0.00 0.00 0.00 5.60 0}{5.60 0.00 0.00 0.00 11.20 0}{11.20 14.00 14.67 15.00 16.80 3}{16.80 0.00 0.00 0.00 22.40 0}{22.40 0.00 0.00 0.00 28.00 0}
COMM 4b-0: 47a096_47a46b_47a5d6_47a6f7 (3 152.50 1 102.00 0 236.00){0.00 0.00 0.00 0.00 54.40 0}{54.40 102.00 102.00 102.00 108.80 1}{108.80 136.00 136.00 136.00 163.20 1}{163.20 0.00 0.00 0.00 217.60 0}{217.60 236.00 236.00 236.00 272.00 1}
1c 9999 

RANKS: 1 -1 0 4 1
EVENT45: 1004 46a5ff_46a95f_46aaa2_46ab94
COMP 4c-0: 46a5ff_46a95f_46aaa2_46ab94 (8 10063.00 0 15.00 0 22623.00){0.00 0.00 0.00 0.00 6.00 0}{6.00 0.00 0.00 0.00 12.00 0}{12.00 15.00 15.00 15.00 24.00 4}{24.00 0.00 0.00 0.00 30.00 0}{30.00 22623.00 22623.00 22623.00 45216.00 4}
COMP 4c-1: 4821ca_48254a_482683_482777 (2 44550.67 2 44548.00 3 44552.00){0.00 0.00 0.00 0.00 17820.80 0}{17820.80 0.00 0.00 0.00 35641.60 0}{35641.60 44548.00 44550.00 44552.00 53462.40 2}{53462.40 0.00 0.00 0.00 71283.20 0}{71283.20 0.00 0.00 0.00 89104.00 0}
COMP 4c-2: 48b125_48b3a9_48b47d_48b536 (2 44601.67 1 44599.00 0 44603.00){0.00 0.00 0.00 0.00 17841.20 0}{17841.20 0.00 0.00 0.00 35682.40 0}{35682.40 44599.00 44601.00 44603.00 53523.60 2}{53523.60 0.00 0.00 0.00 71364.80 0}{71364.80 0.00 0.00 0.00 89206.00 0}
COMM 4b-0: 46a5ff_46a95f_46aaa2_46ab94 (8 85.33 2 15.00 0 154.00){0.00 15.00 27.25 46.00 61.60 4}{61.60 101.00 106.00 111.00 123.20 2}{123.20 139.00 146.50 154.00 184.80 2}{184.80 0.00 0.00 0.00 246.40 0}{246.40 0.00 0.00 0.00 308.00 0}
COMM 4b-1: 4821ca_48254a_482683_482777 (2 111.33 2 88.00 3 123.00){0.00 0.00 0.00 0.00 49.20 0}{49.20 88.00 88.00 88.00 98.40 1}{98.40 123.00 123.00 123.00 147.60 1}{147.60 0.00 0.00 0.00 196.80 0}{196.80 0.00 0.00 0.00 246.00 0}
COMM 4b-2: 48b125_48b3a9_48b47d_48b536 (2 38.67 0 24.00 1 68.00){0.00 0.00 0.00 0.00 9.60 0}{9.60 0.00 0.00 0.00 19.20 0}{19.20 24.00 24.00 24.00 38.40 1}{38.40 0.00 0.00 0.00 48.00 0}{48.00 68.00 68.00 68.00 88.00 1}
LOOP0: iter: ( 3 )[ 1 -1 0 4 1 ] mem: ( 1 )[ 1 -1 0 4 1 ]
10 2 
12 5 1 5 
14 16 
18 3 1 3 

RANKS: 1 -1 0 2 1
EVENT46: 1090 47a096_47a46b_47a5d6_47a6f7_45ed00
COMP 4c-0: 46a5ff_46a95f_46aaa2_46ab94 (2 64.67 1 64.00 0 65.00){0.00 0.00 0.00 0.00 26.00 0}{26.00 0.00 0.00 0.00 52.00 0}{52.00 64.00 64.50 65.00 78.00 2}{78.00 0.00 0.00 0.00 104.00 0}{104.00 0.00 0.00 0.00 130.00 0}
COMM 4b-0: 46a5ff_46a95f_46aaa2_46ab94 (2 2.67 0 2.00 1 4.00){0.00 0.00 0.00 0.00 0.80 0}{0.80 0.00 0.00 0.00 1.60 0}{1.60 2.00 2.00 2.00 2.40 1}{2.40 0.00 0.00 0.00 3.20 0}{3.20 4.00 4.00 4.00 4.00 1}
10 2 
12 64 
14 16 
1b 0 
2b 2147483647 

RANKS: 1 -1 0 2 1
EVENT47: 1148 48b125_48b3a9_48b47d_48b536_45ed19
COMP 4c-0: 47a096_47a46b_47a5d6_47a6f7_45ed00 (2 16.00 0 16.00 0 16.00){0.00 0.00 0.00 0.00 6.40 0}{6.40 0.00 0.00 0.00 12.80 0}{12.80 16.00 16.00 16.00 19.20 2}{19.20 0.00 0.00 0.00 25.60 0}{25.60 0.00 0.00 0.00 32.00 0}
COMM 4b-0: 47a096_47a46b_47a5d6_47a6f7_45ed00 (2 4.00 0 4.00 0 4.00){0.00 0.00 0.00 0.00 1.60 0}{1.60 0.00 0.00 0.00 3.20 0}{3.20 4.00 4.00 4.00 4.80 2}{4.80 0.00 0.00 0.00 6.40 0}{6.40 0.00 0.00 0.00 8.00 0}
1c 9999 

RANKS: 1 -1 2 1 0
EVENT48: 1113 4821ca_48254a_482683_482777_45edee
COMP 4c-0: 46a5ff_46a95f_46aaa2_46ab94 (1 63.00 2 63.00 2 63.00){0.00 0.00 0.00 0.00 25.20 0}{25.20 0.00 0.00 0.00 50.40 0}{50.40 63.00 63.00 63.00 75.60 1}{75.60 0.00 0.00 0.00 100.80 0}{100.80 0.00 0.00 0.00 126.00 0}
COMM 4b-0: 46a5ff_46a95f_46aaa2_46ab94 (1 5.00 2 5.00 2 5.00){0.00 0.00 0.00 0.00 2.00 0}{2.00 0.00 0.00 0.00 4.00 0}{4.00 5.00 5.00 5.00 6.00 1}{6.00 0.00 0.00 0.00 8.00 0}{8.00 0.00 0.00 0.00 10.00 0}
10 2 
12 64 
14 16 
1a 2 
1b 0 

RANKS: 1 -1 0 2 2
EVENT49: 1090 47a096_47a46b_47a5d6_47a6f7_45ee4a
COMP 4c-0: 4821ca_48254a_482683_482777_45edee (1 16.00 2 16.00 2 16.00){0.00 0.00 0.00 0.00 6.40 0}{6.40 0.00 0.00 0.00 12.80 0}{12.80 16.00 16.00 16.00 19.20 1}{19.20 0.00 0.00 0.00 25.60 0}{25.60 0.00 0.00 0.00 32.00 0}
COMP 4c-1: 48b125_48b3a9_48b47d_48b536_45ed19 (1 17.00 0 17.00 0 17.00){0.00 0.00 0.00 0.00 6.80 0}{6.80 0.00 0.00 0.00 13.60 0}{13.60 17.00 17.00 17.00 20.40 1}{20.40 0.00 0.00 0.00 27.20 0}{27.20 0.00 0.00 0.00 34.00 0}
COMM 4b-0: 4821ca_48254a_482683_482777_45edee (1 2.00 2 2.00 2 2.00){0.00 0.00 0.00 0.00 0.80 0}{0.80 0.00 0.00 0.00 1.60 0}{1.60 2.00 2.00 2.00 2.40 1}{2.40 0.00 0.00 0.00 3.20 0}{3.20 0.00 0.00 0.00 4.00 0}
COMM 4b-1: 48b125_48b3a9_48b47d_48b536_45ed19 (1 1.00 0 1.00 0 1.00){0.00 0.00 0.00 0.00 0.40 0}{0.40 0.00 0.00 0.00 0.80 0}{0.80 1.00 1.00 1.00 1.20 1}{1.20 0.00 0.00 0.00 1.60 0}{1.60 0.00 0.00 0.00 2.00 0}
10 2 
12 68 
14 16 
1b 0 
2b 2147483647 

RANKS: 1 -1 0 2 2
EVENT50: 1148 48b125_48b3a9_48b47d_48b536_45ee5f
COMP 4c-0: 47a096_47a46b_47a5d6_47a6f7_45ee4a (2 16.00 0 16.00 0 16.00){0.00 0.00 0.00 0.00 6.40 0}{6.40 0.00 0.00 0.00 12.80 0}{12.80 16.00 16.00 16.00 19.20 2}{19.20 0.00 0.00 0.00 25.60 0}{25.60 0.00 0.00 0.00 32.00 0}
COMM 4b-0: 47a096_47a46b_47a5d6_47a6f7_45ee4a (2 117.00 2 63.00 0 144.00){0.00 0.00 0.00 0.00 57.60 0}{57.60 63.00 63.00 63.00 115.20 1}{115.20 144.00 144.00 144.00 172.80 1}{172.80 0.00 0.00 0.00 230.40 0}{230.40 0.00 0.00 0.00 288.00 0}
1c 9999 

RANKS: 1 -1 3 1 0
EVENT51: 1113 4821ca_48254a_482683_482777_45edee
COMP 4c-0: 46a5ff_46a95f_46aaa2_46ab94 (1 63.00 3 63.00 3 63.00){0.00 0.00 0.00 0.00 25.20 0}{25.20 0.00 0.00 0.00 50.40 0}{50.40 63.00 63.00 63.00 75.60 1}{75.60 0.00 0.00 0.00 100.80 0}{100.80 0.00 0.00 0.00 126.00 0}
COMM 4b-0: 46a5ff_46a95f_46aaa2_46ab94 (1 10.00 3 10.00 3 10.00){0.00 0.00 0.00 0.00 4.00 0}{4.00 0.00 0.00 0.00 8.00 0}{8.00 10.00 10.00 10.00 12.00 1}{12.00 0.00 0.00 0.00 16.00 0}{16.00 0.00 0.00 0.00 20.00 0}
10 2 
12 64 
14 16 
1a 2 
1b 0 

RANKS: 1 -1 1 2 2
EVENT52: 1113 4821ca_48254a_482683_482777_45ef5f
COMP 4c-0: 4821ca_48254a_482683_482777_45edee (1 17.00 3 17.00 3 17.00){0.00 0.00 0.00 0.00 6.80 0}{6.80 0.00 0.00 0.00 13.60 0}{13.60 17.00 17.00 17.00 20.40 1}{20.40 0.00 0.00 0.00 27.20 0}{27.20 0.00 0.00 0.00 34.00 0}
COMP 4c-1: 48b125_48b3a9_48b47d_48b536_45ed19 (1 17.00 1 17.00 1 17.00){0.00 0.00 0.00 0.00 6.80 0}{6.80 0.00 0.00 0.00 13.60 0}{13.60 17.00 17.00 17.00 20.40 1}{20.40 0.00 0.00 0.00 27.20 0}{27.20 0.00 0.00 0.00 34.00 0}
COMM 4b-0: 4821ca_48254a_482683_482777_45edee (1 4.00 3 4.00 3 4.00){0.00 0.00 0.00 0.00 1.60 0}{1.60 0.00 0.00 0.00 3.20 0}{3.20 4.00 4.00 4.00 4.80 1}{4.80 0.00 0.00 0.00 6.40 0}{6.40 0.00 0.00 0.00 8.00 0}
COMM 4b-1: 48b125_48b3a9_48b47d_48b536_45ed19 (1 5.00 1 5.00 1 5.00){0.00 0.00 0.00 0.00 2.00 0}{2.00 0.00 0.00 0.00 4.00 0}{4.00 5.00 5.00 5.00 6.00 1}{6.00 0.00 0.00 0.00 8.00 0}{8.00 0.00 0.00 0.00 10.00 0}
10 2 
12 68 
14 16 
1a 3 
1b 0 

RANKS: 1 -1 0 4 1
EVENT53: 1004 46a5ff_46a95f_46aaa2_46ab94_466891
COMP 4c-0: 4821ca_48254a_482683_482777_45ef5f (2 33.33 3 32.00 1 34.00){0.00 0.00 0.00 0.00 13.60 0}{13.60 0.00 0.00 0.00 27.20 0}{27.20 32.00 33.00 34.00 40.80 2}{40.80 0.00 0.00 0.00 54.40 0}{54.40 0.00 0.00 0.00 68.00 0}
COMP 4c-1: 48b125_48b3a9_48b47d_48b536_45ee5f (2 34.33 2 33.00 0 35.00){0.00 0.00 0.00 0.00 14.00 0}{14.00 0.00 0.00 0.00 28.00 0}{28.00 33.00 34.00 35.00 42.00 2}{42.00 0.00 0.00 0.00 56.00 0}{56.00 0.00 0.00 0.00 70.00 0}
COMM 4b-0: 4821ca_48254a_482683_482777_45ef5f (2 72.00 1 7.00 3 202.00){0.00 0.00 0.00 0.00 2.80 0}{2.80 0.00 0.00 0.00 5.60 0}{5.60 7.00 7.00 7.00 11.20 1}{11.20 0.00 0.00 0.00 14.00 0}{14.00 202.00 202.00 202.00 390.00 1}
COMM 4b-1: 48b125_48b3a9_48b47d_48b536_45ee5f (2 125.33 0 121.00 2 134.00){0.00 0.00 0.00 0.00 48.40 0}{48.40 0.00 0.00 0.00 96.80 0}{96.80 121.00 127.50 134.00 145.20 2}{145.20 0.00 0.00 0.00 193.60 0}{193.60 0.00 0.00 0.00 242.00 0}
10 2 
12 1 
14 16 
18 3 

RANKS: 1 -1 0 2 2
EVENT54: 1090 47a096_47a46b_47a5d6_47a6f7
COMP 4c-0: 46a5ff_46a95f_46aaa2_46ab94_466891 (2 67.00 0 67.00 0 67.00){0.00 0.00 0.00 0.00 26.80 0}{26.80 0.00 0.00 0.00 53.60 0}{53.60 67.00 67.00 67.00 80.40 2}{80.40 0.00 0.00 0.00 107.20 0}{107.20 0.00 0.00 0.00 134.00 0}
COMM 4b-0: 46a5ff_46a95f_46aaa2_46ab94_466891 (2 1.33 0 1.00 2 2.00){0.00 0.00 0.00 0.00 0.40 0}{0.40 0.00 0.00 0.00 0.80 0}{0.80 1.00 1.00 1.00 1.20 1}{1.20 0.00 0.00 0.00 1.60 0}{1.60 2.00 2.00 2.00 2.00 1}
10 2 
12 64 
14 16 
1b 0 
2b 2147483647 

RANKS: 1 -1 0 2 2
EVENT55: 1148 48b125_48b3a9_48b47d_48b536
COMP 4c-0: 47a096_47a46b_47a5d6_47a6f7 (2 15.00 0 15.00 0 15.00){0.00 0.00 0.00 0.00 6.00 0}{6.00 0.00 0.00 0.00 12.00 0}{12.00 15.00 15.00 15.00 18.00 2}{18.00 0.00 0.00 0.00 24.00 0}{24.00 0.00 0.00 0.00 30.00 0}
COMM 4b-0: 47a096_47a46b_47a5d6_47a6f7 (2 6.33 2 3.00 0 8.00){0.00 3.00 3.00 3.00 3.20 1}{3.20 0.00 0.00 0.00 6.40 0}{6.40 8.00 8.00 8.00 9.60 1}{9.60 0.00 0.00 0.00 12.80 0}{12.80 0.00 0.00 0.00 16.00 0}
1c 9999 

RANKS: 1 -1 1 2 2
EVENT56: 1113 4821ca_48254a_482683_482777
COMP 4c-0: 46a5ff_46a95f_46aaa2_46ab94_466891 (2 67.00 1 67.00 1 67.00){0.00 0.00 0.00 0.00 26.80 0}{26.80 0.00 0.00 0.00 53.60 0}{53.60 67.00 67.00 67.00 80.40 2}{80.40 0.00 0.00 0.00 107.20 0}{107.20 0.00 0.00 0.00 134.00 0}
COMM 4b-0: 46a5ff_46a95f_46aaa2_46ab94_466891 (2 3.00 1 3.00 1 3.00){0.00 0.00 0.00 0.00 1.20 0}{1.20 0.00 0.00 0.00 2.40 0}{2.40 3.00 3.00 3.00 3.60 2}{3.60 0.00 0.00 0.00 4.80 0}{4.80 0.00 0.00 0.00 6.00 0}
10 2 
12 64 
14 16 
1a 3 
1b 0 

RANKS: 1 -1 0 4 1
EVENT57: 1004 46a5ff_46a95f_46aaa2_46ab94_466c64
COMP 4c-0: 4821ca_48254a_482683_482777 (2 50.00 1 50.00 1 50.00){0.00 0.00 0.00 0.00 20.00 0}{20.00 0.00 0.00 0.00 40.00 0}{40.00 50.00 50.00 50.00 60.00 2}{60.00 0.00 0.00 0.00 80.00 0}{80.00 0.00 0.00 0.00 100.00 0}
COMP 4c-1: 48b125_48b3a9_48b47d_48b536 (2 51.00 0 51.00 0 51.00){0.00 0.00 0.00 0.00 20.40 0}{20.40 0.00 0.00 0.00 40.80 0}{40.80 51.00 51.00 51.00 61.20 2}{61.20 0.00 0.00 0.00 81.60 0}{81.60 0.00 0.00 0.00 102.00 0}
COMM 4b-0: 4821ca_48254a_482683_482777 (2 108.00 1 97.00 3 130.00){0.00 0.00 0.00 0.00 38.80 0}{38.80 0.00 0.00 0.00 77.60 0}{77.60 97.00 97.00 97.00 116.40 1}{116.40 130.00 130.00 130.00 155.20 1}{155.20 0.00 0.00 0.00 194.00 0}
COMM 4b-1: 48b125_48b3a9_48b47d_48b536 (2 99.33 2 6.00 0 146.00){0.00 6.00 6.00 6.00 58.40 1}{58.40 0.00 0.00 0.00 116.80 0}{116.80 146.00 146.00 146.00 175.20 1}{175.20 0.00 0.00 0.00 233.60 0}{233.60 0.00 0.00 0.00 292.00 0}
10 2 
12 1 
14 16 
18 3 

RANKS: 1 -1 0 2 1
EVENT58: 1090 47a096_47a46b_47a5d6_47a6f7_45f138
COMP 4c-0: 46a5ff_46a95f_46aaa2_46ab94_466c64 (2 70.00 0 70.00 0 70.00){0.00 0.00 0.00 0.00 28.00 0}{28.00 0.00 0.00 0.00 56.00 0}{56.00 70.00 70.00 70.00 84.00 2}{84.00 0.00 0.00 0.00 112.00 0}{112.00 0.00 0.00 0.00 140.00 0}
COMM 4b-0: 46a5ff_46a95f_46aaa2_46ab94_466c64 (2 1.67 0 1.00 1 3.00){0.00 0.00 0.00 0.00 0.40 0}{0.40 0.00 0.00 0.00 0.80 0}{0.80 1.00 1.00 1.00 1.60 1}{1.60 0.00 0.00 0.00 2.00 0}{2.00 3.00 3.00 3.00 4.00 1}
10 2 
12 64 
14 16 
1b 0 
2b 2147483647 

RANKS: 1 -1 0 2 1
EVENT59: 1148 48b125_48b3a9_48b47d_48b536_45f14d
COMP 4c-0: 47a096_47a46b_47a5d6_47a6f7_45f138 (2 16.00 0 16.00 0 16.00){0.00 0.00 0.00 0.00 6.40 0}{6.40 0.00 0.00 0.00 12.80 0}{12.80 16.00 16.00 16.00 19.20 2}{19.20 0.00 0.00 0.00 25.60 0}{25.60 0.00 0.00 0.00 32.00 0}
COMM 4b-0: 47a096_47a46b_47a5d6_47a6f7_45f138 (2 4.00 0 4.00 0 4.00){0.00 0.00 0.00 0.00 1.60 0}{1.60 0.00 0.00 0.00 3.20 0}{3.20 4.00 4.00 4.00 4.80 2}{4.80 0.00 0.00 0.00 6.40 0}{6.40 0.00 0.00 0.00 8.00 0}
1c 9999 

RANKS: 1 -1 2 2 1
EVENT60: 1113 4821ca_48254a_482683_482777_45f1fa
COMP 4c-0: 46a5ff_46a95f_46aaa2_46ab94_466c64 (2 69.00 3 69.00 3 69.00){0.00 0.00 0.00 0.00 27.60 0}{27.60 0.00 0.00 0.00 55.20 0}{55.20 69.00 69.00 69.00 82.80 2}{82.80 0.00 0.00 0.00 110.40 0}{110.40 0.00 0.00 0.00 138.00 0}
COMM 4b-0: 46a5ff_46a95f_46aaa2_46ab94_466c64 (2 5.67 2 3.00 3 7.00){0.00 0.00 0.00 0.00 2.80 0}{2.80 3.00 3.00 3.00 5.60 1}{5.60 7.00 7.00 7.00 8.40 1}{8.40 0.00 0.00 0.00 11.20 0}{11.20 0.00 0.00 0.00 14.00 0}
10 2 
12 64 
14 16 
1a 2 
1b 0 

RANKS: 1 -1 0 4 1
EVENT61: 1004 46a5ff_46a95f_46aaa2_46ab94
COMP 4c-0: 4821ca_48254a_482683_482777_45f1fa (2 47.00 3 47.00 3 47.00){0.00 0.00 0.00 0.00 18.80 0}{18.80 0.00 0.00 0.00 37.60 0}{37.60 47.00 47.00 47.00 56.40 2}{56.40 0.00 0.00 0.00 75.20 0}{75.20 0.00 0.00 0.00 94.00 0}
COMP 4c-1: 48b125_48b3a9_48b47d_48b536_45f14d (2 50.00 0 50.00 0 50.00){0.00 0.00 0.00 0.00 20.00 0}{20.00 0.00 0.00 0.00 40.00 0}{40.00 50.00 50.00 50.00 60.00 2}{60.00 0.00 0.00 0.00 80.00 0}{80.00 0.00 0.00 0.00 100.00 0}
COMM 4b-0: 4821ca_48254a_482683_482777_45f1fa (2 119.33 3 77.00 2 204.00){0.00 0.00 0.00 0.00 30.80 0}{30.80 0.00 0.00 0.00 61.60 0}{61.60 77.00 77.00 77.00 123.20 1}{123.20 0.00 0.00 0.00 154.00 0}{154.00 204.00 204.00 204.00 254.00 1}
COMM 4b-1: 48b125_48b3a9_48b47d_48b536_45f14d (2 101.00 1 7.00 0 148.00){0.00 7.00 7.00 7.00 59.20 1}{59.20 0.00 0.00 0.00 118.40 0}{118.40 148.00 148.00 148.00 177.60 1}{177.60 0.00 0.00 0.00 236.80 0}{236.80 0.00 0.00 0.00 296.00 0}
10 2 
12 1 
14 16 
18 3 

RANKS: 1 -1 0 4 1
EVENT62: 1045 472f5f_472fd3_473039_473094
COMP 4c-0: 46a5ff_46a95f_46aaa2_46ab94 (4 2381.20 0 573.00 2 3646.00){0.00 0.00 0.00 0.00 229.20 0}{229.20 0.00 0.00 0.00 458.40 0}{458.40 573.00 573.00 573.00 916.80 1}{916.80 0.00 0.00 0.00 1146.00 0}{1146.00 3512.00 3586.67 3646.00 5878.00 3}

