RANKS: 1 -1 0 4 1
EVENT0: 1084 47965c_47971b_4797b1_47980c
33 2 
34 0 

RANKS: 1 -1 0 4 1
EVENT1: 1011 46d839_46db68_46dc83_46dd6f
COMP 4c-0: 46d839_46db68_46dc83_46dd6f (32 15.76 0 14.00 0 17.00){0.00 0.00 0.00 0.00 5.60 0}{5.60 0.00 0.00 0.00 11.20 0}{11.20 14.00 15.77 16.00 16.80 31}{16.80 17.00 17.00 17.00 22.40 1}{22.40 0.00 0.00 0.00 28.00 0}
COMP 4c-1: 47965c_47971b_4797b1_47980c (4 55.20 1 24.00 0 102.00){0.00 24.00 24.00 24.00 40.80 3}{40.80 0.00 0.00 0.00 81.60 0}{81.60 102.00 102.00 102.00 122.40 1}{122.40 0.00 0.00 0.00 163.20 0}{163.20 0.00 0.00 0.00 204.00 0}
COMM 4b-0: 46d839_46db68_46dc83_46dd6f (32 13.42 2 2.00 3 111.00){0.00 0.00 0.00 0.00 1.60 0}{1.60 2.00 2.80 3.00 3.20 10}{3.20 4.00 4.14 5.00 6.40 7}{6.40 7.00 7.22 8.00 8.00 9}{8.00 10.00 52.83 111.00 136.00 6}
COMM 4b-1: 47965c_47971b_4797b1_47980c (4 236.00 0 17.00 1 454.00){0.00 0.00 0.00 0.00 6.80 0}{6.80 0.00 0.00 0.00 13.60 0}{13.60 17.00 17.00 17.00 27.20 1}{27.20 0.00 0.00 0.00 34.00 0}{34.00 259.00 382.00 454.00 832.00 3}
LOOP0: iter: ( 9 )[ 1 -1 0 4 1 ] mem: ( 1 )[ 1 -1 0 4 1 ]
10 2 
12 1 1 1 1 1 5 1 1 1 
14 14 14 14 16 16 16 14 14 14 
19 0 

RANKS: 1 -1 2 1 0
EVENT2: 1113 48258a_48290a_482a43_482b37
COMP 4c-0: 46d839_46db68_46dc83_46dd6f (1 633452.00 2 633452.00 2 633452.00){0.00 0.00 0.00 0.00 253380.80 0}{253380.80 0.00 0.00 0.00 506761.60 0}{506761.60 633452.00 633452.00 633452.00 760142.40 1}{760142.40 0.00 0.00 0.00 1013523.20 0}{1013523.20 0.00 0.00 0.00 1266904.00 0}
COMM 4b-0: 46d839_46db68_46dc83_46dd6f (1 623.00 2 623.00 2 623.00){0.00 0.00 0.00 0.00 249.20 0}{249.20 0.00 0.00 0.00 498.40 0}{498.40 623.00 623.00 623.00 747.60 1}{747.60 0.00 0.00 0.00 996.80 0}{996.80 0.00 0.00 0.00 1246.00 0}
10 2 
12 52020 
14 16 
1a 1 
1b 0 

RANKS: 1 -1 1 2 1
EVENT3: 1090 47a456_47a82b_47a996_47aab7
COMP 4c-0: 46d839_46db68_46dc83_46dd6f (1 633279.00 1 633279.00 1 633279.00){0.00 0.00 0.00 0.00 253311.60 0}{253311.60 0.00 0.00 0.00 506623.20 0}{506623.20 633279.00 633279.00 633279.00 759934.80 1}{759934.80 0.00 0.00 0.00 1013246.40 0}{1013246.40 0.00 0.00 0.00 1266558.00 0}
COMP 4c-1: 48258a_48290a_482a43_482b37 (1 15.00 2 15.00 2 15.00){0.00 0.00 0.00 0.00 6.00 0}{6.00 0.00 0.00 0.00 12.00 0}{12.00 15.00 15.00 15.00 18.00 1}{18.00 0.00 0.00 0.00 24.00 0}{24.00 0.00 0.00 0.00 30.00 0}
COMP 4c-2: 48b4e5_48b769_48b83d_48b8f6 (1 93824.00 2 93824.00 2 93824.00){0.00 0.00 0.00 0.00 37529.60 0}{37529.60 0.00 0.00 0.00 75059.20 0}{75059.20 93824.00 93824.00 93824.00 112588.80 1}{112588.80 0.00 0.00 0.00 150118.40 0}{150118.40 0.00 0.00 0.00 187648.00 0}
COMM 4b-0: 46d839_46db68_46dc83_46dd6f (1 10.00 1 10.00 1 10.00){0.00 0.00 0.00 0.00 4.00 0}{4.00 0.00 0.00 0.00 8.00 0}{8.00 10.00 10.00 10.00 12.00 1}{12.00 0.00 0.00 0.00 16.00 0}{16.00 0.00 0.00 0.00 20.00 0}
COMM 4b-1: 48258a_48290a_482a43_482b37 (1 9.00 2 9.00 2 9.00){0.00 0.00 0.00 0.00 3.60 0}{3.60 0.00 0.00 0.00 7.20 0}{7.20 9.00 9.00 9.00 10.80 1}{10.80 0.00 0.00 0.00 14.40 0}{14.40 0.00 0.00 0.00 18.00 0}
COMM 4b-2: 48b4e5_48b769_48b83d_48b8f6 (1 8.00 2 8.00 2 8.00){0.00 0.00 0.00 0.00 3.20 0}{3.20 0.00 0.00 0.00 6.40 0}{6.40 8.00 8.00 8.00 9.60 1}{9.60 0.00 0.00 0.00 12.80 0}{12.80 0.00 0.00 0.00 16.00 0}
LOOP0: iter: ( 2 )[ 1 -1 2 1 0 ] mem: ( 2 )[ 1 -1 2 1 0 ]
10 2 
12 52020 
14 16 
1b 0 
2b 2147483647 

RANKS: 1 -1 1 2 1
EVENT4: 1148 48b4e5_48b769_48b83d_48b8f6
COMP 4c-0: 47a456_47a82b_47a996_47aab7 (3 15.75 2 15.00 1 16.00){0.00 0.00 0.00 0.00 6.40 0}{6.40 0.00 0.00 0.00 12.80 0}{12.80 15.00 15.67 16.00 19.20 3}{19.20 0.00 0.00 0.00 25.60 0}{25.60 0.00 0.00 0.00 32.00 0}
COMM 4b-0: 47a456_47a82b_47a996_47aab7 (3 1976.00 2 736.00 2 2932.00){0.00 736.00 736.00 736.00 847.20 1}{847.20 0.00 0.00 0.00 1694.40 0}{1694.40 2118.00 2118.00 2118.00 2541.60 1}{2541.60 2932.00 2932.00 2932.00 3388.80 1}{3388.80 0.00 0.00 0.00 4236.00 0}
1c 9999 

RANKS: 1 -1 1 2 1
EVENT5: 1113 48258a_48290a_482a43_482b37
COMP 4c-0: 48258a_48290a_482a43_482b37 (2 129144.33 1 93899.00 2 199635.00){0.00 0.00 0.00 0.00 37559.60 0}{37559.60 0.00 0.00 0.00 75119.20 0}{75119.20 93899.00 93899.00 93899.00 150238.40 1}{150238.40 0.00 0.00 0.00 187798.00 0}{187798.00 199635.00 199635.00 199635.00 211472.00 1}
COMP 4c-1: 48b4e5_48b769_48b83d_48b8f6 (2 371.67 1 371.00 2 373.00){0.00 0.00 0.00 0.00 148.40 0}{148.40 0.00 0.00 0.00 296.80 0}{296.80 371.00 372.00 373.00 445.20 2}{445.20 0.00 0.00 0.00 593.60 0}{593.60 0.00 0.00 0.00 742.00 0}
COMM 4b-0: 48258a_48290a_482a43_482b37 (2 257.33 2 254.00 1 259.00){0.00 0.00 0.00 0.00 103.60 0}{103.60 0.00 0.00 0.00 207.20 0}{207.20 254.00 256.50 259.00 310.80 2}{310.80 0.00 0.00 0.00 414.40 0}{414.40 0.00 0.00 0.00 518.00 0}
COMM 4b-1: 48b4e5_48b769_48b83d_48b8f6 (2 443.33 2 244.00 1 543.00){0.00 0.00 0.00 0.00 217.20 0}{217.20 244.00 244.00 244.00 434.40 1}{434.40 543.00 543.00 543.00 651.60 1}{651.60 0.00 0.00 0.00 868.80 0}{868.80 0.00 0.00 0.00 1086.00 0}
LOOP0: iter: ( 2 )[ 1 -1 1 2 1 ] mem: ( 1 )[ 1 -1 1 2 1 ]
10 2 
12 52020 
14 16 
1a ( 3 2 )[ 1 -1 1 1 0 ]
1a ( 2 1 )[ 1 -1 2 1 0 ]
1b 0 

RANKS: 1 -1 1 3 1
EVENT6: 1090 47a456_47a82b_47a996_47aab7
COMP 4c-0: 46d839_46db68_46dc83_46dd6f (1 633295.00 3 633295.00 3 633295.00){0.00 0.00 0.00 0.00 253318.00 0}{253318.00 0.00 0.00 0.00 506636.00 0}{506636.00 633295.00 633295.00 633295.00 759954.00 1}{759954.00 0.00 0.00 0.00 1013272.00 0}{1013272.00 0.00 0.00 0.00 1266590.00 0}
COMP 4c-1: 48258a_48290a_482a43_482b37 (5 64449.83 1 16.00 3 199451.00){0.00 0.00 0.00 0.00 6.40 0}{6.40 0.00 0.00 0.00 12.80 0}{12.80 16.00 16.00 16.00 32.00 2}{32.00 93485.00 93600.00 93715.00 186938.00 2}{186938.00 199451.00 199451.00 199451.00 211964.00 1}
COMP 4c-2: 48b4e5_48b769_48b83d_48b8f6 (2 164248.33 2 93595.00 1 199575.00){0.00 0.00 0.00 0.00 79830.00 0}{79830.00 93595.00 93595.00 93595.00 159660.00 1}{159660.00 199575.00 199575.00 199575.00 239490.00 1}{239490.00 0.00 0.00 0.00 319320.00 0}{319320.00 0.00 0.00 0.00 399150.00 0}
COMM 4b-0: 46d839_46db68_46dc83_46dd6f (1 7.00 3 7.00 3 7.00){0.00 0.00 0.00 0.00 2.80 0}{2.80 0.00 0.00 0.00 5.60 0}{5.60 7.00 7.00 7.00 8.40 1}{8.40 0.00 0.00 0.00 11.20 0}{11.20 0.00 0.00 0.00 14.00 0}
COMM 4b-1: 48258a_48290a_482a43_482b37 (5 4.00 1 4.00 1 4.00){0.00 0.00 0.00 0.00 1.60 0}{1.60 0.00 0.00 0.00 3.20 0}{3.20 4.00 4.00 4.00 4.80 5}{4.80 0.00 0.00 0.00 6.40 0}{6.40 0.00 0.00 0.00 8.00 0}
COMM 4b-2: 48b4e5_48b769_48b83d_48b8f6 (2 8.00 1 8.00 1 8.00){0.00 0.00 0.00 0.00 3.20 0}{3.20 0.00 0.00 0.00 6.40 0}{6.40 8.00 8.00 8.00 9.60 2}{9.60 0.00 0.00 0.00 12.80 0}{12.80 0.00 0.00 0.00 16.00 0}
LOOP0: iter: ( 2 )[ 1 -1 1 2 1 ]( 4 )[ 1 -1 3 1 0 ] mem: ( 2 )[ 1 -1 1 2 1 ]( 3 )[ 1 -1 3 1 0 ]
10 2 
12 52020 
14 16 
1b 0 
2b 2147483647 

RANKS: 1 -1 1 3 1
EVENT7: 1148 48b4e5_48b769_48b83d_48b8f6
COMP 4c-0: 47a456_47a82b_47a996_47aab7 (8 15.00 3 14.00 3 16.00){0.00 0.00 0.00 0.00 6.00 0}{6.00 0.00 0.00 0.00 12.00 0}{12.00 14.00 15.00 16.00 18.00 8}{18.00 0.00 0.00 0.00 24.00 0}{24.00 0.00 0.00 0.00 30.00 0}
COMM 4b-0: 47a456_47a82b_47a996_47aab7 (8 790.22 1 331.00 3 2934.00){0.00 0.00 0.00 0.00 264.80 0}{264.80 331.00 344.50 358.00 529.60 2}{529.60 554.00 575.25 603.00 662.00 4}{662.00 857.00 857.00 857.00 1052.00 1}{1052.00 2934.00 2934.00 2934.00 4816.00 1}
1c 9999 

RANKS: 1 -1 0 4 1
EVENT8: 1113 48258a_48290a_482a43_482b37
COMP 4c-0: 46d839_46db68_46dc83_46dd6f (1 633436.00 0 633436.00 0 633436.00){0.00 0.00 0.00 0.00 253374.40 0}{253374.40 0.00 0.00 0.00 506748.80 0}{506748.80 633436.00 633436.00 633436.00 760123.20 1}{760123.20 0.00 0.00 0.00 1013497.60 0}{1013497.60 0.00 0.00 0.00 1266872.00 0}
COMP 4c-1: 48258a_48290a_482a43_482b37 (1 93665.00 1 93665.00 1 93665.00){0.00 0.00 0.00 0.00 37466.00 0}{37466.00 0.00 0.00 0.00 74932.00 0}{74932.00 93665.00 93665.00 93665.00 112398.00 1}{112398.00 0.00 0.00 0.00 149864.00 0}{149864.00 0.00 0.00 0.00 187330.00 0}
COMP 4c-2: 48b4e5_48b769_48b83d_48b8f6 (9 48379.40 3 370.00 0 199767.00){0.00 370.00 371.50 373.00 37603.20 6}{37603.20 0.00 0.00 0.00 75206.40 0}{75206.40 93782.00 93895.00 94008.00 150412.80 2}{150412.80 0.00 0.00 0.00 188016.00 0}{188016.00 199767.00 199767.00 199767.00 211518.00 1}
COMM 4b-0: 46d839_46db68_46dc83_46dd6f (1 552.00 0 552.00 0 552.00){0.00 0.00 0.00 0.00 220.80 0}{220.80 0.00 0.00 0.00 441.60 0}{441.60 552.00 552.00 552.00 662.40 1}{662.40 0.00 0.00 0.00 883.20 0}{883.20 0.00 0.00 0.00 1104.00 0}
COMM 4b-1: 48258a_48290a_482a43_482b37 (1 254.00 1 254.00 1 254.00){0.00 0.00 0.00 0.00 101.60 0}{101.60 0.00 0.00 0.00 203.20 0}{203.20 254.00 254.00 254.00 304.80 1}{304.80 0.00 0.00 0.00 406.40 0}{406.40 0.00 0.00 0.00 508.00 0}
COMM 4b-2: 48b4e5_48b769_48b83d_48b8f6 (9 278.00 1 236.00 3 607.00){0.00 0.00 0.00 0.00 98.40 0}{98.40 0.00 0.00 0.00 196.80 0}{196.80 236.00 240.88 246.00 393.60 8}{393.60 0.00 0.00 0.00 492.00 0}{492.00 607.00 607.00 607.00 722.00 1}
LOOP0: iter: ( 4 )[ 1 -1 0 1 0 ]( 2 )[ 1 -1 1 1 0 ] mem: ( 3 )[ 1 -1 0 1 0 ]( 1 )[ 1 -1 1 1 0 ]
10 2 
12 52020 
14 16 
1a ( 1 2 )[ 1 -1 0 1 0 ]
1a ( 3 2 )[ 1 -1 1 2 2 ]
1a ( 2 )[ 1 -1 2 1 0 ]
1b 0 

RANKS: 1 -1 0 2 1
EVENT9: 1090 47a456_47a82b_47a996_47aab7
COMP 4c-0: 48258a_48290a_482a43_482b37 (5 14.83 0 14.00 1 16.00){0.00 0.00 0.00 0.00 6.00 0}{6.00 0.00 0.00 0.00 12.00 0}{12.00 14.00 14.80 16.00 18.00 5}{18.00 0.00 0.00 0.00 24.00 0}{24.00 0.00 0.00 0.00 30.00 0}
COMM 4b-0: 48258a_48290a_482a43_482b37 (5 3.83 0 3.00 0 5.00){0.00 0.00 0.00 0.00 2.00 0}{2.00 3.00 3.25 4.00 4.00 4}{4.00 5.00 5.00 5.00 6.00 1}{6.00 0.00 0.00 0.00 8.00 0}{8.00 0.00 0.00 0.00 10.00 0}
10 2 
12 52020 
14 16 
1b 0 
2b 2147483647 

RANKS: 1 -1 0 2 1
EVENT10: 1148 48b4e5_48b769_48b83d_48b8f6
COMP 4c-0: 47a456_47a82b_47a996_47aab7 (5 15.33 0 15.00 0 16.00){0.00 0.00 0.00 0.00 6.40 0}{6.40 0.00 0.00 0.00 12.80 0}{12.80 15.00 15.20 16.00 19.20 5}{19.20 0.00 0.00 0.00 25.60 0}{25.60 0.00 0.00 0.00 32.00 0}
COMM 4b-0: 47a456_47a82b_47a996_47aab7 (5 588.33 1 364.00 0 766.00){0.00 0.00 0.00 0.00 306.40 0}{306.40 364.00 499.50 596.00 612.80 4}{612.80 766.00 766.00 766.00 919.20 1}{919.20 0.00 0.00 0.00 1225.60 0}{1225.60 0.00 0.00 0.00 1532.00 0}
1c 9999 

RANKS: 1 -1 0 4 1
EVENT11: 1004 46a9bf_46ad1f_46ae62_46af54
COMP 4c-0: 48258a_48290a_482a43_482b37 (2 194744.67 2 194742.00 3 194746.00){0.00 0.00 0.00 0.00 77898.40 0}{77898.40 0.00 0.00 0.00 155796.80 0}{155796.80 194742.00 194744.00 194746.00 233695.20 2}{233695.20 0.00 0.00 0.00 311593.60 0}{311593.60 0.00 0.00 0.00 389492.00 0}
COMP 4c-1: 48b4e5_48b769_48b83d_48b8f6 (2 194872.33 1 194869.00 0 194874.00){0.00 0.00 0.00 0.00 77949.60 0}{77949.60 0.00 0.00 0.00 155899.20 0}{155899.20 194869.00 194871.50 194874.00 233848.80 2}{233848.80 0.00 0.00 0.00 311798.40 0}{311798.40 0.00 0.00 0.00 389748.00 0}
COMM 4b-0: 48258a_48290a_482a43_482b37 (2 285.67 2 93.00 3 382.00){0.00 93.00 93.00 93.00 152.80 1}{152.80 0.00 0.00 0.00 305.60 0}{305.60 382.00 382.00 382.00 458.40 1}{458.40 0.00 0.00 0.00 611.20 0}{611.20 0.00 0.00 0.00 764.00 0}
COMM 4b-1: 48b4e5_48b769_48b83d_48b8f6 (2 104.00 0 39.00 1 234.00){0.00 0.00 0.00 0.00 15.60 0}{15.60 0.00 0.00 0.00 31.20 0}{31.20 39.00 39.00 39.00 62.40 1}{62.40 0.00 0.00 0.00 78.00 0}{78.00 234.00 234.00 234.00 390.00 1}
10 2 
12 5 
14 16 
18 3 

RANKS: 1 -1 0 4 1
EVENT12: 1010 46d350_46d585_46d629_46d6a5
COMP 4c-0: 46a9bf_46ad1f_46ae62_46af54 (4 14.40 0 14.00 3 15.00){0.00 0.00 0.00 0.00 5.60 0}{5.60 0.00 0.00 0.00 11.20 0}{11.20 14.00 14.50 15.00 16.80 4}{16.80 0.00 0.00 0.00 22.40 0}{22.40 0.00 0.00 0.00 28.00 0}
COMM 4b-0: 46a9bf_46ad1f_46ae62_46af54 (4 247.40 2 152.00 3 369.00){0.00 0.00 0.00 0.00 111.60 0}{111.60 152.00 155.00 158.00 223.20 2}{223.20 279.00 279.00 279.00 334.80 1}{334.80 369.00 369.00 369.00 446.40 1}{446.40 0.00 0.00 0.00 558.00 0}
10 2 

RANKS: 1 -1 1 3 1
EVENT13: 1102 47dac9_47de8e_47dff8_47e117
COMP 4c-0: 46d350_46d585_46d629_46d6a5 (3 12711.00 1 12711.00 1 12711.00){0.00 0.00 0.00 0.00 5084.40 0}{5084.40 0.00 0.00 0.00 10168.80 0}{10168.80 12711.00 12711.00 12711.00 15253.20 3}{15253.20 0.00 0.00 0.00 20337.60 0}{20337.60 0.00 0.00 0.00 25422.00 0}
COMP 4c-1: 47dac9_47de8e_47dff8_47e117 (199 1791.28 3 16.00 3 3601.00){0.00 0.00 0.00 0.00 6.40 0}{6.40 0.00 0.00 0.00 12.80 0}{12.80 16.00 17.42 18.00 25.60 100}{25.60 0.00 0.00 0.00 32.00 0}{32.00 3600.00 3600.99 3601.00 7168.00 99}
COMP 4c-2: 48258a_48290a_482a43_482b37 (398 1863.30 1 1810.00 1 1914.00){0.00 0.00 0.00 0.00 764.00 0}{764.00 0.00 0.00 0.00 1528.00 0}{1528.00 1810.00 1863.19 1914.00 2292.00 398}{2292.00 0.00 0.00 0.00 3056.00 0}{3056.00 0.00 0.00 0.00 3820.00 0}
COMM 4b-0: 46d350_46d585_46d629_46d6a5 (3 699.25 1 475.00 3 1259.00){0.00 0.00 0.00 0.00 190.00 0}{190.00 0.00 0.00 0.00 380.00 0}{380.00 475.00 531.50 588.00 760.00 2}{760.00 0.00 0.00 0.00 950.00 0}{950.00 1259.00 1259.00 1259.00 1568.00 1}
COMM 4b-1: 47dac9_47de8e_47dff8_47e117 (199 9.70 3 1.00 3 259.00){0.00 1.00 1.00 1.00 1.20 2}{1.20 2.00 2.00 2.00 2.40 39}{2.40 3.00 3.75 4.00 4.80 87}{4.80 5.00 5.23 6.00 6.00 26}{6.00 7.00 30.98 259.00 348.00 45}
COMM 4b-2: 48258a_48290a_482a43_482b37 (398 36.29 2 2.00 1 3345.00){0.00 2.00 9.33 31.00 31.20 262}{31.20 32.00 35.81 45.00 46.80 111}{46.80 48.00 52.75 58.00 78.00 8}{78.00 80.00 131.80 234.00 260.00 15}{260.00 2277.00 2811.00 3345.00 6430.00 2}
LOOP0: iter: ( 200 )[ 1 -1 1 3 1 ] mem: ( 2 )[ 1 -1 1 2 1 ]( 1 )[ 1 -1 3 1 0 ]
10 2 
12 250 
14 16 
1b 0 
2b ( 3 3 3 3 3 3 3 3 3 3 3 3 3 3 3 3 3 3 3 3 3 3 3 3 3 3 3 3 3 3 3 3 3 3 3 3 3 3 3 3 3 3 3 3 3 3 3 3 3 3 3 3 3 3 3 3 3 3 3 3 3 3 3 3 3 3 3 3 3 3 3 3 3 3 3 3 3 3 3 3 3 3 3 3 3 3 3 3 3 3 3 3 3 3 3 3 3 3 3 3 2 2 2 2 2 2 2 2 2 2 2 2 2 2 2 2 2 2 2 2 2 2 2 2 2 2 2 2 2 2 2 2 2 2 2 2 2 2 2 2 2 2 2 2 2 2 2 2 2 2 2 2 2 2 2 2 2 2 2 2 2 2 2 2 2 2 2 2 2 2 2 2 2 2 2 2 2 2 2 2 2 2 2 2 2 2 2 2 2 2 2 2 2 2 2 2 2 2 2 2 )[ 1 -1 1 1 0 ]
2b ( 3 2 )[ 1 -1 3 1 0 ]
2b ( 2 2 2 2 2 2 2 2 2 2 2 2 2 2 2 2 2 2 2 2 2 2 2 2 2 2 2 2 2 2 2 2 2 2 2 2 2 2 2 2 2 2 2 2 2 2 2 2 2 2 2 2 2 2 2 2 2 2 2 2 2 2 2 2 2 2 2 2 2 2 2 2 2 2 2 2 2 2 2 2 2 2 2 2 2 2 2 2 2 2 2 2 2 2 2 2 2 2 2 2 1 1 1 1 1 1 1 1 1 1 1 1 1 1 1 1 1 1 1 1 1 1 1 1 1 1 1 1 1 1 1 1 1 1 1 1 1 1 1 1 1 1 1 1 1 1 1 1 1 1 1 1 1 1 1 1 1 1 1 1 1 1 1 1 1 1 1 1 1 1 1 1 1 1 1 1 1 1 1 1 1 1 1 1 1 1 1 1 1 1 1 1 1 1 1 1 1 1 1 1 )[ 1 -1 2 1 0 ]

RANKS: 1 -1 2 1 0
EVENT14: 1113 48258a_48290a_482a43_482b37
COMP 4c-0: 47dac9_47de8e_47dff8_47e117 (200 1691.75 2 1679.00 2 1705.00){0.00 0.00 0.00 0.00 681.60 0}{681.60 0.00 0.00 0.00 1363.20 0}{1363.20 1679.00 1691.69 1705.00 2044.80 200}{2044.80 0.00 0.00 0.00 2726.40 0}{2726.40 0.00 0.00 0.00 3408.00 0}
COMM 4b-0: 47dac9_47de8e_47dff8_47e117 (200 4.61 2 3.00 2 137.00){0.00 3.00 3.68 5.00 5.60 193}{5.60 7.00 7.33 8.00 11.20 3}{11.20 12.00 14.33 17.00 22.40 3}{22.40 0.00 0.00 0.00 28.00 0}{28.00 137.00 137.00 137.00 246.00 1}
10 2 
12 250 
14 16 
1a 1 1 1 1 1 1 1 1 1 1 1 1 1 1 1 1 1 1 1 1 1 1 1 1 1 1 1 1 1 1 1 1 1 1 1 1 1 1 1 1 1 1 1 1 1 1 1 1 1 1 1 1 1 1 1 1 1 1 1 1 1 1 1 1 1 1 1 1 1 1 1 1 1 1 1 1 1 1 1 1 1 1 1 1 1 1 1 1 1 1 1 1 1 1 1 1 1 1 1 1 2 2 2 2 2 2 2 2 2 2 2 2 2 2 2 2 2 2 2 2 2 2 2 2 2 2 2 2 2 2 2 2 2 2 2 2 2 2 2 2 2 2 2 2 2 2 2 2 2 2 2 2 2 2 2 2 2 2 2 2 2 2 2 2 2 2 2 2 2 2 2 2 2 2 2 2 2 2 2 2 2 2 2 2 2 2 2 2 2 2 2 2 2 2 2 2 2 2 2 2 
1b 0 

RANKS: 1 -1 0 4 1
EVENT15: 1113 48258a_48290a_482a43_482b37
COMP 4c-0: 46a9bf_46ad1f_46ae62_46af54 (1 555440.00 2 555440.00 2 555440.00){0.00 0.00 0.00 0.00 222176.00 0}{222176.00 0.00 0.00 0.00 444352.00 0}{444352.00 555440.00 555440.00 555440.00 666528.00 1}{666528.00 0.00 0.00 0.00 888704.00 0}{888704.00 0.00 0.00 0.00 1110880.00 0}
COMP 4c-1: 46d350_46d585_46d629_46d6a5 (1 14399.00 0 14399.00 0 14399.00){0.00 0.00 0.00 0.00 5759.60 0}{5759.60 0.00 0.00 0.00 11519.20 0}{11519.20 14399.00 14399.00 14399.00 17278.80 1}{17278.80 0.00 0.00 0.00 23038.40 0}{23038.40 0.00 0.00 0.00 28798.00 0}
COMP 4c-2: 47dac9_47de8e_47dff8_47e117 (201 1709.28 1 1679.00 3 5164.00){0.00 0.00 0.00 0.00 681.60 0}{681.60 0.00 0.00 0.00 1363.20 0}{1363.20 1679.00 1692.03 1705.00 2726.40 200}{2726.40 0.00 0.00 0.00 3408.00 0}{3408.00 5164.00 5164.00 5164.00 6920.00 1}
COMP 4c-3: 48258a_48290a_482a43_482b37 (399 1819.10 0 16.00 2 23708.00){0.00 0.00 0.00 0.00 6.40 0}{6.40 0.00 0.00 0.00 12.80 0}{12.80 16.00 16.99 17.00 32.00 200}{32.00 3474.00 3537.98 3601.00 7168.00 198}{7168.00 23708.00 23708.00 23708.00 40248.00 1}
COMM 4b-0: 46a9bf_46ad1f_46ae62_46af54 (1 251.00 2 251.00 2 251.00){0.00 0.00 0.00 0.00 100.40 0}{100.40 0.00 0.00 0.00 200.80 0}{200.80 251.00 251.00 251.00 301.20 1}{301.20 0.00 0.00 0.00 401.60 0}{401.60 0.00 0.00 0.00 502.00 0}
COMM 4b-1: 46d350_46d585_46d629_46d6a5 (1 11.00 0 11.00 0 11.00){0.00 0.00 0.00 0.00 4.40 0}{4.40 0.00 0.00 0.00 8.80 0}{8.80 11.00 11.00 11.00 13.20 1}{13.20 0.00 0.00 0.00 17.60 0}{17.60 0.00 0.00 0.00 22.00 0}
COMM 4b-2: 47dac9_47de8e_47dff8_47e117 (201 4.60 1 3.00 1 152.00){0.00 3.00 3.63 5.00 5.60 191}{5.60 6.00 7.00 8.00 11.20 8}{11.20 14.00 14.00 14.00 22.40 1}{22.40 0.00 0.00 0.00 28.00 0}{28.00 152.00 152.00 152.00 276.00 1}
COMM 4b-3: 48258a_48290a_482a43_482b37 (399 7.25 0 2.00 2 761.00){0.00 0.00 0.00 0.00 1.20 0}{1.20 2.00 3.64 6.00 6.00 381}{6.00 7.00 8.83 10.00 14.00 6}{14.00 15.00 63.45 197.00 380.00 11}{380.00 761.00 761.00 761.00 1142.00 1}
LOOP0: iter: ( 200 )[ 1 -1 0 2 3 ]( 2 )[ 1 -1 2 1 0 ] mem: ( 1 )[ 1 -1 0 2 3 ]( 5 )[ 1 -1 2 1 0 ]
10 2 
12 ( 250 )[ 2 -1 0 2 1 -1 3 1 0 ]
12 ( 52020 )[ 1 -1 2 1 0 ]
14 16 
1a ( 1 2 )[ 1 -1 0 1 0 ]
1a ( 2 2 2 2 2 2 2 2 2 2 2 2 2 2 2 2 2 2 2 2 2 2 2 2 2 2 2 2 2 2 2 2 2 2 2 2 2 2 2 2 2 2 2 2 2 2 2 2 2 2 2 2 2 2 2 2 2 2 2 2 2 2 2 2 2 2 2 2 2 2 2 2 2 2 2 2 2 2 2 2 2 2 2 2 2 2 2 2 2 2 2 2 2 2 2 2 2 2 2 2 3 3 3 3 3 3 3 3 3 3 3 3 3 3 3 3 3 3 3 3 3 3 3 3 3 3 3 3 3 3 3 3 3 3 3 3 3 3 3 3 3 3 3 3 3 3 3 3 3 3 3 3 3 3 3 3 3 3 3 3 3 3 3 3 3 3 3 3 3 3 3 3 3 3 3 3 3 3 3 3 3 3 3 3 3 3 3 3 3 3 3 3 3 3 3 3 3 3 3 3 )[ 1 -1 1 1 0 ]
1a ( 3 2 )[ 1 -1 3 1 0 ]
1a ( 1 )[ 1 -1 2 1 0 ]
1b 0 

RANKS: 1 -1 0 1 0
EVENT16: 1102 47dac9_47de8e_47dff8_47e117
COMP 4c-0: 47dac9_47de8e_47dff8_47e117 (199 1728.83 0 16.00 0 3475.00){0.00 0.00 0.00 0.00 6.40 0}{6.40 0.00 0.00 0.00 12.80 0}{12.80 16.00 17.25 18.00 25.60 100}{25.60 0.00 0.00 0.00 32.00 0}{32.00 3474.00 3474.99 3475.00 6916.00 99}
COMP 4c-1: 48258a_48290a_482a43_482b37 (1 1811.00 0 1811.00 0 1811.00){0.00 0.00 0.00 0.00 724.40 0}{724.40 0.00 0.00 0.00 1448.80 0}{1448.80 1811.00 1811.00 1811.00 2173.20 1}{2173.20 0.00 0.00 0.00 2897.60 0}{2897.60 0.00 0.00 0.00 3622.00 0}
COMM 4b-0: 47dac9_47de8e_47dff8_47e117 (199 11.73 0 1.00 0 292.00){0.00 0.00 0.00 0.00 0.80 0}{0.80 1.00 1.00 1.00 1.60 5}{1.60 2.00 2.59 4.00 4.00 105}{4.00 5.00 5.66 8.00 8.00 64}{8.00 12.00 68.20 292.00 576.00 25}
COMM 4b-1: 48258a_48290a_482a43_482b37 (1 4670.00 0 4670.00 0 4670.00){0.00 0.00 0.00 0.00 1868.00 0}{1868.00 0.00 0.00 0.00 3736.00 0}{3736.00 4670.00 4670.00 4670.00 5604.00 1}{5604.00 0.00 0.00 0.00 7472.00 0}{7472.00 0.00 0.00 0.00 9340.00 0}
LOOP0: iter: ( 200 )[ 1 -1 0 1 0 ] mem: ( 1 )[ 1 -1 0 1 0 ]
10 2 
12 250 
14 16 
1b 0 
2b 1 2 

RANKS: 1 -1 1 3 1
EVENT17: 1090 47a456_47a82b_47a996_47aab7
COMP 4c-0: 46a9bf_46ad1f_46ae62_46af54 (2 555271.33 1 555266.00 3 555282.00){0.00 0.00 0.00 0.00 222106.40 0}{222106.40 0.00 0.00 0.00 444212.80 0}{444212.80 555266.00 555274.00 555282.00 666319.20 2}{666319.20 0.00 0.00 0.00 888425.60 0}{888425.60 0.00 0.00 0.00 1110532.00 0}
COMP 4c-1: 48258a_48290a_482a43_482b37 (6 36792.86 2 15.00 3 93481.00){0.00 15.00 15.00 15.00 9408.00 2}{9408.00 0.00 0.00 0.00 18816.00 0}{18816.00 23518.00 23519.00 23520.00 37632.00 2}{37632.00 0.00 0.00 0.00 47040.00 0}{47040.00 93481.00 93481.00 93481.00 139922.00 2}
COMP 4c-2: 48b4e5_48b769_48b83d_48b8f6 (2 93595.00 2 93595.00 2 93595.00){0.00 0.00 0.00 0.00 37438.00 0}{37438.00 0.00 0.00 0.00 74876.00 0}{74876.00 93595.00 93595.00 93595.00 112314.00 2}{112314.00 0.00 0.00 0.00 149752.00 0}{149752.00 0.00 0.00 0.00 187190.00 0}
COMM 4b-0: 46a9bf_46ad1f_46ae62_46af54 (2 6.67 3 4.00 1 8.00){0.00 0.00 0.00 0.00 3.20 0}{3.20 4.00 4.00 4.00 6.40 1}{6.40 8.00 8.00 8.00 9.60 1}{9.60 0.00 0.00 0.00 12.80 0}{12.80 0.00 0.00 0.00 16.00 0}
COMM 4b-1: 48258a_48290a_482a43_482b37 (6 3.29 2 2.00 1 4.00){0.00 0.00 0.00 0.00 1.60 0}{1.60 2.00 2.75 3.00 3.20 4}{3.20 4.00 4.00 4.00 4.80 2}{4.80 0.00 0.00 0.00 6.40 0}{6.40 0.00 0.00 0.00 8.00 0}
COMM 4b-2: 48b4e5_48b769_48b83d_48b8f6 (2 3.67 2 3.00 2 4.00){0.00 0.00 0.00 0.00 1.60 0}{1.60 3.00 3.00 3.00 3.20 1}{3.20 4.00 4.00 4.00 4.80 1}{4.80 0.00 0.00 0.00 6.40 0}{6.40 0.00 0.00 0.00 8.00 0}
LOOP0: iter: ( 2 )[ 1 -1 1 3 1 ] mem: ( 6 )[ 1 -1 1 1 0 ]( 4 )[ 1 -1 3 1 0 ]( 2 )[ 1 -1 2 1 0 ]
LOOP1: iter: ( 2 )[ 1 -1 3 1 0 ] mem: ( 3 )[ 1 -1 3 1 0 ]
10 2 
12 52020 
14 16 
1b 0 
2b 2147483647 

RANKS: 1 -1 1 3 1
EVENT18: 1148 48b4e5_48b769_48b83d_48b8f6
COMP 4c-0: 47a456_47a82b_47a996_47aab7 (10 15.00 1 15.00 1 15.00){0.00 0.00 0.00 0.00 6.00 0}{6.00 0.00 0.00 0.00 12.00 0}{12.00 15.00 15.00 15.00 18.00 10}{18.00 0.00 0.00 0.00 24.00 0}{24.00 0.00 0.00 0.00 30.00 0}
COMM 4b-0: 47a456_47a82b_47a996_47aab7 (10 739.55 3 241.00 3 1427.00){0.00 241.00 362.29 487.00 552.40 7}{552.40 0.00 0.00 0.00 1104.80 0}{1104.80 1381.00 1406.00 1427.00 1657.20 3}{1657.20 0.00 0.00 0.00 2209.60 0}{2209.60 0.00 0.00 0.00 2762.00 0}
1c 9999 

RANKS: 1 -1 0 4 1
EVENT19: 1113 48258a_48290a_482a43_482b37
COMP 4c-0: 46a9bf_46ad1f_46ae62_46af54 (1 555423.00 0 555423.00 0 555423.00){0.00 0.00 0.00 0.00 222169.20 0}{222169.20 0.00 0.00 0.00 444338.40 0}{444338.40 555423.00 555423.00 555423.00 666507.60 1}{666507.60 0.00 0.00 0.00 888676.80 0}{888676.80 0.00 0.00 0.00 1110846.00 0}
COMP 4c-1: 47dac9_47de8e_47dff8_47e117 (1 25370.00 0 25370.00 0 25370.00){0.00 0.00 0.00 0.00 10148.00 0}{10148.00 0.00 0.00 0.00 20296.00 0}{20296.00 25370.00 25370.00 25370.00 30444.00 1}{30444.00 0.00 0.00 0.00 40592.00 0}{40592.00 0.00 0.00 0.00 50740.00 0}
COMP 4c-2: 48258a_48290a_482a43_482b37 (2 93665.00 1 93665.00 1 93665.00){0.00 0.00 0.00 0.00 37466.00 0}{37466.00 0.00 0.00 0.00 74932.00 0}{74932.00 93665.00 93665.00 93665.00 112398.00 2}{112398.00 0.00 0.00 0.00 149864.00 0}{149864.00 0.00 0.00 0.00 187330.00 0}
COMP 4c-3: 48b4e5_48b769_48b83d_48b8f6 (10 25845.64 1 370.00 0 93778.00){0.00 370.00 371.00 373.00 37511.20 8}{37511.20 0.00 0.00 0.00 75022.40 0}{75022.40 93778.00 93778.00 93778.00 112533.60 2}{112533.60 0.00 0.00 0.00 150044.80 0}{150044.80 0.00 0.00 0.00 187556.00 0}
COMM 4b-0: 46a9bf_46ad1f_46ae62_46af54 (1 245.00 0 245.00 0 245.00){0.00 0.00 0.00 0.00 98.00 0}{98.00 0.00 0.00 0.00 196.00 0}{196.00 245.00 245.00 245.00 294.00 1}{294.00 0.00 0.00 0.00 392.00 0}{392.00 0.00 0.00 0.00 490.00 0}
COMM 4b-1: 47dac9_47de8e_47dff8_47e117 (1 249.00 0 249.00 0 249.00){0.00 0.00 0.00 0.00 99.60 0}{99.60 0.00 0.00 0.00 199.20 0}{199.20 249.00 249.00 249.00 298.80 1}{298.80 0.00 0.00 0.00 398.40 0}{398.40 0.00 0.00 0.00 498.00 0}
COMM 4b-2: 48258a_48290a_482a43_482b37 (2 251.67 1 251.00 1 253.00){0.00 0.00 0.00 0.00 100.40 0}{100.40 0.00 0.00 0.00 200.80 0}{200.80 251.00 252.00 253.00 301.20 2}{301.20 0.00 0.00 0.00 401.60 0}{401.60 0.00 0.00 0.00 502.00 0}
COMM 4b-3: 48b4e5_48b769_48b83d_48b8f6 (10 238.64 3 236.00 0 243.00){0.00 0.00 0.00 0.00 96.80 0}{96.80 0.00 0.00 0.00 193.60 0}{193.60 236.00 238.30 243.00 290.40 10}{290.40 0.00 0.00 0.00 387.20 0}{387.20 0.00 0.00 0.00 484.00 0}
LOOP0: iter: ( 2 )[ 1 -1 0 2 1 ] mem: ( 4 )[ 1 -1 0 1 0 ]( 1 )[ 1 -1 1 1 0 ]
LOOP1: iter: ( 2 )[ 1 -1 0 1 0 ] mem: ( 3 )[ 1 -1 0 1 0 ]
10 2 
12 52020 
14 16 
1a ( 1 2 )[ 1 -1 0 1 0 ]
1a ( 3 2 )[ 1 -1 1 2 2 ]
1a ( 2 )[ 1 -1 2 1 0 ]
1b 0 

RANKS: 1 -1 0 2 1
EVENT20: 1090 47a456_47a82b_47a996_47aab7
COMP 4c-0: 48258a_48290a_482a43_482b37 (6 15.14 0 14.00 1 16.00){0.00 0.00 0.00 0.00 6.00 0}{6.00 0.00 0.00 0.00 12.00 0}{12.00 14.00 15.17 16.00 18.00 6}{18.00 0.00 0.00 0.00 24.00 0}{24.00 0.00 0.00 0.00 30.00 0}
COMM 4b-0: 48258a_48290a_482a43_482b37 (6 2.71 0 2.00 0 3.00){0.00 0.00 0.00 0.00 1.20 0}{1.20 2.00 2.00 2.00 2.40 2}{2.40 3.00 3.00 3.00 3.60 4}{3.60 0.00 0.00 0.00 4.80 0}{4.80 0.00 0.00 0.00 6.00 0}
10 2 
12 52020 
14 16 
1b 0 
2b 2147483647 

RANKS: 1 -1 0 2 1
EVENT21: 1148 48b4e5_48b769_48b83d_48b8f6
COMP 4c-0: 47a456_47a82b_47a996_47aab7 (6 15.00 0 15.00 0 15.00){0.00 0.00 0.00 0.00 6.00 0}{6.00 0.00 0.00 0.00 12.00 0}{12.00 15.00 15.00 15.00 18.00 6}{18.00 0.00 0.00 0.00 24.00 0}{24.00 0.00 0.00 0.00 30.00 0}
COMM 4b-0: 47a456_47a82b_47a996_47aab7 (6 458.86 1 285.00 0 555.00){0.00 0.00 0.00 0.00 222.00 0}{222.00 285.00 290.50 296.00 444.00 2}{444.00 488.00 519.00 555.00 666.00 4}{666.00 0.00 0.00 0.00 888.00 0}{888.00 0.00 0.00 0.00 1110.00 0}
1c 9999 

RANKS: 1 -1 0 4 1
EVENT22: 1004 46a9bf_46ad1f_46ae62_46af54
COMP 4c-0: 48258a_48290a_482a43_482b37 (4 188265.80 2 183945.00 3 194745.00){0.00 0.00 0.00 0.00 73579.60 0}{73579.60 0.00 0.00 0.00 147159.20 0}{147159.20 183945.00 189345.00 194745.00 220738.80 4}{220738.80 0.00 0.00 0.00 294318.40 0}{294318.40 0.00 0.00 0.00 367898.00 0}
COMP 4c-1: 48b4e5_48b769_48b83d_48b8f6 (4 188393.20 1 184072.00 0 194873.00){0.00 0.00 0.00 0.00 73630.40 0}{73630.40 0.00 0.00 0.00 147260.80 0}{147260.80 184072.00 189472.50 194873.00 220891.20 4}{220891.20 0.00 0.00 0.00 294521.60 0}{294521.60 0.00 0.00 0.00 368152.00 0}
COMM 4b-0: 48258a_48290a_482a43_482b37 (4 463.40 2 30.00 3 783.00){0.00 30.00 107.50 185.00 313.20 2}{313.20 536.00 536.00 536.00 626.40 1}{626.40 783.00 783.00 783.00 939.60 1}{939.60 0.00 0.00 0.00 1252.80 0}{1252.80 0.00 0.00 0.00 1566.00 0}
COMM 4b-1: 48b4e5_48b769_48b83d_48b8f6 (4 221.80 0 24.00 1 742.00){0.00 0.00 0.00 0.00 9.60 0}{9.60 0.00 0.00 0.00 19.20 0}{19.20 24.00 24.00 24.00 48.00 1}{48.00 138.00 159.50 181.00 228.00 2}{228.00 742.00 742.00 742.00 1256.00 1}
10 2 
12 1 5 
14 16 
18 1 3 

RANKS: 1 -1 0 4 1
EVENT23: 1010 46d350_46d585_46d629_46d6a5
COMP 4c-0: 46a9bf_46ad1f_46ae62_46af54 (4 21.40 3 20.00 3 23.00){0.00 0.00 0.00 0.00 8.40 0}{8.40 0.00 0.00 0.00 16.80 0}{16.80 20.00 21.50 23.00 25.20 4}{25.20 0.00 0.00 0.00 33.60 0}{33.60 0.00 0.00 0.00 42.00 0}
COMM 4b-0: 46a9bf_46ad1f_46ae62_46af54 (4 54.20 1 14.00 3 109.00){0.00 14.00 14.00 14.00 26.80 2}{26.80 0.00 0.00 0.00 53.60 0}{53.60 67.00 67.00 67.00 80.40 1}{80.40 0.00 0.00 0.00 107.20 0}{107.20 109.00 109.00 109.00 134.00 1}
10 2 

RANKS: 1 -1 2 1 0
EVENT24: 1102 47dac9_47de8e_47dff8_47e117
COMP 4c-0: 46d350_46d585_46d629_46d6a5 (1 12706.00 2 12706.00 2 12706.00){0.00 0.00 0.00 0.00 5082.40 0}{5082.40 0.00 0.00 0.00 10164.80 0}{10164.80 12706.00 12706.00 12706.00 15247.20 1}{15247.20 0.00 0.00 0.00 20329.60 0}{20329.60 0.00 0.00 0.00 25412.00 0}
COMP 4c-1: 48258a_48290a_482a43_482b37 (199 1863.18 2 1812.00 2 1914.00){0.00 0.00 0.00 0.00 764.00 0}{764.00 0.00 0.00 0.00 1528.00 0}{1528.00 1812.00 1862.95 1914.00 2292.00 199}{2292.00 0.00 0.00 0.00 3056.00 0}{3056.00 0.00 0.00 0.00 3820.00 0}
COMM 4b-0: 46d350_46d585_46d629_46d6a5 (1 571.00 2 571.00 2 571.00){0.00 0.00 0.00 0.00 228.40 0}{228.40 0.00 0.00 0.00 456.80 0}{456.80 571.00 571.00 571.00 685.20 1}{685.20 0.00 0.00 0.00 913.60 0}{913.60 0.00 0.00 0.00 1142.00 0}
COMM 4b-1: 48258a_48290a_482a43_482b37 (199 40.70 2 2.00 2 4806.00){0.00 2.00 4.84 14.00 14.00 126}{14.00 18.00 27.71 34.00 34.00 45}{34.00 38.00 40.71 46.00 46.00 14}{46.00 49.00 51.20 54.00 54.00 5}{54.00 56.00 605.56 4806.00 9558.00 9}
LOOP0: iter: ( 200 )[ 1 -1 2 1 0 ] mem: ( 2 )[ 1 -1 2 1 0 ]
10 2 
12 250 
14 16 
1b 0 
2b 2 2 2 2 2 2 2 2 2 2 2 2 2 2 2 2 2 2 2 2 2 2 2 2 2 2 2 2 2 2 2 2 2 2 2 2 2 2 2 2 2 2 2 2 2 2 2 2 2 2 2 2 2 2 2 2 2 2 2 2 2 2 2 2 2 2 2 2 2 2 2 2 2 2 2 2 2 2 2 2 2 2 2 2 2 2 2 2 2 2 2 2 2 2 2 2 2 2 2 2 1 1 1 1 1 1 1 1 1 1 1 1 1 1 1 1 1 1 1 1 1 1 1 1 1 1 1 1 1 1 1 1 1 1 1 1 1 1 1 1 1 1 1 1 1 1 1 1 1 1 1 1 1 1 1 1 1 1 1 1 1 1 1 1 1 1 1 1 1 1 1 1 1 1 1 1 1 1 1 1 1 1 1 1 1 1 1 1 1 1 1 1 1 1 1 1 1 1 1 1 

RANKS: 1 -1 0 2 2
EVENT25: 1113 48258a_48290a_482a43_482b37
COMP 4c-0: 46d350_46d585_46d629_46d6a5 (1 14399.00 0 14399.00 0 14399.00){0.00 0.00 0.00 0.00 5759.60 0}{5759.60 0.00 0.00 0.00 11519.20 0}{11519.20 14399.00 14399.00 14399.00 17278.80 1}{17278.80 0.00 0.00 0.00 23038.40 0}{23038.40 0.00 0.00 0.00 28798.00 0}
COMP 4c-1: 47dac9_47de8e_47dff8_47e117 (200 1691.65 2 1679.00 2 1705.00){0.00 0.00 0.00 0.00 681.60 0}{681.60 0.00 0.00 0.00 1363.20 0}{1363.20 1679.00 1691.59 1705.00 2044.80 200}{2044.80 0.00 0.00 0.00 2726.40 0}{2726.40 0.00 0.00 0.00 3408.00 0}
COMP 4c-2: 48258a_48290a_482a43_482b37 (49551 1800.38 0 15.00 0 3602.00){0.00 0.00 0.00 0.00 6.00 0}{6.00 0.00 0.00 0.00 12.00 0}{12.00 15.00 17.84 18.00 24.00 24900}{24.00 0.00 0.00 0.00 30.00 0}{30.00 3600.00 3601.00 3602.00 7170.00 24651}
COMP 4c-3: 48b4e5_48b769_48b83d_48b8f6 (248 198469.74 0 198456.00 0 198475.00){0.00 0.00 0.00 0.00 79382.40 0}{79382.40 0.00 0.00 0.00 158764.80 0}{158764.80 198456.00 198469.80 198475.00 238147.20 248}{238147.20 0.00 0.00 0.00 317529.60 0}{317529.60 0.00 0.00 0.00 396912.00 0}
COMM 4b-0: 46d350_46d585_46d629_46d6a5 (1 13.00 0 13.00 0 13.00){0.00 0.00 0.00 0.00 5.20 0}{5.20 0.00 0.00 0.00 10.40 0}{10.40 13.00 13.00 13.00 15.60 1}{15.60 0.00 0.00 0.00 20.80 0}{20.80 0.00 0.00 0.00 26.00 0}
COMM 4b-1: 47dac9_47de8e_47dff8_47e117 (200 3.97 2 3.00 2 16.00){0.00 3.00 3.60 4.00 5.60 189}{5.60 7.00 7.50 10.00 11.20 8}{11.20 13.00 14.33 16.00 16.80 3}{16.80 0.00 0.00 0.00 22.40 0}{22.40 0.00 0.00 0.00 28.00 0}
COMM 4b-2: 48258a_48290a_482a43_482b37 (49551 3.51 0 2.00 0 34.00){0.00 0.00 0.00 0.00 1.20 0}{1.20 2.00 3.18 6.00 6.00 48364}{6.00 6.23 7.89 12.60 14.00 435}{14.00 16.00 22.12 30.00 30.00 747}{30.00 31.00 31.80 34.00 38.00 5}
COMM 4b-3: 48b4e5_48b769_48b83d_48b8f6 (248 10.94 0 10.00 0 21.00){0.00 0.00 0.00 0.00 4.40 0}{4.40 0.00 0.00 0.00 8.80 0}{8.80 10.00 10.74 13.00 13.20 240}{13.20 14.00 15.20 17.00 17.60 5}{17.60 18.00 19.67 21.00 22.00 3}
LOOP0: iter: ( 249 )[ 1 -1 0 1 0 ] mem: ( 5 )[ 1 -1 0 1 0 ]
LOOP1: iter: ( 200 )[ 1 -1 0 1 0 ] mem: ( 1 )[ 1 -1 0 1 0 ]
10 2 
12 250 
14 16 
1a ( 1 2 )[ 1 -1 0 1 0 ]
1a ( 1 1 1 1 1 1 1 1 1 1 1 1 1 1 1 1 1 1 1 1 1 1 1 1 1 1 1 1 1 1 1 1 1 1 1 1 1 1 1 1 1 1 1 1 1 1 1 1 1 1 1 1 1 1 1 1 1 1 1 1 1 1 1 1 1 1 1 1 1 1 1 1 1 1 1 1 1 1 1 1 1 1 1 1 1 1 1 1 1 1 1 1 1 1 1 1 1 1 1 1 2 2 2 2 2 2 2 2 2 2 2 2 2 2 2 2 2 2 2 2 2 2 2 2 2 2 2 2 2 2 2 2 2 2 2 2 2 2 2 2 2 2 2 2 2 2 2 2 2 2 2 2 2 2 2 2 2 2 2 2 2 2 2 2 2 2 2 2 2 2 2 2 2 2 2 2 2 2 2 2 2 2 2 2 2 2 2 2 2 2 2 2 2 2 2 2 2 2 2 2 )[ 1 -1 2 1 0 ]
1b 0 

RANKS: 2 -1 0 2 1 -1 3 1 0
EVENT26: 1102 47dac9_47de8e_47dff8_47e117
COMP 4c-0: 46d350_46d585_46d629_46d6a5 (2 12706.00 1 12706.00 1 12706.00){0.00 0.00 0.00 0.00 5082.40 0}{5082.40 0.00 0.00 0.00 10164.80 0}{10164.80 12706.00 12706.00 12706.00 15247.20 2}{15247.20 0.00 0.00 0.00 20329.60 0}{20329.60 0.00 0.00 0.00 25412.00 0}
COMP 4c-1: 47dac9_47de8e_47dff8_47e117 (99102 1769.15 0 15.00 3 3602.00){0.00 0.00 0.00 0.00 6.40 0}{6.40 0.00 0.00 0.00 12.80 0}{12.80 15.00 17.90 19.00 25.60 49800}{25.60 0.00 0.00 0.00 32.00 0}{32.00 3474.00 3538.13 3602.00 6916.00 49302}
COMP 4c-2: 48258a_48290a_482a43_482b37 (50048 2828.17 0 1811.00 3 196655.00){0.00 0.00 0.00 0.00 724.80 0}{724.80 0.00 0.00 0.00 1449.60 0}{1449.60 1811.00 1862.95 1914.00 2899.20 49800}{2899.20 0.00 0.00 0.00 3624.00 0}{3624.00 196640.00 196653.85 196655.00 389686.00 248}
COMP 4c-3: 48b4e5_48b769_48b83d_48b8f6 (248 196777.81 1 196764.00 1 196779.00){0.00 0.00 0.00 0.00 78705.60 0}{78705.60 0.00 0.00 0.00 157411.20 0}{157411.20 196764.00 196777.87 196779.00 236116.80 248}{236116.80 0.00 0.00 0.00 314822.40 0}{314822.40 0.00 0.00 0.00 393528.00 0}
COMM 4b-0: 46d350_46d585_46d629_46d6a5 (2 805.00 1 528.00 3 1359.00){0.00 0.00 0.00 0.00 211.20 0}{211.20 0.00 0.00 0.00 422.40 0}{422.40 528.00 528.00 528.00 844.80 1}{844.80 0.00 0.00 0.00 1056.00 0}{1056.00 1359.00 1359.00 1359.00 1662.00 1}
COMM 4b-1: 47dac9_47de8e_47dff8_47e117 (99102 28.14 0 1.00 3 362.00){0.00 1.00 2.93 6.00 6.00 57004}{6.00 6.11 48.53 62.00 62.00 33689}{62.00 62.00 102.36 162.00 162.00 6615}{162.00 162.14 172.64 303.00 318.00 1793}{318.00 362.00 362.00 362.00 406.00 1}
COMM 4b-2: 48258a_48290a_482a43_482b37 (50048 87.17 1 2.00 0 19885.00){0.00 2.00 24.71 2363.00 2395.20 49568}{2395.20 2585.00 3799.64 4786.00 4790.40 22}{4790.40 4822.00 5851.39 9493.00 9580.80 413}{9580.80 9664.00 10694.00 11967.00 11976.00 13}{11976.00 12209.00 15407.59 19885.00 21832.00 32}
COMM 4b-3: 48b4e5_48b769_48b83d_48b8f6 (248 1933.31 1 16.00 1 6803.00){0.00 16.00 1006.30 1885.00 1895.20 121}{1895.20 1908.00 2569.17 3742.00 3790.40 113}{3790.40 3818.00 4110.44 4522.00 4738.00 9}{4738.00 5055.00 5166.00 5277.00 5816.00 2}{5816.00 6278.00 6540.00 6803.00 6866.00 3}
LOOP0: iter: ( 200 )[ 1 -1 0 1 0 ]( 249 )[ 1 -1 1 2 2 ] mem: ( 1 )[ 1 -1 0 1 0 ]( 7 )[ 1 -1 1 1 0 ]( 5 )[ 1 -1 3 1 0 ]
LOOP1: iter: ( 200 )[ 1 -1 1 2 2 ] mem: ( 2 )[ 1 -1 1 1 0 ]( 1 )[ 1 -1 3 1 0 ]
10 2 
12 250 
14 16 
1b 0 
2b ( 1 2 )[ 1 -1 0 1 0 ]
2b ( 3 3 3 3 3 3 3 3 3 3 3 3 3 3 3 3 3 3 3 3 3 3 3 3 3 3 3 3 3 3 3 3 3 3 3 3 3 3 3 3 3 3 3 3 3 3 3 3 3 3 3 3 3 3 3 3 3 3 3 3 3 3 3 3 3 3 3 3 3 3 3 3 3 3 3 3 3 3 3 3 3 3 3 3 3 3 3 3 3 3 3 3 3 3 3 3 3 3 3 3 2 2 2 2 2 2 2 2 2 2 2 2 2 2 2 2 2 2 2 2 2 2 2 2 2 2 2 2 2 2 2 2 2 2 2 2 2 2 2 2 2 2 2 2 2 2 2 2 2 2 2 2 2 2 2 2 2 2 2 2 2 2 2 2 2 2 2 2 2 2 2 2 2 2 2 2 2 2 2 2 2 2 2 2 2 2 2 2 2 2 2 2 2 2 2 2 2 2 2 2 )[ 1 -1 1 1 0 ]
2b ( 3 2 )[ 1 -1 3 1 0 ]

RANKS: 1 -1 0 4 1
EVENT27: 1113 48258a_48290a_482a43_482b37
COMP 4c-0: 47dac9_47de8e_47dff8_47e117 (50298 1826.44 1 1679.00 0 25371.00){0.00 1679.00 1708.84 5164.00 10148.00 50049}{10148.00 0.00 0.00 0.00 20296.00 0}{20296.00 25370.00 25370.06 25371.00 30444.00 249}{30444.00 0.00 0.00 0.00 40592.00 0}{40592.00 0.00 0.00 0.00 50740.00 0}
COMP 4c-1: 48258a_48290a_482a43_482b37 (49552 1738.13 3 15.00 2 23708.00){0.00 0.00 0.00 0.00 6.40 0}{6.40 0.00 0.00 0.00 12.80 0}{12.80 15.00 17.75 18.00 32.00 24900}{32.00 3474.00 3475.06 3476.00 6916.00 24651}{6916.00 23708.00 23708.00 23708.00 40500.00 1}
COMP 4c-2: 48b4e5_48b769_48b83d_48b8f6 (249 93778.02 0 93778.00 0 93779.00){0.00 0.00 0.00 0.00 37511.20 0}{37511.20 0.00 0.00 0.00 75022.40 0}{75022.40 93778.00 93778.02 93779.00 112533.60 249}{112533.60 0.00 0.00 0.00 150044.80 0}{150044.80 0.00 0.00 0.00 187556.00 0}
COMM 4b-0: 47dac9_47de8e_47dff8_47e117 (50298 5.25 1 3.00 0 260.00){0.00 3.00 4.05 34.00 97.20 50049}{97.20 0.00 0.00 0.00 194.40 0}{194.40 241.00 244.03 260.00 291.60 249}{291.60 0.00 0.00 0.00 388.80 0}{388.80 0.00 0.00 0.00 486.00 0}
COMM 4b-1: 48258a_48290a_482a43_482b37 (49552 5.02 3 2.00 2 247.00){0.00 2.00 3.09 3.60 3.60 7668}{3.60 3.60 4.85 8.00 8.00 39680}{8.00 8.16 14.70 46.00 58.00 2202}{58.00 70.00 70.00 70.00 82.00 1}{82.00 247.00 247.00 247.00 412.00 1}
COMM 4b-2: 48b4e5_48b769_48b83d_48b8f6 (249 251.08 0 242.00 0 1270.00){0.00 0.00 0.00 0.00 97.20 0}{97.20 0.00 0.00 0.00 194.40 0}{194.40 242.00 244.98 346.00 388.80 246}{388.80 417.00 417.00 417.00 486.00 1}{486.00 574.00 922.00 1270.00 2054.00 2}
LOOP0: iter: ( 2 )[ 1 -1 0 1 0 ]( 200 )[ 1 -1 3 1 0 ] mem: ( 3 )[ 1 -1 0 1 0 ]( 1 )[ 1 -1 3 1 0 ]
10 2 
12 ( 52020 )[ 1 -1 0 2 2 ]
12 ( 250 )[ 1 -1 1 2 2 ]
14 16 
1a ( 1 2 )[ 1 -1 0 1 0 ]
1a ( 2 2 2 2 2 2 2 2 2 2 2 2 2 2 2 2 2 2 2 2 2 2 2 2 2 2 2 2 2 2 2 2 2 2 2 2 2 2 2 2 2 2 2 2 2 2 2 2 2 2 2 2 2 2 2 2 2 2 2 2 2 2 2 2 2 2 2 2 2 2 2 2 2 2 2 2 2 2 2 2 2 2 2 2 2 2 2 2 2 2 2 2 2 2 2 2 2 2 2 2 3 3 3 3 3 3 3 3 3 3 3 3 3 3 3 3 3 3 3 3 3 3 3 3 3 3 3 3 3 3 3 3 3 3 3 3 3 3 3 3 3 3 3 3 3 3 3 3 3 3 3 3 3 3 3 3 3 3 3 3 3 3 3 3 3 3 3 3 3 3 3 3 3 3 3 3 3 3 3 3 3 3 3 3 3 3 3 3 3 3 3 3 3 3 3 3 3 3 3 3 )[ 1 -1 1 1 0 ]
1a ( 3 2 )[ 1 -1 3 1 0 ]
1a ( 1 )[ 1 -1 2 1 0 ]
1b 0 

RANKS: 1 -1 0 4 1
EVENT28: 1090 47a456_47a82b_47a996_47aab7
COMP 4c-0: 48258a_48290a_482a43_482b37 (1493 23429.25 0 14.00 3 93482.00){0.00 0.00 0.00 0.00 6.00 0}{6.00 0.00 0.00 0.00 12.00 0}{12.00 14.00 18.87 29.00 30.00 746}{30.00 23518.00 23518.95 23520.00 47006.00 498}{47006.00 93481.00 93481.02 93482.00 139958.00 249}
COMP 4c-1: 48b4e5_48b769_48b83d_48b8f6 (248 93594.93 2 93594.00 2 93595.00){0.00 0.00 0.00 0.00 37438.00 0}{37438.00 0.00 0.00 0.00 74876.00 0}{74876.00 93594.00 93594.93 93595.00 112314.00 248}{112314.00 0.00 0.00 0.00 149752.00 0}{149752.00 0.00 0.00 0.00 187190.00 0}
COMM 4b-0: 48258a_48290a_482a43_482b37 (1493 3.38 0 2.00 3 12.00){0.00 0.00 0.00 0.00 1.20 0}{1.20 2.00 2.60 3.00 3.60 639}{3.60 3.87 3.89 4.00 4.80 820}{4.80 5.00 5.23 6.00 6.00 26}{6.00 7.00 8.62 12.00 14.00 8}
COMM 4b-1: 48b4e5_48b769_48b83d_48b8f6 (248 3.59 2 3.00 2 8.00){0.00 0.00 0.00 0.00 1.60 0}{1.60 3.00 3.00 3.00 3.20 123}{3.20 4.00 4.00 4.00 4.80 119}{4.80 0.00 0.00 0.00 6.40 0}{6.40 7.00 7.33 8.00 8.00 6}
LOOP0: iter: ( 2 )[ 1 -1 3 1 0 ]( 248 )[ 1 -1 2 1 0 ] mem: ( 3 )[ 1 -1 3 1 0 ]( 5 )[ 1 -1 2 1 0 ]
LOOP1: iter: ( 2 )[ 1 -1 2 1 0 ] mem: ( 2 )[ 1 -1 2 1 0 ]
10 2 
12 52020 
14 16 
1b 0 
2b 2147483647 

RANKS: 1 -1 0 4 1
EVENT29: 1148 48b4e5_48b769_48b83d_48b8f6
COMP 4c-0: 47a456_47a82b_47a996_47aab7 (1741 14.63 0 14.00 0 15.00){0.00 0.00 0.00 0.00 6.00 0}{6.00 0.00 0.00 0.00 12.00 0}{12.00 14.00 14.63 15.00 18.00 1741}{18.00 0.00 0.00 0.00 24.00 0}{24.00 0.00 0.00 0.00 30.00 0}
COMM 4b-0: 47a456_47a82b_47a996_47aab7 (1741 1680.65 2 227.00 3 19469.00){0.00 0.00 0.00 0.00 191.20 0}{191.20 227.00 381.53 572.00 573.60 774}{573.60 574.00 588.96 708.00 956.00 28}{956.00 1042.32 1209.63 2634.00 2920.00 699}{2920.00 3154.00 7374.55 19469.00 31514.00 240}
1c 9999 

RANKS: 1 -1 2 1 0
EVENT30: 1113 48258a_48290a_482a43_482b37
COMP 4c-0: 47dac9_47de8e_47dff8_47e117 (49352 1695.42 2 1679.00 2 1708.00){0.00 0.00 0.00 0.00 681.60 0}{681.60 0.00 0.00 0.00 1363.20 0}{1363.20 1679.00 1695.42 1708.00 2044.80 49352}{2044.80 0.00 0.00 0.00 2726.40 0}{2726.40 0.00 0.00 0.00 3408.00 0}
COMP 4c-1: 48b4e5_48b769_48b83d_48b8f6 (248 373.09 2 373.00 2 374.00){0.00 0.00 0.00 0.00 149.20 0}{149.20 0.00 0.00 0.00 298.40 0}{298.40 373.00 373.09 374.00 447.60 248}{447.60 0.00 0.00 0.00 596.80 0}{596.80 0.00 0.00 0.00 746.00 0}
COMM 4b-0: 47dac9_47de8e_47dff8_47e117 (49352 4.53 2 3.00 2 57.00){0.00 3.00 3.68 5.53 5.60 42807}{5.60 6.00 9.16 11.00 11.20 5840}{11.20 12.00 15.54 22.00 22.40 571}{22.40 23.00 24.83 28.00 28.00 103}{28.00 29.00 32.19 57.00 86.00 31}
COMM 4b-1: 48b4e5_48b769_48b83d_48b8f6 (248 234.78 2 233.00 2 248.00){0.00 0.00 0.00 0.00 94.40 0}{94.40 0.00 0.00 0.00 188.80 0}{188.80 233.00 234.77 248.00 283.20 248}{283.20 0.00 0.00 0.00 377.60 0}{377.60 0.00 0.00 0.00 472.00 0}
LOOP0: iter: ( 200 )[ 1 -1 2 1 0 ] mem: ( 2 )[ 1 -1 2 1 0 ]
10 2 
12 52020 250 250 250 250 250 250 250 250 250 250 250 250 250 250 250 250 250 250 250 250 250 250 250 250 250 250 250 250 250 250 250 250 250 250 250 250 250 250 250 250 250 250 250 250 250 250 250 250 250 250 250 250 250 250 250 250 250 250 250 250 250 250 250 250 250 250 250 250 250 250 250 250 250 250 250 250 250 250 250 250 250 250 250 250 250 250 250 250 250 250 250 250 250 250 250 250 250 250 250 250 250 250 250 250 250 250 250 250 250 250 250 250 250 250 250 250 250 250 250 250 250 250 250 250 250 250 250 250 250 250 250 250 250 250 250 250 250 250 250 250 250 250 250 250 250 250 250 250 250 250 250 250 250 250 250 250 250 250 250 250 250 250 250 250 250 250 250 250 250 250 250 250 250 250 250 250 250 250 250 250 250 250 250 250 250 250 250 250 250 250 250 250 250 250 250 250 250 250 250 
14 16 
1a 2 1 1 1 1 1 1 1 1 1 1 1 1 1 1 1 1 1 1 1 1 1 1 1 1 1 1 1 1 1 1 1 1 1 1 1 1 1 1 1 1 1 1 1 1 1 1 1 1 1 1 1 1 1 1 1 1 1 1 1 1 1 1 1 1 1 1 1 1 1 1 1 1 1 1 1 1 1 1 1 1 1 1 1 1 1 1 1 1 1 1 1 1 1 1 1 1 1 1 1 1 2 2 2 2 2 2 2 2 2 2 2 2 2 2 2 2 2 2 2 2 2 2 2 2 2 2 2 2 2 2 2 2 2 2 2 2 2 2 2 2 2 2 2 2 2 2 2 2 2 2 2 2 2 2 2 2 2 2 2 2 2 2 2 2 2 2 2 2 2 2 2 2 2 2 2 2 2 2 2 2 2 2 2 2 2 2 2 2 2 2 2 2 2 2 2 2 2 2 2 
1b 0 

RANKS: 1 -1 2 1 0
EVENT31: 1102 47dac9_47de8e_47dff8_47e117
COMP 4c-0: 48258a_48290a_482a43_482b37 (49600 2837.41 2 1809.00 2 196636.00){0.00 1809.00 1859.62 1911.00 78654.40 49352}{78654.40 0.00 0.00 0.00 157308.80 0}{157308.80 196635.00 196636.00 196636.00 235963.20 248}{235963.20 0.00 0.00 0.00 314617.60 0}{314617.60 0.00 0.00 0.00 393272.00 0}
COMM 4b-0: 48258a_48290a_482a43_482b37 (49600 44.74 2 2.00 2 13085.00){0.00 2.00 25.01 1583.00 1586.40 49371}{1586.40 1596.00 2279.80 3170.00 3172.80 79}{3172.80 3178.00 3463.42 3861.00 3966.00 26}{3966.00 3992.00 5405.22 7450.00 7522.00 116}{7522.00 8029.00 10680.37 13085.00 14664.00 8}
10 2 
12 250 
14 16 
1b 0 
2b 2 2 2 2 2 2 2 2 2 2 2 2 2 2 2 2 2 2 2 2 2 2 2 2 2 2 2 2 2 2 2 2 2 2 2 2 2 2 2 2 2 2 2 2 2 2 2 2 2 2 2 2 2 2 2 2 2 2 2 2 2 2 2 2 2 2 2 2 2 2 2 2 2 2 2 2 2 2 2 2 2 2 2 2 2 2 2 2 2 2 2 2 2 2 2 2 2 2 2 2 1 1 1 1 1 1 1 1 1 1 1 1 1 1 1 1 1 1 1 1 1 1 1 1 1 1 1 1 1 1 1 1 1 1 1 1 1 1 1 1 1 1 1 1 1 1 1 1 1 1 1 1 1 1 1 1 1 1 1 1 1 1 1 1 1 1 1 1 1 1 1 1 1 1 1 1 1 1 1 1 1 1 1 1 1 1 1 1 1 1 1 1 1 1 1 1 1 1 1 1 

RANKS: 1 -1 0 4 1
EVENT32: 1113 48258a_48290a_482a43_482b37
COMP 4c-0: 47dac9_47de8e_47dff8_47e117 (248 1682.82 2 1681.00 2 1683.00){0.00 0.00 0.00 0.00 672.80 0}{672.80 0.00 0.00 0.00 1345.60 0}{1345.60 1681.00 1682.82 1683.00 2018.40 248}{2018.40 0.00 0.00 0.00 2691.20 0}{2691.20 0.00 0.00 0.00 3364.00 0}
COMP 4c-1: 48258a_48290a_482a43_482b37 (696 42409.80 0 15.00 1 93665.00){0.00 0.00 0.00 0.00 6.00 0}{6.00 0.00 0.00 0.00 12.00 0}{12.00 15.00 17.97 18.00 30.00 100}{30.00 3601.00 3601.00 3601.00 7172.00 99}{7172.00 23704.00 58755.17 93665.00 180156.00 497}
COMP 4c-2: 48b4e5_48b769_48b83d_48b8f6 (748 899.44 1 370.00 0 198475.00){0.00 370.00 370.46 371.00 79390.00 747}{79390.00 0.00 0.00 0.00 158780.00 0}{158780.00 198475.00 198475.00 198475.00 238170.00 1}{238170.00 0.00 0.00 0.00 317560.00 0}{317560.00 0.00 0.00 0.00 396950.00 0}
COMM 4b-0: 47dac9_47de8e_47dff8_47e117 (248 5.44 2 3.00 2 22.00){0.00 3.00 3.64 7.00 7.20 193}{7.20 9.00 9.53 10.00 10.80 32}{10.80 12.00 13.17 16.00 18.00 18}{18.00 19.00 19.00 19.00 20.00 3}{20.00 21.00 21.50 22.00 24.00 2}
COMM 4b-1: 48258a_48290a_482a43_482b37 (696 184.62 0 2.00 1 886.00){0.00 2.00 3.34 6.00 8.00 195}{8.00 11.00 19.25 24.00 40.00 4}{40.00 244.00 252.86 418.00 452.00 492}{452.00 587.00 663.50 714.00 722.00 4}{722.00 886.00 886.00 886.00 1050.00 1}
COMM 4b-2: 48b4e5_48b769_48b83d_48b8f6 (748 245.02 0 12.00 3 352.00){0.00 0.00 0.00 0.00 4.80 0}{4.80 0.00 0.00 0.00 9.60 0}{9.60 12.00 12.00 12.00 19.20 1}{19.20 0.00 0.00 0.00 24.00 0}{24.00 233.00 245.65 352.00 442.00 747}
LOOP0: iter: ( 200 )[ 1 -1 0 1 0 ]( 2 )[ 1 -1 1 2 1 ] mem: ( 1 )[ 1 -1 0 3 1 ]
10 2 
12 ( 250 )[ 1 -1 0 1 0 ]
12 ( 52020 )[ 1 -1 1 2 2 ]
12 ( 250 52020 )[ 1 -1 2 1 0 ]
14 16 
1a ( 1 2 )[ 1 -1 0 1 0 ]
1a ( 3 2 )[ 1 -1 1 2 2 ]
1a ( 2 1 )[ 1 -1 2 1 0 ]
1b 0 

RANKS: 1 -1 1 2 1
EVENT33: 1090 47a456_47a82b_47a996_47aab7
COMP 4c-0: 48258a_48290a_482a43_482b37 (250 16.05 1 16.00 2 29.00){0.00 0.00 0.00 0.00 6.40 0}{6.40 0.00 0.00 0.00 12.80 0}{12.80 16.00 16.00 16.00 19.20 249}{19.20 0.00 0.00 0.00 25.60 0}{25.60 29.00 29.00 29.00 32.00 1}
COMP 4c-1: 48b4e5_48b769_48b83d_48b8f6 (1 93595.00 2 93595.00 2 93595.00){0.00 0.00 0.00 0.00 37438.00 0}{37438.00 0.00 0.00 0.00 74876.00 0}{74876.00 93595.00 93595.00 93595.00 112314.00 1}{112314.00 0.00 0.00 0.00 149752.00 0}{149752.00 0.00 0.00 0.00 187190.00 0}
COMM 4b-0: 48258a_48290a_482a43_482b37 (250 2.93 1 2.00 1 4.00){0.00 0.00 0.00 0.00 1.60 0}{1.60 2.00 2.43 3.00 3.20 171}{3.20 4.00 4.00 4.00 4.80 79}{4.80 0.00 0.00 0.00 6.40 0}{6.40 0.00 0.00 0.00 8.00 0}
COMM 4b-1: 48b4e5_48b769_48b83d_48b8f6 (1 4.00 2 4.00 2 4.00){0.00 0.00 0.00 0.00 1.60 0}{1.60 0.00 0.00 0.00 3.20 0}{3.20 4.00 4.00 4.00 4.80 1}{4.80 0.00 0.00 0.00 6.40 0}{6.40 0.00 0.00 0.00 8.00 0}
LOOP0: iter: ( 2 )[ 1 -1 2 1 0 ] mem: ( 2 )[ 1 -1 2 1 0 ]
10 2 
12 52020 
14 16 
1b 0 
2b 2147483647 

RANKS: 1 -1 1 2 1
EVENT34: 1148 48b4e5_48b769_48b83d_48b8f6
COMP 4c-0: 47a456_47a82b_47a996_47aab7 (251 14.98 1 14.00 1 15.00){0.00 0.00 0.00 0.00 6.00 0}{6.00 0.00 0.00 0.00 12.00 0}{12.00 14.00 14.98 15.00 18.00 251}{18.00 0.00 0.00 0.00 24.00 0}{24.00 0.00 0.00 0.00 30.00 0}
COMM 4b-0: 47a456_47a82b_47a996_47aab7 (251 336.53 1 228.00 2 1567.00){0.00 0.00 0.00 0.00 138.40 0}{138.40 228.00 254.85 276.00 276.80 34}{276.80 277.00 342.54 408.00 415.20 213}{415.20 420.00 422.33 426.00 692.00 3}{692.00 1567.00 1567.00 1567.00 2442.00 1}
1c 9999 

RANKS: 1 -1 2 1 0
EVENT35: 1113 48258a_48290a_482a43_482b37
COMP 4c-0: 47dac9_47de8e_47dff8_47e117 (199 1695.53 2 1682.00 2 1708.00){0.00 0.00 0.00 0.00 681.60 0}{681.60 0.00 0.00 0.00 1363.20 0}{1363.20 1682.00 1695.48 1708.00 2044.80 199}{2044.80 0.00 0.00 0.00 2726.40 0}{2726.40 0.00 0.00 0.00 3408.00 0}
COMP 4c-1: 48b4e5_48b769_48b83d_48b8f6 (1 373.00 2 373.00 2 373.00){0.00 0.00 0.00 0.00 149.20 0}{149.20 0.00 0.00 0.00 298.40 0}{298.40 373.00 373.00 373.00 447.60 1}{447.60 0.00 0.00 0.00 596.80 0}{596.80 0.00 0.00 0.00 746.00 0}
COMM 4b-0: 47dac9_47de8e_47dff8_47e117 (199 3.71 2 3.00 2 8.00){0.00 3.00 3.00 3.00 3.20 66}{3.20 4.00 4.00 4.00 6.40 132}{6.40 8.00 8.00 8.00 9.60 1}{9.60 0.00 0.00 0.00 12.80 0}{12.80 0.00 0.00 0.00 16.00 0}
COMM 4b-1: 48b4e5_48b769_48b83d_48b8f6 (1 234.00 2 234.00 2 234.00){0.00 0.00 0.00 0.00 93.60 0}{93.60 0.00 0.00 0.00 187.20 0}{187.20 234.00 234.00 234.00 280.80 1}{280.80 0.00 0.00 0.00 374.40 0}{374.40 0.00 0.00 0.00 468.00 0}
LOOP0: iter: ( 200 )[ 1 -1 2 1 0 ] mem: ( 2 )[ 1 -1 2 1 0 ]
10 2 
12 52020 250 250 250 250 250 250 250 250 250 250 250 250 250 250 250 250 250 250 250 250 250 250 250 250 250 250 250 250 250 250 250 250 250 250 250 250 250 250 250 250 250 250 250 250 250 250 250 250 250 250 250 250 250 250 250 250 250 250 250 250 250 250 250 250 250 250 250 250 250 250 250 250 250 250 250 250 250 250 250 250 250 250 250 250 250 250 250 250 250 250 250 250 250 250 250 250 250 250 250 250 250 250 250 250 250 250 250 250 250 250 250 250 250 250 250 250 250 250 250 250 250 250 250 250 250 250 250 250 250 250 250 250 250 250 250 250 250 250 250 250 250 250 250 250 250 250 250 250 250 250 250 250 250 250 250 250 250 250 250 250 250 250 250 250 250 250 250 250 250 250 250 250 250 250 250 250 250 250 250 250 250 250 250 250 250 250 250 250 250 250 250 250 250 250 250 250 250 250 250 
14 16 
1a 2 1 1 1 1 1 1 1 1 1 1 1 1 1 1 1 1 1 1 1 1 1 1 1 1 1 1 1 1 1 1 1 1 1 1 1 1 1 1 1 1 1 1 1 1 1 1 1 1 1 1 1 1 1 1 1 1 1 1 1 1 1 1 1 1 1 1 1 1 1 1 1 1 1 1 1 1 1 1 1 1 1 1 1 1 1 1 1 1 1 1 1 1 1 1 1 1 1 1 1 1 2 2 2 2 2 2 2 2 2 2 2 2 2 2 2 2 2 2 2 2 2 2 2 2 2 2 2 2 2 2 2 2 2 2 2 2 2 2 2 2 2 2 2 2 2 2 2 2 2 2 2 2 2 2 2 2 2 2 2 2 2 2 2 2 2 2 2 2 2 2 2 2 2 2 2 2 2 2 2 2 2 2 2 2 2 2 2 2 2 2 2 2 2 2 2 2 2 2 2 
1b 0 

RANKS: 1 -1 0 4 1
EVENT36: 1102 47dac9_47de8e_47dff8_47e117
COMP 4c-0: 47dac9_47de8e_47dff8_47e117 (398 1764.99 0 15.00 3 3602.00){0.00 0.00 0.00 0.00 6.00 0}{6.00 0.00 0.00 0.00 12.00 0}{12.00 15.00 17.97 18.00 24.00 200}{24.00 0.00 0.00 0.00 30.00 0}{30.00 3475.00 3538.49 3602.00 6920.00 198}
COMP 4c-1: 48258a_48290a_482a43_482b37 (401 2830.15 2 1809.00 3 196655.00){0.00 0.00 0.00 0.00 724.80 0}{724.80 0.00 0.00 0.00 1449.60 0}{1449.60 1809.00 1861.19 1914.00 2899.20 399}{2899.20 0.00 0.00 0.00 3624.00 0}{3624.00 196636.00 196645.50 196655.00 389686.00 2}
COMP 4c-2: 48b4e5_48b769_48b83d_48b8f6 (1 196779.00 1 196779.00 1 196779.00){0.00 0.00 0.00 0.00 78711.60 0}{78711.60 0.00 0.00 0.00 157423.20 0}{157423.20 196779.00 196779.00 196779.00 236134.80 1}{236134.80 0.00 0.00 0.00 314846.40 0}{314846.40 0.00 0.00 0.00 393558.00 0}
COMM 4b-0: 47dac9_47de8e_47dff8_47e117 (398 23.48 0 2.00 0 109.00){0.00 0.00 0.00 0.00 1.20 0}{1.20 2.00 2.00 2.00 2.40 96}{2.40 2.61 2.64 4.00 4.80 99}{4.80 5.00 5.00 5.00 6.00 1}{6.00 9.00 44.09 109.00 138.00 202}
COMM 4b-1: 48258a_48290a_482a43_482b37 (401 82.03 1 2.00 0 6197.00){0.00 2.00 19.59 1052.00 2478.80 397}{2478.80 3190.00 4267.67 4933.00 4957.60 3}{4957.60 6197.00 6197.00 6197.00 7436.40 1}{7436.40 0.00 0.00 0.00 9915.20 0}{9915.20 0.00 0.00 0.00 12394.00 0}
COMM 4b-2: 48b4e5_48b769_48b83d_48b8f6 (1 4059.00 1 4059.00 1 4059.00){0.00 0.00 0.00 0.00 1623.60 0}{1623.60 0.00 0.00 0.00 3247.20 0}{3247.20 4059.00 4059.00 4059.00 4870.80 1}{4870.80 0.00 0.00 0.00 6494.40 0}{6494.40 0.00 0.00 0.00 8118.00 0}
LOOP0: iter: ( 200 )[ 2 -1 0 2 1 -1 3 1 0 ] mem: ( 1 )[ 1 -1 0 2 3 ]( 2 )[ 1 -1 1 1 0 ]
10 2 
12 250 
14 16 
1b 0 
2b ( 1 2 )[ 1 -1 0 1 0 ]
2b ( 3 3 3 3 3 3 3 3 3 3 3 3 3 3 3 3 3 3 3 3 3 3 3 3 3 3 3 3 3 3 3 3 3 3 3 3 3 3 3 3 3 3 3 3 3 3 3 3 3 3 3 3 3 3 3 3 3 3 3 3 3 3 3 3 3 3 3 3 3 3 3 3 3 3 3 3 3 3 3 3 3 3 3 3 3 3 3 3 3 3 3 3 3 3 3 3 3 3 3 3 2 2 2 2 2 2 2 2 2 2 2 2 2 2 2 2 2 2 2 2 2 2 2 2 2 2 2 2 2 2 2 2 2 2 2 2 2 2 2 2 2 2 2 2 2 2 2 2 2 2 2 2 2 2 2 2 2 2 2 2 2 2 2 2 2 2 2 2 2 2 2 2 2 2 2 2 2 2 2 2 2 2 2 2 2 2 2 2 2 2 2 2 2 2 2 2 2 2 2 2 )[ 1 -1 1 1 0 ]
2b ( 3 2 )[ 1 -1 3 1 0 ]
2b ( 2 2 2 2 2 2 2 2 2 2 2 2 2 2 2 2 2 2 2 2 2 2 2 2 2 2 2 2 2 2 2 2 2 2 2 2 2 2 2 2 2 2 2 2 2 2 2 2 2 2 2 2 2 2 2 2 2 2 2 2 2 2 2 2 2 2 2 2 2 2 2 2 2 2 2 2 2 2 2 2 2 2 2 2 2 2 2 2 2 2 2 2 2 2 2 2 2 2 2 2 1 1 1 1 1 1 1 1 1 1 1 1 1 1 1 1 1 1 1 1 1 1 1 1 1 1 1 1 1 1 1 1 1 1 1 1 1 1 1 1 1 1 1 1 1 1 1 1 1 1 1 1 1 1 1 1 1 1 1 1 1 1 1 1 1 1 1 1 1 1 1 1 1 1 1 1 1 1 1 1 1 1 1 1 1 1 1 1 1 1 1 1 1 1 1 1 1 1 1 1 )[ 1 -1 2 1 0 ]

RANKS: 1 -1 1 3 1
EVENT37: 1113 48258a_48290a_482a43_482b37
COMP 4c-0: 47dac9_47de8e_47dff8_47e117 (202 1708.91 1 1679.00 3 5164.00){0.00 0.00 0.00 0.00 681.60 0}{681.60 0.00 0.00 0.00 1363.20 0}{1363.20 1679.00 1691.75 1705.00 2726.40 201}{2726.40 0.00 0.00 0.00 3408.00 0}{3408.00 5164.00 5164.00 5164.00 6920.00 1}
COMP 4c-1: 48258a_48290a_482a43_482b37 (199 1729.18 3 15.00 3 3475.00){0.00 0.00 0.00 0.00 6.00 0}{6.00 0.00 0.00 0.00 12.00 0}{12.00 15.00 17.97 18.00 24.00 100}{24.00 0.00 0.00 0.00 30.00 0}{30.00 3475.00 3475.00 3475.00 6920.00 99}
COMM 4b-0: 47dac9_47de8e_47dff8_47e117 (202 3.98 1 3.00 1 16.00){0.00 3.00 3.00 3.00 3.20 78}{3.20 4.00 4.00 4.00 6.40 116}{6.40 7.00 7.50 8.00 9.60 2}{9.60 12.00 12.00 12.00 12.80 1}{12.80 14.00 14.80 16.00 16.00 5}
COMM 4b-1: 48258a_48290a_482a43_482b37 (199 4.61 3 3.00 3 31.00){0.00 0.00 0.00 0.00 2.40 0}{2.40 3.00 3.59 4.00 4.80 140}{4.80 5.00 5.95 7.00 7.20 55}{7.20 8.00 8.00 8.00 12.00 1}{12.00 23.00 26.33 31.00 50.00 3}
LOOP0: iter: ( 200 )[ 1 -1 3 1 0 ] mem: ( 1 )[ 1 -1 3 1 0 ]
10 2 
12 250 
14 16 
1a ( 2 2 2 2 2 2 2 2 2 2 2 2 2 2 2 2 2 2 2 2 2 2 2 2 2 2 2 2 2 2 2 2 2 2 2 2 2 2 2 2 2 2 2 2 2 2 2 2 2 2 2 2 2 2 2 2 2 2 2 2 2 2 2 2 2 2 2 2 2 2 2 2 2 2 2 2 2 2 2 2 2 2 2 2 2 2 2 2 2 2 2 2 2 2 2 2 2 2 2 2 3 3 3 3 3 3 3 3 3 3 3 3 3 3 3 3 3 3 3 3 3 3 3 3 3 3 3 3 3 3 3 3 3 3 3 3 3 3 3 3 3 3 3 3 3 3 3 3 3 3 3 3 3 3 3 3 3 3 3 3 3 3 3 3 3 3 3 3 3 3 3 3 3 3 3 3 3 3 3 3 3 3 3 3 3 3 3 3 3 3 3 3 3 3 3 3 3 3 3 3 )[ 1 -1 1 1 0 ]
1a ( 3 2 )[ 1 -1 3 1 0 ]
1a ( 2 )[ 1 -1 2 1 0 ]
1b 0 

RANKS: 1 -1 0 4 1
EVENT38: 1004 46a9bf_46ad1f_46ae62_46af54
COMP 4c-0: 47dac9_47de8e_47dff8_47e117 (1 24523.00 0 24523.00 0 24523.00){0.00 0.00 0.00 0.00 9809.20 0}{9809.20 0.00 0.00 0.00 19618.40 0}{19618.40 24523.00 24523.00 24523.00 29427.60 1}{29427.60 0.00 0.00 0.00 39236.80 0}{39236.80 0.00 0.00 0.00 49046.00 0}
COMP 4c-1: 48258a_48290a_482a43_482b37 (3 22859.50 2 22857.00 1 22861.00){0.00 0.00 0.00 0.00 9144.40 0}{9144.40 0.00 0.00 0.00 18288.80 0}{18288.80 22857.00 22859.00 22861.00 27433.20 3}{27433.20 0.00 0.00 0.00 36577.60 0}{36577.60 0.00 0.00 0.00 45722.00 0}
COMM 4b-0: 47dac9_47de8e_47dff8_47e117 (1 23.00 0 23.00 0 23.00){0.00 0.00 0.00 0.00 9.20 0}{9.20 0.00 0.00 0.00 18.40 0}{18.40 23.00 23.00 23.00 27.60 1}{27.60 0.00 0.00 0.00 36.80 0}{36.80 0.00 0.00 0.00 46.00 0}
COMM 4b-1: 48258a_48290a_482a43_482b37 (3 2004.00 1 416.00 3 4114.00){0.00 0.00 0.00 0.00 166.40 0}{166.40 0.00 0.00 0.00 332.80 0}{332.80 416.00 416.00 416.00 665.60 1}{665.60 0.00 0.00 0.00 832.00 0}{832.00 3070.00 3592.00 4114.00 7396.00 2}
10 2 
12 5 
14 16 
18 3 

RANKS: 1 -1 0 2 2
EVENT39: 1113 48258a_48290a_482a43_482b37
COMP 4c-0: 46a9bf_46ad1f_46ae62_46af54 (2 11659.00 0 11659.00 0 11659.00){0.00 0.00 0.00 0.00 4663.60 0}{4663.60 0.00 0.00 0.00 9327.20 0}{9327.20 11659.00 11659.00 11659.00 13990.80 2}{13990.80 0.00 0.00 0.00 18654.40 0}{18654.40 0.00 0.00 0.00 23318.00 0}
COMP 4c-1: 48b4e5_48b769_48b83d_48b8f6 (1 93778.00 0 93778.00 0 93778.00){0.00 0.00 0.00 0.00 37511.20 0}{37511.20 0.00 0.00 0.00 75022.40 0}{75022.40 93778.00 93778.00 93778.00 112533.60 1}{112533.60 0.00 0.00 0.00 150044.80 0}{150044.80 0.00 0.00 0.00 187556.00 0}
COMM 4b-0: 46a9bf_46ad1f_46ae62_46af54 (2 245.00 0 244.00 2 247.00){0.00 0.00 0.00 0.00 97.60 0}{97.60 0.00 0.00 0.00 195.20 0}{195.20 244.00 245.50 247.00 292.80 2}{292.80 0.00 0.00 0.00 390.40 0}{390.40 0.00 0.00 0.00 488.00 0}
COMM 4b-1: 48b4e5_48b769_48b83d_48b8f6 (1 243.00 0 243.00 0 243.00){0.00 0.00 0.00 0.00 97.20 0}{97.20 0.00 0.00 0.00 194.40 0}{194.40 243.00 243.00 243.00 291.60 1}{291.60 0.00 0.00 0.00 388.80 0}{388.80 0.00 0.00 0.00 486.00 0}
LOOP0: iter: ( 2 )[ 1 -1 0 1 0 ] mem: ( 3 )[ 1 -1 0 1 0 ]
10 2 
12 52020 
14 16 
1a ( 1 2 )[ 1 -1 0 1 0 ]
1a ( 1 )[ 1 -1 2 1 0 ]
1b 0 

RANKS: 1 -1 0 4 1
EVENT40: 1090 47a456_47a82b_47a996_47aab7
COMP 4c-0: 46a9bf_46ad1f_46ae62_46af54 (2 11470.67 3 11470.00 1 11471.00){0.00 0.00 0.00 0.00 4588.40 0}{4588.40 0.00 0.00 0.00 9176.80 0}{9176.80 11470.00 11470.50 11471.00 13765.20 2}{13765.20 0.00 0.00 0.00 18353.60 0}{18353.60 0.00 0.00 0.00 22942.00 0}
COMP 4c-1: 48258a_48290a_482a43_482b37 (4 18707.60 0 14.00 3 93481.00){0.00 0.00 0.00 0.00 5.60 0}{5.60 0.00 0.00 0.00 11.20 0}{11.20 14.00 14.33 15.00 22.40 3}{22.40 0.00 0.00 0.00 28.00 0}{28.00 93481.00 93481.00 93481.00 186934.00 1}
COMP 4c-2: 48b4e5_48b769_48b83d_48b8f6 (1 93595.00 2 93595.00 2 93595.00){0.00 0.00 0.00 0.00 37438.00 0}{37438.00 0.00 0.00 0.00 74876.00 0}{74876.00 93595.00 93595.00 93595.00 112314.00 1}{112314.00 0.00 0.00 0.00 149752.00 0}{149752.00 0.00 0.00 0.00 187190.00 0}
COMM 4b-0: 46a9bf_46ad1f_46ae62_46af54 (2 4.00 1 4.00 1 4.00){0.00 0.00 0.00 0.00 1.60 0}{1.60 0.00 0.00 0.00 3.20 0}{3.20 4.00 4.00 4.00 4.80 2}{4.80 0.00 0.00 0.00 6.40 0}{6.40 0.00 0.00 0.00 8.00 0}
COMM 4b-1: 48258a_48290a_482a43_482b37 (4 2.80 0 2.00 3 4.00){0.00 0.00 0.00 0.00 0.80 0}{0.80 0.00 0.00 0.00 1.60 0}{1.60 2.00 2.00 2.00 2.40 1}{2.40 3.00 3.00 3.00 3.20 2}{3.20 4.00 4.00 4.00 4.00 1}
COMM 4b-2: 48b4e5_48b769_48b83d_48b8f6 (1 4.00 2 4.00 2 4.00){0.00 0.00 0.00 0.00 1.60 0}{1.60 0.00 0.00 0.00 3.20 0}{3.20 4.00 4.00 4.00 4.80 1}{4.80 0.00 0.00 0.00 6.40 0}{6.40 0.00 0.00 0.00 8.00 0}
LOOP0: iter: ( 2 )[ 1 -1 2 2 1 ] mem: ( 3 )[ 1 -1 3 1 0 ]( 2 )[ 1 -1 2 1 0 ]
10 2 
12 52020 
14 16 
1b 0 
2b 2147483647 

RANKS: 1 -1 0 4 1
EVENT41: 1148 48b4e5_48b769_48b83d_48b8f6
COMP 4c-0: 47a456_47a82b_47a996_47aab7 (7 14.50 0 14.00 3 15.00){0.00 0.00 0.00 0.00 5.60 0}{5.60 0.00 0.00 0.00 11.20 0}{11.20 14.00 14.57 15.00 16.80 7}{16.80 0.00 0.00 0.00 22.40 0}{22.40 0.00 0.00 0.00 28.00 0}
COMM 4b-0: 47a456_47a82b_47a996_47aab7 (7 413.75 3 320.00 1 525.00){0.00 0.00 0.00 0.00 186.40 0}{186.40 320.00 330.33 342.00 372.80 3}{372.80 412.00 463.25 525.00 559.20 4}{559.20 0.00 0.00 0.00 745.60 0}{745.60 0.00 0.00 0.00 932.00 0}
1c 9999 

RANKS: 1 -1 2 2 1
EVENT42: 1113 48258a_48290a_482a43_482b37
COMP 4c-0: 48b4e5_48b769_48b83d_48b8f6 (3 370.75 3 370.00 2 373.00){0.00 0.00 0.00 0.00 148.00 0}{148.00 0.00 0.00 0.00 296.00 0}{296.00 370.00 371.00 373.00 444.00 3}{444.00 0.00 0.00 0.00 592.00 0}{592.00 0.00 0.00 0.00 740.00 0}
COMM 4b-0: 48b4e5_48b769_48b83d_48b8f6 (3 236.50 2 234.00 3 238.00){0.00 0.00 0.00 0.00 94.80 0}{94.80 0.00 0.00 0.00 189.60 0}{189.60 234.00 236.33 238.00 284.40 3}{284.40 0.00 0.00 0.00 379.20 0}{379.20 0.00 0.00 0.00 474.00 0}
10 2 
12 52020 
14 16 
1a ( 3 2 )[ 1 -1 3 1 0 ]
1a ( 2 )[ 1 -1 2 1 0 ]
1b 0 

RANKS: 2 -1 0 2 2 -1 3 1 0
EVENT43: 1004 46a9bf_46ad1f_46ae62_46af54
COMP 4c-0: 46a9bf_46ad1f_46ae62_46af54 (6 40650.86 0 15.00 0 94832.00){0.00 0.00 0.00 0.00 6.00 0}{6.00 0.00 0.00 0.00 12.00 0}{12.00 15.00 15.00 15.00 24.00 3}{24.00 0.00 0.00 0.00 30.00 0}{30.00 94832.00 94832.00 94832.00 189634.00 3}
COMP 4c-1: 48258a_48290a_482a43_482b37 (2 194743.67 2 194741.00 3 194745.00){0.00 0.00 0.00 0.00 77898.00 0}{77898.00 0.00 0.00 0.00 155796.00 0}{155796.00 194741.00 194743.00 194745.00 233694.00 2}{233694.00 0.00 0.00 0.00 311592.00 0}{311592.00 0.00 0.00 0.00 389490.00 0}
COMP 4c-2: 48b4e5_48b769_48b83d_48b8f6 (1 194873.00 0 194873.00 0 194873.00){0.00 0.00 0.00 0.00 77949.20 0}{77949.20 0.00 0.00 0.00 155898.40 0}{155898.40 194873.00 194873.00 194873.00 233847.60 1}{233847.60 0.00 0.00 0.00 311796.80 0}{311796.80 0.00 0.00 0.00 389746.00 0}
COMM 4b-0: 46a9bf_46ad1f_46ae62_46af54 (6 51.57 2 7.00 2 102.00){0.00 7.00 14.50 22.00 22.00 2}{22.00 26.00 26.00 26.00 44.00 1}{44.00 55.00 55.00 55.00 66.00 1}{66.00 0.00 0.00 0.00 88.00 0}{88.00 94.00 98.00 102.00 110.00 2}
COMM 4b-1: 48258a_48290a_482a43_482b37 (2 688.00 2 682.00 3 691.00){0.00 0.00 0.00 0.00 276.40 0}{276.40 0.00 0.00 0.00 552.80 0}{552.80 682.00 686.50 691.00 829.20 2}{829.20 0.00 0.00 0.00 1105.60 0}{1105.60 0.00 0.00 0.00 1382.00 0}
COMM 4b-2: 48b4e5_48b769_48b83d_48b8f6 (1 22.00 0 22.00 0 22.00){0.00 0.00 0.00 0.00 8.80 0}{8.80 0.00 0.00 0.00 17.60 0}{17.60 22.00 22.00 22.00 26.40 1}{26.40 0.00 0.00 0.00 35.20 0}{35.20 0.00 0.00 0.00 44.00 0}
LOOP0: iter: ( 3 )[ 2 -1 0 2 2 -1 3 1 0 ] mem: ( 1 )[ 2 -1 0 2 2 -1 3 1 0 ]
10 2 
12 5 1 5 
14 16 
18 3 1 3 

RANKS: 1 -1 1 3 1
EVENT44: 1113 48258a_48290a_482a43_482b37
COMP 4c-0: 46a9bf_46ad1f_46ae62_46af54 (2 133.00 3 133.00 3 133.00){0.00 0.00 0.00 0.00 53.20 0}{53.20 0.00 0.00 0.00 106.40 0}{106.40 133.00 133.00 133.00 159.60 2}{159.60 0.00 0.00 0.00 212.80 0}{212.80 0.00 0.00 0.00 266.00 0}
COMP 4c-1: 48258a_48290a_482a43_482b37 (2 62448.33 3 15.00 1 93665.00){0.00 15.00 15.00 15.00 37466.00 1}{37466.00 0.00 0.00 0.00 74932.00 0}{74932.00 93665.00 93665.00 93665.00 112398.00 1}{112398.00 0.00 0.00 0.00 149864.00 0}{149864.00 0.00 0.00 0.00 187330.00 0}
COMP 4c-2: 48b4e5_48b769_48b83d_48b8f6 (1 370.00 1 370.00 1 370.00){0.00 0.00 0.00 0.00 148.00 0}{148.00 0.00 0.00 0.00 296.00 0}{296.00 370.00 370.00 370.00 444.00 1}{444.00 0.00 0.00 0.00 592.00 0}{592.00 0.00 0.00 0.00 740.00 0}
COMM 4b-0: 46a9bf_46ad1f_46ae62_46af54 (2 5.00 3 5.00 3 5.00){0.00 0.00 0.00 0.00 2.00 0}{2.00 0.00 0.00 0.00 4.00 0}{4.00 5.00 5.00 5.00 6.00 2}{6.00 0.00 0.00 0.00 8.00 0}{8.00 0.00 0.00 0.00 10.00 0}
COMM 4b-1: 48258a_48290a_482a43_482b37 (2 165.33 3 2.00 1 247.00){0.00 2.00 2.00 2.00 98.80 1}{98.80 0.00 0.00 0.00 197.60 0}{197.60 247.00 247.00 247.00 296.40 1}{296.40 0.00 0.00 0.00 395.20 0}{395.20 0.00 0.00 0.00 494.00 0}
COMM 4b-2: 48b4e5_48b769_48b83d_48b8f6 (1 233.00 1 233.00 1 233.00){0.00 0.00 0.00 0.00 93.20 0}{93.20 0.00 0.00 0.00 186.40 0}{186.40 233.00 233.00 233.00 279.60 1}{279.60 0.00 0.00 0.00 372.80 0}{372.80 0.00 0.00 0.00 466.00 0}
LOOP0: iter: ( 2 )[ 1 -1 1 2 2 ] mem: ( 1 )[ 1 -1 1 2 2 ]
10 2 
12 ( 52020 )[ 1 -1 1 1 0 ]
12 ( 102 106 )[ 1 -1 3 1 0 ]
12 ( 102 )[ 1 -1 2 1 0 ]
14 16 
1a ( 3 2 )[ 1 -1 1 1 0 ]
1a ( 2 3 )[ 1 -1 3 1 0 ]
1a ( 2 )[ 1 -1 2 1 0 ]
1b 0 

RANKS: 1 -1 0 2 1
EVENT45: 1090 47a456_47a82b_47a996_47aab7
COMP 4c-0: 46a9bf_46ad1f_46ae62_46af54 (1 135.00 0 135.00 0 135.00){0.00 0.00 0.00 0.00 54.00 0}{54.00 0.00 0.00 0.00 108.00 0}{108.00 135.00 135.00 135.00 162.00 1}{162.00 0.00 0.00 0.00 216.00 0}{216.00 0.00 0.00 0.00 270.00 0}
COMP 4c-1: 48258a_48290a_482a43_482b37 (1 16.00 1 16.00 1 16.00){0.00 0.00 0.00 0.00 6.40 0}{6.40 0.00 0.00 0.00 12.80 0}{12.80 16.00 16.00 16.00 19.20 1}{19.20 0.00 0.00 0.00 25.60 0}{25.60 0.00 0.00 0.00 32.00 0}
COMP 4c-2: 48b4e5_48b769_48b83d_48b8f6 (1 15.00 0 15.00 0 15.00){0.00 0.00 0.00 0.00 6.00 0}{6.00 0.00 0.00 0.00 12.00 0}{12.00 15.00 15.00 15.00 18.00 1}{18.00 0.00 0.00 0.00 24.00 0}{24.00 0.00 0.00 0.00 30.00 0}
COMM 4b-0: 46a9bf_46ad1f_46ae62_46af54 (1 2.00 0 2.00 0 2.00){0.00 0.00 0.00 0.00 0.80 0}{0.80 0.00 0.00 0.00 1.60 0}{1.60 2.00 2.00 2.00 2.40 1}{2.40 0.00 0.00 0.00 3.20 0}{3.20 0.00 0.00 0.00 4.00 0}
COMM 4b-1: 48258a_48290a_482a43_482b37 (1 2.00 1 2.00 1 2.00){0.00 0.00 0.00 0.00 0.80 0}{0.80 0.00 0.00 0.00 1.60 0}{1.60 2.00 2.00 2.00 2.40 1}{2.40 0.00 0.00 0.00 3.20 0}{3.20 0.00 0.00 0.00 4.00 0}
COMM 4b-2: 48b4e5_48b769_48b83d_48b8f6 (1 1.00 0 1.00 0 1.00){0.00 0.00 0.00 0.00 0.40 0}{0.40 0.00 0.00 0.00 0.80 0}{0.80 1.00 1.00 1.00 1.20 1}{1.20 0.00 0.00 0.00 1.60 0}{1.60 0.00 0.00 0.00 2.00 0}
LOOP0: iter: ( 2 )[ 1 -1 0 1 0 ] mem: ( 2 )[ 1 -1 0 1 0 ]
10 2 
12 ( 102 106 )[ 1 -1 0 1 0 ]
12 ( 52020 )[ 1 -1 1 1 0 ]
14 16 
1b 0 
2b 2147483647 

RANKS: 1 -1 0 2 1
EVENT46: 1148 48b4e5_48b769_48b83d_48b8f6
COMP 4c-0: 47a456_47a82b_47a996_47aab7 (3 14.50 0 14.00 0 15.00){0.00 0.00 0.00 0.00 5.60 0}{5.60 0.00 0.00 0.00 11.20 0}{11.20 14.00 14.67 15.00 16.80 3}{16.80 0.00 0.00 0.00 22.40 0}{22.40 0.00 0.00 0.00 28.00 0}
COMM 4b-0: 47a456_47a82b_47a996_47aab7 (3 124.25 0 4.00 1 361.00){0.00 0.00 0.00 0.00 1.60 0}{1.60 0.00 0.00 0.00 3.20 0}{3.20 4.00 4.00 4.00 8.00 1}{8.00 128.00 128.00 128.00 248.00 1}{248.00 361.00 361.00 361.00 474.00 1}
1c 9999 

RANKS: 2 -1 0 2 1 -1 3 1 0
EVENT47: 1004 46a9bf_46ad1f_46ae62_46af54
COMP 4c-0: 46a9bf_46ad1f_46ae62_46af54 (2 31620.67 1 15.00 1 94832.00){0.00 0.00 0.00 0.00 6.00 0}{6.00 0.00 0.00 0.00 12.00 0}{12.00 15.00 15.00 15.00 24.00 1}{24.00 0.00 0.00 0.00 30.00 0}{30.00 94832.00 94832.00 94832.00 189634.00 1}
COMP 4c-1: 48258a_48290a_482a43_482b37 (1 59.00 3 59.00 3 59.00){0.00 0.00 0.00 0.00 23.60 0}{23.60 0.00 0.00 0.00 47.20 0}{47.20 59.00 59.00 59.00 70.80 1}{70.80 0.00 0.00 0.00 94.40 0}{94.40 0.00 0.00 0.00 118.00 0}
COMP 4c-2: 48b4e5_48b769_48b83d_48b8f6 (2 64998.33 0 63.00 1 194869.00){0.00 0.00 0.00 0.00 25.20 0}{25.20 0.00 0.00 0.00 50.40 0}{50.40 63.00 63.00 63.00 100.80 1}{100.80 0.00 0.00 0.00 126.00 0}{126.00 194869.00 194869.00 194869.00 389612.00 1}
COMM 4b-0: 46a9bf_46ad1f_46ae62_46af54 (2 44.33 1 22.00 1 89.00){0.00 0.00 0.00 0.00 8.80 0}{8.80 0.00 0.00 0.00 17.60 0}{17.60 22.00 22.00 22.00 35.20 1}{35.20 0.00 0.00 0.00 44.00 0}{44.00 89.00 89.00 89.00 134.00 1}
COMM 4b-1: 48258a_48290a_482a43_482b37 (1 142.00 3 142.00 3 142.00){0.00 0.00 0.00 0.00 56.80 0}{56.80 0.00 0.00 0.00 113.60 0}{113.60 142.00 142.00 142.00 170.40 1}{170.40 0.00 0.00 0.00 227.20 0}{227.20 0.00 0.00 0.00 284.00 0}
COMM 4b-2: 48b4e5_48b769_48b83d_48b8f6 (2 263.33 0 32.00 1 726.00){0.00 0.00 0.00 0.00 12.80 0}{12.80 0.00 0.00 0.00 25.60 0}{25.60 32.00 32.00 32.00 51.20 1}{51.20 0.00 0.00 0.00 64.00 0}{64.00 726.00 726.00 726.00 1388.00 1}
LOOP0: iter: ( 3 )[ 1 -1 1 1 0 ] mem: ( 1 )[ 1 -1 1 1 0 ]
10 2 
12 ( 1 )[ 1 -1 0 2 3 ]
12 ( 5 1 5 )[ 1 -1 1 1 0 ]
14 16 
18 ( 3 )[ 1 -1 0 2 3 ]
18 ( 3 1 3 )[ 1 -1 1 1 0 ]

RANKS: 1 -1 0 3 1
EVENT48: 1090 47a456_47a82b_47a996_47aab7
COMP 4c-0: 46a9bf_46ad1f_46ae62_46af54 (3 144.25 1 135.00 2 148.00){0.00 0.00 0.00 0.00 58.80 0}{58.80 0.00 0.00 0.00 117.60 0}{117.60 135.00 143.33 148.00 176.40 3}{176.40 0.00 0.00 0.00 235.20 0}{235.20 0.00 0.00 0.00 294.00 0}
COMP 4c-1: 48258a_48290a_482a43_482b37 (1 15.00 2 15.00 2 15.00){0.00 0.00 0.00 0.00 6.00 0}{6.00 0.00 0.00 0.00 12.00 0}{12.00 15.00 15.00 15.00 18.00 1}{18.00 0.00 0.00 0.00 24.00 0}{24.00 0.00 0.00 0.00 30.00 0}
COMM 4b-0: 46a9bf_46ad1f_46ae62_46af54 (3 2.25 2 1.00 1 4.00){0.00 0.00 0.00 0.00 0.80 0}{0.80 1.00 1.00 1.00 1.60 1}{1.60 2.00 2.00 2.00 2.40 1}{2.40 0.00 0.00 0.00 3.20 0}{3.20 4.00 4.00 4.00 4.00 1}
COMM 4b-1: 48258a_48290a_482a43_482b37 (1 2.00 2 2.00 2 2.00){0.00 0.00 0.00 0.00 0.80 0}{0.80 0.00 0.00 0.00 1.60 0}{1.60 2.00 2.00 2.00 2.40 1}{2.40 0.00 0.00 0.00 3.20 0}{3.20 0.00 0.00 0.00 4.00 0}
LOOP0: iter: ( 2 )[ 1 -1 2 1 0 ] mem: ( 3 )[ 1 -1 2 1 0 ]
10 2 
12 ( 102 )[ 1 -1 0 2 1 ]
12 ( 106 102 )[ 1 -1 2 1 0 ]
14 16 
1b 0 
2b 2147483647 

RANKS: 1 -1 0 3 1
EVENT49: 1148 48b4e5_48b769_48b83d_48b8f6
COMP 4c-0: 47a456_47a82b_47a996_47aab7 (4 15.00 0 15.00 0 15.00){0.00 0.00 0.00 0.00 6.00 0}{6.00 0.00 0.00 0.00 12.00 0}{12.00 15.00 15.00 15.00 18.00 4}{18.00 0.00 0.00 0.00 24.00 0}{24.00 0.00 0.00 0.00 30.00 0}
COMM 4b-0: 47a456_47a82b_47a996_47aab7 (4 3.60 0 3.00 1 4.00){0.00 0.00 0.00 0.00 1.20 0}{1.20 0.00 0.00 0.00 2.40 0}{2.40 3.00 3.00 3.00 3.60 1}{3.60 4.00 4.00 4.00 4.80 3}{4.80 0.00 0.00 0.00 6.00 0}
1c 9999 

RANKS: 1 -1 1 2 2
EVENT50: 1113 48258a_48290a_482a43_482b37
COMP 4c-0: 46a9bf_46ad1f_46ae62_46af54 (2 148.00 1 148.00 1 148.00){0.00 0.00 0.00 0.00 59.20 0}{59.20 0.00 0.00 0.00 118.40 0}{118.40 148.00 148.00 148.00 177.60 2}{177.60 0.00 0.00 0.00 236.80 0}{236.80 0.00 0.00 0.00 296.00 0}
COMP 4c-1: 48b4e5_48b769_48b83d_48b8f6 (1 16.00 1 16.00 1 16.00){0.00 0.00 0.00 0.00 6.40 0}{6.40 0.00 0.00 0.00 12.80 0}{12.80 16.00 16.00 16.00 19.20 1}{19.20 0.00 0.00 0.00 25.60 0}{25.60 0.00 0.00 0.00 32.00 0}
COMM 4b-0: 46a9bf_46ad1f_46ae62_46af54 (2 3.00 1 3.00 1 3.00){0.00 0.00 0.00 0.00 1.20 0}{1.20 0.00 0.00 0.00 2.40 0}{2.40 3.00 3.00 3.00 3.60 2}{3.60 0.00 0.00 0.00 4.80 0}{4.80 0.00 0.00 0.00 6.00 0}
COMM 4b-1: 48b4e5_48b769_48b83d_48b8f6 (1 8.00 1 8.00 1 8.00){0.00 0.00 0.00 0.00 3.20 0}{3.20 0.00 0.00 0.00 6.40 0}{6.40 8.00 8.00 8.00 9.60 1}{9.60 0.00 0.00 0.00 12.80 0}{12.80 0.00 0.00 0.00 16.00 0}
LOOP0: iter: ( 2 )[ 1 -1 1 1 0 ] mem: ( 2 )[ 1 -1 1 1 0 ]
10 2 
12 ( 106 102 )[ 1 -1 1 1 0 ]
12 ( 102 )[ 1 -1 3 1 0 ]
14 16 
1a 3 
1b 0 

RANKS: 1 -1 0 4 1
EVENT51: 1004 46a9bf_46ad1f_46ae62_46af54
COMP 4c-0: 48258a_48290a_482a43_482b37 (3 80.50 1 59.00 1 102.00){0.00 0.00 0.00 0.00 23.60 0}{23.60 0.00 0.00 0.00 47.20 0}{47.20 59.00 59.00 59.00 70.80 1}{70.80 0.00 0.00 0.00 94.40 0}{94.40 102.00 102.00 102.00 118.00 2}
COMP 4c-1: 48b4e5_48b769_48b83d_48b8f6 (3 93.50 2 59.00 0 105.00){0.00 0.00 0.00 0.00 42.00 0}{42.00 59.00 59.00 59.00 84.00 1}{84.00 105.00 105.00 105.00 126.00 2}{126.00 0.00 0.00 0.00 168.00 0}{168.00 0.00 0.00 0.00 210.00 0}
COMM 4b-0: 48258a_48290a_482a43_482b37 (3 14.75 1 6.00 3 39.00){0.00 0.00 0.00 0.00 2.80 0}{2.80 0.00 0.00 0.00 5.60 0}{5.60 6.00 6.50 7.00 11.20 2}{11.20 0.00 0.00 0.00 14.00 0}{14.00 39.00 39.00 39.00 64.00 1}
COMM 4b-1: 48b4e5_48b769_48b83d_48b8f6 (3 50.00 2 31.00 0 68.00){0.00 0.00 0.00 0.00 27.20 0}{27.20 31.00 32.00 33.00 54.40 2}{54.40 68.00 68.00 68.00 81.60 1}{81.60 0.00 0.00 0.00 108.80 0}{108.80 0.00 0.00 0.00 136.00 0}
10 2 
12 1 
14 16 
18 3 

RANKS: 1 -1 0 2 1
EVENT52: 1090 47a456_47a82b_47a996_47aab7_45f394
COMP 4c-0: 46a9bf_46ad1f_46ae62_46af54 (2 155.00 0 154.00 1 157.00){0.00 0.00 0.00 0.00 61.60 0}{61.60 0.00 0.00 0.00 123.20 0}{123.20 154.00 155.50 157.00 184.80 2}{184.80 0.00 0.00 0.00 246.40 0}{246.40 0.00 0.00 0.00 308.00 0}
COMM 4b-0: 46a9bf_46ad1f_46ae62_46af54 (2 2.33 0 2.00 1 3.00){0.00 0.00 0.00 0.00 0.80 0}{0.80 0.00 0.00 0.00 1.60 0}{1.60 2.00 2.00 2.00 2.40 1}{2.40 3.00 3.00 3.00 3.20 1}{3.20 0.00 0.00 0.00 4.00 0}
10 2 
12 102 
14 16 
1b 0 
2b 2147483647 

RANKS: 1 -1 0 2 1
EVENT53: 1148 48b4e5_48b769_48b83d_48b8f6_45f3a9
COMP 4c-0: 47a456_47a82b_47a996_47aab7_45f394 (2 16.00 0 16.00 0 16.00){0.00 0.00 0.00 0.00 6.40 0}{6.40 0.00 0.00 0.00 12.80 0}{12.80 16.00 16.00 16.00 19.20 2}{19.20 0.00 0.00 0.00 25.60 0}{25.60 0.00 0.00 0.00 32.00 0}
COMM 4b-0: 47a456_47a82b_47a996_47aab7_45f394 (2 28.67 1 4.00 0 41.00){0.00 4.00 4.00 4.00 16.40 1}{16.40 0.00 0.00 0.00 32.80 0}{32.80 41.00 41.00 41.00 49.20 1}{49.20 0.00 0.00 0.00 65.60 0}{65.60 0.00 0.00 0.00 82.00 0}
1c 9999 

RANKS: 1 -1 2 2 1
EVENT54: 1113 48258a_48290a_482a43_482b37_45f458
COMP 4c-0: 46a9bf_46ad1f_46ae62_46af54 (2 154.00 3 153.00 2 156.00){0.00 0.00 0.00 0.00 61.20 0}{61.20 0.00 0.00 0.00 122.40 0}{122.40 153.00 154.50 156.00 183.60 2}{183.60 0.00 0.00 0.00 244.80 0}{244.80 0.00 0.00 0.00 306.00 0}
COMM 4b-0: 46a9bf_46ad1f_46ae62_46af54 (2 3.33 3 3.00 2 4.00){0.00 0.00 0.00 0.00 1.20 0}{1.20 0.00 0.00 0.00 2.40 0}{2.40 3.00 3.00 3.00 3.60 1}{3.60 4.00 4.00 4.00 4.80 1}{4.80 0.00 0.00 0.00 6.00 0}
10 2 
12 102 
14 16 
1a 2 
1b 0 

RANKS: 1 -1 0 4 1
EVENT55: 1004 46a9bf_46ad1f_46ae62_46af54
COMP 4c-0: 48258a_48290a_482a43_482b37_45f458 (2 101.00 3 101.00 3 101.00){0.00 0.00 0.00 0.00 40.40 0}{40.40 0.00 0.00 0.00 80.80 0}{80.80 101.00 101.00 101.00 121.20 2}{121.20 0.00 0.00 0.00 161.60 0}{161.60 0.00 0.00 0.00 202.00 0}
COMP 4c-1: 48b4e5_48b769_48b83d_48b8f6_45f3a9 (2 105.00 0 105.00 0 105.00){0.00 0.00 0.00 0.00 42.00 0}{42.00 0.00 0.00 0.00 84.00 0}{84.00 105.00 105.00 105.00 126.00 2}{126.00 0.00 0.00 0.00 168.00 0}{168.00 0.00 0.00 0.00 210.00 0}
COMM 4b-0: 48258a_48290a_482a43_482b37_45f458 (2 68.00 2 14.00 3 95.00){0.00 14.00 14.00 14.00 38.00 1}{38.00 0.00 0.00 0.00 76.00 0}{76.00 95.00 95.00 95.00 114.00 1}{114.00 0.00 0.00 0.00 152.00 0}{152.00 0.00 0.00 0.00 190.00 0}
COMM 4b-1: 48b4e5_48b769_48b83d_48b8f6_45f3a9 (2 108.33 1 21.00 0 152.00){0.00 21.00 21.00 21.00 60.80 1}{60.80 0.00 0.00 0.00 121.60 0}{121.60 152.00 152.00 152.00 182.40 1}{182.40 0.00 0.00 0.00 243.20 0}{243.20 0.00 0.00 0.00 304.00 0}
10 2 
12 1 
14 16 
18 3 

RANKS: 1 -1 0 4 1
EVENT56: 1045 47331f_473393_4733f9_473454
COMP 4c-0: 46a9bf_46ad1f_46ae62_46af54 (4 2394.40 0 591.00 1 3665.00){0.00 0.00 0.00 0.00 236.40 0}{236.40 0.00 0.00 0.00 472.80 0}{472.80 591.00 591.00 591.00 945.60 1}{945.60 0.00 0.00 0.00 1182.00 0}{1182.00 3543.00 3596.67 3665.00 5904.00 3}

