RANKS: 1 -1 0 4 1
EVENT0: 1084 47929c_47935b_4793f1_47944c
33 2 
34 0 

RANKS: 1 -1 0 4 1
EVENT1: 1011 46d479_46d7a8_46d8c3_46d9af
COMP 4c-0: 46d479_46d7a8_46d8c3_46d9af (32 15.73 0 14.00 0 17.00){0.00 0.00 0.00 0.00 5.60 0}{5.60 0.00 0.00 0.00 11.20 0}{11.20 14.00 15.74 16.00 16.80 31}{16.80 17.00 17.00 17.00 22.40 1}{22.40 0.00 0.00 0.00 28.00 0}
COMP 4c-1: 47929c_47935b_4793f1_47944c (4 55.00 1 24.00 0 101.00){0.00 24.00 24.33 25.00 40.40 3}{40.40 0.00 0.00 0.00 80.80 0}{80.80 101.00 101.00 101.00 121.20 1}{121.20 0.00 0.00 0.00 161.60 0}{161.60 0.00 0.00 0.00 202.00 0}
COMM 4b-0: 46d479_46d7a8_46d8c3_46d9af (32 23.18 0 3.00 0 83.00){0.00 0.00 0.00 0.00 1.20 0}{1.20 0.00 0.00 0.00 2.40 0}{2.40 3.00 3.00 3.00 3.60 8}{3.60 4.00 4.25 5.00 6.00 4}{6.00 7.00 36.05 83.00 160.00 20}
COMM 4b-1: 47929c_47935b_4793f1_47944c (4 213.60 0 18.00 3 438.00){0.00 0.00 0.00 0.00 7.20 0}{7.20 0.00 0.00 0.00 14.40 0}{14.40 18.00 18.00 18.00 28.80 1}{28.80 0.00 0.00 0.00 36.00 0}{36.00 238.00 344.00 438.00 676.00 3}
LOOP0: iter: ( 9 )[ 1 -1 0 4 1 ] mem: ( 1 )[ 1 -1 0 4 1 ]
10 2 
12 1 1 1 1 1 5 1 1 1 
14 14 14 14 16 16 16 14 14 14 
19 0 

RANKS: 1 -1 2 1 0
EVENT2: 1113 4821ca_48254a_482683_482777
COMP 4c-0: 46d479_46d7a8_46d8c3_46d9af (1 152267.00 2 152267.00 2 152267.00){0.00 0.00 0.00 0.00 60906.80 0}{60906.80 0.00 0.00 0.00 121813.60 0}{121813.60 152267.00 152267.00 152267.00 182720.40 1}{182720.40 0.00 0.00 0.00 243627.20 0}{243627.20 0.00 0.00 0.00 304534.00 0}
COMM 4b-0: 46d479_46d7a8_46d8c3_46d9af (1 316.00 2 316.00 2 316.00){0.00 0.00 0.00 0.00 126.40 0}{126.40 0.00 0.00 0.00 252.80 0}{252.80 316.00 316.00 316.00 379.20 1}{379.20 0.00 0.00 0.00 505.60 0}{505.60 0.00 0.00 0.00 632.00 0}
10 2 
12 20480 
14 16 
1a 1 
1b 0 

RANKS: 1 -1 1 2 1
EVENT3: 1090 47a096_47a46b_47a5d6_47a6f7
COMP 4c-0: 46d479_46d7a8_46d8c3_46d9af (1 152198.00 1 152198.00 1 152198.00){0.00 0.00 0.00 0.00 60879.20 0}{60879.20 0.00 0.00 0.00 121758.40 0}{121758.40 152198.00 152198.00 152198.00 182637.60 1}{182637.60 0.00 0.00 0.00 243516.80 0}{243516.80 0.00 0.00 0.00 304396.00 0}
COMP 4c-1: 4821ca_48254a_482683_482777 (1 15.00 2 15.00 2 15.00){0.00 0.00 0.00 0.00 6.00 0}{6.00 0.00 0.00 0.00 12.00 0}{12.00 15.00 15.00 15.00 18.00 1}{18.00 0.00 0.00 0.00 24.00 0}{24.00 0.00 0.00 0.00 30.00 0}
COMP 4c-2: 48b125_48b3a9_48b47d_48b536 (1 21405.00 2 21405.00 2 21405.00){0.00 0.00 0.00 0.00 8562.00 0}{8562.00 0.00 0.00 0.00 17124.00 0}{17124.00 21405.00 21405.00 21405.00 25686.00 1}{25686.00 0.00 0.00 0.00 34248.00 0}{34248.00 0.00 0.00 0.00 42810.00 0}
COMM 4b-0: 46d479_46d7a8_46d8c3_46d9af (1 11.00 1 11.00 1 11.00){0.00 0.00 0.00 0.00 4.40 0}{4.40 0.00 0.00 0.00 8.80 0}{8.80 11.00 11.00 11.00 13.20 1}{13.20 0.00 0.00 0.00 17.60 0}{17.60 0.00 0.00 0.00 22.00 0}
COMM 4b-1: 4821ca_48254a_482683_482777 (1 9.00 2 9.00 2 9.00){0.00 0.00 0.00 0.00 3.60 0}{3.60 0.00 0.00 0.00 7.20 0}{7.20 9.00 9.00 9.00 10.80 1}{10.80 0.00 0.00 0.00 14.40 0}{14.40 0.00 0.00 0.00 18.00 0}
COMM 4b-2: 48b125_48b3a9_48b47d_48b536 (1 7.00 2 7.00 2 7.00){0.00 0.00 0.00 0.00 2.80 0}{2.80 0.00 0.00 0.00 5.60 0}{5.60 7.00 7.00 7.00 8.40 1}{8.40 0.00 0.00 0.00 11.20 0}{11.20 0.00 0.00 0.00 14.00 0}
LOOP0: iter: ( 2 )[ 1 -1 2 1 0 ] mem: ( 2 )[ 1 -1 2 1 0 ]
10 2 
12 20480 
14 16 
1b 0 
2b 2147483647 

RANKS: 1 -1 1 2 1
EVENT4: 1148 48b125_48b3a9_48b47d_48b536
COMP 4c-0: 47a096_47a46b_47a5d6_47a6f7 (3 15.75 2 15.00 1 16.00){0.00 0.00 0.00 0.00 6.40 0}{6.40 0.00 0.00 0.00 12.80 0}{12.80 15.00 15.67 16.00 19.20 3}{19.20 0.00 0.00 0.00 25.60 0}{25.60 0.00 0.00 0.00 32.00 0}
COMM 4b-0: 47a096_47a46b_47a5d6_47a6f7 (3 250.50 2 205.00 2 309.00){0.00 0.00 0.00 0.00 97.60 0}{97.60 0.00 0.00 0.00 195.20 0}{195.20 205.00 224.50 244.00 292.80 2}{292.80 309.00 309.00 309.00 390.40 1}{390.40 0.00 0.00 0.00 488.00 0}
1c 9999 

RANKS: 1 -1 1 2 1
EVENT5: 1113 4821ca_48254a_482683_482777
COMP 4c-0: 4821ca_48254a_482683_482777 (2 29445.33 1 21435.00 2 45466.00){0.00 0.00 0.00 0.00 8574.00 0}{8574.00 0.00 0.00 0.00 17148.00 0}{17148.00 21435.00 21435.00 21435.00 34296.00 1}{34296.00 0.00 0.00 0.00 42870.00 0}{42870.00 45466.00 45466.00 45466.00 48062.00 1}
COMP 4c-1: 48b125_48b3a9_48b47d_48b536 (2 156.67 1 156.00 2 158.00){0.00 0.00 0.00 0.00 62.40 0}{62.40 0.00 0.00 0.00 124.80 0}{124.80 156.00 157.00 158.00 187.20 2}{187.20 0.00 0.00 0.00 249.60 0}{249.60 0.00 0.00 0.00 312.00 0}
COMM 4b-0: 4821ca_48254a_482683_482777 (2 131.33 1 123.00 2 148.00){0.00 0.00 0.00 0.00 49.20 0}{49.20 0.00 0.00 0.00 98.40 0}{98.40 123.00 123.00 123.00 147.60 1}{147.60 148.00 148.00 148.00 196.80 1}{196.80 0.00 0.00 0.00 246.00 0}
COMM 4b-1: 48b125_48b3a9_48b47d_48b536 (2 282.67 2 114.00 1 367.00){0.00 114.00 114.00 114.00 146.80 1}{146.80 0.00 0.00 0.00 293.60 0}{293.60 367.00 367.00 367.00 440.40 1}{440.40 0.00 0.00 0.00 587.20 0}{587.20 0.00 0.00 0.00 734.00 0}
LOOP0: iter: ( 2 )[ 1 -1 1 2 1 ] mem: ( 1 )[ 1 -1 1 2 1 ]
10 2 
12 20480 
14 16 
1a ( 3 2 )[ 1 -1 1 1 0 ]
1a ( 2 1 )[ 1 -1 2 1 0 ]
1b 0 

RANKS: 1 -1 1 3 1
EVENT6: 1090 47a096_47a46b_47a5d6_47a6f7
COMP 4c-0: 46d479_46d7a8_46d8c3_46d9af (1 152205.00 3 152205.00 3 152205.00){0.00 0.00 0.00 0.00 60882.00 0}{60882.00 0.00 0.00 0.00 121764.00 0}{121764.00 152205.00 152205.00 152205.00 182646.00 1}{182646.00 0.00 0.00 0.00 243528.00 0}{243528.00 0.00 0.00 0.00 304410.00 0}
COMP 4c-1: 4821ca_48254a_482683_482777 (5 14696.67 1 16.00 3 45396.00){0.00 0.00 0.00 0.00 6.40 0}{6.40 0.00 0.00 0.00 12.80 0}{12.80 16.00 16.00 16.00 32.00 2}{32.00 21363.00 21368.00 21373.00 42694.00 2}{42694.00 45396.00 45396.00 45396.00 48098.00 1}
COMP 4c-2: 48b125_48b3a9_48b47d_48b536 (2 37433.00 2 21413.00 1 45443.00){0.00 0.00 0.00 0.00 18177.20 0}{18177.20 21413.00 21413.00 21413.00 36354.40 1}{36354.40 45443.00 45443.00 45443.00 54531.60 1}{54531.60 0.00 0.00 0.00 72708.80 0}{72708.80 0.00 0.00 0.00 90886.00 0}
COMM 4b-0: 46d479_46d7a8_46d8c3_46d9af (1 7.00 3 7.00 3 7.00){0.00 0.00 0.00 0.00 2.80 0}{2.80 0.00 0.00 0.00 5.60 0}{5.60 7.00 7.00 7.00 8.40 1}{8.40 0.00 0.00 0.00 11.20 0}{11.20 0.00 0.00 0.00 14.00 0}
COMM 4b-1: 4821ca_48254a_482683_482777 (5 3.83 3 3.00 1 4.00){0.00 0.00 0.00 0.00 1.60 0}{1.60 3.00 3.00 3.00 3.20 1}{3.20 4.00 4.00 4.00 4.80 4}{4.80 0.00 0.00 0.00 6.40 0}{6.40 0.00 0.00 0.00 8.00 0}
COMM 4b-2: 48b125_48b3a9_48b47d_48b536 (2 7.00 2 5.00 1 8.00){0.00 0.00 0.00 0.00 3.20 0}{3.20 5.00 5.00 5.00 6.40 1}{6.40 8.00 8.00 8.00 9.60 1}{9.60 0.00 0.00 0.00 12.80 0}{12.80 0.00 0.00 0.00 16.00 0}
LOOP0: iter: ( 2 )[ 1 -1 1 2 1 ]( 4 )[ 1 -1 3 1 0 ] mem: ( 2 )[ 1 -1 1 2 1 ]( 3 )[ 1 -1 3 1 0 ]
10 2 
12 20480 
14 16 
1b 0 
2b 2147483647 

RANKS: 1 -1 1 3 1
EVENT7: 1148 48b125_48b3a9_48b47d_48b536
COMP 4c-0: 47a096_47a46b_47a5d6_47a6f7 (8 15.00 3 14.00 3 16.00){0.00 0.00 0.00 0.00 6.00 0}{6.00 0.00 0.00 0.00 12.00 0}{12.00 14.00 15.00 16.00 18.00 8}{18.00 0.00 0.00 0.00 24.00 0}{24.00 0.00 0.00 0.00 30.00 0}
COMM 4b-0: 47a096_47a46b_47a5d6_47a6f7 (8 337.67 1 101.00 3 823.00){0.00 0.00 0.00 0.00 80.80 0}{80.80 101.00 106.25 112.00 202.00 4}{202.00 386.00 386.00 386.00 570.00 1}{570.00 584.00 584.00 584.00 598.00 1}{598.00 720.00 771.50 823.00 1048.00 2}
1c 9999 

RANKS: 1 -1 0 4 1
EVENT8: 1113 4821ca_48254a_482683_482777
COMP 4c-0: 46d479_46d7a8_46d8c3_46d9af (1 152260.00 0 152260.00 0 152260.00){0.00 0.00 0.00 0.00 60904.00 0}{60904.00 0.00 0.00 0.00 121808.00 0}{121808.00 152260.00 152260.00 152260.00 182712.00 1}{182712.00 0.00 0.00 0.00 243616.00 0}{243616.00 0.00 0.00 0.00 304520.00 0}
COMP 4c-1: 4821ca_48254a_482683_482777 (1 21442.00 1 21442.00 1 21442.00){0.00 0.00 0.00 0.00 8576.80 0}{8576.80 0.00 0.00 0.00 17153.60 0}{17153.60 21442.00 21442.00 21442.00 25730.40 1}{25730.40 0.00 0.00 0.00 34307.20 0}{34307.20 0.00 0.00 0.00 42884.00 0}
COMP 4c-2: 48b125_48b3a9_48b47d_48b536 (9 11090.30 3 155.00 0 45521.00){0.00 155.00 156.00 158.00 8591.20 6}{8591.20 0.00 0.00 0.00 17182.40 0}{17182.40 21478.00 21484.00 21490.00 34364.80 2}{34364.80 0.00 0.00 0.00 42956.00 0}{42956.00 45521.00 45521.00 45521.00 48086.00 1}
COMM 4b-0: 46d479_46d7a8_46d8c3_46d9af (1 746.00 0 746.00 0 746.00){0.00 0.00 0.00 0.00 298.40 0}{298.40 0.00 0.00 0.00 596.80 0}{596.80 746.00 746.00 746.00 895.20 1}{895.20 0.00 0.00 0.00 1193.60 0}{1193.60 0.00 0.00 0.00 1492.00 0}
COMM 4b-1: 4821ca_48254a_482683_482777 (1 117.00 1 117.00 1 117.00){0.00 0.00 0.00 0.00 46.80 0}{46.80 0.00 0.00 0.00 93.60 0}{93.60 117.00 117.00 117.00 140.40 1}{140.40 0.00 0.00 0.00 187.20 0}{187.20 0.00 0.00 0.00 234.00 0}
COMM 4b-2: 48b125_48b3a9_48b47d_48b536 (9 177.50 1 111.00 0 371.00){0.00 0.00 0.00 0.00 46.40 0}{46.40 0.00 0.00 0.00 92.80 0}{92.80 111.00 114.00 116.00 185.60 5}{185.60 188.00 188.50 189.00 232.00 2}{232.00 341.00 356.00 371.00 510.00 2}
LOOP0: iter: ( 4 )[ 1 -1 0 1 0 ]( 2 )[ 1 -1 1 1 0 ] mem: ( 3 )[ 1 -1 0 1 0 ]( 1 )[ 1 -1 1 1 0 ]
10 2 
12 20480 
14 16 
1a ( 1 2 )[ 1 -1 0 1 0 ]
1a ( 3 2 )[ 1 -1 1 2 2 ]
1a ( 2 )[ 1 -1 2 1 0 ]
1b 0 

RANKS: 1 -1 0 2 1
EVENT9: 1090 47a096_47a46b_47a5d6_47a6f7
COMP 4c-0: 4821ca_48254a_482683_482777 (5 14.83 0 14.00 1 16.00){0.00 0.00 0.00 0.00 6.00 0}{6.00 0.00 0.00 0.00 12.00 0}{12.00 14.00 14.80 16.00 18.00 5}{18.00 0.00 0.00 0.00 24.00 0}{24.00 0.00 0.00 0.00 30.00 0}
COMM 4b-0: 4821ca_48254a_482683_482777 (5 4.67 0 2.00 0 9.00){0.00 2.00 2.50 3.00 3.60 4}{3.60 0.00 0.00 0.00 7.20 0}{7.20 9.00 9.00 9.00 10.80 1}{10.80 0.00 0.00 0.00 14.40 0}{14.40 0.00 0.00 0.00 18.00 0}
10 2 
12 20480 
14 16 
1b 0 
2b 2147483647 

RANKS: 1 -1 0 2 1
EVENT10: 1148 48b125_48b3a9_48b47d_48b536
COMP 4c-0: 47a096_47a46b_47a5d6_47a6f7 (5 15.33 0 15.00 0 16.00){0.00 0.00 0.00 0.00 6.40 0}{6.40 0.00 0.00 0.00 12.80 0}{12.80 15.00 15.20 16.00 19.20 5}{19.20 0.00 0.00 0.00 25.60 0}{25.60 0.00 0.00 0.00 32.00 0}
COMM 4b-0: 47a096_47a46b_47a5d6_47a6f7 (5 300.83 1 98.00 0 429.00){0.00 98.00 98.00 98.00 171.60 1}{171.60 242.00 283.00 339.00 343.20 3}{343.20 429.00 429.00 429.00 514.80 1}{514.80 0.00 0.00 0.00 686.40 0}{686.40 0.00 0.00 0.00 858.00 0}
1c 9999 

RANKS: 1 -1 0 4 1
EVENT11: 1004 46a5ff_46a95f_46aaa2_46ab94
COMP 4c-0: 4821ca_48254a_482683_482777 (2 44551.67 2 44549.00 3 44553.00){0.00 0.00 0.00 0.00 17821.20 0}{17821.20 0.00 0.00 0.00 35642.40 0}{35642.40 44549.00 44551.00 44553.00 53463.60 2}{53463.60 0.00 0.00 0.00 71284.80 0}{71284.80 0.00 0.00 0.00 89106.00 0}
COMP 4c-1: 48b125_48b3a9_48b47d_48b536 (2 44602.67 1 44600.00 0 44604.00){0.00 0.00 0.00 0.00 17841.60 0}{17841.60 0.00 0.00 0.00 35683.20 0}{35683.20 44600.00 44602.00 44604.00 53524.80 2}{53524.80 0.00 0.00 0.00 71366.40 0}{71366.40 0.00 0.00 0.00 89208.00 0}
COMM 4b-0: 4821ca_48254a_482683_482777 (2 462.00 2 338.00 3 524.00){0.00 0.00 0.00 0.00 209.60 0}{209.60 338.00 338.00 338.00 419.20 1}{419.20 524.00 524.00 524.00 628.80 1}{628.80 0.00 0.00 0.00 838.40 0}{838.40 0.00 0.00 0.00 1048.00 0}
COMM 4b-1: 48b125_48b3a9_48b47d_48b536 (2 86.00 0 39.00 1 180.00){0.00 0.00 0.00 0.00 15.60 0}{15.60 0.00 0.00 0.00 31.20 0}{31.20 39.00 39.00 39.00 62.40 1}{62.40 0.00 0.00 0.00 78.00 0}{78.00 180.00 180.00 180.00 282.00 1}
10 2 
12 5 
14 16 
18 3 

RANKS: 1 -1 0 4 1
EVENT12: 1010 46cf90_46d1c5_46d269_46d2e5
COMP 4c-0: 46a5ff_46a95f_46aaa2_46ab94 (4 14.40 0 14.00 3 15.00){0.00 0.00 0.00 0.00 5.60 0}{5.60 0.00 0.00 0.00 11.20 0}{11.20 14.00 14.50 15.00 16.80 4}{16.80 0.00 0.00 0.00 22.40 0}{22.40 0.00 0.00 0.00 28.00 0}
COMM 4b-0: 46a5ff_46a95f_46aaa2_46ab94 (4 273.40 1 173.00 3 377.00){0.00 0.00 0.00 0.00 126.40 0}{126.40 173.00 179.00 185.00 252.80 2}{252.80 316.00 346.50 377.00 379.20 2}{379.20 0.00 0.00 0.00 505.60 0}{505.60 0.00 0.00 0.00 632.00 0}
10 2 

RANKS: 1 -1 1 3 1
EVENT13: 1102 47d709_47dace_47dc38_47dd57
COMP 4c-0: 46cf90_46d1c5_46d269_46d2e5 (3 3331.00 1 3331.00 1 3331.00){0.00 0.00 0.00 0.00 1332.40 0}{1332.40 0.00 0.00 0.00 2664.80 0}{2664.80 3331.00 3331.00 3331.00 3997.20 3}{3997.20 0.00 0.00 0.00 5329.60 0}{5329.60 0.00 0.00 0.00 6662.00 0}
COMP 4c-1: 47d709_47dace_47dc38_47dd57 (123 696.34 3 15.00 3 1399.00){0.00 0.00 0.00 0.00 6.00 0}{6.00 0.00 0.00 0.00 12.00 0}{12.00 15.00 16.95 17.00 24.00 62}{24.00 0.00 0.00 0.00 30.00 0}{30.00 1398.00 1398.03 1399.00 2766.00 61}
COMP 4c-2: 4821ca_48254a_482683_482777 (246 730.34 1 708.00 1 750.00){0.00 0.00 0.00 0.00 298.40 0}{298.40 0.00 0.00 0.00 596.80 0}{596.80 708.00 730.28 750.00 895.20 246}{895.20 0.00 0.00 0.00 1193.60 0}{1193.60 0.00 0.00 0.00 1492.00 0}
COMM 4b-0: 46cf90_46d1c5_46d269_46d2e5 (3 300.00 1 194.00 3 599.00){0.00 0.00 0.00 0.00 77.60 0}{77.60 0.00 0.00 0.00 155.20 0}{155.20 194.00 203.50 213.00 310.40 2}{310.40 0.00 0.00 0.00 388.00 0}{388.00 599.00 599.00 599.00 810.00 1}
COMM 4b-1: 47d709_47dace_47dc38_47dd57 (123 26.63 3 1.00 3 246.00){0.00 0.00 0.00 0.00 0.80 0}{0.80 1.00 1.00 1.00 1.60 1}{1.60 2.00 2.22 3.00 3.20 55}{3.20 4.00 4.00 4.00 4.00 16}{4.00 5.00 61.04 246.00 330.00 51}
COMM 4b-2: 4821ca_48254a_482683_482777 (246 21.14 1 2.00 1 1907.00){0.00 2.00 2.00 2.00 2.80 25}{2.80 3.00 3.85 5.00 5.60 134}{5.60 6.00 6.84 8.00 8.40 43}{8.40 9.00 10.26 13.00 14.00 23}{14.00 31.00 196.14 1907.00 3800.00 21}
LOOP0: iter: ( 124 )[ 1 -1 1 3 1 ] mem: ( 2 )[ 1 -1 1 2 1 ]( 1 )[ 1 -1 3 1 0 ]
10 2 
12 155 
14 16 
1b 0 
2b ( 3 3 3 3 3 3 3 3 3 3 3 3 3 3 3 3 3 3 3 3 3 3 3 3 3 3 3 3 3 3 3 3 3 3 3 3 3 3 3 3 3 3 3 3 3 3 3 3 3 3 3 3 3 3 3 3 3 3 3 3 3 3 2 2 2 2 2 2 2 2 2 2 2 2 2 2 2 2 2 2 2 2 2 2 2 2 2 2 2 2 2 2 2 2 2 2 2 2 2 2 2 2 2 2 2 2 2 2 2 2 2 2 2 2 2 2 2 2 2 2 2 2 2 2 )[ 1 -1 1 1 0 ]
2b ( 3 2 )[ 1 -1 3 1 0 ]
2b ( 2 2 2 2 2 2 2 2 2 2 2 2 2 2 2 2 2 2 2 2 2 2 2 2 2 2 2 2 2 2 2 2 2 2 2 2 2 2 2 2 2 2 2 2 2 2 2 2 2 2 2 2 2 2 2 2 2 2 2 2 2 2 1 1 1 1 1 1 1 1 1 1 1 1 1 1 1 1 1 1 1 1 1 1 1 1 1 1 1 1 1 1 1 1 1 1 1 1 1 1 1 1 1 1 1 1 1 1 1 1 1 1 1 1 1 1 1 1 1 1 1 1 1 1 )[ 1 -1 2 1 0 ]

RANKS: 1 -1 2 1 0
EVENT14: 1113 4821ca_48254a_482683_482777
COMP 4c-0: 47d709_47dace_47dc38_47dd57 (124 660.86 2 656.00 2 666.00){0.00 0.00 0.00 0.00 266.00 0}{266.00 0.00 0.00 0.00 532.00 0}{532.00 656.00 660.82 666.00 798.00 124}{798.00 0.00 0.00 0.00 1064.00 0}{1064.00 0.00 0.00 0.00 1330.00 0}
COMM 4b-0: 47d709_47dace_47dc38_47dd57 (124 5.66 2 3.00 2 129.00){0.00 3.00 3.00 3.00 3.60 56}{3.60 4.00 5.07 7.00 7.20 54}{7.20 9.00 9.85 14.00 14.40 13}{14.40 0.00 0.00 0.00 18.00 0}{18.00 129.00 129.00 129.00 240.00 1}
10 2 
12 155 
14 16 
1a 1 1 1 1 1 1 1 1 1 1 1 1 1 1 1 1 1 1 1 1 1 1 1 1 1 1 1 1 1 1 1 1 1 1 1 1 1 1 1 1 1 1 1 1 1 1 1 1 1 1 1 1 1 1 1 1 1 1 1 1 1 1 2 2 2 2 2 2 2 2 2 2 2 2 2 2 2 2 2 2 2 2 2 2 2 2 2 2 2 2 2 2 2 2 2 2 2 2 2 2 2 2 2 2 2 2 2 2 2 2 2 2 2 2 2 2 2 2 2 2 2 2 2 2 
1b 0 

RANKS: 1 -1 0 4 1
EVENT15: 1113 4821ca_48254a_482683_482777
COMP 4c-0: 46a5ff_46a95f_46aaa2_46ab94 (1 133461.00 2 133461.00 2 133461.00){0.00 0.00 0.00 0.00 53384.40 0}{53384.40 0.00 0.00 0.00 106768.80 0}{106768.80 133461.00 133461.00 133461.00 160153.20 1}{160153.20 0.00 0.00 0.00 213537.60 0}{213537.60 0.00 0.00 0.00 266922.00 0}
COMP 4c-1: 46cf90_46d1c5_46d269_46d2e5 (1 3981.00 0 3981.00 0 3981.00){0.00 0.00 0.00 0.00 1592.40 0}{1592.40 0.00 0.00 0.00 3184.80 0}{3184.80 3981.00 3981.00 3981.00 4777.20 1}{4777.20 0.00 0.00 0.00 6369.60 0}{6369.60 0.00 0.00 0.00 7962.00 0}
COMP 4c-2: 47d709_47dace_47dc38_47dd57 (125 671.57 1 655.00 3 2000.00){0.00 0.00 0.00 0.00 266.00 0}{266.00 0.00 0.00 0.00 532.00 0}{532.00 655.00 660.91 666.00 1064.00 124}{1064.00 0.00 0.00 0.00 1330.00 0}{1330.00 2000.00 2000.00 2000.00 2670.00 1}
COMP 4c-3: 4821ca_48254a_482683_482777 (247 707.74 0 15.00 2 5807.00){0.00 0.00 0.00 0.00 6.00 0}{6.00 0.00 0.00 0.00 12.00 0}{12.00 15.00 16.95 17.00 30.00 124}{30.00 1349.00 1373.73 1398.00 2766.00 122}{2766.00 5807.00 5807.00 5807.00 8848.00 1}
COMM 4b-0: 46a5ff_46a95f_46aaa2_46ab94 (1 121.00 2 121.00 2 121.00){0.00 0.00 0.00 0.00 48.40 0}{48.40 0.00 0.00 0.00 96.80 0}{96.80 121.00 121.00 121.00 145.20 1}{145.20 0.00 0.00 0.00 193.60 0}{193.60 0.00 0.00 0.00 242.00 0}
COMM 4b-1: 46cf90_46d1c5_46d269_46d2e5 (1 6.00 0 6.00 0 6.00){0.00 0.00 0.00 0.00 2.40 0}{2.40 0.00 0.00 0.00 4.80 0}{4.80 6.00 6.00 6.00 7.20 1}{7.20 0.00 0.00 0.00 9.60 0}{9.60 0.00 0.00 0.00 12.00 0}
COMM 4b-2: 47d709_47dace_47dc38_47dd57 (125 5.24 1 3.00 1 123.00){0.00 3.00 3.00 3.00 3.60 51}{3.60 4.00 4.71 7.00 7.20 68}{7.20 8.00 9.25 11.00 14.40 4}{14.40 18.00 18.00 18.00 18.00 1}{18.00 123.00 123.00 123.00 228.00 1}
COMM 4b-3: 4821ca_48254a_482683_482777 (247 5.25 0 2.00 0 120.00){0.00 0.00 0.00 0.00 1.20 0}{1.20 2.00 2.00 2.00 2.40 33}{2.40 3.00 3.11 3.20 3.60 174}{3.60 4.00 4.97 6.00 6.00 29}{6.00 7.00 49.64 120.00 234.00 11}
LOOP0: iter: ( 124 )[ 1 -1 0 2 3 ]( 2 )[ 1 -1 2 1 0 ] mem: ( 1 )[ 1 -1 0 2 3 ]( 5 )[ 1 -1 2 1 0 ]
10 2 
12 ( 155 )[ 2 -1 0 2 1 -1 3 1 0 ]
12 ( 20480 )[ 1 -1 2 1 0 ]
14 16 
1a ( 1 2 )[ 1 -1 0 1 0 ]
1a ( 2 2 2 2 2 2 2 2 2 2 2 2 2 2 2 2 2 2 2 2 2 2 2 2 2 2 2 2 2 2 2 2 2 2 2 2 2 2 2 2 2 2 2 2 2 2 2 2 2 2 2 2 2 2 2 2 2 2 2 2 2 2 3 3 3 3 3 3 3 3 3 3 3 3 3 3 3 3 3 3 3 3 3 3 3 3 3 3 3 3 3 3 3 3 3 3 3 3 3 3 3 3 3 3 3 3 3 3 3 3 3 3 3 3 3 3 3 3 3 3 3 3 3 3 )[ 1 -1 1 1 0 ]
1a ( 3 2 )[ 1 -1 3 1 0 ]
1a ( 1 )[ 1 -1 2 1 0 ]
1b 0 

RANKS: 1 -1 0 1 0
EVENT16: 1102 47d709_47dace_47dc38_47dd57
COMP 4c-0: 47d709_47dace_47dc38_47dd57 (123 672.71 0 15.00 0 1350.00){0.00 0.00 0.00 0.00 6.00 0}{6.00 0.00 0.00 0.00 12.00 0}{12.00 15.00 16.97 17.00 24.00 62}{24.00 0.00 0.00 0.00 30.00 0}{30.00 1349.00 1349.98 1350.00 2668.00 61}
COMP 4c-1: 4821ca_48254a_482683_482777 (1 709.00 0 709.00 0 709.00){0.00 0.00 0.00 0.00 283.60 0}{283.60 0.00 0.00 0.00 567.20 0}{567.20 709.00 709.00 709.00 850.80 1}{850.80 0.00 0.00 0.00 1134.40 0}{1134.40 0.00 0.00 0.00 1418.00 0}
COMM 4b-0: 47d709_47dace_47dc38_47dd57 (123 33.03 0 1.00 0 452.00){0.00 1.00 1.00 1.00 1.20 7}{1.20 2.00 2.00 2.00 2.40 47}{2.40 3.00 4.20 6.00 6.00 10}{6.00 8.00 60.31 258.00 404.00 58}{404.00 452.00 452.00 452.00 500.00 1}
COMM 4b-1: 4821ca_48254a_482683_482777 (1 6315.00 0 6315.00 0 6315.00){0.00 0.00 0.00 0.00 2526.00 0}{2526.00 0.00 0.00 0.00 5052.00 0}{5052.00 6315.00 6315.00 6315.00 7578.00 1}{7578.00 0.00 0.00 0.00 10104.00 0}{10104.00 0.00 0.00 0.00 12630.00 0}
LOOP0: iter: ( 124 )[ 1 -1 0 1 0 ] mem: ( 1 )[ 1 -1 0 1 0 ]
10 2 
12 155 
14 16 
1b 0 
2b 1 2 

RANKS: 1 -1 1 3 1
EVENT17: 1090 47a096_47a46b_47a5d6_47a6f7
COMP 4c-0: 46a5ff_46a95f_46aaa2_46ab94 (2 133394.33 1 133392.00 3 133399.00){0.00 0.00 0.00 0.00 53356.80 0}{53356.80 0.00 0.00 0.00 106713.60 0}{106713.60 133392.00 133395.50 133399.00 160070.40 2}{160070.40 0.00 0.00 0.00 213427.20 0}{213427.20 0.00 0.00 0.00 266784.00 0}
COMP 4c-1: 4821ca_48254a_482683_482777 (6 8566.43 2 15.00 3 21369.00){0.00 15.00 15.00 15.00 2293.20 2}{2293.20 0.00 0.00 0.00 4586.40 0}{4586.40 5731.00 5732.00 5733.00 9172.80 2}{9172.80 0.00 0.00 0.00 11466.00 0}{11466.00 21369.00 21369.00 21369.00 31272.00 2}
COMP 4c-2: 48b125_48b3a9_48b47d_48b536 (2 21413.00 2 21413.00 2 21413.00){0.00 0.00 0.00 0.00 8565.20 0}{8565.20 0.00 0.00 0.00 17130.40 0}{17130.40 21413.00 21413.00 21413.00 25695.60 2}{25695.60 0.00 0.00 0.00 34260.80 0}{34260.80 0.00 0.00 0.00 42826.00 0}
COMM 4b-0: 46a5ff_46a95f_46aaa2_46ab94 (2 5.67 3 3.00 1 7.00){0.00 0.00 0.00 0.00 2.80 0}{2.80 3.00 3.00 3.00 5.60 1}{5.60 7.00 7.00 7.00 8.40 1}{8.40 0.00 0.00 0.00 11.20 0}{11.20 0.00 0.00 0.00 14.00 0}
COMM 4b-1: 4821ca_48254a_482683_482777 (6 3.57 3 2.00 2 5.00){0.00 0.00 0.00 0.00 1.60 0}{1.60 2.00 2.67 3.00 3.20 3}{3.20 4.00 4.00 4.00 4.80 2}{4.80 5.00 5.00 5.00 6.40 1}{6.40 0.00 0.00 0.00 8.00 0}
COMM 4b-2: 48b125_48b3a9_48b47d_48b536 (2 7.67 2 5.00 2 9.00){0.00 0.00 0.00 0.00 3.60 0}{3.60 5.00 5.00 5.00 7.20 1}{7.20 9.00 9.00 9.00 10.80 1}{10.80 0.00 0.00 0.00 14.40 0}{14.40 0.00 0.00 0.00 18.00 0}
LOOP0: iter: ( 2 )[ 1 -1 1 3 1 ] mem: ( 6 )[ 1 -1 1 1 0 ]( 4 )[ 1 -1 3 1 0 ]( 2 )[ 1 -1 2 1 0 ]
LOOP1: iter: ( 2 )[ 1 -1 3 1 0 ] mem: ( 3 )[ 1 -1 3 1 0 ]
10 2 
12 20480 
14 16 
1b 0 
2b 2147483647 

RANKS: 1 -1 1 3 1
EVENT18: 1148 48b125_48b3a9_48b47d_48b536
COMP 4c-0: 47a096_47a46b_47a5d6_47a6f7 (10 15.00 1 15.00 1 15.00){0.00 0.00 0.00 0.00 6.00 0}{6.00 0.00 0.00 0.00 12.00 0}{12.00 15.00 15.00 15.00 18.00 10}{18.00 0.00 0.00 0.00 24.00 0}{24.00 0.00 0.00 0.00 30.00 0}
COMM 4b-0: 47a096_47a46b_47a5d6_47a6f7 (10 320.27 2 100.00 2 917.00){0.00 100.00 112.50 137.00 179.20 4}{179.20 181.00 224.33 247.00 358.40 3}{358.40 448.00 448.00 448.00 537.60 1}{537.60 587.00 587.00 587.00 896.00 1}{896.00 917.00 917.00 917.00 938.00 1}
1c 9999 

RANKS: 1 -1 0 4 1
EVENT19: 1113 4821ca_48254a_482683_482777
COMP 4c-0: 46a5ff_46a95f_46aaa2_46ab94 (1 133455.00 0 133455.00 0 133455.00){0.00 0.00 0.00 0.00 53382.00 0}{53382.00 0.00 0.00 0.00 106764.00 0}{106764.00 133455.00 133455.00 133455.00 160146.00 1}{160146.00 0.00 0.00 0.00 213528.00 0}{213528.00 0.00 0.00 0.00 266910.00 0}
COMP 4c-1: 47d709_47dace_47dc38_47dd57 (1 6446.00 0 6446.00 0 6446.00){0.00 0.00 0.00 0.00 2578.40 0}{2578.40 0.00 0.00 0.00 5156.80 0}{5156.80 6446.00 6446.00 6446.00 7735.20 1}{7735.20 0.00 0.00 0.00 10313.60 0}{10313.60 0.00 0.00 0.00 12892.00 0}
COMP 4c-2: 4821ca_48254a_482683_482777 (2 21442.00 1 21442.00 1 21442.00){0.00 0.00 0.00 0.00 8576.80 0}{8576.80 0.00 0.00 0.00 17153.60 0}{17153.60 21442.00 21442.00 21442.00 25730.40 2}{25730.40 0.00 0.00 0.00 34307.20 0}{34307.20 0.00 0.00 0.00 42884.00 0}
COMP 4c-3: 48b125_48b3a9_48b47d_48b536 (10 5972.91 1 155.00 0 21485.00){0.00 155.00 155.88 158.00 8594.00 8}{8594.00 0.00 0.00 0.00 17188.00 0}{17188.00 21485.00 21485.00 21485.00 25782.00 2}{25782.00 0.00 0.00 0.00 34376.00 0}{34376.00 0.00 0.00 0.00 42970.00 0}
COMM 4b-0: 46a5ff_46a95f_46aaa2_46ab94 (1 122.00 0 122.00 0 122.00){0.00 0.00 0.00 0.00 48.80 0}{48.80 0.00 0.00 0.00 97.60 0}{97.60 122.00 122.00 122.00 146.40 1}{146.40 0.00 0.00 0.00 195.20 0}{195.20 0.00 0.00 0.00 244.00 0}
COMM 4b-1: 47d709_47dace_47dc38_47dd57 (1 111.00 0 111.00 0 111.00){0.00 0.00 0.00 0.00 44.40 0}{44.40 0.00 0.00 0.00 88.80 0}{88.80 111.00 111.00 111.00 133.20 1}{133.20 0.00 0.00 0.00 177.60 0}{177.60 0.00 0.00 0.00 222.00 0}
COMM 4b-2: 4821ca_48254a_482683_482777 (2 116.67 1 116.00 1 118.00){0.00 0.00 0.00 0.00 46.40 0}{46.40 0.00 0.00 0.00 92.80 0}{92.80 116.00 117.00 118.00 139.20 2}{139.20 0.00 0.00 0.00 185.60 0}{185.60 0.00 0.00 0.00 232.00 0}
COMM 4b-3: 48b125_48b3a9_48b47d_48b536 (10 124.55 3 106.00 3 228.00){0.00 0.00 0.00 0.00 44.00 0}{44.00 0.00 0.00 0.00 88.00 0}{88.00 106.00 107.71 110.00 132.00 7}{132.00 135.00 139.00 143.00 220.00 2}{220.00 228.00 228.00 228.00 236.00 1}
LOOP0: iter: ( 2 )[ 1 -1 0 2 1 ] mem: ( 4 )[ 1 -1 0 1 0 ]( 1 )[ 1 -1 1 1 0 ]
LOOP1: iter: ( 2 )[ 1 -1 0 1 0 ] mem: ( 3 )[ 1 -1 0 1 0 ]
10 2 
12 20480 
14 16 
1a ( 1 2 )[ 1 -1 0 1 0 ]
1a ( 3 2 )[ 1 -1 1 2 2 ]
1a ( 2 )[ 1 -1 2 1 0 ]
1b 0 

RANKS: 1 -1 0 2 1
EVENT20: 1090 47a096_47a46b_47a5d6_47a6f7
COMP 4c-0: 4821ca_48254a_482683_482777 (6 15.14 0 14.00 1 16.00){0.00 0.00 0.00 0.00 6.00 0}{6.00 0.00 0.00 0.00 12.00 0}{12.00 14.00 15.17 16.00 18.00 6}{18.00 0.00 0.00 0.00 24.00 0}{24.00 0.00 0.00 0.00 30.00 0}
COMM 4b-0: 4821ca_48254a_482683_482777 (6 3.29 0 2.00 0 4.00){0.00 0.00 0.00 0.00 1.60 0}{1.60 2.00 2.75 3.00 3.20 4}{3.20 4.00 4.00 4.00 4.80 2}{4.80 0.00 0.00 0.00 6.40 0}{6.40 0.00 0.00 0.00 8.00 0}
10 2 
12 20480 
14 16 
1b 0 
2b 2147483647 

RANKS: 1 -1 0 2 1
EVENT21: 1148 48b125_48b3a9_48b47d_48b536
COMP 4c-0: 47a096_47a46b_47a5d6_47a6f7 (6 15.00 0 15.00 0 15.00){0.00 0.00 0.00 0.00 6.00 0}{6.00 0.00 0.00 0.00 12.00 0}{12.00 15.00 15.00 15.00 18.00 6}{18.00 0.00 0.00 0.00 24.00 0}{24.00 0.00 0.00 0.00 30.00 0}
COMM 4b-0: 47a096_47a46b_47a5d6_47a6f7 (6 145.57 0 96.00 0 236.00){0.00 0.00 0.00 0.00 76.80 0}{76.80 96.00 97.67 100.00 153.60 3}{153.60 184.00 184.00 184.00 192.00 1}{192.00 210.00 210.00 210.00 228.00 1}{228.00 236.00 236.00 236.00 244.00 1}
1c 9999 

RANKS: 1 -1 0 4 1
EVENT22: 1004 46a5ff_46a95f_46aaa2_46ab94
COMP 4c-0: 4821ca_48254a_482683_482777 (4 43002.40 2 41968.00 3 44552.00){0.00 0.00 0.00 0.00 16788.80 0}{16788.80 0.00 0.00 0.00 33577.60 0}{33577.60 41968.00 43260.00 44552.00 50366.40 4}{50366.40 0.00 0.00 0.00 67155.20 0}{67155.20 0.00 0.00 0.00 83944.00 0}
COMP 4c-1: 48b125_48b3a9_48b47d_48b536 (4 43053.40 1 42019.00 0 44603.00){0.00 0.00 0.00 0.00 16809.20 0}{16809.20 0.00 0.00 0.00 33618.40 0}{33618.40 42019.00 43311.00 44603.00 50427.60 4}{50427.60 0.00 0.00 0.00 67236.80 0}{67236.80 0.00 0.00 0.00 84046.00 0}
COMM 4b-0: 4821ca_48254a_482683_482777 (4 425.80 2 231.00 3 630.00){0.00 231.00 241.00 251.00 252.00 2}{252.00 387.00 387.00 387.00 504.00 1}{504.00 630.00 630.00 630.00 756.00 1}{756.00 0.00 0.00 0.00 1008.00 0}{1008.00 0.00 0.00 0.00 1260.00 0}
COMM 4b-1: 48b125_48b3a9_48b47d_48b536 (4 180.60 0 23.00 1 568.00){0.00 0.00 0.00 0.00 20.80 0}{20.80 23.00 23.00 23.00 41.60 1}{41.60 52.00 52.00 52.00 104.00 1}{104.00 208.00 208.00 208.00 312.00 1}{312.00 568.00 568.00 568.00 824.00 1}
10 2 
12 1 5 
14 16 
18 1 3 

RANKS: 1 -1 0 4 1
EVENT23: 1010 46cf90_46d1c5_46d269_46d2e5
COMP 4c-0: 46a5ff_46a95f_46aaa2_46ab94 (4 21.40 3 20.00 3 23.00){0.00 0.00 0.00 0.00 8.40 0}{8.40 0.00 0.00 0.00 16.80 0}{16.80 20.00 21.50 23.00 25.20 4}{25.20 0.00 0.00 0.00 33.60 0}{33.60 0.00 0.00 0.00 42.00 0}
COMM 4b-0: 46a5ff_46a95f_46aaa2_46ab94 (4 19.60 0 6.00 3 34.00){0.00 0.00 0.00 0.00 2.40 0}{2.40 0.00 0.00 0.00 4.80 0}{4.80 6.00 6.00 6.00 12.00 1}{12.00 20.00 20.00 20.00 28.00 1}{28.00 32.00 33.00 34.00 40.00 2}
10 2 

RANKS: 1 -1 2 1 0
EVENT24: 1102 47d709_47dace_47dc38_47dd57
COMP 4c-0: 46cf90_46d1c5_46d269_46d2e5 (1 3327.00 2 3327.00 2 3327.00){0.00 0.00 0.00 0.00 1330.80 0}{1330.80 0.00 0.00 0.00 2661.60 0}{2661.60 3327.00 3327.00 3327.00 3992.40 1}{3992.40 0.00 0.00 0.00 5323.20 0}{5323.20 0.00 0.00 0.00 6654.00 0}
COMP 4c-1: 4821ca_48254a_482683_482777 (123 730.43 2 711.00 2 750.00){0.00 0.00 0.00 0.00 298.40 0}{298.40 0.00 0.00 0.00 596.80 0}{596.80 711.00 730.30 750.00 895.20 123}{895.20 0.00 0.00 0.00 1193.60 0}{1193.60 0.00 0.00 0.00 1492.00 0}
COMM 4b-0: 46cf90_46d1c5_46d269_46d2e5 (1 209.00 2 209.00 2 209.00){0.00 0.00 0.00 0.00 83.60 0}{83.60 0.00 0.00 0.00 167.20 0}{167.20 209.00 209.00 209.00 250.80 1}{250.80 0.00 0.00 0.00 334.40 0}{334.40 0.00 0.00 0.00 418.00 0}
COMM 4b-1: 4821ca_48254a_482683_482777 (123 27.29 2 2.00 2 2849.00){0.00 2.00 2.00 2.00 2.40 6}{2.40 3.00 3.88 6.00 6.00 102}{6.00 7.00 7.00 7.00 8.00 8}{8.00 10.00 11.33 12.00 14.00 6}{14.00 2849.00 2849.00 2849.00 5684.00 1}
LOOP0: iter: ( 124 )[ 1 -1 2 1 0 ] mem: ( 2 )[ 1 -1 2 1 0 ]
10 2 
12 155 
14 16 
1b 0 
2b 2 2 2 2 2 2 2 2 2 2 2 2 2 2 2 2 2 2 2 2 2 2 2 2 2 2 2 2 2 2 2 2 2 2 2 2 2 2 2 2 2 2 2 2 2 2 2 2 2 2 2 2 2 2 2 2 2 2 2 2 2 2 1 1 1 1 1 1 1 1 1 1 1 1 1 1 1 1 1 1 1 1 1 1 1 1 1 1 1 1 1 1 1 1 1 1 1 1 1 1 1 1 1 1 1 1 1 1 1 1 1 1 1 1 1 1 1 1 1 1 1 1 1 1 

RANKS: 1 -1 0 2 2
EVENT25: 1113 4821ca_48254a_482683_482777
COMP 4c-0: 46cf90_46d1c5_46d269_46d2e5 (1 3980.00 0 3980.00 0 3980.00){0.00 0.00 0.00 0.00 1592.00 0}{1592.00 0.00 0.00 0.00 3184.00 0}{3184.00 3980.00 3980.00 3980.00 4776.00 1}{4776.00 0.00 0.00 0.00 6368.00 0}{6368.00 0.00 0.00 0.00 7960.00 0}
COMP 4c-1: 47d709_47dace_47dc38_47dd57 (124 660.62 2 656.00 2 666.00){0.00 0.00 0.00 0.00 266.00 0}{266.00 0.00 0.00 0.00 532.00 0}{532.00 656.00 660.59 666.00 798.00 124}{798.00 0.00 0.00 0.00 1064.00 0}{1064.00 0.00 0.00 0.00 1330.00 0}
COMP 4c-2: 4821ca_48254a_482683_482777 (30627 702.39 0 15.00 0 1399.00){0.00 0.00 0.00 0.00 6.00 0}{6.00 0.00 0.00 0.00 12.00 0}{12.00 15.00 17.17 18.00 24.00 15438}{24.00 0.00 0.00 0.00 30.00 0}{30.00 1398.00 1398.88 1399.00 2766.00 15189}
COMP 4c-3: 48b125_48b3a9_48b47d_48b536 (248 45997.83 0 45984.00 0 46003.00){0.00 0.00 0.00 0.00 18393.60 0}{18393.60 0.00 0.00 0.00 36787.20 0}{36787.20 45984.00 45997.89 46003.00 55180.80 248}{55180.80 0.00 0.00 0.00 73574.40 0}{73574.40 0.00 0.00 0.00 91968.00 0}
COMM 4b-0: 46cf90_46d1c5_46d269_46d2e5 (1 6.00 0 6.00 0 6.00){0.00 0.00 0.00 0.00 2.40 0}{2.40 0.00 0.00 0.00 4.80 0}{4.80 6.00 6.00 6.00 7.20 1}{7.20 0.00 0.00 0.00 9.60 0}{9.60 0.00 0.00 0.00 12.00 0}
COMM 4b-1: 47d709_47dace_47dc38_47dd57 (124 3.98 2 3.00 2 14.00){0.00 0.00 0.00 0.00 2.40 0}{2.40 3.00 3.48 4.00 4.80 110}{4.80 6.00 6.64 7.00 9.60 11}{9.60 10.00 10.50 11.00 12.00 2}{12.00 14.00 14.00 14.00 16.00 1}
COMM 4b-2: 4821ca_48254a_482683_482777 (30627 3.17 0 2.00 0 58.00){0.00 2.00 2.93 12.00 12.00 30136}{12.00 13.00 17.66 28.00 28.00 486}{28.00 29.00 30.00 31.00 34.00 2}{34.00 35.00 39.00 43.00 52.00 2}{52.00 58.00 58.00 58.00 64.00 1}
COMM 4b-3: 48b125_48b3a9_48b47d_48b536 (248 10.46 0 9.00 0 19.00){0.00 0.00 0.00 0.00 4.00 0}{4.00 0.00 0.00 0.00 8.00 0}{8.00 9.00 9.63 12.00 12.00 207}{12.00 13.00 14.46 16.00 16.00 39}{16.00 18.00 18.50 19.00 20.00 2}
LOOP0: iter: ( 249 )[ 1 -1 0 1 0 ] mem: ( 5 )[ 1 -1 0 1 0 ]
LOOP1: iter: ( 124 )[ 1 -1 0 1 0 ] mem: ( 1 )[ 1 -1 0 1 0 ]
10 2 
12 155 
14 16 
1a ( 1 2 )[ 1 -1 0 1 0 ]
1a ( 1 1 1 1 1 1 1 1 1 1 1 1 1 1 1 1 1 1 1 1 1 1 1 1 1 1 1 1 1 1 1 1 1 1 1 1 1 1 1 1 1 1 1 1 1 1 1 1 1 1 1 1 1 1 1 1 1 1 1 1 1 1 2 2 2 2 2 2 2 2 2 2 2 2 2 2 2 2 2 2 2 2 2 2 2 2 2 2 2 2 2 2 2 2 2 2 2 2 2 2 2 2 2 2 2 2 2 2 2 2 2 2 2 2 2 2 2 2 2 2 2 2 2 2 )[ 1 -1 2 1 0 ]
1b 0 

RANKS: 2 -1 0 2 1 -1 3 1 0
EVENT26: 1102 47d709_47dace_47dc38_47dd57
COMP 4c-0: 46cf90_46d1c5_46d269_46d2e5 (2 3326.00 1 3326.00 1 3326.00){0.00 0.00 0.00 0.00 1330.40 0}{1330.40 0.00 0.00 0.00 2660.80 0}{2660.80 3326.00 3326.00 3326.00 3991.20 2}{3991.20 0.00 0.00 0.00 5321.60 0}{5321.60 0.00 0.00 0.00 6652.00 0}
COMP 4c-1: 47d709_47dace_47dc38_47dd57 (61254 690.50 0 15.00 3 1399.00){0.00 0.00 0.00 0.00 6.40 0}{6.40 0.00 0.00 0.00 12.80 0}{12.80 15.00 17.60 18.00 25.60 30876}{25.60 0.00 0.00 0.00 32.00 0}{32.00 1349.00 1374.45 1399.00 2666.00 30378}
COMP 4c-2: 4821ca_48254a_482683_482777 (31124 1085.24 0 709.00 3 45299.00){0.00 0.00 0.00 0.00 283.60 0}{283.60 0.00 0.00 0.00 567.20 0}{567.20 709.00 730.14 750.00 1134.40 30876}{1134.40 0.00 0.00 0.00 1418.00 0}{1418.00 45283.00 45297.28 45299.00 89180.00 248}
COMP 4c-3: 48b125_48b3a9_48b47d_48b536 (248 45344.33 1 45330.00 1 45345.00){0.00 0.00 0.00 0.00 18132.00 0}{18132.00 0.00 0.00 0.00 36264.00 0}{36264.00 45330.00 45344.39 45345.00 54396.00 248}{54396.00 0.00 0.00 0.00 72528.00 0}{72528.00 0.00 0.00 0.00 90660.00 0}
COMM 4b-0: 46cf90_46d1c5_46d269_46d2e5 (2 315.67 1 136.00 3 675.00){0.00 0.00 0.00 0.00 54.40 0}{54.40 0.00 0.00 0.00 108.80 0}{108.80 136.00 136.00 136.00 217.60 1}{217.60 0.00 0.00 0.00 272.00 0}{272.00 675.00 675.00 675.00 1078.00 1}
COMM 4b-1: 47d709_47dace_47dc38_47dd57 (61254 34.74 0 1.00 3 302.00){0.00 1.00 2.59 4.00 4.00 37331}{4.00 4.00 15.56 26.00 26.00 4715}{26.00 26.27 95.37 166.00 166.00 17756}{166.00 167.00 176.00 182.00 182.00 1177}{182.00 183.00 207.18 302.00 326.00 275}
COMM 4b-2: 4821ca_48254a_482683_482777 (31124 104.49 1 2.00 0 11435.00){0.00 2.00 27.70 2185.00 2321.60 30645}{2321.60 2453.00 3076.52 4621.00 4643.20 248}{4643.20 4654.00 5541.51 6940.00 6964.80 130}{6964.80 7144.00 8354.12 9269.00 9286.40 65}{9286.40 9360.00 10307.42 11435.00 11608.00 36}
COMM 4b-3: 48b125_48b3a9_48b47d_48b536 (248 900.51 1 89.00 1 1908.00){0.00 89.00 162.58 222.00 232.80 12}{232.80 234.00 334.55 463.00 465.60 20}{465.60 470.00 735.99 927.00 931.20 123}{931.20 938.00 1013.58 1138.00 1164.00 26}{1164.00 1200.00 1464.51 1908.00 2330.00 67}
LOOP0: iter: ( 124 )[ 1 -1 0 1 0 ]( 249 )[ 1 -1 1 2 2 ] mem: ( 1 )[ 1 -1 0 1 0 ]( 7 )[ 1 -1 1 1 0 ]( 5 )[ 1 -1 3 1 0 ]
LOOP1: iter: ( 124 )[ 1 -1 1 2 2 ] mem: ( 2 )[ 1 -1 1 1 0 ]( 1 )[ 1 -1 3 1 0 ]
10 2 
12 155 
14 16 
1b 0 
2b ( 1 2 )[ 1 -1 0 1 0 ]
2b ( 3 3 3 3 3 3 3 3 3 3 3 3 3 3 3 3 3 3 3 3 3 3 3 3 3 3 3 3 3 3 3 3 3 3 3 3 3 3 3 3 3 3 3 3 3 3 3 3 3 3 3 3 3 3 3 3 3 3 3 3 3 3 2 2 2 2 2 2 2 2 2 2 2 2 2 2 2 2 2 2 2 2 2 2 2 2 2 2 2 2 2 2 2 2 2 2 2 2 2 2 2 2 2 2 2 2 2 2 2 2 2 2 2 2 2 2 2 2 2 2 2 2 2 2 )[ 1 -1 1 1 0 ]
2b ( 3 2 )[ 1 -1 3 1 0 ]

RANKS: 1 -1 0 4 1
EVENT27: 1113 4821ca_48254a_482683_482777
COMP 4c-0: 47d709_47dace_47dc38_47dd57 (31374 717.27 1 655.00 0 6447.00){0.00 655.00 671.25 2001.00 2578.80 31125}{2578.80 0.00 0.00 0.00 5157.60 0}{5157.60 6446.00 6446.18 6447.00 7736.40 249}{7736.40 0.00 0.00 0.00 10315.20 0}{10315.20 0.00 0.00 0.00 12894.00 0}
COMP 4c-1: 4821ca_48254a_482683_482777 (30628 678.38 3 15.00 2 5807.00){0.00 0.00 0.00 0.00 6.00 0}{6.00 0.00 0.00 0.00 12.00 0}{12.00 15.00 17.31 18.00 30.00 15438}{30.00 1349.00 1349.99 1351.00 2668.00 15189}{2668.00 5807.00 5807.00 5807.00 8946.00 1}
COMP 4c-2: 48b125_48b3a9_48b47d_48b536 (249 21485.04 0 21485.00 0 21486.00){0.00 0.00 0.00 0.00 8594.00 0}{8594.00 0.00 0.00 0.00 17188.00 0}{17188.00 21485.00 21485.04 21486.00 25782.00 249}{25782.00 0.00 0.00 0.00 34376.00 0}{34376.00 0.00 0.00 0.00 42970.00 0}
COMM 4b-0: 47d709_47dace_47dc38_47dd57 (31374 5.12 1 2.00 0 122.00){0.00 2.00 4.26 34.00 46.00 31125}{46.00 0.00 0.00 0.00 92.00 0}{92.00 109.00 112.12 122.00 138.00 249}{138.00 0.00 0.00 0.00 184.00 0}{184.00 0.00 0.00 0.00 230.00 0}
COMM 4b-1: 4821ca_48254a_482683_482777 (30628 4.22 3 2.00 2 115.00){0.00 2.00 3.93 6.00 6.00 29582}{6.00 7.00 12.32 26.00 26.00 1042}{26.00 27.00 27.00 27.00 28.00 1}{28.00 33.00 33.50 34.00 38.00 2}{38.00 115.00 115.00 115.00 192.00 1}
COMM 4b-2: 48b125_48b3a9_48b47d_48b536 (249 115.76 0 108.00 0 476.00){0.00 0.00 0.00 0.00 88.80 0}{88.80 108.00 111.78 168.00 177.60 244}{177.60 203.00 203.00 203.00 222.00 1}{222.00 230.00 230.50 231.00 238.00 2}{238.00 413.00 444.50 476.00 714.00 2}
LOOP0: iter: ( 2 )[ 1 -1 0 1 0 ]( 124 )[ 1 -1 3 1 0 ] mem: ( 3 )[ 1 -1 0 1 0 ]( 1 )[ 1 -1 3 1 0 ]
10 2 
12 ( 20480 )[ 1 -1 0 2 2 ]
12 ( 155 )[ 1 -1 1 2 2 ]
14 16 
1a ( 1 2 )[ 1 -1 0 1 0 ]
1a ( 2 2 2 2 2 2 2 2 2 2 2 2 2 2 2 2 2 2 2 2 2 2 2 2 2 2 2 2 2 2 2 2 2 2 2 2 2 2 2 2 2 2 2 2 2 2 2 2 2 2 2 2 2 2 2 2 2 2 2 2 2 2 3 3 3 3 3 3 3 3 3 3 3 3 3 3 3 3 3 3 3 3 3 3 3 3 3 3 3 3 3 3 3 3 3 3 3 3 3 3 3 3 3 3 3 3 3 3 3 3 3 3 3 3 3 3 3 3 3 3 3 3 3 3 )[ 1 -1 1 1 0 ]
1a ( 3 2 )[ 1 -1 3 1 0 ]
1a ( 1 )[ 1 -1 2 1 0 ]
1b 0 

RANKS: 1 -1 0 4 1
EVENT28: 1090 47a096_47a46b_47a5d6_47a6f7
COMP 4c-0: 4821ca_48254a_482683_482777 (1493 5481.78 0 14.00 3 21369.00){0.00 0.00 0.00 0.00 6.00 0}{6.00 0.00 0.00 0.00 12.00 0}{12.00 14.00 19.00 29.00 30.00 746}{30.00 5731.00 5732.34 5733.00 11432.00 498}{11432.00 21369.00 21369.00 21369.00 31306.00 249}
COMP 4c-1: 48b125_48b3a9_48b47d_48b536 (248 21413.00 2 21413.00 2 21413.00){0.00 0.00 0.00 0.00 8565.20 0}{8565.20 0.00 0.00 0.00 17130.40 0}{17130.40 21413.00 21413.00 21413.00 25695.60 248}{25695.60 0.00 0.00 0.00 34260.80 0}{34260.80 0.00 0.00 0.00 42826.00 0}
COMM 4b-0: 4821ca_48254a_482683_482777 (1493 3.09 0 1.00 1 15.00){0.00 1.00 2.00 2.00 2.40 339}{2.40 3.00 3.31 4.00 4.00 1125}{4.00 5.00 6.36 7.90 8.00 25}{8.00 10.00 10.00 10.00 12.00 1}{12.00 14.00 14.67 15.00 18.00 3}
COMM 4b-1: 48b125_48b3a9_48b47d_48b536 (248 3.45 2 2.00 2 12.00){0.00 0.00 0.00 0.00 1.20 0}{1.20 2.00 2.96 3.00 3.60 190}{3.60 4.00 4.41 6.00 6.00 46}{6.00 7.00 7.09 8.00 8.00 11}{8.00 12.00 12.00 12.00 16.00 1}
LOOP0: iter: ( 2 )[ 1 -1 3 1 0 ]( 248 )[ 1 -1 2 1 0 ] mem: ( 3 )[ 1 -1 3 1 0 ]( 5 )[ 1 -1 2 1 0 ]
LOOP1: iter: ( 2 )[ 1 -1 2 1 0 ] mem: ( 2 )[ 1 -1 2 1 0 ]
10 2 
12 20480 
14 16 
1b 0 
2b 2147483647 

RANKS: 1 -1 0 4 1
EVENT29: 1148 48b125_48b3a9_48b47d_48b536
COMP 4c-0: 47a096_47a46b_47a5d6_47a6f7 (1741 14.66 0 14.00 0 15.00){0.00 0.00 0.00 0.00 6.00 0}{6.00 0.00 0.00 0.00 12.00 0}{12.00 14.00 14.66 15.00 18.00 1741}{18.00 0.00 0.00 0.00 24.00 0}{24.00 0.00 0.00 0.00 30.00 0}
COMM 4b-0: 47a096_47a46b_47a5d6_47a6f7 (1741 864.58 0 95.00 2 8965.00){0.00 0.00 0.00 0.00 56.80 0}{56.80 95.00 122.43 170.00 170.40 697}{170.40 171.00 212.74 264.00 284.00 76}{284.00 285.00 319.21 630.00 932.00 544}{932.00 1694.12 2902.84 8965.00 10346.00 424}
1c 9999 

RANKS: 1 -1 2 1 0
EVENT30: 1113 4821ca_48254a_482683_482777
COMP 4c-0: 47d709_47dace_47dc38_47dd57 (30504 663.95 2 656.00 2 669.00){0.00 0.00 0.00 0.00 266.00 0}{266.00 0.00 0.00 0.00 532.00 0}{532.00 656.00 663.95 669.00 798.00 30504}{798.00 0.00 0.00 0.00 1064.00 0}{1064.00 0.00 0.00 0.00 1330.00 0}
COMP 4c-1: 48b125_48b3a9_48b47d_48b536 (248 157.96 2 157.00 2 158.00){0.00 0.00 0.00 0.00 62.80 0}{62.80 0.00 0.00 0.00 125.60 0}{125.60 157.00 157.97 158.00 188.40 248}{188.40 0.00 0.00 0.00 251.20 0}{251.20 0.00 0.00 0.00 314.00 0}
COMM 4b-0: 47d709_47dace_47dc38_47dd57 (30504 4.56 2 3.00 2 72.00){0.00 3.00 3.43 4.25 5.20 24887}{5.20 5.53 8.93 10.30 10.40 5032}{10.40 10.50 14.00 20.00 20.80 526}{20.80 21.00 22.16 26.00 26.00 57}{26.00 27.00 49.50 72.00 118.00 2}
COMM 4b-1: 48b125_48b3a9_48b47d_48b536 (248 107.87 2 103.00 2 147.00){0.00 0.00 0.00 0.00 41.20 0}{41.20 0.00 0.00 0.00 82.40 0}{82.40 103.00 106.12 120.00 123.60 230}{123.60 124.00 130.50 147.00 164.80 18}{164.80 0.00 0.00 0.00 206.00 0}
LOOP0: iter: ( 124 )[ 1 -1 2 1 0 ] mem: ( 2 )[ 1 -1 2 1 0 ]
10 2 
12 20480 155 155 155 155 155 155 155 155 155 155 155 155 155 155 155 155 155 155 155 155 155 155 155 155 155 155 155 155 155 155 155 155 155 155 155 155 155 155 155 155 155 155 155 155 155 155 155 155 155 155 155 155 155 155 155 155 155 155 155 155 155 155 155 155 155 155 155 155 155 155 155 155 155 155 155 155 155 155 155 155 155 155 155 155 155 155 155 155 155 155 155 155 155 155 155 155 155 155 155 155 155 155 155 155 155 155 155 155 155 155 155 155 155 155 155 155 155 155 155 155 155 155 155 
14 16 
1a 2 1 1 1 1 1 1 1 1 1 1 1 1 1 1 1 1 1 1 1 1 1 1 1 1 1 1 1 1 1 1 1 1 1 1 1 1 1 1 1 1 1 1 1 1 1 1 1 1 1 1 1 1 1 1 1 1 1 1 1 1 1 1 2 2 2 2 2 2 2 2 2 2 2 2 2 2 2 2 2 2 2 2 2 2 2 2 2 2 2 2 2 2 2 2 2 2 2 2 2 2 2 2 2 2 2 2 2 2 2 2 2 2 2 2 2 2 2 2 2 2 2 2 2 
1b 0 

RANKS: 1 -1 2 1 0
EVENT31: 1102 47d709_47dace_47dc38_47dd57
COMP 4c-0: 4821ca_48254a_482683_482777 (30752 1087.38 2 707.00 2 45280.00){0.00 707.00 726.65 747.00 18112.00 30504}{18112.00 0.00 0.00 0.00 36224.00 0}{36224.00 45279.00 45279.34 45280.00 54336.00 248}{54336.00 0.00 0.00 0.00 72448.00 0}{72448.00 0.00 0.00 0.00 90560.00 0}
COMM 4b-0: 4821ca_48254a_482683_482777 (30752 46.14 2 2.00 2 8170.00){0.00 2.00 17.01 145.00 146.80 30246}{146.80 147.00 193.53 290.00 293.60 15}{293.60 320.00 503.89 587.00 587.20 131}{587.20 588.00 639.93 732.00 734.00 74}{734.00 748.00 2754.09 8170.00 11846.00 286}
10 2 
12 155 
14 16 
1b 0 
2b 2 2 2 2 2 2 2 2 2 2 2 2 2 2 2 2 2 2 2 2 2 2 2 2 2 2 2 2 2 2 2 2 2 2 2 2 2 2 2 2 2 2 2 2 2 2 2 2 2 2 2 2 2 2 2 2 2 2 2 2 2 2 1 1 1 1 1 1 1 1 1 1 1 1 1 1 1 1 1 1 1 1 1 1 1 1 1 1 1 1 1 1 1 1 1 1 1 1 1 1 1 1 1 1 1 1 1 1 1 1 1 1 1 1 1 1 1 1 1 1 1 1 1 1 

RANKS: 1 -1 0 4 1
EVENT32: 1113 4821ca_48254a_482683_482777
COMP 4c-0: 47d709_47dace_47dc38_47dd57 (248 658.98 2 657.00 2 660.00){0.00 0.00 0.00 0.00 263.60 0}{263.60 0.00 0.00 0.00 527.20 0}{527.20 657.00 658.98 660.00 790.80 248}{790.80 0.00 0.00 0.00 1054.40 0}{1054.40 0.00 0.00 0.00 1318.00 0}
COMP 4c-1: 4821ca_48254a_482683_482777 (620 11054.20 0 15.00 1 21442.00){0.00 0.00 0.00 0.00 6.00 0}{6.00 0.00 0.00 0.00 12.00 0}{12.00 15.00 16.97 17.00 30.00 62}{30.00 1398.00 1398.98 1399.00 2766.00 61}{2766.00 5804.00 13638.34 21442.00 40116.00 497}
COMP 4c-2: 48b125_48b3a9_48b47d_48b536 (748 277.57 1 155.00 0 46003.00){0.00 155.00 155.14 156.00 18401.20 747}{18401.20 0.00 0.00 0.00 36802.40 0}{36802.40 46003.00 46003.00 46003.00 55203.60 1}{55203.60 0.00 0.00 0.00 73604.80 0}{73604.80 0.00 0.00 0.00 92006.00 0}
COMM 4b-0: 47d709_47dace_47dc38_47dd57 (248 4.20 2 3.00 2 10.00){0.00 0.00 0.00 0.00 1.60 0}{1.60 3.00 3.00 3.00 3.20 136}{3.20 4.00 4.05 6.00 6.40 77}{6.40 0.00 0.00 0.00 8.00 0}{8.00 9.00 9.17 10.00 10.00 35}
COMM 4b-1: 4821ca_48254a_482683_482777 (620 93.98 0 2.00 1 238.00){0.00 2.00 2.92 7.00 8.00 121}{8.00 14.00 18.00 22.00 36.00 2}{36.00 110.00 115.87 167.00 184.00 493}{184.00 188.00 188.00 188.00 192.00 1}{192.00 197.00 220.00 238.00 258.00 3}
COMM 4b-2: 48b125_48b3a9_48b47d_48b536 (748 164.91 0 15.00 3 346.00){0.00 0.00 0.00 0.00 12.00 0}{12.00 15.00 15.00 15.00 30.00 1}{30.00 103.00 130.57 172.00 176.00 485}{176.00 218.61 229.18 236.25 274.00 261}{274.00 346.00 346.00 346.00 418.00 1}
LOOP0: iter: ( 124 )[ 1 -1 0 1 0 ]( 2 )[ 1 -1 1 2 1 ] mem: ( 1 )[ 1 -1 0 3 1 ]
10 2 
12 ( 155 )[ 1 -1 0 1 0 ]
12 ( 20480 )[ 1 -1 1 2 2 ]
12 ( 155 20480 )[ 1 -1 2 1 0 ]
14 16 
1a ( 1 2 )[ 1 -1 0 1 0 ]
1a ( 3 2 )[ 1 -1 1 2 2 ]
1a ( 2 1 )[ 1 -1 2 1 0 ]
1b 0 

RANKS: 1 -1 1 2 1
EVENT33: 1090 47a096_47a46b_47a5d6_47a6f7
COMP 4c-0: 4821ca_48254a_482683_482777 (250 16.05 1 16.00 2 29.00){0.00 0.00 0.00 0.00 6.40 0}{6.40 0.00 0.00 0.00 12.80 0}{12.80 16.00 16.00 16.00 19.20 249}{19.20 0.00 0.00 0.00 25.60 0}{25.60 29.00 29.00 29.00 32.00 1}
COMP 4c-1: 48b125_48b3a9_48b47d_48b536 (1 21413.00 2 21413.00 2 21413.00){0.00 0.00 0.00 0.00 8565.20 0}{8565.20 0.00 0.00 0.00 17130.40 0}{17130.40 21413.00 21413.00 21413.00 25695.60 1}{25695.60 0.00 0.00 0.00 34260.80 0}{34260.80 0.00 0.00 0.00 42826.00 0}
COMM 4b-0: 4821ca_48254a_482683_482777 (250 2.94 1 1.00 1 19.00){0.00 1.00 1.00 1.00 1.60 1}{1.60 2.00 2.38 3.00 3.20 173}{3.20 4.00 4.00 4.00 4.00 71}{4.00 5.00 5.00 5.00 6.00 3}{6.00 7.00 13.00 19.00 32.00 2}
COMM 4b-1: 48b125_48b3a9_48b47d_48b536 (1 3.00 2 3.00 2 3.00){0.00 0.00 0.00 0.00 1.20 0}{1.20 0.00 0.00 0.00 2.40 0}{2.40 3.00 3.00 3.00 3.60 1}{3.60 0.00 0.00 0.00 4.80 0}{4.80 0.00 0.00 0.00 6.00 0}
LOOP0: iter: ( 2 )[ 1 -1 2 1 0 ] mem: ( 2 )[ 1 -1 2 1 0 ]
10 2 
12 20480 
14 16 
1b 0 
2b 2147483647 

RANKS: 1 -1 1 2 1
EVENT34: 1148 48b125_48b3a9_48b47d_48b536
COMP 4c-0: 47a096_47a46b_47a5d6_47a6f7 (251 14.96 1 14.00 1 15.00){0.00 0.00 0.00 0.00 6.00 0}{6.00 0.00 0.00 0.00 12.00 0}{12.00 14.00 14.96 15.00 18.00 251}{18.00 0.00 0.00 0.00 24.00 0}{24.00 0.00 0.00 0.00 30.00 0}
COMM 4b-0: 47a096_47a46b_47a5d6_47a6f7 (251 116.83 1 96.00 2 4564.00){0.00 0.00 0.00 0.00 40.40 0}{40.40 0.00 0.00 0.00 80.80 0}{80.80 96.00 98.91 118.00 121.20 248}{121.20 123.00 124.00 125.00 202.00 2}{202.00 4564.00 4564.00 4564.00 8926.00 1}
1c 9999 

RANKS: 1 -1 2 1 0
EVENT35: 1113 4821ca_48254a_482683_482777
COMP 4c-0: 47d709_47dace_47dc38_47dd57 (123 663.94 2 659.00 2 669.00){0.00 0.00 0.00 0.00 266.00 0}{266.00 0.00 0.00 0.00 532.00 0}{532.00 659.00 663.93 669.00 798.00 123}{798.00 0.00 0.00 0.00 1064.00 0}{1064.00 0.00 0.00 0.00 1330.00 0}
COMP 4c-1: 48b125_48b3a9_48b47d_48b536 (1 158.00 2 158.00 2 158.00){0.00 0.00 0.00 0.00 63.20 0}{63.20 0.00 0.00 0.00 126.40 0}{126.40 158.00 158.00 158.00 189.60 1}{189.60 0.00 0.00 0.00 252.80 0}{252.80 0.00 0.00 0.00 316.00 0}
COMM 4b-0: 47d709_47dace_47dc38_47dd57 (123 3.73 2 3.00 2 14.00){0.00 3.00 3.48 4.00 5.60 121}{5.60 0.00 0.00 0.00 11.20 0}{11.20 13.00 13.50 14.00 16.80 2}{16.80 0.00 0.00 0.00 22.40 0}{22.40 0.00 0.00 0.00 28.00 0}
COMM 4b-1: 48b125_48b3a9_48b47d_48b536 (1 106.00 2 106.00 2 106.00){0.00 0.00 0.00 0.00 42.40 0}{42.40 0.00 0.00 0.00 84.80 0}{84.80 106.00 106.00 106.00 127.20 1}{127.20 0.00 0.00 0.00 169.60 0}{169.60 0.00 0.00 0.00 212.00 0}
LOOP0: iter: ( 124 )[ 1 -1 2 1 0 ] mem: ( 2 )[ 1 -1 2 1 0 ]
10 2 
12 20480 155 155 155 155 155 155 155 155 155 155 155 155 155 155 155 155 155 155 155 155 155 155 155 155 155 155 155 155 155 155 155 155 155 155 155 155 155 155 155 155 155 155 155 155 155 155 155 155 155 155 155 155 155 155 155 155 155 155 155 155 155 155 155 155 155 155 155 155 155 155 155 155 155 155 155 155 155 155 155 155 155 155 155 155 155 155 155 155 155 155 155 155 155 155 155 155 155 155 155 155 155 155 155 155 155 155 155 155 155 155 155 155 155 155 155 155 155 155 155 155 155 155 155 
14 16 
1a 2 1 1 1 1 1 1 1 1 1 1 1 1 1 1 1 1 1 1 1 1 1 1 1 1 1 1 1 1 1 1 1 1 1 1 1 1 1 1 1 1 1 1 1 1 1 1 1 1 1 1 1 1 1 1 1 1 1 1 1 1 1 1 2 2 2 2 2 2 2 2 2 2 2 2 2 2 2 2 2 2 2 2 2 2 2 2 2 2 2 2 2 2 2 2 2 2 2 2 2 2 2 2 2 2 2 2 2 2 2 2 2 2 2 2 2 2 2 2 2 2 2 2 2 
1b 0 

RANKS: 1 -1 0 4 1
EVENT36: 1102 47d709_47dace_47dc38_47dd57
COMP 4c-0: 47d709_47dace_47dc38_47dd57 (246 687.91 0 15.00 3 1399.00){0.00 0.00 0.00 0.00 6.00 0}{6.00 0.00 0.00 0.00 12.00 0}{12.00 15.00 17.82 18.00 24.00 124}{24.00 0.00 0.00 0.00 30.00 0}{30.00 1350.00 1374.49 1399.00 2670.00 122}
COMP 4c-1: 4821ca_48254a_482683_482777 (249 1084.76 2 707.00 3 45298.00){0.00 0.00 0.00 0.00 284.00 0}{284.00 0.00 0.00 0.00 568.00 0}{568.00 707.00 728.35 750.00 1136.00 247}{1136.00 0.00 0.00 0.00 1420.00 0}{1420.00 45279.00 45288.50 45298.00 89176.00 2}
COMP 4c-2: 48b125_48b3a9_48b47d_48b536 (1 45345.00 1 45345.00 1 45345.00){0.00 0.00 0.00 0.00 18138.00 0}{18138.00 0.00 0.00 0.00 36276.00 0}{36276.00 45345.00 45345.00 45345.00 54414.00 1}{54414.00 0.00 0.00 0.00 72552.00 0}{72552.00 0.00 0.00 0.00 90690.00 0}
COMM 4b-0: 47d709_47dace_47dc38_47dd57 (246 56.83 0 1.00 0 207.00){0.00 1.00 1.00 1.00 1.20 9}{1.20 2.00 2.00 2.00 2.40 96}{2.40 3.00 3.54 5.00 6.00 28}{6.00 7.00 120.79 206.00 206.00 112}{206.00 207.00 207.00 207.00 208.00 1}
COMM 4b-1: 4821ca_48254a_482683_482777 (249 120.96 1 2.00 0 9005.00){0.00 2.00 19.39 1420.00 3602.00 247}{3602.00 0.00 0.00 0.00 7204.00 0}{7204.00 7441.00 8223.00 9005.00 10806.00 2}{10806.00 0.00 0.00 0.00 14408.00 0}{14408.00 0.00 0.00 0.00 18010.00 0}
COMM 4b-2: 48b125_48b3a9_48b47d_48b536 (1 993.00 1 993.00 1 993.00){0.00 0.00 0.00 0.00 397.20 0}{397.20 0.00 0.00 0.00 794.40 0}{794.40 993.00 993.00 993.00 1191.60 1}{1191.60 0.00 0.00 0.00 1588.80 0}{1588.80 0.00 0.00 0.00 1986.00 0}
LOOP0: iter: ( 124 )[ 2 -1 0 2 1 -1 3 1 0 ] mem: ( 1 )[ 1 -1 0 2 3 ]( 2 )[ 1 -1 1 1 0 ]
10 2 
12 155 
14 16 
1b 0 
2b ( 1 2 )[ 1 -1 0 1 0 ]
2b ( 3 3 3 3 3 3 3 3 3 3 3 3 3 3 3 3 3 3 3 3 3 3 3 3 3 3 3 3 3 3 3 3 3 3 3 3 3 3 3 3 3 3 3 3 3 3 3 3 3 3 3 3 3 3 3 3 3 3 3 3 3 3 2 2 2 2 2 2 2 2 2 2 2 2 2 2 2 2 2 2 2 2 2 2 2 2 2 2 2 2 2 2 2 2 2 2 2 2 2 2 2 2 2 2 2 2 2 2 2 2 2 2 2 2 2 2 2 2 2 2 2 2 2 2 )[ 1 -1 1 1 0 ]
2b ( 3 2 )[ 1 -1 3 1 0 ]
2b ( 2 2 2 2 2 2 2 2 2 2 2 2 2 2 2 2 2 2 2 2 2 2 2 2 2 2 2 2 2 2 2 2 2 2 2 2 2 2 2 2 2 2 2 2 2 2 2 2 2 2 2 2 2 2 2 2 2 2 2 2 2 2 1 1 1 1 1 1 1 1 1 1 1 1 1 1 1 1 1 1 1 1 1 1 1 1 1 1 1 1 1 1 1 1 1 1 1 1 1 1 1 1 1 1 1 1 1 1 1 1 1 1 1 1 1 1 1 1 1 1 1 1 1 1 )[ 1 -1 2 1 0 ]

RANKS: 1 -1 1 3 1
EVENT37: 1113 4821ca_48254a_482683_482777
COMP 4c-0: 47d709_47dace_47dc38_47dd57 (126 670.97 1 655.00 3 2000.00){0.00 0.00 0.00 0.00 266.00 0}{266.00 0.00 0.00 0.00 532.00 0}{532.00 655.00 660.38 665.00 1064.00 125}{1064.00 0.00 0.00 0.00 1330.00 0}{1330.00 2000.00 2000.00 2000.00 2670.00 1}
COMP 4c-1: 4821ca_48254a_482683_482777 (123 672.72 3 15.00 3 1350.00){0.00 0.00 0.00 0.00 6.00 0}{6.00 0.00 0.00 0.00 12.00 0}{12.00 15.00 16.97 17.00 24.00 62}{24.00 0.00 0.00 0.00 30.00 0}{30.00 1350.00 1350.00 1350.00 2670.00 61}
COMM 4b-0: 47d709_47dace_47dc38_47dd57 (126 6.09 1 3.00 1 25.00){0.00 3.00 3.33 4.00 5.60 33}{5.60 6.00 6.54 10.00 11.20 90}{11.20 14.00 14.00 14.00 16.80 1}{16.80 21.00 21.00 21.00 22.40 1}{22.40 25.00 25.00 25.00 28.00 1}
COMM 4b-1: 4821ca_48254a_482683_482777 (123 4.01 3 2.00 3 17.00){0.00 2.00 2.00 2.00 2.40 1}{2.40 3.00 3.29 4.00 4.80 95}{4.80 5.00 5.80 6.00 9.60 25}{9.60 0.00 0.00 0.00 12.00 0}{12.00 14.00 15.50 17.00 22.00 2}
LOOP0: iter: ( 124 )[ 1 -1 3 1 0 ] mem: ( 1 )[ 1 -1 3 1 0 ]
10 2 
12 155 
14 16 
1a ( 2 2 2 2 2 2 2 2 2 2 2 2 2 2 2 2 2 2 2 2 2 2 2 2 2 2 2 2 2 2 2 2 2 2 2 2 2 2 2 2 2 2 2 2 2 2 2 2 2 2 2 2 2 2 2 2 2 2 2 2 2 2 3 3 3 3 3 3 3 3 3 3 3 3 3 3 3 3 3 3 3 3 3 3 3 3 3 3 3 3 3 3 3 3 3 3 3 3 3 3 3 3 3 3 3 3 3 3 3 3 3 3 3 3 3 3 3 3 3 3 3 3 3 3 )[ 1 -1 1 1 0 ]
1a ( 3 2 )[ 1 -1 3 1 0 ]
1a ( 2 )[ 1 -1 2 1 0 ]
1b 0 

RANKS: 1 -1 0 4 1
EVENT38: 1004 46a5ff_46a95f_46aaa2_46ab94
COMP 4c-0: 47d709_47dace_47dc38_47dd57 (1 6115.00 0 6115.00 0 6115.00){0.00 0.00 0.00 0.00 2446.00 0}{2446.00 0.00 0.00 0.00 4892.00 0}{4892.00 6115.00 6115.00 6115.00 7338.00 1}{7338.00 0.00 0.00 0.00 9784.00 0}{9784.00 0.00 0.00 0.00 12230.00 0}
COMP 4c-1: 4821ca_48254a_482683_482777 (3 5475.00 2 5473.00 1 5476.00){0.00 0.00 0.00 0.00 2190.40 0}{2190.40 0.00 0.00 0.00 4380.80 0}{4380.80 5473.00 5474.67 5476.00 6571.20 3}{6571.20 0.00 0.00 0.00 8761.60 0}{8761.60 0.00 0.00 0.00 10952.00 0}
COMM 4b-0: 47d709_47dace_47dc38_47dd57 (1 13.00 0 13.00 0 13.00){0.00 0.00 0.00 0.00 5.20 0}{5.20 0.00 0.00 0.00 10.40 0}{10.40 13.00 13.00 13.00 15.60 1}{15.60 0.00 0.00 0.00 20.80 0}{20.80 0.00 0.00 0.00 26.00 0}
COMM 4b-1: 4821ca_48254a_482683_482777 (3 3163.00 1 233.00 3 6183.00){0.00 0.00 0.00 0.00 93.20 0}{93.20 0.00 0.00 0.00 186.40 0}{186.40 233.00 233.00 233.00 372.80 1}{372.80 0.00 0.00 0.00 466.00 0}{466.00 6003.00 6093.00 6183.00 11900.00 2}
10 2 
12 5 
14 16 
18 3 

RANKS: 1 -1 2 1 0
EVENT39: 1113 4821ca_48254a_482683_482777
COMP 4c-0: 46a5ff_46a95f_46aaa2_46ab94 (1 2926.00 2 2926.00 2 2926.00){0.00 0.00 0.00 0.00 1170.40 0}{1170.40 0.00 0.00 0.00 2340.80 0}{2340.80 2926.00 2926.00 2926.00 3511.20 1}{3511.20 0.00 0.00 0.00 4681.60 0}{4681.60 0.00 0.00 0.00 5852.00 0}
COMM 4b-0: 46a5ff_46a95f_46aaa2_46ab94 (1 119.00 2 119.00 2 119.00){0.00 0.00 0.00 0.00 47.60 0}{47.60 0.00 0.00 0.00 95.20 0}{95.20 119.00 119.00 119.00 142.80 1}{142.80 0.00 0.00 0.00 190.40 0}{190.40 0.00 0.00 0.00 238.00 0}
10 2 
12 20480 
14 16 
1a 1 
1b 0 

RANKS: 1 -1 1 3 1
EVENT40: 1090 47a096_47a46b_47a5d6_47a6f7
COMP 4c-0: 46a5ff_46a95f_46aaa2_46ab94 (2 2852.00 1 2852.00 1 2852.00){0.00 0.00 0.00 0.00 1140.80 0}{1140.80 0.00 0.00 0.00 2281.60 0}{2281.60 2852.00 2852.00 2852.00 3422.40 2}{3422.40 0.00 0.00 0.00 4563.20 0}{4563.20 0.00 0.00 0.00 5704.00 0}
COMP 4c-1: 4821ca_48254a_482683_482777 (2 14251.00 2 15.00 3 21369.00){0.00 15.00 15.00 15.00 8547.60 1}{8547.60 0.00 0.00 0.00 17095.20 0}{17095.20 21369.00 21369.00 21369.00 25642.80 1}{25642.80 0.00 0.00 0.00 34190.40 0}{34190.40 0.00 0.00 0.00 42738.00 0}
COMP 4c-2: 48b125_48b3a9_48b47d_48b536 (1 21413.00 2 21413.00 2 21413.00){0.00 0.00 0.00 0.00 8565.20 0}{8565.20 0.00 0.00 0.00 17130.40 0}{17130.40 21413.00 21413.00 21413.00 25695.60 1}{25695.60 0.00 0.00 0.00 34260.80 0}{34260.80 0.00 0.00 0.00 42826.00 0}
COMM 4b-0: 46a5ff_46a95f_46aaa2_46ab94 (2 3.00 1 3.00 1 3.00){0.00 0.00 0.00 0.00 1.20 0}{1.20 0.00 0.00 0.00 2.40 0}{2.40 3.00 3.00 3.00 3.60 2}{3.60 0.00 0.00 0.00 4.80 0}{4.80 0.00 0.00 0.00 6.00 0}
COMM 4b-1: 4821ca_48254a_482683_482777 (2 3.00 3 3.00 3 3.00){0.00 0.00 0.00 0.00 1.20 0}{1.20 0.00 0.00 0.00 2.40 0}{2.40 3.00 3.00 3.00 3.60 2}{3.60 0.00 0.00 0.00 4.80 0}{4.80 0.00 0.00 0.00 6.00 0}
COMM 4b-2: 48b125_48b3a9_48b47d_48b536 (1 3.00 2 3.00 2 3.00){0.00 0.00 0.00 0.00 1.20 0}{1.20 0.00 0.00 0.00 2.40 0}{2.40 3.00 3.00 3.00 3.60 1}{3.60 0.00 0.00 0.00 4.80 0}{4.80 0.00 0.00 0.00 6.00 0}
LOOP0: iter: ( 2 )[ 1 -1 2 2 1 ] mem: ( 3 )[ 1 -1 3 1 0 ]( 2 )[ 1 -1 2 1 0 ]
10 2 
12 20480 
14 16 
1b 0 
2b 2147483647 

RANKS: 1 -1 1 3 1
EVENT41: 1148 48b125_48b3a9_48b47d_48b536
COMP 4c-0: 47a096_47a46b_47a5d6_47a6f7 (5 14.83 3 14.00 1 15.00){0.00 0.00 0.00 0.00 6.00 0}{6.00 0.00 0.00 0.00 12.00 0}{12.00 14.00 14.80 15.00 18.00 5}{18.00 0.00 0.00 0.00 24.00 0}{24.00 0.00 0.00 0.00 30.00 0}
COMM 4b-0: 47a096_47a46b_47a5d6_47a6f7 (5 144.67 2 101.00 2 274.00){0.00 0.00 0.00 0.00 40.80 0}{40.80 0.00 0.00 0.00 81.60 0}{81.60 101.00 105.00 112.00 163.20 3}{163.20 177.00 177.00 177.00 204.00 1}{204.00 274.00 274.00 274.00 344.00 1}
1c 9999 

RANKS: 1 -1 0 4 1
EVENT42: 1113 4821ca_48254a_482683_482777
COMP 4c-0: 46a5ff_46a95f_46aaa2_46ab94 (1 2926.00 0 2926.00 0 2926.00){0.00 0.00 0.00 0.00 1170.40 0}{1170.40 0.00 0.00 0.00 2340.80 0}{2340.80 2926.00 2926.00 2926.00 3511.20 1}{3511.20 0.00 0.00 0.00 4681.60 0}{4681.60 0.00 0.00 0.00 5852.00 0}
COMP 4c-1: 4821ca_48254a_482683_482777 (1 21442.00 1 21442.00 1 21442.00){0.00 0.00 0.00 0.00 8576.80 0}{8576.80 0.00 0.00 0.00 17153.60 0}{17153.60 21442.00 21442.00 21442.00 25730.40 1}{25730.40 0.00 0.00 0.00 34307.20 0}{34307.20 0.00 0.00 0.00 42884.00 0}
COMP 4c-2: 48b125_48b3a9_48b47d_48b536 (5 7265.33 1 155.00 0 21485.00){0.00 155.00 155.50 157.00 8594.00 4}{8594.00 0.00 0.00 0.00 17188.00 0}{17188.00 21485.00 21485.00 21485.00 25782.00 1}{25782.00 0.00 0.00 0.00 34376.00 0}{34376.00 0.00 0.00 0.00 42970.00 0}
COMM 4b-0: 46a5ff_46a95f_46aaa2_46ab94 (1 113.00 0 113.00 0 113.00){0.00 0.00 0.00 0.00 45.20 0}{45.20 0.00 0.00 0.00 90.40 0}{90.40 113.00 113.00 113.00 135.60 1}{135.60 0.00 0.00 0.00 180.80 0}{180.80 0.00 0.00 0.00 226.00 0}
COMM 4b-1: 4821ca_48254a_482683_482777 (1 145.00 1 145.00 1 145.00){0.00 0.00 0.00 0.00 58.00 0}{58.00 0.00 0.00 0.00 116.00 0}{116.00 145.00 145.00 145.00 174.00 1}{174.00 0.00 0.00 0.00 232.00 0}{232.00 0.00 0.00 0.00 290.00 0}
COMM 4b-2: 48b125_48b3a9_48b47d_48b536 (5 111.33 1 104.00 1 120.00){0.00 0.00 0.00 0.00 44.00 0}{44.00 0.00 0.00 0.00 88.00 0}{88.00 104.00 111.60 120.00 132.00 5}{132.00 0.00 0.00 0.00 176.00 0}{176.00 0.00 0.00 0.00 220.00 0}
LOOP0: iter: ( 2 )[ 1 -1 0 2 1 ] mem: ( 3 )[ 1 -1 0 1 0 ]( 1 )[ 1 -1 1 1 0 ]
10 2 
12 20480 
14 16 
1a ( 1 2 )[ 1 -1 0 1 0 ]
1a ( 3 2 )[ 1 -1 1 2 2 ]
1a ( 2 )[ 1 -1 2 1 0 ]
1b 0 

RANKS: 1 -1 0 2 1
EVENT43: 1090 47a096_47a46b_47a5d6_47a6f7
COMP 4c-0: 4821ca_48254a_482683_482777 (3 14.50 0 14.00 1 16.00){0.00 0.00 0.00 0.00 5.60 0}{5.60 0.00 0.00 0.00 11.20 0}{11.20 14.00 14.67 16.00 16.80 3}{16.80 0.00 0.00 0.00 22.40 0}{22.40 0.00 0.00 0.00 28.00 0}
COMM 4b-0: 4821ca_48254a_482683_482777 (3 2.25 0 2.00 1 3.00){0.00 0.00 0.00 0.00 0.80 0}{0.80 0.00 0.00 0.00 1.60 0}{1.60 2.00 2.00 2.00 2.40 2}{2.40 3.00 3.00 3.00 3.20 1}{3.20 0.00 0.00 0.00 4.00 0}
10 2 
12 20480 
14 16 
1b 0 
2b 2147483647 

RANKS: 1 -1 0 2 1
EVENT44: 1148 48b125_48b3a9_48b47d_48b536
COMP 4c-0: 47a096_47a46b_47a5d6_47a6f7 (3 14.25 0 14.00 1 15.00){0.00 0.00 0.00 0.00 5.60 0}{5.60 0.00 0.00 0.00 11.20 0}{11.20 14.00 14.33 15.00 16.80 3}{16.80 0.00 0.00 0.00 22.40 0}{22.40 0.00 0.00 0.00 28.00 0}
COMM 4b-0: 47a096_47a46b_47a5d6_47a6f7 (3 169.25 1 101.00 0 250.00){0.00 0.00 0.00 0.00 65.20 0}{65.20 101.00 101.00 101.00 130.40 1}{130.40 163.00 163.00 163.00 195.60 1}{195.60 250.00 250.00 250.00 260.80 1}{260.80 0.00 0.00 0.00 326.00 0}
1c 9999 

RANKS: 1 -1 0 4 1
EVENT45: 1004 46a5ff_46a95f_46aaa2_46ab94
COMP 4c-0: 46a5ff_46a95f_46aaa2_46ab94 (8 10063.00 0 15.00 0 22623.00){0.00 0.00 0.00 0.00 6.00 0}{6.00 0.00 0.00 0.00 12.00 0}{12.00 15.00 15.00 15.00 24.00 4}{24.00 0.00 0.00 0.00 30.00 0}{30.00 22623.00 22623.00 22623.00 45216.00 4}
COMP 4c-1: 4821ca_48254a_482683_482777 (2 44550.67 2 44548.00 3 44552.00){0.00 0.00 0.00 0.00 17820.80 0}{17820.80 0.00 0.00 0.00 35641.60 0}{35641.60 44548.00 44550.00 44552.00 53462.40 2}{53462.40 0.00 0.00 0.00 71283.20 0}{71283.20 0.00 0.00 0.00 89104.00 0}
COMP 4c-2: 48b125_48b3a9_48b47d_48b536 (2 44602.33 1 44599.00 0 44604.00){0.00 0.00 0.00 0.00 17841.60 0}{17841.60 0.00 0.00 0.00 35683.20 0}{35683.20 44599.00 44601.50 44604.00 53524.80 2}{53524.80 0.00 0.00 0.00 71366.40 0}{71366.40 0.00 0.00 0.00 89208.00 0}
COMM 4b-0: 46a5ff_46a95f_46aaa2_46ab94 (8 105.67 0 10.00 3 240.00){0.00 10.00 18.00 29.00 54.80 3}{54.80 106.00 106.00 106.00 109.60 1}{109.60 137.00 138.00 139.00 164.40 3}{164.40 0.00 0.00 0.00 219.20 0}{219.20 240.00 240.00 240.00 274.00 1}
COMM 4b-1: 4821ca_48254a_482683_482777 (2 910.00 2 636.00 3 1047.00){0.00 0.00 0.00 0.00 418.80 0}{418.80 636.00 636.00 636.00 837.60 1}{837.60 1047.00 1047.00 1047.00 1256.40 1}{1256.40 0.00 0.00 0.00 1675.20 0}{1675.20 0.00 0.00 0.00 2094.00 0}
COMM 4b-2: 48b125_48b3a9_48b47d_48b536 (2 366.33 0 28.00 1 1043.00){0.00 0.00 0.00 0.00 11.20 0}{11.20 0.00 0.00 0.00 22.40 0}{22.40 28.00 28.00 28.00 44.80 1}{44.80 0.00 0.00 0.00 56.00 0}{56.00 1043.00 1043.00 1043.00 2030.00 1}
LOOP0: iter: ( 3 )[ 1 -1 0 4 1 ] mem: ( 1 )[ 1 -1 0 4 1 ]
10 2 
12 5 1 5 
14 16 
18 3 1 3 

RANKS: 1 -1 0 2 1
EVENT46: 1090 47a096_47a46b_47a5d6_47a6f7_45ed00
COMP 4c-0: 46a5ff_46a95f_46aaa2_46ab94 (2 64.67 1 64.00 0 65.00){0.00 0.00 0.00 0.00 26.00 0}{26.00 0.00 0.00 0.00 52.00 0}{52.00 64.00 64.50 65.00 78.00 2}{78.00 0.00 0.00 0.00 104.00 0}{104.00 0.00 0.00 0.00 130.00 0}
COMM 4b-0: 46a5ff_46a95f_46aaa2_46ab94 (2 2.67 0 2.00 1 4.00){0.00 0.00 0.00 0.00 0.80 0}{0.80 0.00 0.00 0.00 1.60 0}{1.60 2.00 2.00 2.00 2.40 1}{2.40 0.00 0.00 0.00 3.20 0}{3.20 4.00 4.00 4.00 4.00 1}
10 2 
12 64 
14 16 
1b 0 
2b 2147483647 

RANKS: 1 -1 0 2 1
EVENT47: 1148 48b125_48b3a9_48b47d_48b536_45ed19
COMP 4c-0: 47a096_47a46b_47a5d6_47a6f7_45ed00 (2 16.00 0 16.00 0 16.00){0.00 0.00 0.00 0.00 6.40 0}{6.40 0.00 0.00 0.00 12.80 0}{12.80 16.00 16.00 16.00 19.20 2}{19.20 0.00 0.00 0.00 25.60 0}{25.60 0.00 0.00 0.00 32.00 0}
COMM 4b-0: 47a096_47a46b_47a5d6_47a6f7_45ed00 (2 3.33 0 3.00 1 4.00){0.00 0.00 0.00 0.00 1.20 0}{1.20 0.00 0.00 0.00 2.40 0}{2.40 3.00 3.00 3.00 3.60 1}{3.60 4.00 4.00 4.00 4.80 1}{4.80 0.00 0.00 0.00 6.00 0}
1c 9999 

RANKS: 1 -1 2 1 0
EVENT48: 1113 4821ca_48254a_482683_482777_45edee
COMP 4c-0: 46a5ff_46a95f_46aaa2_46ab94 (1 63.00 2 63.00 2 63.00){0.00 0.00 0.00 0.00 25.20 0}{25.20 0.00 0.00 0.00 50.40 0}{50.40 63.00 63.00 63.00 75.60 1}{75.60 0.00 0.00 0.00 100.80 0}{100.80 0.00 0.00 0.00 126.00 0}
COMM 4b-0: 46a5ff_46a95f_46aaa2_46ab94 (1 4.00 2 4.00 2 4.00){0.00 0.00 0.00 0.00 1.60 0}{1.60 0.00 0.00 0.00 3.20 0}{3.20 4.00 4.00 4.00 4.80 1}{4.80 0.00 0.00 0.00 6.40 0}{6.40 0.00 0.00 0.00 8.00 0}
10 2 
12 64 
14 16 
1a 2 
1b 0 

RANKS: 1 -1 0 2 2
EVENT49: 1090 47a096_47a46b_47a5d6_47a6f7_45ee4a
COMP 4c-0: 4821ca_48254a_482683_482777_45edee (1 16.00 2 16.00 2 16.00){0.00 0.00 0.00 0.00 6.40 0}{6.40 0.00 0.00 0.00 12.80 0}{12.80 16.00 16.00 16.00 19.20 1}{19.20 0.00 0.00 0.00 25.60 0}{25.60 0.00 0.00 0.00 32.00 0}
COMP 4c-1: 48b125_48b3a9_48b47d_48b536_45ed19 (1 17.00 0 17.00 0 17.00){0.00 0.00 0.00 0.00 6.80 0}{6.80 0.00 0.00 0.00 13.60 0}{13.60 17.00 17.00 17.00 20.40 1}{20.40 0.00 0.00 0.00 27.20 0}{27.20 0.00 0.00 0.00 34.00 0}
COMM 4b-0: 4821ca_48254a_482683_482777_45edee (1 1.00 2 1.00 2 1.00){0.00 0.00 0.00 0.00 0.40 0}{0.40 0.00 0.00 0.00 0.80 0}{0.80 1.00 1.00 1.00 1.20 1}{1.20 0.00 0.00 0.00 1.60 0}{1.60 0.00 0.00 0.00 2.00 0}
COMM 4b-1: 48b125_48b3a9_48b47d_48b536_45ed19 (1 1.00 0 1.00 0 1.00){0.00 0.00 0.00 0.00 0.40 0}{0.40 0.00 0.00 0.00 0.80 0}{0.80 1.00 1.00 1.00 1.20 1}{1.20 0.00 0.00 0.00 1.60 0}{1.60 0.00 0.00 0.00 2.00 0}
10 2 
12 68 
14 16 
1b 0 
2b 2147483647 

RANKS: 1 -1 0 2 2
EVENT50: 1148 48b125_48b3a9_48b47d_48b536_45ee5f
COMP 4c-0: 47a096_47a46b_47a5d6_47a6f7_45ee4a (2 16.00 0 16.00 0 16.00){0.00 0.00 0.00 0.00 6.40 0}{6.40 0.00 0.00 0.00 12.80 0}{12.80 16.00 16.00 16.00 19.20 2}{19.20 0.00 0.00 0.00 25.60 0}{25.60 0.00 0.00 0.00 32.00 0}
COMM 4b-0: 47a096_47a46b_47a5d6_47a6f7_45ee4a (2 34.67 2 4.00 0 50.00){0.00 4.00 4.00 4.00 20.00 1}{20.00 0.00 0.00 0.00 40.00 0}{40.00 50.00 50.00 50.00 60.00 1}{60.00 0.00 0.00 0.00 80.00 0}{80.00 0.00 0.00 0.00 100.00 0}
1c 9999 

RANKS: 1 -1 3 1 0
EVENT51: 1113 4821ca_48254a_482683_482777_45edee
COMP 4c-0: 46a5ff_46a95f_46aaa2_46ab94 (1 64.00 3 64.00 3 64.00){0.00 0.00 0.00 0.00 25.60 0}{25.60 0.00 0.00 0.00 51.20 0}{51.20 64.00 64.00 64.00 76.80 1}{76.80 0.00 0.00 0.00 102.40 0}{102.40 0.00 0.00 0.00 128.00 0}
COMM 4b-0: 46a5ff_46a95f_46aaa2_46ab94 (1 5.00 3 5.00 3 5.00){0.00 0.00 0.00 0.00 2.00 0}{2.00 0.00 0.00 0.00 4.00 0}{4.00 5.00 5.00 5.00 6.00 1}{6.00 0.00 0.00 0.00 8.00 0}{8.00 0.00 0.00 0.00 10.00 0}
10 2 
12 64 
14 16 
1a 2 
1b 0 

RANKS: 1 -1 1 2 2
EVENT52: 1113 4821ca_48254a_482683_482777_45ef5f
COMP 4c-0: 4821ca_48254a_482683_482777_45edee (1 17.00 3 17.00 3 17.00){0.00 0.00 0.00 0.00 6.80 0}{6.80 0.00 0.00 0.00 13.60 0}{13.60 17.00 17.00 17.00 20.40 1}{20.40 0.00 0.00 0.00 27.20 0}{27.20 0.00 0.00 0.00 34.00 0}
COMP 4c-1: 48b125_48b3a9_48b47d_48b536_45ed19 (1 17.00 1 17.00 1 17.00){0.00 0.00 0.00 0.00 6.80 0}{6.80 0.00 0.00 0.00 13.60 0}{13.60 17.00 17.00 17.00 20.40 1}{20.40 0.00 0.00 0.00 27.20 0}{27.20 0.00 0.00 0.00 34.00 0}
COMM 4b-0: 4821ca_48254a_482683_482777_45edee (1 3.00 3 3.00 3 3.00){0.00 0.00 0.00 0.00 1.20 0}{1.20 0.00 0.00 0.00 2.40 0}{2.40 3.00 3.00 3.00 3.60 1}{3.60 0.00 0.00 0.00 4.80 0}{4.80 0.00 0.00 0.00 6.00 0}
COMM 4b-1: 48b125_48b3a9_48b47d_48b536_45ed19 (1 4.00 1 4.00 1 4.00){0.00 0.00 0.00 0.00 1.60 0}{1.60 0.00 0.00 0.00 3.20 0}{3.20 4.00 4.00 4.00 4.80 1}{4.80 0.00 0.00 0.00 6.40 0}{6.40 0.00 0.00 0.00 8.00 0}
10 2 
12 68 
14 16 
1a 3 
1b 0 

RANKS: 1 -1 0 4 1
EVENT53: 1004 46a5ff_46a95f_46aaa2_46ab94_466891
COMP 4c-0: 4821ca_48254a_482683_482777_45ef5f (2 32.67 3 32.00 1 33.00){0.00 0.00 0.00 0.00 13.20 0}{13.20 0.00 0.00 0.00 26.40 0}{26.40 32.00 32.50 33.00 39.60 2}{39.60 0.00 0.00 0.00 52.80 0}{52.80 0.00 0.00 0.00 66.00 0}
COMP 4c-1: 48b125_48b3a9_48b47d_48b536_45ee5f (2 34.33 2 33.00 0 35.00){0.00 0.00 0.00 0.00 14.00 0}{14.00 0.00 0.00 0.00 28.00 0}{28.00 33.00 34.00 35.00 42.00 2}{42.00 0.00 0.00 0.00 56.00 0}{56.00 0.00 0.00 0.00 70.00 0}
COMM 4b-0: 4821ca_48254a_482683_482777_45ef5f (2 85.33 1 14.00 3 228.00){0.00 0.00 0.00 0.00 5.60 0}{5.60 0.00 0.00 0.00 11.20 0}{11.20 14.00 14.00 14.00 22.40 1}{22.40 0.00 0.00 0.00 28.00 0}{28.00 228.00 228.00 228.00 428.00 1}
COMM 4b-1: 48b125_48b3a9_48b47d_48b536_45ee5f (2 64.67 2 24.00 0 85.00){0.00 24.00 24.00 24.00 34.00 1}{34.00 0.00 0.00 0.00 68.00 0}{68.00 85.00 85.00 85.00 102.00 1}{102.00 0.00 0.00 0.00 136.00 0}{136.00 0.00 0.00 0.00 170.00 0}
10 2 
12 1 
14 16 
18 3 

RANKS: 1 -1 0 2 2
EVENT54: 1090 47a096_47a46b_47a5d6_47a6f7
COMP 4c-0: 46a5ff_46a95f_46aaa2_46ab94_466891 (2 67.00 0 67.00 0 67.00){0.00 0.00 0.00 0.00 26.80 0}{26.80 0.00 0.00 0.00 53.60 0}{53.60 67.00 67.00 67.00 80.40 2}{80.40 0.00 0.00 0.00 107.20 0}{107.20 0.00 0.00 0.00 134.00 0}
COMM 4b-0: 46a5ff_46a95f_46aaa2_46ab94_466891 (2 2.00 0 2.00 0 2.00){0.00 0.00 0.00 0.00 0.80 0}{0.80 0.00 0.00 0.00 1.60 0}{1.60 2.00 2.00 2.00 2.40 2}{2.40 0.00 0.00 0.00 3.20 0}{3.20 0.00 0.00 0.00 4.00 0}
10 2 
12 64 
14 16 
1b 0 
2b 2147483647 

RANKS: 1 -1 0 2 2
EVENT55: 1148 48b125_48b3a9_48b47d_48b536
COMP 4c-0: 47a096_47a46b_47a5d6_47a6f7 (2 15.00 0 15.00 0 15.00){0.00 0.00 0.00 0.00 6.00 0}{6.00 0.00 0.00 0.00 12.00 0}{12.00 15.00 15.00 15.00 18.00 2}{18.00 0.00 0.00 0.00 24.00 0}{24.00 0.00 0.00 0.00 30.00 0}
COMM 4b-0: 47a096_47a46b_47a5d6_47a6f7 (2 45.00 2 3.00 0 66.00){0.00 3.00 3.00 3.00 26.40 1}{26.40 0.00 0.00 0.00 52.80 0}{52.80 66.00 66.00 66.00 79.20 1}{79.20 0.00 0.00 0.00 105.60 0}{105.60 0.00 0.00 0.00 132.00 0}
1c 9999 

RANKS: 1 -1 1 2 2
EVENT56: 1113 4821ca_48254a_482683_482777
COMP 4c-0: 46a5ff_46a95f_46aaa2_46ab94_466891 (2 67.00 1 67.00 1 67.00){0.00 0.00 0.00 0.00 26.80 0}{26.80 0.00 0.00 0.00 53.60 0}{53.60 67.00 67.00 67.00 80.40 2}{80.40 0.00 0.00 0.00 107.20 0}{107.20 0.00 0.00 0.00 134.00 0}
COMM 4b-0: 46a5ff_46a95f_46aaa2_46ab94_466891 (2 3.00 1 3.00 1 3.00){0.00 0.00 0.00 0.00 1.20 0}{1.20 0.00 0.00 0.00 2.40 0}{2.40 3.00 3.00 3.00 3.60 2}{3.60 0.00 0.00 0.00 4.80 0}{4.80 0.00 0.00 0.00 6.00 0}
10 2 
12 64 
14 16 
1a 3 
1b 0 

RANKS: 1 -1 0 4 1
EVENT57: 1004 46a5ff_46a95f_46aaa2_46ab94_466c64
COMP 4c-0: 4821ca_48254a_482683_482777 (2 50.00 1 50.00 1 50.00){0.00 0.00 0.00 0.00 20.00 0}{20.00 0.00 0.00 0.00 40.00 0}{40.00 50.00 50.00 50.00 60.00 2}{60.00 0.00 0.00 0.00 80.00 0}{80.00 0.00 0.00 0.00 100.00 0}
COMP 4c-1: 48b125_48b3a9_48b47d_48b536 (2 51.00 0 51.00 0 51.00){0.00 0.00 0.00 0.00 20.40 0}{20.40 0.00 0.00 0.00 40.80 0}{40.80 51.00 51.00 51.00 61.20 2}{61.20 0.00 0.00 0.00 81.60 0}{81.60 0.00 0.00 0.00 102.00 0}
COMM 4b-0: 4821ca_48254a_482683_482777 (2 34.00 1 6.00 3 90.00){0.00 0.00 0.00 0.00 2.40 0}{2.40 0.00 0.00 0.00 4.80 0}{4.80 6.00 6.00 6.00 9.60 1}{9.60 0.00 0.00 0.00 12.00 0}{12.00 90.00 90.00 90.00 168.00 1}
COMM 4b-1: 48b125_48b3a9_48b47d_48b536 (2 46.00 2 18.00 0 60.00){0.00 18.00 18.00 18.00 24.00 1}{24.00 0.00 0.00 0.00 48.00 0}{48.00 60.00 60.00 60.00 72.00 1}{72.00 0.00 0.00 0.00 96.00 0}{96.00 0.00 0.00 0.00 120.00 0}
10 2 
12 1 
14 16 
18 3 

RANKS: 1 -1 0 2 1
EVENT58: 1090 47a096_47a46b_47a5d6_47a6f7_45f138
COMP 4c-0: 46a5ff_46a95f_46aaa2_46ab94_466c64 (2 70.00 0 70.00 0 70.00){0.00 0.00 0.00 0.00 28.00 0}{28.00 0.00 0.00 0.00 56.00 0}{56.00 70.00 70.00 70.00 84.00 2}{84.00 0.00 0.00 0.00 112.00 0}{112.00 0.00 0.00 0.00 140.00 0}
COMM 4b-0: 46a5ff_46a95f_46aaa2_46ab94_466c64 (2 1.67 1 1.00 0 2.00){0.00 0.00 0.00 0.00 0.80 0}{0.80 1.00 1.00 1.00 1.60 1}{1.60 2.00 2.00 2.00 2.40 1}{2.40 0.00 0.00 0.00 3.20 0}{3.20 0.00 0.00 0.00 4.00 0}
10 2 
12 64 
14 16 
1b 0 
2b 2147483647 

RANKS: 1 -1 0 2 1
EVENT59: 1148 48b125_48b3a9_48b47d_48b536_45f14d
COMP 4c-0: 47a096_47a46b_47a5d6_47a6f7_45f138 (2 16.00 0 16.00 0 16.00){0.00 0.00 0.00 0.00 6.40 0}{6.40 0.00 0.00 0.00 12.80 0}{12.80 16.00 16.00 16.00 19.20 2}{19.20 0.00 0.00 0.00 25.60 0}{25.60 0.00 0.00 0.00 32.00 0}
COMM 4b-0: 47a096_47a46b_47a5d6_47a6f7_45f138 (2 28.00 0 13.00 1 58.00){0.00 0.00 0.00 0.00 5.20 0}{5.20 0.00 0.00 0.00 10.40 0}{10.40 13.00 13.00 13.00 20.80 1}{20.80 0.00 0.00 0.00 26.00 0}{26.00 58.00 58.00 58.00 90.00 1}
1c 9999 

RANKS: 1 -1 2 2 1
EVENT60: 1113 4821ca_48254a_482683_482777_45f1fa
COMP 4c-0: 46a5ff_46a95f_46aaa2_46ab94_466c64 (2 69.00 3 69.00 3 69.00){0.00 0.00 0.00 0.00 27.60 0}{27.60 0.00 0.00 0.00 55.20 0}{55.20 69.00 69.00 69.00 82.80 2}{82.80 0.00 0.00 0.00 110.40 0}{110.40 0.00 0.00 0.00 138.00 0}
COMM 4b-0: 46a5ff_46a95f_46aaa2_46ab94_466c64 (2 5.33 2 4.00 3 6.00){0.00 0.00 0.00 0.00 2.40 0}{2.40 4.00 4.00 4.00 4.80 1}{4.80 6.00 6.00 6.00 7.20 1}{7.20 0.00 0.00 0.00 9.60 0}{9.60 0.00 0.00 0.00 12.00 0}
10 2 
12 64 
14 16 
1a 2 
1b 0 

RANKS: 1 -1 0 4 1
EVENT61: 1004 46a5ff_46a95f_46aaa2_46ab94
COMP 4c-0: 4821ca_48254a_482683_482777_45f1fa (2 47.00 3 47.00 3 47.00){0.00 0.00 0.00 0.00 18.80 0}{18.80 0.00 0.00 0.00 37.60 0}{37.60 47.00 47.00 47.00 56.40 2}{56.40 0.00 0.00 0.00 75.20 0}{75.20 0.00 0.00 0.00 94.00 0}
COMP 4c-1: 48b125_48b3a9_48b47d_48b536_45f14d (2 50.00 0 50.00 0 50.00){0.00 0.00 0.00 0.00 20.00 0}{20.00 0.00 0.00 0.00 40.00 0}{40.00 50.00 50.00 50.00 60.00 2}{60.00 0.00 0.00 0.00 80.00 0}{80.00 0.00 0.00 0.00 100.00 0}
COMM 4b-0: 4821ca_48254a_482683_482777_45f1fa (2 37.67 2 29.00 3 42.00){0.00 0.00 0.00 0.00 16.80 0}{16.80 29.00 29.00 29.00 33.60 1}{33.60 42.00 42.00 42.00 50.40 1}{50.40 0.00 0.00 0.00 67.20 0}{67.20 0.00 0.00 0.00 84.00 0}
COMM 4b-1: 48b125_48b3a9_48b47d_48b536_45f14d (2 78.67 1 6.00 0 115.00){0.00 6.00 6.00 6.00 46.00 1}{46.00 0.00 0.00 0.00 92.00 0}{92.00 115.00 115.00 115.00 138.00 1}{138.00 0.00 0.00 0.00 184.00 0}{184.00 0.00 0.00 0.00 230.00 0}
10 2 
12 1 
14 16 
18 3 

RANKS: 1 -1 0 4 1
EVENT62: 1045 472f5f_472fd3_473039_473094
COMP 4c-0: 46a5ff_46a95f_46aaa2_46ab94 (4 2246.40 0 573.00 1 3507.00){0.00 0.00 0.00 0.00 229.20 0}{229.20 0.00 0.00 0.00 458.40 0}{458.40 573.00 573.00 573.00 916.80 1}{916.80 0.00 0.00 0.00 1146.00 0}{1146.00 3145.00 3362.00 3507.00 5144.00 3}

