RANKS: 1 -1 0 4 1
EVENT0: 1084 478d7c_478e3b_478ed1_478f2c
33 2 
34 0 

RANKS: 1 -1 0 4 1
EVENT1: 1011 46cf59_46d288_46d3a3_46d48f
COMP 4b-0: 46cf59_46d288_46d3a3_46d48f (32 5.73 0 5.00 0 7.00){0.00 0.00 0.00 0.00 2.00 0}{2.00 0.00 0.00 0.00 4.00 0}{4.00 5.00 5.62 6.00 6.00 29}{6.00 7.00 7.00 7.00 8.00 3}{8.00 0.00 0.00 0.00 10.00 0}
COMP 4b-1: 478d7c_478e3b_478ed1_478f2c (4 264.00 3 55.00 0 575.00){0.00 55.00 56.67 58.00 230.00 3}{230.00 0.00 0.00 0.00 460.00 0}{460.00 575.00 575.00 575.00 690.00 1}{690.00 0.00 0.00 0.00 920.00 0}{920.00 0.00 0.00 0.00 1150.00 0}
COMM 4b-0: 46cf59_46d288_46d3a3_46d48f (32 11.48 0 2.00 0 67.00){0.00 0.00 0.00 0.00 0.80 0}{0.80 0.00 0.00 0.00 1.60 0}{1.60 2.00 2.09 2.33 2.40 11}{2.40 3.00 3.25 4.00 4.00 12}{4.00 5.00 35.00 67.00 130.00 9}
COMM 4b-1: 478d7c_478e3b_478ed1_478f2c (4 362.80 0 19.00 1 620.00){0.00 0.00 0.00 0.00 7.60 0}{7.60 0.00 0.00 0.00 15.20 0}{15.20 19.00 19.00 19.00 30.40 1}{30.40 0.00 0.00 0.00 38.00 0}{38.00 544.00 592.00 620.00 1186.00 3}
LOOP0: iter: ( 9 )[ 1 -1 0 4 1 ] mem: ( 1 )[ 1 -1 0 4 1 ]
10 2 
12 1 1 1 1 1 5 1 1 1 
14 14 14 14 16 16 16 14 14 14 
19 0 

RANKS: 1 -1 2 1 0
EVENT2: 1113 481caa_48202a_482163_482257
COMP 4b-0: 46cf59_46d288_46d3a3_46d48f (1 34104.00 2 34104.00 2 34104.00){0.00 0.00 0.00 0.00 13641.60 0}{13641.60 0.00 0.00 0.00 27283.20 0}{27283.20 34104.00 34104.00 34104.00 40924.80 1}{40924.80 0.00 0.00 0.00 54566.40 0}{54566.40 0.00 0.00 0.00 68208.00 0}
COMM 4b-0: 46cf59_46d288_46d3a3_46d48f (1 308.00 2 308.00 2 308.00){0.00 0.00 0.00 0.00 123.20 0}{123.20 0.00 0.00 0.00 246.40 0}{246.40 308.00 308.00 308.00 369.60 1}{369.60 0.00 0.00 0.00 492.80 0}{492.80 0.00 0.00 0.00 616.00 0}
10 2 
12 20480 
14 16 
1a 1 
1b 0 

RANKS: 1 -1 1 2 1
EVENT3: 1090 479b76_479f4b_47a0b6_47a1d7
COMP 4b-0: 46cf59_46d288_46d3a3_46d48f (1 34029.00 1 34029.00 1 34029.00){0.00 0.00 0.00 0.00 13611.60 0}{13611.60 0.00 0.00 0.00 27223.20 0}{27223.20 34029.00 34029.00 34029.00 40834.80 1}{40834.80 0.00 0.00 0.00 54446.40 0}{54446.40 0.00 0.00 0.00 68058.00 0}
COMP 4b-1: 481caa_48202a_482163_482257 (1 11.00 2 11.00 2 11.00){0.00 0.00 0.00 0.00 4.40 0}{4.40 0.00 0.00 0.00 8.80 0}{8.80 11.00 11.00 11.00 13.20 1}{13.20 0.00 0.00 0.00 17.60 0}{17.60 0.00 0.00 0.00 22.00 0}
COMP 4b-2: 48ac05_48ae89_48af5d_48b016 (1 5771.00 2 5771.00 2 5771.00){0.00 0.00 0.00 0.00 2308.40 0}{2308.40 0.00 0.00 0.00 4616.80 0}{4616.80 5771.00 5771.00 5771.00 6925.20 1}{6925.20 0.00 0.00 0.00 9233.60 0}{9233.60 0.00 0.00 0.00 11542.00 0}
COMM 4b-0: 46cf59_46d288_46d3a3_46d48f (1 6.00 1 6.00 1 6.00){0.00 0.00 0.00 0.00 2.40 0}{2.40 0.00 0.00 0.00 4.80 0}{4.80 6.00 6.00 6.00 7.20 1}{7.20 0.00 0.00 0.00 9.60 0}{9.60 0.00 0.00 0.00 12.00 0}
COMM 4b-1: 481caa_48202a_482163_482257 (1 4.00 2 4.00 2 4.00){0.00 0.00 0.00 0.00 1.60 0}{1.60 0.00 0.00 0.00 3.20 0}{3.20 4.00 4.00 4.00 4.80 1}{4.80 0.00 0.00 0.00 6.40 0}{6.40 0.00 0.00 0.00 8.00 0}
COMM 4b-2: 48ac05_48ae89_48af5d_48b016 (1 3.00 2 3.00 2 3.00){0.00 0.00 0.00 0.00 1.20 0}{1.20 0.00 0.00 0.00 2.40 0}{2.40 3.00 3.00 3.00 3.60 1}{3.60 0.00 0.00 0.00 4.80 0}{4.80 0.00 0.00 0.00 6.00 0}
LOOP0: iter: ( 2 )[ 1 -1 2 1 0 ] mem: ( 2 )[ 1 -1 2 1 0 ]
10 2 
12 20480 
14 16 
1b 0 
2b 2147483647 

RANKS: 1 -1 1 2 1
EVENT4: 1148 48ac05_48ae89_48af5d_48b016
COMP 4b-0: 479b76_479f4b_47a0b6_47a1d7 (3 12.50 2 7.00 1 15.00){0.00 0.00 0.00 0.00 6.00 0}{6.00 7.00 7.00 7.00 12.00 1}{12.00 13.00 14.00 15.00 18.00 2}{18.00 0.00 0.00 0.00 24.00 0}{24.00 0.00 0.00 0.00 30.00 0}
COMM 4b-0: 479b76_479f4b_47a0b6_47a1d7 (3 277.50 2 166.00 1 335.00){0.00 0.00 0.00 0.00 134.00 0}{134.00 166.00 166.00 166.00 268.00 1}{268.00 274.00 304.50 335.00 402.00 2}{402.00 0.00 0.00 0.00 536.00 0}{536.00 0.00 0.00 0.00 670.00 0}
1c 9999 

RANKS: 1 -1 1 2 1
EVENT5: 1113 481caa_48202a_482163_482257
COMP 4b-0: 481caa_48202a_482163_482257 (2 7503.33 1 5797.00 2 10916.00){0.00 0.00 0.00 0.00 2318.80 0}{2318.80 0.00 0.00 0.00 4637.60 0}{4637.60 5797.00 5797.00 5797.00 6956.40 1}{6956.40 0.00 0.00 0.00 9275.20 0}{9275.20 10916.00 10916.00 10916.00 11594.00 1}
COMP 4b-1: 48ac05_48ae89_48af5d_48b016 (2 108.67 1 108.00 2 110.00){0.00 0.00 0.00 0.00 43.20 0}{43.20 0.00 0.00 0.00 86.40 0}{86.40 108.00 109.00 110.00 129.60 2}{129.60 0.00 0.00 0.00 172.80 0}{172.80 0.00 0.00 0.00 216.00 0}
COMM 4b-0: 481caa_48202a_482163_482257 (2 114.33 1 114.00 2 115.00){0.00 0.00 0.00 0.00 45.60 0}{45.60 0.00 0.00 0.00 91.20 0}{91.20 114.00 114.50 115.00 136.80 2}{136.80 0.00 0.00 0.00 182.40 0}{182.40 0.00 0.00 0.00 228.00 0}
COMM 4b-1: 48ac05_48ae89_48af5d_48b016 (2 197.33 2 104.00 1 244.00){0.00 0.00 0.00 0.00 97.60 0}{97.60 104.00 104.00 104.00 195.20 1}{195.20 244.00 244.00 244.00 292.80 1}{292.80 0.00 0.00 0.00 390.40 0}{390.40 0.00 0.00 0.00 488.00 0}
LOOP0: iter: ( 2 )[ 1 -1 1 2 1 ] mem: ( 1 )[ 1 -1 1 2 1 ]
10 2 
12 20480 
14 16 
1a ( 3 2 )[ 1 -1 1 1 0 ]
1a ( 2 1 )[ 1 -1 2 1 0 ]
1b 0 

RANKS: 1 -1 1 3 1
EVENT6: 1090 479b76_479f4b_47a0b6_47a1d7
COMP 4b-0: 46cf59_46d288_46d3a3_46d48f (1 34071.00 3 34071.00 3 34071.00){0.00 0.00 0.00 0.00 13628.40 0}{13628.40 0.00 0.00 0.00 27256.80 0}{27256.80 34071.00 34071.00 34071.00 40885.20 1}{40885.20 0.00 0.00 0.00 54513.60 0}{54513.60 0.00 0.00 0.00 68142.00 0}
COMP 4b-1: 481caa_48202a_482163_482257 (5 3596.33 1 7.00 3 10827.00){0.00 0.00 0.00 0.00 2.80 0}{2.80 0.00 0.00 0.00 5.60 0}{5.60 7.00 7.00 7.00 14.00 2}{14.00 4982.00 5365.00 5748.00 9950.00 2}{9950.00 10827.00 10827.00 10827.00 11704.00 1}
COMP 4b-2: 48ac05_48ae89_48af5d_48b016 (2 8925.00 2 5035.00 1 10870.00){0.00 0.00 0.00 0.00 4348.00 0}{4348.00 5035.00 5035.00 5035.00 8696.00 1}{8696.00 10870.00 10870.00 10870.00 13044.00 1}{13044.00 0.00 0.00 0.00 17392.00 0}{17392.00 0.00 0.00 0.00 21740.00 0}
COMM 4b-0: 46cf59_46d288_46d3a3_46d48f (1 4.00 3 4.00 3 4.00){0.00 0.00 0.00 0.00 1.60 0}{1.60 0.00 0.00 0.00 3.20 0}{3.20 4.00 4.00 4.00 4.80 1}{4.80 0.00 0.00 0.00 6.40 0}{6.40 0.00 0.00 0.00 8.00 0}
COMM 4b-1: 481caa_48202a_482163_482257 (5 2.17 1 2.00 3 3.00){0.00 0.00 0.00 0.00 0.80 0}{0.80 0.00 0.00 0.00 1.60 0}{1.60 2.00 2.00 2.00 2.40 4}{2.40 3.00 3.00 3.00 3.20 1}{3.20 0.00 0.00 0.00 4.00 0}
COMM 4b-2: 48ac05_48ae89_48af5d_48b016 (2 2.00 1 2.00 1 2.00){0.00 0.00 0.00 0.00 0.80 0}{0.80 0.00 0.00 0.00 1.60 0}{1.60 2.00 2.00 2.00 2.40 2}{2.40 0.00 0.00 0.00 3.20 0}{3.20 0.00 0.00 0.00 4.00 0}
LOOP0: iter: ( 2 )[ 1 -1 1 2 1 ]( 4 )[ 1 -1 3 1 0 ] mem: ( 2 )[ 1 -1 1 2 1 ]( 3 )[ 1 -1 3 1 0 ]
10 2 
12 20480 
14 16 
1b 0 
2b 2147483647 

RANKS: 1 -1 1 3 1
EVENT7: 1148 48ac05_48ae89_48af5d_48b016
COMP 4b-0: 479b76_479f4b_47a0b6_47a1d7 (8 7.22 3 5.00 3 14.00){0.00 0.00 0.00 0.00 3.20 0}{3.20 5.00 5.60 6.00 6.40 5}{6.40 7.00 7.50 8.00 9.60 2}{9.60 0.00 0.00 0.00 12.80 0}{12.80 14.00 14.00 14.00 16.00 1}
COMM 4b-0: 479b76_479f4b_47a0b6_47a1d7 (8 223.44 1 123.00 1 375.00){0.00 0.00 0.00 0.00 49.20 0}{49.20 0.00 0.00 0.00 98.40 0}{98.40 123.00 136.00 162.00 196.80 3}{196.80 199.00 199.00 199.00 246.00 1}{246.00 271.00 320.25 375.00 504.00 4}
1c 9999 

RANKS: 1 -1 0 4 1
EVENT8: 1113 481caa_48202a_482163_482257
COMP 4b-0: 46cf59_46d288_46d3a3_46d48f (1 34127.00 0 34127.00 0 34127.00){0.00 0.00 0.00 0.00 13650.80 0}{13650.80 0.00 0.00 0.00 27301.60 0}{27301.60 34127.00 34127.00 34127.00 40952.40 1}{40952.40 0.00 0.00 0.00 54603.20 0}{54603.20 0.00 0.00 0.00 68254.00 0}
COMP 4b-1: 481caa_48202a_482163_482257 (1 5007.00 1 5007.00 1 5007.00){0.00 0.00 0.00 0.00 2002.80 0}{2002.80 0.00 0.00 0.00 4005.60 0}{4005.60 5007.00 5007.00 5007.00 6008.40 1}{6008.40 0.00 0.00 0.00 8011.20 0}{8011.20 0.00 0.00 0.00 10014.00 0}
COMP 4b-2: 48ac05_48ae89_48af5d_48b016 (9 2859.70 3 107.00 0 11071.00){0.00 107.00 119.33 142.00 2345.20 6}{2345.20 0.00 0.00 0.00 4690.40 0}{4690.40 5084.00 5473.50 5863.00 7035.60 2}{7035.60 0.00 0.00 0.00 9380.80 0}{9380.80 11071.00 11071.00 11071.00 11726.00 1}
COMM 4b-0: 46cf59_46d288_46d3a3_46d48f (1 298.00 0 298.00 0 298.00){0.00 0.00 0.00 0.00 119.20 0}{119.20 0.00 0.00 0.00 238.40 0}{238.40 298.00 298.00 298.00 357.60 1}{357.60 0.00 0.00 0.00 476.80 0}{476.80 0.00 0.00 0.00 596.00 0}
COMM 4b-1: 481caa_48202a_482163_482257 (1 109.00 1 109.00 1 109.00){0.00 0.00 0.00 0.00 43.60 0}{43.60 0.00 0.00 0.00 87.20 0}{87.20 109.00 109.00 109.00 130.80 1}{130.80 0.00 0.00 0.00 174.40 0}{174.40 0.00 0.00 0.00 218.00 0}
COMM 4b-2: 48ac05_48ae89_48af5d_48b016 (9 121.20 2 102.00 3 246.00){0.00 0.00 0.00 0.00 44.80 0}{44.80 0.00 0.00 0.00 89.60 0}{89.60 102.00 106.75 112.00 179.20 8}{179.20 0.00 0.00 0.00 224.00 0}{224.00 246.00 246.00 246.00 268.00 1}
LOOP0: iter: ( 4 )[ 1 -1 0 1 0 ]( 2 )[ 1 -1 1 1 0 ] mem: ( 3 )[ 1 -1 0 1 0 ]( 1 )[ 1 -1 1 1 0 ]
10 2 
12 20480 
14 16 
1a ( 1 2 )[ 1 -1 0 1 0 ]
1a ( 3 2 )[ 1 -1 1 2 2 ]
1a ( 2 )[ 1 -1 2 1 0 ]
1b 0 

RANKS: 1 -1 0 2 1
EVENT9: 1090 479b76_479f4b_47a0b6_47a1d7
COMP 4b-0: 481caa_48202a_482163_482257 (5 7.50 0 5.00 0 11.00){0.00 0.00 0.00 0.00 4.40 0}{4.40 5.00 5.75 7.00 8.80 4}{8.80 11.00 11.00 11.00 13.20 1}{13.20 0.00 0.00 0.00 17.60 0}{17.60 0.00 0.00 0.00 22.00 0}
COMM 4b-0: 481caa_48202a_482163_482257 (5 2.83 0 2.00 0 4.00){0.00 0.00 0.00 0.00 1.60 0}{1.60 2.00 2.25 3.00 3.20 4}{3.20 4.00 4.00 4.00 4.80 1}{4.80 0.00 0.00 0.00 6.40 0}{6.40 0.00 0.00 0.00 8.00 0}
10 2 
12 20480 
14 16 
1b 0 
2b 2147483647 

RANKS: 1 -1 0 2 1
EVENT10: 1148 48ac05_48ae89_48af5d_48b016
COMP 4b-0: 479b76_479f4b_47a0b6_47a1d7 (5 8.00 0 5.00 0 12.00){0.00 0.00 0.00 0.00 4.80 0}{4.80 5.00 6.00 7.00 9.60 4}{9.60 12.00 12.00 12.00 14.40 1}{14.40 0.00 0.00 0.00 19.20 0}{19.20 0.00 0.00 0.00 24.00 0}
COMM 4b-0: 479b76_479f4b_47a0b6_47a1d7 (5 207.50 1 125.00 0 271.00){0.00 0.00 0.00 0.00 108.40 0}{108.40 125.00 161.33 184.00 216.80 3}{216.80 219.00 245.00 271.00 325.20 2}{325.20 0.00 0.00 0.00 433.60 0}{433.60 0.00 0.00 0.00 542.00 0}
1c 9999 

RANKS: 1 -1 0 4 1
EVENT11: 1004 46a0df_46a43f_46a582_46a674
COMP 4b-0: 481caa_48202a_482163_482257 (2 10344.67 3 10324.00 2 10386.00){0.00 0.00 0.00 0.00 4129.60 0}{4129.60 0.00 0.00 0.00 8259.20 0}{8259.20 10324.00 10355.00 10386.00 12388.80 2}{12388.80 0.00 0.00 0.00 16518.40 0}{16518.40 0.00 0.00 0.00 20648.00 0}
COMP 4b-1: 48ac05_48ae89_48af5d_48b016 (2 10421.33 1 10360.00 0 10452.00){0.00 0.00 0.00 0.00 4180.80 0}{4180.80 0.00 0.00 0.00 8361.60 0}{8361.60 10360.00 10406.00 10452.00 12542.40 2}{12542.40 0.00 0.00 0.00 16723.20 0}{16723.20 0.00 0.00 0.00 20904.00 0}
COMM 4b-0: 481caa_48202a_482163_482257 (2 221.33 2 124.00 3 270.00){0.00 0.00 0.00 0.00 108.00 0}{108.00 124.00 124.00 124.00 216.00 1}{216.00 270.00 270.00 270.00 324.00 1}{324.00 0.00 0.00 0.00 432.00 0}{432.00 0.00 0.00 0.00 540.00 0}
COMM 4b-1: 48ac05_48ae89_48af5d_48b016 (2 115.00 0 38.00 1 269.00){0.00 0.00 0.00 0.00 15.20 0}{15.20 0.00 0.00 0.00 30.40 0}{30.40 38.00 38.00 38.00 60.80 1}{60.80 0.00 0.00 0.00 76.00 0}{76.00 269.00 269.00 269.00 462.00 1}
10 2 
12 5 
14 16 
18 3 

RANKS: 1 -1 0 4 1
EVENT12: 1010 46ca70_46cca5_46cd49_46cdc5
COMP 4b-0: 46a0df_46a43f_46a582_46a674 (4 5.60 0 5.00 1 6.00){0.00 0.00 0.00 0.00 2.00 0}{2.00 0.00 0.00 0.00 4.00 0}{4.00 5.00 5.75 6.00 6.00 4}{6.00 0.00 0.00 0.00 8.00 0}{8.00 0.00 0.00 0.00 10.00 0}
COMM 4b-0: 46a0df_46a43f_46a582_46a674 (4 178.00 1 143.00 3 281.00){0.00 0.00 0.00 0.00 64.00 0}{64.00 0.00 0.00 0.00 128.00 0}{128.00 143.00 149.67 160.00 192.00 3}{192.00 0.00 0.00 0.00 256.00 0}{256.00 281.00 281.00 281.00 320.00 1}
10 2 

RANKS: 1 -1 1 3 1
EVENT13: 1102 47d1e9_47d5ae_47d718_47d837
COMP 4b-0: 46ca70_46cca5_46cd49_46cdc5 (3 558.75 2 557.00 3 560.00){0.00 0.00 0.00 0.00 223.60 0}{223.60 0.00 0.00 0.00 447.20 0}{447.20 557.00 558.67 560.00 670.80 3}{670.80 0.00 0.00 0.00 894.40 0}{894.40 0.00 0.00 0.00 1118.00 0}
COMP 4b-1: 47d1e9_47d5ae_47d718_47d837 (123 169.81 3 6.00 3 353.00){0.00 0.00 0.00 0.00 3.20 0}{3.20 6.00 6.00 6.00 6.40 49}{6.40 7.00 7.08 8.00 12.80 13}{12.80 0.00 0.00 0.00 16.00 0}{16.00 337.00 338.74 353.00 670.00 61}
COMP 4b-2: 481caa_48202a_482163_482257 (246 147.30 1 140.00 2 169.00){0.00 0.00 0.00 0.00 61.20 0}{61.20 0.00 0.00 0.00 122.40 0}{122.40 140.00 147.27 169.00 183.60 246}{183.60 0.00 0.00 0.00 244.80 0}{244.80 0.00 0.00 0.00 306.00 0}
COMM 4b-0: 46ca70_46cca5_46cd49_46cdc5 (3 279.00 1 244.00 3 375.00){0.00 0.00 0.00 0.00 97.60 0}{97.60 0.00 0.00 0.00 195.20 0}{195.20 244.00 248.50 253.00 292.80 2}{292.80 375.00 375.00 375.00 390.40 1}{390.40 0.00 0.00 0.00 488.00 0}
COMM 4b-1: 47d1e9_47d5ae_47d718_47d837 (123 4.22 3 1.00 3 101.00){0.00 0.00 0.00 0.00 0.80 0}{0.80 1.00 1.71 2.00 2.00 77}{2.00 3.00 4.28 17.00 26.00 43}{26.00 48.00 52.50 57.00 88.00 2}{88.00 101.00 101.00 101.00 114.00 1}
COMM 4b-2: 481caa_48202a_482163_482257 (246 8.76 1 2.00 2 479.00){0.00 2.00 2.00 2.00 2.40 10}{2.40 3.00 3.20 4.00 4.80 220}{4.80 5.00 5.38 6.00 9.60 8}{9.60 0.00 0.00 0.00 12.00 0}{12.00 13.00 173.88 479.00 910.00 8}
LOOP0: iter: ( 124 )[ 1 -1 1 3 1 ] mem: ( 2 )[ 1 -1 1 2 1 ]( 1 )[ 1 -1 3 1 0 ]
10 2 
12 155 
14 16 
1b 0 
2b ( 3 3 3 3 3 3 3 3 3 3 3 3 3 3 3 3 3 3 3 3 3 3 3 3 3 3 3 3 3 3 3 3 3 3 3 3 3 3 3 3 3 3 3 3 3 3 3 3 3 3 3 3 3 3 3 3 3 3 3 3 3 3 2 2 2 2 2 2 2 2 2 2 2 2 2 2 2 2 2 2 2 2 2 2 2 2 2 2 2 2 2 2 2 2 2 2 2 2 2 2 2 2 2 2 2 2 2 2 2 2 2 2 2 2 2 2 2 2 2 2 2 2 2 2 )[ 1 -1 1 1 0 ]
2b ( 3 2 )[ 1 -1 3 1 0 ]
2b ( 2 2 2 2 2 2 2 2 2 2 2 2 2 2 2 2 2 2 2 2 2 2 2 2 2 2 2 2 2 2 2 2 2 2 2 2 2 2 2 2 2 2 2 2 2 2 2 2 2 2 2 2 2 2 2 2 2 2 2 2 2 2 1 1 1 1 1 1 1 1 1 1 1 1 1 1 1 1 1 1 1 1 1 1 1 1 1 1 1 1 1 1 1 1 1 1 1 1 1 1 1 1 1 1 1 1 1 1 1 1 1 1 1 1 1 1 1 1 1 1 1 1 1 1 )[ 1 -1 2 1 0 ]

RANKS: 1 -1 2 1 0
EVENT14: 1113 481caa_48202a_482163_482257
COMP 4b-0: 47d1e9_47d5ae_47d718_47d837 (124 188.85 2 182.00 2 202.00){0.00 0.00 0.00 0.00 79.60 0}{79.60 0.00 0.00 0.00 159.20 0}{159.20 182.00 188.77 202.00 238.80 124}{238.80 0.00 0.00 0.00 318.40 0}{318.40 0.00 0.00 0.00 398.00 0}
COMM 4b-0: 47d1e9_47d5ae_47d718_47d837 (124 3.13 2 2.00 2 87.00){0.00 0.00 0.00 0.00 1.60 0}{1.60 2.00 2.29 3.00 3.20 120}{3.20 4.00 4.00 4.00 6.40 1}{6.40 0.00 0.00 0.00 8.00 0}{8.00 10.00 36.00 87.00 166.00 3}
10 2 
12 155 
14 16 
1a 1 1 1 1 1 1 1 1 1 1 1 1 1 1 1 1 1 1 1 1 1 1 1 1 1 1 1 1 1 1 1 1 1 1 1 1 1 1 1 1 1 1 1 1 1 1 1 1 1 1 1 1 1 1 1 1 1 1 1 1 1 1 2 2 2 2 2 2 2 2 2 2 2 2 2 2 2 2 2 2 2 2 2 2 2 2 2 2 2 2 2 2 2 2 2 2 2 2 2 2 2 2 2 2 2 2 2 2 2 2 2 2 2 2 2 2 2 2 2 2 2 2 2 2 
1b 0 

RANKS: 1 -1 0 4 1
EVENT15: 1113 481caa_48202a_482163_482257
COMP 4b-0: 46a0df_46a43f_46a582_46a674 (1 28223.00 2 28223.00 2 28223.00){0.00 0.00 0.00 0.00 11289.20 0}{11289.20 0.00 0.00 0.00 22578.40 0}{22578.40 28223.00 28223.00 28223.00 33867.60 1}{33867.60 0.00 0.00 0.00 45156.80 0}{45156.80 0.00 0.00 0.00 56446.00 0}
COMP 4b-1: 46ca70_46cca5_46cd49_46cdc5 (1 774.00 0 774.00 0 774.00){0.00 0.00 0.00 0.00 309.60 0}{309.60 0.00 0.00 0.00 619.20 0}{619.20 774.00 774.00 774.00 928.80 1}{928.80 0.00 0.00 0.00 1238.40 0}{1238.40 0.00 0.00 0.00 1548.00 0}
COMP 4b-2: 47d1e9_47d5ae_47d718_47d837 (125 192.02 1 182.00 3 523.00){0.00 0.00 0.00 0.00 80.40 0}{80.40 0.00 0.00 0.00 160.80 0}{160.80 182.00 189.27 203.00 321.60 124}{321.60 0.00 0.00 0.00 402.00 0}{402.00 523.00 523.00 523.00 644.00 1}
COMP 4b-3: 481caa_48202a_482163_482257 (247 168.52 0 5.00 2 1051.00){0.00 0.00 0.00 0.00 2.00 0}{2.00 0.00 0.00 0.00 4.00 0}{4.00 5.00 5.73 8.00 10.00 124}{10.00 316.00 328.08 354.00 666.00 122}{666.00 1051.00 1051.00 1051.00 1436.00 1}
COMM 4b-0: 46a0df_46a43f_46a582_46a674 (1 112.00 2 112.00 2 112.00){0.00 0.00 0.00 0.00 44.80 0}{44.80 0.00 0.00 0.00 89.60 0}{89.60 112.00 112.00 112.00 134.40 1}{134.40 0.00 0.00 0.00 179.20 0}{179.20 0.00 0.00 0.00 224.00 0}
COMM 4b-1: 46ca70_46cca5_46cd49_46cdc5 (1 4.00 0 4.00 0 4.00){0.00 0.00 0.00 0.00 1.60 0}{1.60 0.00 0.00 0.00 3.20 0}{3.20 4.00 4.00 4.00 4.80 1}{4.80 0.00 0.00 0.00 6.40 0}{6.40 0.00 0.00 0.00 8.00 0}
COMM 4b-2: 47d1e9_47d5ae_47d718_47d837 (125 3.33 1 2.00 1 84.00){0.00 0.00 0.00 0.00 1.60 0}{1.60 2.00 2.49 3.00 3.20 120}{3.20 4.00 4.50 5.00 6.40 2}{6.40 0.00 0.00 0.00 8.00 0}{8.00 11.00 35.67 84.00 160.00 3}
COMM 4b-3: 481caa_48202a_482163_482257 (247 3.86 0 1.00 2 111.00){0.00 0.00 0.00 0.00 0.80 0}{0.80 1.00 1.00 1.00 1.60 63}{1.60 2.00 2.00 2.00 2.40 150}{2.40 3.00 3.00 3.00 4.00 25}{4.00 12.00 57.56 111.00 196.00 9}
LOOP0: iter: ( 124 )[ 1 -1 0 2 3 ]( 2 )[ 1 -1 2 1 0 ] mem: ( 1 )[ 1 -1 0 2 3 ]( 5 )[ 1 -1 2 1 0 ]
10 2 
12 ( 155 )[ 2 -1 0 2 1 -1 3 1 0 ]
12 ( 20480 )[ 1 -1 2 1 0 ]
14 16 
1a ( 1 2 )[ 1 -1 0 1 0 ]
1a ( 2 2 2 2 2 2 2 2 2 2 2 2 2 2 2 2 2 2 2 2 2 2 2 2 2 2 2 2 2 2 2 2 2 2 2 2 2 2 2 2 2 2 2 2 2 2 2 2 2 2 2 2 2 2 2 2 2 2 2 2 2 2 3 3 3 3 3 3 3 3 3 3 3 3 3 3 3 3 3 3 3 3 3 3 3 3 3 3 3 3 3 3 3 3 3 3 3 3 3 3 3 3 3 3 3 3 3 3 3 3 3 3 3 3 3 3 3 3 3 3 3 3 3 3 )[ 1 -1 1 1 0 ]
1a ( 3 2 )[ 1 -1 3 1 0 ]
1a ( 1 )[ 1 -1 2 1 0 ]
1b 0 

RANKS: 1 -1 0 1 0
EVENT16: 1102 47d1e9_47d5ae_47d718_47d837
COMP 4b-0: 47d1e9_47d5ae_47d718_47d837 (123 159.48 0 6.00 0 329.00){0.00 0.00 0.00 0.00 2.40 0}{2.40 0.00 0.00 0.00 4.80 0}{4.80 6.00 6.16 7.00 9.60 61}{9.60 0.00 0.00 0.00 12.00 0}{12.00 14.00 312.79 329.00 646.00 62}
COMP 4b-1: 481caa_48202a_482163_482257 (1 150.00 0 150.00 0 150.00){0.00 0.00 0.00 0.00 60.00 0}{60.00 0.00 0.00 0.00 120.00 0}{120.00 150.00 150.00 150.00 180.00 1}{180.00 0.00 0.00 0.00 240.00 0}{240.00 0.00 0.00 0.00 300.00 0}
COMM 4b-0: 47d1e9_47d5ae_47d718_47d837 (123 6.73 0 1.00 0 330.00){0.00 0.00 0.00 0.00 0.80 0}{0.80 1.00 1.00 1.00 1.60 50}{1.60 2.00 2.00 2.00 2.00 12}{2.00 3.00 3.90 6.00 6.00 31}{6.00 7.00 21.30 330.00 654.00 30}
COMM 4b-1: 481caa_48202a_482163_482257 (1 1086.00 0 1086.00 0 1086.00){0.00 0.00 0.00 0.00 434.40 0}{434.40 0.00 0.00 0.00 868.80 0}{868.80 1086.00 1086.00 1086.00 1303.20 1}{1303.20 0.00 0.00 0.00 1737.60 0}{1737.60 0.00 0.00 0.00 2172.00 0}
LOOP0: iter: ( 124 )[ 1 -1 0 1 0 ] mem: ( 1 )[ 1 -1 0 1 0 ]
10 2 
12 155 
14 16 
1b 0 
2b 1 2 

RANKS: 1 -1 1 3 1
EVENT17: 1090 479b76_479f4b_47a0b6_47a1d7
COMP 4b-0: 46a0df_46a43f_46a582_46a674 (2 28189.33 3 28182.00 1 28193.00){0.00 0.00 0.00 0.00 11277.20 0}{11277.20 0.00 0.00 0.00 22554.40 0}{22554.40 28182.00 28187.50 28193.00 33831.60 2}{33831.60 0.00 0.00 0.00 45108.80 0}{45108.80 0.00 0.00 0.00 56386.00 0}
COMP 4b-1: 481caa_48202a_482163_482257 (6 1842.86 2 5.00 3 4971.00){0.00 5.00 5.50 6.00 396.40 2}{396.40 0.00 0.00 0.00 792.80 0}{792.80 977.00 984.00 991.00 1585.60 2}{1585.60 0.00 0.00 0.00 1982.00 0}{1982.00 4959.00 4965.00 4971.00 7960.00 2}
COMP 4b-2: 48ac05_48ae89_48af5d_48b016 (2 5005.67 2 5005.00 2 5006.00){0.00 0.00 0.00 0.00 2002.40 0}{2002.40 0.00 0.00 0.00 4004.80 0}{4004.80 5005.00 5005.50 5006.00 6007.20 2}{6007.20 0.00 0.00 0.00 8009.60 0}{8009.60 0.00 0.00 0.00 10012.00 0}
COMM 4b-0: 46a0df_46a43f_46a582_46a674 (2 2.00 1 2.00 1 2.00){0.00 0.00 0.00 0.00 0.80 0}{0.80 0.00 0.00 0.00 1.60 0}{1.60 2.00 2.00 2.00 2.40 2}{2.40 0.00 0.00 0.00 3.20 0}{3.20 0.00 0.00 0.00 4.00 0}
COMM 4b-1: 481caa_48202a_482163_482257 (6 2.43 3 2.00 1 3.00){0.00 0.00 0.00 0.00 1.20 0}{1.20 2.00 2.00 2.00 2.40 4}{2.40 3.00 3.00 3.00 3.60 2}{3.60 0.00 0.00 0.00 4.80 0}{4.80 0.00 0.00 0.00 6.00 0}
COMM 4b-2: 48ac05_48ae89_48af5d_48b016 (2 2.00 2 2.00 2 2.00){0.00 0.00 0.00 0.00 0.80 0}{0.80 0.00 0.00 0.00 1.60 0}{1.60 2.00 2.00 2.00 2.40 2}{2.40 0.00 0.00 0.00 3.20 0}{3.20 0.00 0.00 0.00 4.00 0}
LOOP0: iter: ( 2 )[ 1 -1 1 3 1 ] mem: ( 6 )[ 1 -1 1 1 0 ]( 4 )[ 1 -1 3 1 0 ]( 2 )[ 1 -1 2 1 0 ]
LOOP1: iter: ( 2 )[ 1 -1 3 1 0 ] mem: ( 3 )[ 1 -1 3 1 0 ]
10 2 
12 20480 
14 16 
1b 0 
2b 2147483647 

RANKS: 1 -1 1 3 1
EVENT18: 1148 48ac05_48ae89_48af5d_48b016
COMP 4b-0: 479b76_479f4b_47a0b6_47a1d7 (10 6.73 3 6.00 2 11.00){0.00 0.00 0.00 0.00 2.80 0}{2.80 0.00 0.00 0.00 5.60 0}{5.60 6.00 6.22 7.00 8.40 9}{8.40 11.00 11.00 11.00 11.20 1}{11.20 0.00 0.00 0.00 14.00 0}
COMM 4b-0: 479b76_479f4b_47a0b6_47a1d7 (10 272.27 2 99.00 3 711.00){0.00 99.00 112.80 125.00 143.20 5}{143.20 147.00 147.00 147.00 286.40 1}{286.40 358.00 386.00 414.00 429.60 2}{429.60 443.00 443.00 443.00 572.80 1}{572.80 711.00 711.00 711.00 716.00 1}
1c 9999 

RANKS: 1 -1 0 4 1
EVENT19: 1113 481caa_48202a_482163_482257
COMP 4b-0: 46a0df_46a43f_46a582_46a674 (1 28210.00 0 28210.00 0 28210.00){0.00 0.00 0.00 0.00 11284.00 0}{11284.00 0.00 0.00 0.00 22568.00 0}{22568.00 28210.00 28210.00 28210.00 33852.00 1}{33852.00 0.00 0.00 0.00 45136.00 0}{45136.00 0.00 0.00 0.00 56420.00 0}
COMP 4b-1: 47d1e9_47d5ae_47d718_47d837 (1 1250.00 0 1250.00 0 1250.00){0.00 0.00 0.00 0.00 500.00 0}{500.00 0.00 0.00 0.00 1000.00 0}{1000.00 1250.00 1250.00 1250.00 1500.00 1}{1500.00 0.00 0.00 0.00 2000.00 0}{2000.00 0.00 0.00 0.00 2500.00 0}
COMP 4b-2: 481caa_48202a_482163_482257 (2 5012.33 1 5011.00 1 5013.00){0.00 0.00 0.00 0.00 2005.20 0}{2005.20 0.00 0.00 0.00 4010.40 0}{4010.40 5011.00 5012.00 5013.00 6015.60 2}{6015.60 0.00 0.00 0.00 8020.80 0}{8020.80 0.00 0.00 0.00 10026.00 0}
COMP 4b-3: 48ac05_48ae89_48af5d_48b016 (10 1442.18 3 81.00 0 5045.00){0.00 81.00 91.87 108.00 2016.80 8}{2016.80 0.00 0.00 0.00 4033.60 0}{4033.60 5042.00 5043.50 5045.00 6050.40 2}{6050.40 0.00 0.00 0.00 8067.20 0}{8067.20 0.00 0.00 0.00 10084.00 0}
COMM 4b-0: 46a0df_46a43f_46a582_46a674 (1 126.00 0 126.00 0 126.00){0.00 0.00 0.00 0.00 50.40 0}{50.40 0.00 0.00 0.00 100.80 0}{100.80 126.00 126.00 126.00 151.20 1}{151.20 0.00 0.00 0.00 201.60 0}{201.60 0.00 0.00 0.00 252.00 0}
COMM 4b-1: 47d1e9_47d5ae_47d718_47d837 (1 109.00 0 109.00 0 109.00){0.00 0.00 0.00 0.00 43.60 0}{43.60 0.00 0.00 0.00 87.20 0}{87.20 109.00 109.00 109.00 130.80 1}{130.80 0.00 0.00 0.00 174.40 0}{174.40 0.00 0.00 0.00 218.00 0}
COMM 4b-2: 481caa_48202a_482163_482257 (2 109.00 1 109.00 1 109.00){0.00 0.00 0.00 0.00 43.60 0}{43.60 0.00 0.00 0.00 87.20 0}{87.20 109.00 109.00 109.00 130.80 2}{130.80 0.00 0.00 0.00 174.40 0}{174.40 0.00 0.00 0.00 218.00 0}
COMM 4b-3: 48ac05_48ae89_48af5d_48b016 (10 104.09 2 100.00 0 110.00){0.00 0.00 0.00 0.00 43.20 0}{43.20 0.00 0.00 0.00 86.40 0}{86.40 100.00 103.70 110.00 129.60 10}{129.60 0.00 0.00 0.00 172.80 0}{172.80 0.00 0.00 0.00 216.00 0}
LOOP0: iter: ( 2 )[ 1 -1 0 2 1 ] mem: ( 4 )[ 1 -1 0 1 0 ]( 1 )[ 1 -1 1 1 0 ]
LOOP1: iter: ( 2 )[ 1 -1 0 1 0 ] mem: ( 3 )[ 1 -1 0 1 0 ]
10 2 
12 20480 
14 16 
1a ( 1 2 )[ 1 -1 0 1 0 ]
1a ( 3 2 )[ 1 -1 1 2 2 ]
1a ( 2 )[ 1 -1 2 1 0 ]
1b 0 

RANKS: 1 -1 0 2 1
EVENT20: 1090 479b76_479f4b_47a0b6_47a1d7
COMP 4b-0: 481caa_48202a_482163_482257 (6 6.29 0 5.00 0 7.00){0.00 0.00 0.00 0.00 2.40 0}{2.40 0.00 0.00 0.00 4.80 0}{4.80 5.00 6.33 7.00 7.20 6}{7.20 0.00 0.00 0.00 9.60 0}{9.60 0.00 0.00 0.00 12.00 0}
COMM 4b-0: 481caa_48202a_482163_482257 (6 1.71 0 1.00 0 2.00){0.00 0.00 0.00 0.00 0.80 0}{0.80 1.00 1.00 1.00 1.60 2}{1.60 2.00 2.00 2.00 2.40 4}{2.40 0.00 0.00 0.00 3.20 0}{3.20 0.00 0.00 0.00 4.00 0}
10 2 
12 20480 
14 16 
1b 0 
2b 2147483647 

RANKS: 1 -1 0 2 1
EVENT21: 1148 48ac05_48ae89_48af5d_48b016
COMP 4b-0: 479b76_479f4b_47a0b6_47a1d7 (6 5.86 0 5.00 0 9.00){0.00 0.00 0.00 0.00 2.00 0}{2.00 0.00 0.00 0.00 4.00 0}{4.00 5.00 5.40 6.00 6.00 5}{6.00 0.00 0.00 0.00 8.00 0}{8.00 9.00 9.00 9.00 10.00 1}
COMM 4b-0: 479b76_479f4b_47a0b6_47a1d7 (6 132.71 1 96.00 0 155.00){0.00 0.00 0.00 0.00 56.80 0}{56.80 96.00 98.50 101.00 113.60 2}{113.60 142.00 147.50 155.00 170.40 4}{170.40 0.00 0.00 0.00 227.20 0}{227.20 0.00 0.00 0.00 284.00 0}
1c 9999 

RANKS: 1 -1 0 4 1
EVENT22: 1004 46a0df_46a43f_46a582_46a674
COMP 4b-0: 481caa_48202a_482163_482257 (4 10047.20 3 9892.00 2 10283.00){0.00 0.00 0.00 0.00 3956.80 0}{3956.80 0.00 0.00 0.00 7913.60 0}{7913.60 9892.00 10086.00 10283.00 11870.40 4}{11870.40 0.00 0.00 0.00 15827.20 0}{15827.20 0.00 0.00 0.00 19784.00 0}
COMP 4b-1: 48ac05_48ae89_48af5d_48b016 (4 10112.40 1 9915.00 0 10375.00){0.00 0.00 0.00 0.00 3995.20 0}{3995.20 0.00 0.00 0.00 7990.40 0}{7990.40 9915.00 10143.50 10375.00 11985.60 4}{11985.60 0.00 0.00 0.00 15980.80 0}{15980.80 0.00 0.00 0.00 19976.00 0}
COMM 4b-0: 481caa_48202a_482163_482257 (4 130.40 3 121.00 3 140.00){0.00 0.00 0.00 0.00 48.40 0}{48.40 0.00 0.00 0.00 96.80 0}{96.80 121.00 132.75 140.00 145.20 4}{145.20 0.00 0.00 0.00 193.60 0}{193.60 0.00 0.00 0.00 242.00 0}
COMM 4b-1: 48ac05_48ae89_48af5d_48b016 (4 75.60 0 22.00 1 169.00){0.00 0.00 0.00 0.00 8.80 0}{8.80 0.00 0.00 0.00 17.60 0}{17.60 22.00 22.50 23.00 35.20 2}{35.20 0.00 0.00 0.00 44.00 0}{44.00 142.00 155.50 169.00 240.00 2}
10 2 
12 1 5 
14 16 
18 1 3 

RANKS: 1 -1 0 4 1
EVENT23: 1010 46ca70_46cca5_46cd49_46cdc5
COMP 4b-0: 46a0df_46a43f_46a582_46a674 (4 8.40 0 8.00 3 9.00){0.00 0.00 0.00 0.00 3.20 0}{3.20 0.00 0.00 0.00 6.40 0}{6.40 8.00 8.50 9.00 9.60 4}{9.60 0.00 0.00 0.00 12.80 0}{12.80 0.00 0.00 0.00 16.00 0}
COMM 4b-0: 46a0df_46a43f_46a582_46a674 (4 23.00 2 5.00 3 32.00){0.00 5.00 5.00 5.00 12.00 1}{12.00 18.00 18.00 18.00 24.00 1}{24.00 30.00 31.00 32.00 36.00 2}{36.00 0.00 0.00 0.00 48.00 0}{48.00 0.00 0.00 0.00 60.00 0}
10 2 

RANKS: 1 -1 2 1 0
EVENT24: 1102 47d1e9_47d5ae_47d718_47d837
COMP 4b-0: 46ca70_46cca5_46cd49_46cdc5 (1 540.00 2 540.00 2 540.00){0.00 0.00 0.00 0.00 216.00 0}{216.00 0.00 0.00 0.00 432.00 0}{432.00 540.00 540.00 540.00 648.00 1}{648.00 0.00 0.00 0.00 864.00 0}{864.00 0.00 0.00 0.00 1080.00 0}
COMP 4b-1: 481caa_48202a_482163_482257 (123 147.49 2 141.00 2 174.00){0.00 0.00 0.00 0.00 60.00 0}{60.00 0.00 0.00 0.00 120.00 0}{120.00 141.00 147.47 174.00 180.00 123}{180.00 0.00 0.00 0.00 240.00 0}{240.00 0.00 0.00 0.00 300.00 0}
COMM 4b-0: 46ca70_46cca5_46cd49_46cdc5 (1 393.00 2 393.00 2 393.00){0.00 0.00 0.00 0.00 157.20 0}{157.20 0.00 0.00 0.00 314.40 0}{314.40 393.00 393.00 393.00 471.60 1}{471.60 0.00 0.00 0.00 628.80 0}{628.80 0.00 0.00 0.00 786.00 0}
COMM 4b-1: 481caa_48202a_482163_482257 (123 7.14 2 2.00 2 461.00){0.00 2.00 3.09 6.00 10.00 121}{10.00 0.00 0.00 0.00 20.00 0}{20.00 25.00 25.00 25.00 40.00 1}{40.00 0.00 0.00 0.00 50.00 0}{50.00 461.00 461.00 461.00 872.00 1}
LOOP0: iter: ( 124 )[ 1 -1 2 1 0 ] mem: ( 2 )[ 1 -1 2 1 0 ]
10 2 
12 155 
14 16 
1b 0 
2b 2 2 2 2 2 2 2 2 2 2 2 2 2 2 2 2 2 2 2 2 2 2 2 2 2 2 2 2 2 2 2 2 2 2 2 2 2 2 2 2 2 2 2 2 2 2 2 2 2 2 2 2 2 2 2 2 2 2 2 2 2 2 1 1 1 1 1 1 1 1 1 1 1 1 1 1 1 1 1 1 1 1 1 1 1 1 1 1 1 1 1 1 1 1 1 1 1 1 1 1 1 1 1 1 1 1 1 1 1 1 1 1 1 1 1 1 1 1 1 1 1 1 1 1 

RANKS: 1 -1 0 2 2
EVENT25: 1113 481caa_48202a_482163_482257
COMP 4b-0: 46ca70_46cca5_46cd49_46cdc5 (1 893.00 0 893.00 0 893.00){0.00 0.00 0.00 0.00 357.20 0}{357.20 0.00 0.00 0.00 714.40 0}{714.40 893.00 893.00 893.00 1071.60 1}{1071.60 0.00 0.00 0.00 1428.80 0}{1428.80 0.00 0.00 0.00 1786.00 0}
COMP 4b-1: 47d1e9_47d5ae_47d718_47d837 (124 188.89 2 182.00 2 206.00){0.00 0.00 0.00 0.00 78.80 0}{78.80 0.00 0.00 0.00 157.60 0}{157.60 182.00 188.82 206.00 236.40 124}{236.40 0.00 0.00 0.00 315.20 0}{315.20 0.00 0.00 0.00 394.00 0}
COMP 4b-2: 481caa_48202a_482163_482257 (30627 171.09 0 4.00 0 531.00){0.00 0.00 0.00 0.00 2.00 0}{2.00 4.00 4.00 4.00 4.00 29}{4.00 5.00 5.81 7.00 8.00 15383}{8.00 10.00 10.00 10.00 10.00 1}{10.00 12.00 338.55 531.00 664.00 15214}
COMP 4b-3: 48ac05_48ae89_48af5d_48b016 (248 10728.22 0 10702.00 0 10895.00){0.00 0.00 0.00 0.00 4281.60 0}{4281.60 0.00 0.00 0.00 8563.20 0}{8563.20 10702.00 10728.32 10895.00 12844.80 248}{12844.80 0.00 0.00 0.00 17126.40 0}{17126.40 0.00 0.00 0.00 21408.00 0}
COMM 4b-0: 46ca70_46cca5_46cd49_46cdc5 (1 5.00 0 5.00 0 5.00){0.00 0.00 0.00 0.00 2.00 0}{2.00 0.00 0.00 0.00 4.00 0}{4.00 5.00 5.00 5.00 6.00 1}{6.00 0.00 0.00 0.00 8.00 0}{8.00 0.00 0.00 0.00 10.00 0}
COMM 4b-1: 47d1e9_47d5ae_47d718_47d837 (124 2.40 2 2.00 2 10.00){0.00 0.00 0.00 0.00 1.60 0}{1.60 2.00 2.25 3.00 3.20 121}{3.20 4.00 4.00 4.00 6.40 1}{6.40 0.00 0.00 0.00 8.00 0}{8.00 10.00 10.00 10.00 12.00 2}
COMM 4b-2: 481caa_48202a_482163_482257 (30627 2.20 0 1.00 0 34.00){0.00 1.00 1.00 1.00 1.60 6254}{1.60 2.00 2.00 2.00 2.00 18475}{2.00 3.00 3.00 4.00 4.00 5385}{4.00 8.00 15.48 28.00 28.00 512}{28.00 34.00 34.00 34.00 40.00 1}
COMM 4b-3: 48ac05_48ae89_48af5d_48b016 (248 8.42 0 7.00 0 24.00){0.00 0.00 0.00 0.00 3.20 0}{3.20 0.00 0.00 0.00 6.40 0}{6.40 7.00 8.30 10.00 12.80 246}{12.80 0.00 0.00 0.00 16.00 0}{16.00 23.00 23.50 24.00 30.00 2}
LOOP0: iter: ( 249 )[ 1 -1 0 1 0 ] mem: ( 5 )[ 1 -1 0 1 0 ]
LOOP1: iter: ( 124 )[ 1 -1 0 1 0 ] mem: ( 1 )[ 1 -1 0 1 0 ]
10 2 
12 155 
14 16 
1a ( 1 2 )[ 1 -1 0 1 0 ]
1a ( 1 1 1 1 1 1 1 1 1 1 1 1 1 1 1 1 1 1 1 1 1 1 1 1 1 1 1 1 1 1 1 1 1 1 1 1 1 1 1 1 1 1 1 1 1 1 1 1 1 1 1 1 1 1 1 1 1 1 1 1 1 1 2 2 2 2 2 2 2 2 2 2 2 2 2 2 2 2 2 2 2 2 2 2 2 2 2 2 2 2 2 2 2 2 2 2 2 2 2 2 2 2 2 2 2 2 2 2 2 2 2 2 2 2 2 2 2 2 2 2 2 2 2 2 )[ 1 -1 2 1 0 ]
1b 0 

RANKS: 2 -1 0 2 1 -1 3 1 0
EVENT26: 1102 47d1e9_47d5ae_47d718_47d837
COMP 4b-0: 46ca70_46cca5_46cd49_46cdc5 (2 543.33 3 542.00 1 544.00){0.00 0.00 0.00 0.00 217.60 0}{217.60 0.00 0.00 0.00 435.20 0}{435.20 542.00 543.00 544.00 652.80 2}{652.80 0.00 0.00 0.00 870.40 0}{870.40 0.00 0.00 0.00 1088.00 0}
COMP 4b-1: 47d1e9_47d5ae_47d718_47d837 (61254 166.02 0 5.00 3 2025.00){0.00 0.00 0.00 0.00 4.80 0}{4.80 5.00 6.18 12.00 12.00 30828}{12.00 13.00 327.91 553.00 626.00 30424}{626.00 641.00 641.00 641.00 656.00 1}{656.00 2025.00 2025.00 2025.00 3394.00 1}
COMP 4b-2: 481caa_48202a_482163_482257 (31124 229.04 1 141.00 3 10773.00){0.00 0.00 0.00 0.00 113.60 0}{113.60 141.00 147.01 196.00 227.20 30872}{227.20 284.00 284.00 284.00 284.00 1}{284.00 336.00 343.67 350.00 388.00 3}{388.00 10415.00 10439.53 10773.00 21158.00 248}
COMP 4b-3: 48ac05_48ae89_48af5d_48b016 (248 10458.08 1 10443.00 1 10561.00){0.00 0.00 0.00 0.00 4177.20 0}{4177.20 0.00 0.00 0.00 8354.40 0}{8354.40 10443.00 10458.15 10561.00 12531.60 248}{12531.60 0.00 0.00 0.00 16708.80 0}{16708.80 0.00 0.00 0.00 20886.00 0}
COMM 4b-0: 46ca70_46cca5_46cd49_46cdc5 (2 445.67 1 359.00 3 619.00){0.00 0.00 0.00 0.00 143.60 0}{143.60 0.00 0.00 0.00 287.20 0}{287.20 359.00 359.00 359.00 430.80 1}{430.80 0.00 0.00 0.00 574.40 0}{574.40 619.00 619.00 619.00 718.00 1}
COMM 4b-1: 47d1e9_47d5ae_47d718_47d837 (61254 6.14 0 1.00 0 349.00){0.00 0.00 0.00 0.00 0.80 0}{0.80 1.00 1.39 2.00 2.00 20735}{2.00 2.18 8.31 26.00 26.00 40188}{26.00 26.66 28.45 46.00 46.00 293}{46.00 48.00 122.97 349.00 376.00 38}
COMM 4b-2: 481caa_48202a_482163_482257 (31124 26.60 1 1.00 0 3181.00){0.00 1.00 3.28 17.00 416.80 30333}{416.80 532.83 534.60 801.00 833.60 300}{833.60 888.26 890.26 1219.00 1250.40 243}{1250.40 1272.00 1407.22 1738.00 2084.00 247}{2084.00 3181.00 3181.00 3181.00 4278.00 1}
COMM 4b-3: 48ac05_48ae89_48af5d_48b016 (248 374.31 1 249.00 1 584.00){0.00 0.00 0.00 0.00 142.40 0}{142.40 249.00 249.00 249.00 284.80 1}{284.80 288.00 363.07 424.00 427.20 229}{427.20 439.00 518.00 549.00 569.60 16}{569.60 583.00 583.50 584.00 712.00 2}
LOOP0: iter: ( 124 )[ 1 -1 0 1 0 ]( 249 )[ 1 -1 1 2 2 ] mem: ( 1 )[ 1 -1 0 1 0 ]( 7 )[ 1 -1 1 1 0 ]( 5 )[ 1 -1 3 1 0 ]
LOOP1: iter: ( 124 )[ 1 -1 1 2 2 ] mem: ( 2 )[ 1 -1 1 1 0 ]( 1 )[ 1 -1 3 1 0 ]
10 2 
12 155 
14 16 
1b 0 
2b ( 1 2 )[ 1 -1 0 1 0 ]
2b ( 3 3 3 3 3 3 3 3 3 3 3 3 3 3 3 3 3 3 3 3 3 3 3 3 3 3 3 3 3 3 3 3 3 3 3 3 3 3 3 3 3 3 3 3 3 3 3 3 3 3 3 3 3 3 3 3 3 3 3 3 3 3 2 2 2 2 2 2 2 2 2 2 2 2 2 2 2 2 2 2 2 2 2 2 2 2 2 2 2 2 2 2 2 2 2 2 2 2 2 2 2 2 2 2 2 2 2 2 2 2 2 2 2 2 2 2 2 2 2 2 2 2 2 2 )[ 1 -1 1 1 0 ]
2b ( 3 2 )[ 1 -1 3 1 0 ]

RANKS: 1 -1 0 4 1
EVENT27: 1113 481caa_48202a_482163_482257
COMP 4b-0: 47d1e9_47d5ae_47d718_47d837 (31374 199.81 1 182.00 1 1875.00){0.00 182.00 188.92 389.00 494.80 30875}{494.80 506.00 508.44 508.45 989.60 249}{989.60 1220.00 1230.25 1423.00 1484.40 249}{1484.40 1875.00 1875.00 1875.00 1979.20 1}{1979.20 0.00 0.00 0.00 2474.00 0}
COMP 4b-1: 481caa_48202a_482163_482257 (30628 160.64 3 4.00 2 1034.00){0.00 0.00 0.00 0.00 2.00 0}{2.00 4.00 4.00 4.00 4.00 7}{4.00 5.00 5.96 8.00 10.00 15399}{10.00 11.00 317.15 510.00 624.00 15221}{624.00 1034.00 1034.00 1034.00 1444.00 1}
COMP 4b-2: 48ac05_48ae89_48af5d_48b016 (249 5043.09 0 5029.00 0 5238.00){0.00 0.00 0.00 0.00 2016.40 0}{2016.40 0.00 0.00 0.00 4032.80 0}{4032.80 5029.00 5043.10 5238.00 6049.20 249}{6049.20 0.00 0.00 0.00 8065.60 0}{8065.60 0.00 0.00 0.00 10082.00 0}
COMM 4b-0: 47d1e9_47d5ae_47d718_47d837 (31374 3.48 1 2.00 0 234.00){0.00 2.00 2.63 24.00 43.60 31125}{43.60 0.00 0.00 0.00 87.20 0}{87.20 107.00 108.63 123.00 174.40 248}{174.40 0.00 0.00 0.00 218.00 0}{218.00 234.00 234.00 234.00 250.00 1}
COMM 4b-1: 481caa_48202a_482163_482257 (30628 2.11 3 1.00 2 110.00){0.00 1.00 1.72 2.00 2.00 25138}{2.00 3.00 3.00 4.00 4.00 4977}{4.00 8.00 10.57 14.00 14.00 312}{14.00 15.00 15.32 22.00 28.00 200}{28.00 110.00 110.00 110.00 192.00 1}
COMM 4b-2: 48ac05_48ae89_48af5d_48b016 (249 107.46 0 106.00 0 117.00){0.00 0.00 0.00 0.00 43.20 0}{43.20 0.00 0.00 0.00 86.40 0}{86.40 106.00 107.46 117.00 129.60 249}{129.60 0.00 0.00 0.00 172.80 0}{172.80 0.00 0.00 0.00 216.00 0}
LOOP0: iter: ( 2 )[ 1 -1 0 1 0 ]( 124 )[ 1 -1 3 1 0 ] mem: ( 3 )[ 1 -1 0 1 0 ]( 1 )[ 1 -1 3 1 0 ]
10 2 
12 ( 20480 )[ 1 -1 0 2 2 ]
12 ( 155 )[ 1 -1 1 2 2 ]
14 16 
1a ( 1 2 )[ 1 -1 0 1 0 ]
1a ( 2 2 2 2 2 2 2 2 2 2 2 2 2 2 2 2 2 2 2 2 2 2 2 2 2 2 2 2 2 2 2 2 2 2 2 2 2 2 2 2 2 2 2 2 2 2 2 2 2 2 2 2 2 2 2 2 2 2 2 2 2 2 3 3 3 3 3 3 3 3 3 3 3 3 3 3 3 3 3 3 3 3 3 3 3 3 3 3 3 3 3 3 3 3 3 3 3 3 3 3 3 3 3 3 3 3 3 3 3 3 3 3 3 3 3 3 3 3 3 3 3 3 3 3 )[ 1 -1 1 1 0 ]
1a ( 3 2 )[ 1 -1 3 1 0 ]
1a ( 1 )[ 1 -1 2 1 0 ]
1b 0 

RANKS: 1 -1 0 4 1
EVENT28: 1090 479b76_479f4b_47a0b6_47a1d7
COMP 4b-0: 481caa_48202a_482163_482257 (1493 1160.09 0 5.00 3 5004.00){0.00 0.00 0.00 0.00 2.40 0}{2.40 0.00 0.00 0.00 4.80 0}{4.80 5.00 7.27 12.00 12.00 698}{12.00 13.00 900.12 1186.00 1924.00 546}{1924.00 4953.00 4966.39 5004.00 8084.00 249}
COMP 4b-1: 48ac05_48ae89_48af5d_48b016 (248 5008.47 2 4995.00 2 5084.00){0.00 0.00 0.00 0.00 2002.80 0}{2002.80 0.00 0.00 0.00 4005.60 0}{4005.60 4995.00 5008.48 5084.00 6008.40 248}{6008.40 0.00 0.00 0.00 8011.20 0}{8011.20 0.00 0.00 0.00 10014.00 0}
COMM 4b-0: 481caa_48202a_482163_482257 (1493 1.99 0 1.00 2 18.00){0.00 0.00 0.00 0.00 0.80 0}{0.80 1.00 1.00 1.00 1.60 268}{1.60 2.00 2.00 2.00 2.40 991}{2.40 3.00 3.00 3.00 4.00 233}{4.00 18.00 18.00 18.00 32.00 1}
COMM 4b-1: 48ac05_48ae89_48af5d_48b016 (248 2.48 2 2.00 2 3.00){0.00 0.00 0.00 0.00 0.80 0}{0.80 0.00 0.00 0.00 1.60 0}{1.60 2.00 2.00 2.00 2.40 129}{2.40 3.00 3.00 3.00 3.20 119}{3.20 0.00 0.00 0.00 4.00 0}
LOOP0: iter: ( 2 )[ 1 -1 3 1 0 ]( 248 )[ 1 -1 2 1 0 ] mem: ( 3 )[ 1 -1 3 1 0 ]( 5 )[ 1 -1 2 1 0 ]
LOOP1: iter: ( 2 )[ 1 -1 2 1 0 ] mem: ( 2 )[ 1 -1 2 1 0 ]
10 2 
12 20480 
14 16 
1b 0 
2b 2147483647 

RANKS: 1 -1 0 4 1
EVENT29: 1148 48ac05_48ae89_48af5d_48b016
COMP 4b-0: 479b76_479f4b_47a0b6_47a1d7 (1741 6.05 0 5.00 3 22.00){0.00 0.00 0.00 0.00 2.80 0}{2.80 5.00 6.01 7.00 11.20 1734}{11.20 12.00 13.25 14.00 14.00 4}{14.00 16.00 16.00 16.00 18.00 2}{18.00 22.00 22.00 22.00 26.00 1}
COMM 4b-0: 479b76_479f4b_47a0b6_47a1d7 (1741 308.76 2 95.00 3 1095.00){0.00 95.00 96.15 101.00 105.60 247}{105.60 123.00 177.48 259.00 264.00 977}{264.00 301.00 301.50 302.00 338.00 2}{338.00 382.22 657.94 899.50 956.00 512}{956.00 974.00 1035.33 1095.00 1198.00 3}
1c 9999 

RANKS: 1 -1 2 1 0
EVENT30: 1113 481caa_48202a_482163_482257
COMP 4b-0: 47d1e9_47d5ae_47d718_47d837 (30504 191.25 2 183.00 2 413.00){0.00 0.00 0.00 0.00 163.20 0}{163.20 183.00 191.19 240.00 244.80 30494}{244.80 276.00 292.33 312.00 326.40 3}{326.40 379.00 388.33 395.00 408.00 6}{408.00 413.00 413.00 413.00 418.00 1}
COMP 4b-1: 48ac05_48ae89_48af5d_48b016 (248 86.03 2 84.00 2 98.00){0.00 0.00 0.00 0.00 34.80 0}{34.80 0.00 0.00 0.00 69.60 0}{69.60 84.00 86.03 98.00 104.40 248}{104.40 0.00 0.00 0.00 139.20 0}{139.20 0.00 0.00 0.00 174.00 0}
COMM 4b-0: 47d1e9_47d5ae_47d718_47d837 (30504 2.63 2 2.00 2 1685.00){0.00 2.00 2.39 4.00 5.60 29740}{5.60 6.00 6.57 8.00 8.40 247}{8.40 9.00 9.52 11.00 11.20 264}{11.20 12.00 12.52 14.00 14.00 247}{14.00 15.00 302.83 1685.00 3356.00 6}
COMM 4b-1: 48ac05_48ae89_48af5d_48b016 (248 100.56 2 99.00 2 109.00){0.00 0.00 0.00 0.00 40.00 0}{40.00 0.00 0.00 0.00 80.00 0}{80.00 99.00 100.56 109.00 120.00 248}{120.00 0.00 0.00 0.00 160.00 0}{160.00 0.00 0.00 0.00 200.00 0}
LOOP0: iter: ( 124 )[ 1 -1 2 1 0 ] mem: ( 2 )[ 1 -1 2 1 0 ]
10 2 
12 20480 155 155 155 155 155 155 155 155 155 155 155 155 155 155 155 155 155 155 155 155 155 155 155 155 155 155 155 155 155 155 155 155 155 155 155 155 155 155 155 155 155 155 155 155 155 155 155 155 155 155 155 155 155 155 155 155 155 155 155 155 155 155 155 155 155 155 155 155 155 155 155 155 155 155 155 155 155 155 155 155 155 155 155 155 155 155 155 155 155 155 155 155 155 155 155 155 155 155 155 155 155 155 155 155 155 155 155 155 155 155 155 155 155 155 155 155 155 155 155 155 155 155 155 
14 16 
1a 2 1 1 1 1 1 1 1 1 1 1 1 1 1 1 1 1 1 1 1 1 1 1 1 1 1 1 1 1 1 1 1 1 1 1 1 1 1 1 1 1 1 1 1 1 1 1 1 1 1 1 1 1 1 1 1 1 1 1 1 1 1 1 2 2 2 2 2 2 2 2 2 2 2 2 2 2 2 2 2 2 2 2 2 2 2 2 2 2 2 2 2 2 2 2 2 2 2 2 2 2 2 2 2 2 2 2 2 2 2 2 2 2 2 2 2 2 2 2 2 2 2 2 2 
1b 0 

RANKS: 1 -1 2 1 0
EVENT31: 1102 47d1e9_47d5ae_47d718_47d837
COMP 4b-0: 481caa_48202a_482163_482257 (30752 228.43 2 139.00 2 10646.00){0.00 139.00 145.20 471.00 4171.20 30504}{4171.20 0.00 0.00 0.00 8342.40 0}{8342.40 10405.00 10425.08 10646.00 12513.60 248}{12513.60 0.00 0.00 0.00 16684.80 0}{16684.80 0.00 0.00 0.00 20856.00 0}
COMM 4b-0: 481caa_48202a_482163_482257 (30752 10.51 2 1.00 2 654.00){0.00 1.00 3.17 122.00 138.00 30254}{138.00 150.00 189.67 242.00 276.00 3}{276.00 345.00 375.67 408.00 414.00 3}{414.00 425.00 453.17 551.00 552.00 478}{552.00 558.00 626.00 654.00 690.00 14}
10 2 
12 155 
14 16 
1b 0 
2b 2 2 2 2 2 2 2 2 2 2 2 2 2 2 2 2 2 2 2 2 2 2 2 2 2 2 2 2 2 2 2 2 2 2 2 2 2 2 2 2 2 2 2 2 2 2 2 2 2 2 2 2 2 2 2 2 2 2 2 2 2 2 1 1 1 1 1 1 1 1 1 1 1 1 1 1 1 1 1 1 1 1 1 1 1 1 1 1 1 1 1 1 1 1 1 1 1 1 1 1 1 1 1 1 1 1 1 1 1 1 1 1 1 1 1 1 1 1 1 1 1 1 1 1 

RANKS: 1 -1 0 4 1
EVENT32: 1113 481caa_48202a_482163_482257
COMP 4b-0: 47d1e9_47d5ae_47d718_47d837 (248 185.70 2 184.00 2 217.00){0.00 0.00 0.00 0.00 74.40 0}{74.40 0.00 0.00 0.00 148.80 0}{148.80 184.00 185.70 217.00 223.20 248}{223.20 0.00 0.00 0.00 297.60 0}{297.60 0.00 0.00 0.00 372.00 0}
COMP 4b-1: 481caa_48202a_482163_482257 (620 2449.71 0 5.00 1 5039.00){0.00 0.00 0.00 0.00 2.00 0}{2.00 0.00 0.00 0.00 4.00 0}{4.00 5.00 5.85 7.00 10.00 62}{10.00 338.00 339.07 347.00 666.00 61}{666.00 1023.00 3018.55 5039.00 9300.00 497}
COMP 4b-2: 48ac05_48ae89_48af5d_48b016 (748 115.92 3 79.00 0 10884.00){0.00 79.00 87.09 119.00 4353.60 747}{4353.60 0.00 0.00 0.00 8707.20 0}{8707.20 10884.00 10884.00 10884.00 13060.80 1}{13060.80 0.00 0.00 0.00 17414.40 0}{17414.40 0.00 0.00 0.00 21768.00 0}
COMM 4b-0: 47d1e9_47d5ae_47d718_47d837 (248 2.39 2 2.00 2 3.00){0.00 0.00 0.00 0.00 1.20 0}{1.20 2.00 2.00 2.00 2.40 153}{2.40 3.00 3.00 3.00 3.60 95}{3.60 0.00 0.00 0.00 4.80 0}{4.80 0.00 0.00 0.00 6.00 0}
COMM 4b-1: 481caa_48202a_482163_482257 (620 88.76 0 1.00 2 126.00){0.00 1.00 1.00 1.00 1.20 24}{1.20 2.00 2.00 2.00 2.40 69}{2.40 3.00 3.00 3.00 6.00 28}{6.00 10.00 15.50 21.00 36.00 2}{36.00 108.00 110.34 126.00 180.00 497}
COMM 4b-2: 48ac05_48ae89_48af5d_48b016 (748 133.55 0 9.00 3 217.00){0.00 0.00 0.00 0.00 3.60 0}{3.60 0.00 0.00 0.00 7.20 0}{7.20 9.00 9.00 9.00 18.00 1}{18.00 100.00 102.64 180.00 182.00 501}{182.00 196.65 197.51 217.00 224.00 246}
LOOP0: iter: ( 124 )[ 1 -1 0 1 0 ]( 2 )[ 1 -1 1 2 1 ] mem: ( 1 )[ 1 -1 0 3 1 ]
10 2 
12 ( 155 )[ 1 -1 0 1 0 ]
12 ( 20480 )[ 1 -1 1 2 2 ]
12 ( 155 20480 )[ 1 -1 2 1 0 ]
14 16 
1a ( 1 2 )[ 1 -1 0 1 0 ]
1a ( 3 2 )[ 1 -1 1 2 2 ]
1a ( 2 1 )[ 1 -1 2 1 0 ]
1b 0 

RANKS: 1 -1 1 2 1
EVENT33: 1090 479b76_479f4b_47a0b6_47a1d7
COMP 4b-0: 481caa_48202a_482163_482257 (250 6.97 1 6.00 1 17.00){0.00 0.00 0.00 0.00 2.80 0}{2.80 0.00 0.00 0.00 5.60 0}{5.60 6.00 6.86 8.00 11.20 247}{11.20 13.00 13.00 13.00 14.00 1}{14.00 17.00 17.00 17.00 20.00 2}
COMP 4b-1: 48ac05_48ae89_48af5d_48b016 (1 5005.00 2 5005.00 2 5005.00){0.00 0.00 0.00 0.00 2002.00 0}{2002.00 0.00 0.00 0.00 4004.00 0}{4004.00 5005.00 5005.00 5005.00 6006.00 1}{6006.00 0.00 0.00 0.00 8008.00 0}{8008.00 0.00 0.00 0.00 10010.00 0}
COMM 4b-0: 481caa_48202a_482163_482257 (250 1.53 1 1.00 1 2.00){0.00 0.00 0.00 0.00 0.40 0}{0.40 0.00 0.00 0.00 0.80 0}{0.80 1.00 1.00 1.00 1.20 116}{1.20 0.00 0.00 0.00 1.60 0}{1.60 2.00 2.00 2.00 2.00 134}
COMM 4b-1: 48ac05_48ae89_48af5d_48b016 (1 3.00 2 3.00 2 3.00){0.00 0.00 0.00 0.00 1.20 0}{1.20 0.00 0.00 0.00 2.40 0}{2.40 3.00 3.00 3.00 3.60 1}{3.60 0.00 0.00 0.00 4.80 0}{4.80 0.00 0.00 0.00 6.00 0}
LOOP0: iter: ( 2 )[ 1 -1 2 1 0 ] mem: ( 2 )[ 1 -1 2 1 0 ]
10 2 
12 20480 
14 16 
1b 0 
2b 2147483647 

RANKS: 1 -1 1 2 1
EVENT34: 1148 48ac05_48ae89_48af5d_48b016
COMP 4b-0: 479b76_479f4b_47a0b6_47a1d7 (251 5.76 1 5.00 1 8.00){0.00 0.00 0.00 0.00 3.20 0}{3.20 5.00 5.70 6.00 6.40 244}{6.40 7.00 7.29 8.00 9.60 7}{9.60 0.00 0.00 0.00 12.80 0}{12.80 0.00 0.00 0.00 16.00 0}
COMM 4b-0: 479b76_479f4b_47a0b6_47a1d7 (251 97.73 1 94.00 2 205.00){0.00 0.00 0.00 0.00 38.40 0}{38.40 0.00 0.00 0.00 76.80 0}{76.80 94.00 97.31 110.00 153.60 250}{153.60 0.00 0.00 0.00 192.00 0}{192.00 205.00 205.00 205.00 218.00 1}
1c 9999 

RANKS: 1 -1 2 1 0
EVENT35: 1113 481caa_48202a_482163_482257
COMP 4b-0: 47d1e9_47d5ae_47d718_47d837 (123 191.40 2 185.00 2 209.00){0.00 0.00 0.00 0.00 78.80 0}{78.80 0.00 0.00 0.00 157.60 0}{157.60 185.00 191.35 209.00 236.40 123}{236.40 0.00 0.00 0.00 315.20 0}{315.20 0.00 0.00 0.00 394.00 0}
COMP 4b-1: 48ac05_48ae89_48af5d_48b016 (1 85.00 2 85.00 2 85.00){0.00 0.00 0.00 0.00 34.00 0}{34.00 0.00 0.00 0.00 68.00 0}{68.00 85.00 85.00 85.00 102.00 1}{102.00 0.00 0.00 0.00 136.00 0}{136.00 0.00 0.00 0.00 170.00 0}
COMM 4b-0: 47d1e9_47d5ae_47d718_47d837 (123 2.54 2 2.00 2 13.00){0.00 2.00 2.00 2.00 2.80 82}{2.80 3.00 3.00 3.00 5.60 38}{5.60 7.00 7.00 7.00 8.40 1}{8.40 10.00 10.00 10.00 11.20 1}{11.20 13.00 13.00 13.00 14.00 1}
COMM 4b-1: 48ac05_48ae89_48af5d_48b016 (1 101.00 2 101.00 2 101.00){0.00 0.00 0.00 0.00 40.40 0}{40.40 0.00 0.00 0.00 80.80 0}{80.80 101.00 101.00 101.00 121.20 1}{121.20 0.00 0.00 0.00 161.60 0}{161.60 0.00 0.00 0.00 202.00 0}
LOOP0: iter: ( 124 )[ 1 -1 2 1 0 ] mem: ( 2 )[ 1 -1 2 1 0 ]
10 2 
12 20480 155 155 155 155 155 155 155 155 155 155 155 155 155 155 155 155 155 155 155 155 155 155 155 155 155 155 155 155 155 155 155 155 155 155 155 155 155 155 155 155 155 155 155 155 155 155 155 155 155 155 155 155 155 155 155 155 155 155 155 155 155 155 155 155 155 155 155 155 155 155 155 155 155 155 155 155 155 155 155 155 155 155 155 155 155 155 155 155 155 155 155 155 155 155 155 155 155 155 155 155 155 155 155 155 155 155 155 155 155 155 155 155 155 155 155 155 155 155 155 155 155 155 155 
14 16 
1a 2 1 1 1 1 1 1 1 1 1 1 1 1 1 1 1 1 1 1 1 1 1 1 1 1 1 1 1 1 1 1 1 1 1 1 1 1 1 1 1 1 1 1 1 1 1 1 1 1 1 1 1 1 1 1 1 1 1 1 1 1 1 1 2 2 2 2 2 2 2 2 2 2 2 2 2 2 2 2 2 2 2 2 2 2 2 2 2 2 2 2 2 2 2 2 2 2 2 2 2 2 2 2 2 2 2 2 2 2 2 2 2 2 2 2 2 2 2 2 2 2 2 2 2 
1b 0 

RANKS: 1 -1 0 4 1
EVENT36: 1102 47d1e9_47d5ae_47d718_47d837
COMP 4b-0: 47d1e9_47d5ae_47d718_47d837 (246 165.68 0 5.00 3 362.00){0.00 0.00 0.00 0.00 2.00 0}{2.00 0.00 0.00 0.00 4.00 0}{4.00 5.00 6.23 7.00 8.00 124}{8.00 0.00 0.00 0.00 10.00 0}{10.00 316.00 329.06 362.00 630.00 122}
COMP 4b-1: 481caa_48202a_482163_482257 (249 228.38 2 139.00 3 10442.00){0.00 0.00 0.00 0.00 57.20 0}{57.20 0.00 0.00 0.00 114.40 0}{114.40 139.00 145.89 146.92 171.60 245}{171.60 175.00 175.00 175.00 286.00 2}{286.00 10417.00 10429.50 10442.00 20598.00 2}
COMP 4b-2: 48ac05_48ae89_48af5d_48b016 (1 10452.00 1 10452.00 1 10452.00){0.00 0.00 0.00 0.00 4180.80 0}{4180.80 0.00 0.00 0.00 8361.60 0}{8361.60 10452.00 10452.00 10452.00 12542.40 1}{12542.40 0.00 0.00 0.00 16723.20 0}{16723.20 0.00 0.00 0.00 20904.00 0}
COMM 4b-0: 47d1e9_47d5ae_47d718_47d837 (246 5.88 0 1.00 3 40.00){0.00 1.00 1.00 1.00 1.60 56}{1.60 2.00 2.47 3.00 3.20 74}{3.20 4.00 4.00 4.00 4.00 12}{4.00 5.00 10.67 21.00 24.00 102}{24.00 36.00 38.00 40.00 48.00 2}
COMM 4b-1: 481caa_48202a_482163_482257 (249 25.44 1 2.00 0 1396.00){0.00 2.00 5.00 432.00 558.40 245}{558.40 657.00 780.67 895.00 1116.80 3}{1116.80 1396.00 1396.00 1396.00 1675.20 1}{1675.20 0.00 0.00 0.00 2233.60 0}{2233.60 0.00 0.00 0.00 2792.00 0}
COMM 4b-2: 48ac05_48ae89_48af5d_48b016 (1 549.00 1 549.00 1 549.00){0.00 0.00 0.00 0.00 219.60 0}{219.60 0.00 0.00 0.00 439.20 0}{439.20 549.00 549.00 549.00 658.80 1}{658.80 0.00 0.00 0.00 878.40 0}{878.40 0.00 0.00 0.00 1098.00 0}
LOOP0: iter: ( 124 )[ 2 -1 0 2 1 -1 3 1 0 ] mem: ( 1 )[ 1 -1 0 2 3 ]( 2 )[ 1 -1 1 1 0 ]
10 2 
12 155 
14 16 
1b 0 
2b ( 1 2 )[ 1 -1 0 1 0 ]
2b ( 3 3 3 3 3 3 3 3 3 3 3 3 3 3 3 3 3 3 3 3 3 3 3 3 3 3 3 3 3 3 3 3 3 3 3 3 3 3 3 3 3 3 3 3 3 3 3 3 3 3 3 3 3 3 3 3 3 3 3 3 3 3 2 2 2 2 2 2 2 2 2 2 2 2 2 2 2 2 2 2 2 2 2 2 2 2 2 2 2 2 2 2 2 2 2 2 2 2 2 2 2 2 2 2 2 2 2 2 2 2 2 2 2 2 2 2 2 2 2 2 2 2 2 2 )[ 1 -1 1 1 0 ]
2b ( 3 2 )[ 1 -1 3 1 0 ]
2b ( 2 2 2 2 2 2 2 2 2 2 2 2 2 2 2 2 2 2 2 2 2 2 2 2 2 2 2 2 2 2 2 2 2 2 2 2 2 2 2 2 2 2 2 2 2 2 2 2 2 2 2 2 2 2 2 2 2 2 2 2 2 2 1 1 1 1 1 1 1 1 1 1 1 1 1 1 1 1 1 1 1 1 1 1 1 1 1 1 1 1 1 1 1 1 1 1 1 1 1 1 1 1 1 1 1 1 1 1 1 1 1 1 1 1 1 1 1 1 1 1 1 1 1 1 )[ 1 -1 2 1 0 ]

RANKS: 1 -1 1 3 1
EVENT37: 1113 481caa_48202a_482163_482257
COMP 4b-0: 47d1e9_47d5ae_47d718_47d837 (126 191.46 1 182.00 3 507.00){0.00 0.00 0.00 0.00 78.80 0}{78.80 0.00 0.00 0.00 157.60 0}{157.60 182.00 188.90 213.00 315.20 125}{315.20 0.00 0.00 0.00 394.00 0}{394.00 507.00 507.00 507.00 620.00 1}
COMP 4b-1: 481caa_48202a_482163_482257 (123 159.40 3 5.00 3 326.00){0.00 0.00 0.00 0.00 2.00 0}{2.00 0.00 0.00 0.00 4.00 0}{4.00 5.00 5.92 7.00 8.00 62}{8.00 0.00 0.00 0.00 10.00 0}{10.00 316.00 317.92 326.00 622.00 61}
COMM 4b-0: 47d1e9_47d5ae_47d718_47d837 (126 2.63 1 2.00 1 11.00){0.00 2.00 2.00 2.00 2.80 72}{2.80 3.00 3.02 4.00 5.60 50}{5.60 6.00 7.00 8.00 8.40 3}{8.40 11.00 11.00 11.00 11.20 1}{11.20 0.00 0.00 0.00 14.00 0}
COMM 4b-1: 481caa_48202a_482163_482257 (123 2.02 3 1.00 3 15.00){0.00 0.00 0.00 0.00 0.80 0}{0.80 1.00 1.00 1.00 1.60 36}{1.60 2.00 2.00 2.00 2.40 67}{2.40 3.00 3.00 3.00 4.00 18}{4.00 10.00 12.50 15.00 26.00 2}
LOOP0: iter: ( 124 )[ 1 -1 3 1 0 ] mem: ( 1 )[ 1 -1 3 1 0 ]
10 2 
12 155 
14 16 
1a ( 2 2 2 2 2 2 2 2 2 2 2 2 2 2 2 2 2 2 2 2 2 2 2 2 2 2 2 2 2 2 2 2 2 2 2 2 2 2 2 2 2 2 2 2 2 2 2 2 2 2 2 2 2 2 2 2 2 2 2 2 2 2 3 3 3 3 3 3 3 3 3 3 3 3 3 3 3 3 3 3 3 3 3 3 3 3 3 3 3 3 3 3 3 3 3 3 3 3 3 3 3 3 3 3 3 3 3 3 3 3 3 3 3 3 3 3 3 3 3 3 3 3 3 3 )[ 1 -1 1 1 0 ]
1a ( 3 2 )[ 1 -1 3 1 0 ]
1a ( 2 )[ 1 -1 2 1 0 ]
1b 0 

RANKS: 1 -1 0 4 1
EVENT38: 1004 46a0df_46a43f_46a582_46a674
COMP 4b-0: 47d1e9_47d5ae_47d718_47d837 (1 1017.00 0 1017.00 0 1017.00){0.00 0.00 0.00 0.00 406.80 0}{406.80 0.00 0.00 0.00 813.60 0}{813.60 1017.00 1017.00 1017.00 1220.40 1}{1220.40 0.00 0.00 0.00 1627.20 0}{1627.20 0.00 0.00 0.00 2034.00 0}
COMP 4b-1: 481caa_48202a_482163_482257 (3 818.75 1 810.00 2 845.00){0.00 0.00 0.00 0.00 324.00 0}{324.00 0.00 0.00 0.00 648.00 0}{648.00 810.00 821.67 845.00 972.00 3}{972.00 0.00 0.00 0.00 1296.00 0}{1296.00 0.00 0.00 0.00 1620.00 0}
COMM 4b-0: 47d1e9_47d5ae_47d718_47d837 (1 11.00 0 11.00 0 11.00){0.00 0.00 0.00 0.00 4.40 0}{4.40 0.00 0.00 0.00 8.80 0}{8.80 11.00 11.00 11.00 13.20 1}{13.20 0.00 0.00 0.00 17.60 0}{17.60 0.00 0.00 0.00 22.00 0}
COMM 4b-1: 481caa_48202a_482163_482257 (3 506.75 2 194.00 3 889.00){0.00 0.00 0.00 0.00 188.80 0}{188.80 194.00 194.00 194.00 377.60 1}{377.60 472.00 472.00 472.00 566.40 1}{566.40 0.00 0.00 0.00 755.20 0}{755.20 889.00 889.00 889.00 944.00 1}
10 2 
12 5 
14 16 
18 3 

RANKS: 1 -1 2 1 0
EVENT39: 1113 481caa_48202a_482163_482257
COMP 4b-0: 46a0df_46a43f_46a582_46a674 (1 622.00 2 622.00 2 622.00){0.00 0.00 0.00 0.00 248.80 0}{248.80 0.00 0.00 0.00 497.60 0}{497.60 622.00 622.00 622.00 746.40 1}{746.40 0.00 0.00 0.00 995.20 0}{995.20 0.00 0.00 0.00 1244.00 0}
COMM 4b-0: 46a0df_46a43f_46a582_46a674 (1 111.00 2 111.00 2 111.00){0.00 0.00 0.00 0.00 44.40 0}{44.40 0.00 0.00 0.00 88.80 0}{88.80 111.00 111.00 111.00 133.20 1}{133.20 0.00 0.00 0.00 177.60 0}{177.60 0.00 0.00 0.00 222.00 0}
10 2 
12 20480 
14 16 
1a 1 
1b 0 

RANKS: 1 -1 1 3 1
EVENT40: 1090 479b76_479f4b_47a0b6_47a1d7
COMP 4b-0: 46a0df_46a43f_46a582_46a674 (2 562.00 1 559.00 3 568.00){0.00 0.00 0.00 0.00 223.60 0}{223.60 0.00 0.00 0.00 447.20 0}{447.20 559.00 563.50 568.00 670.80 2}{670.80 0.00 0.00 0.00 894.40 0}{894.40 0.00 0.00 0.00 1118.00 0}
COMP 4b-1: 481caa_48202a_482163_482257 (2 3313.00 2 13.00 3 4963.00){0.00 13.00 13.00 13.00 1985.20 1}{1985.20 0.00 0.00 0.00 3970.40 0}{3970.40 4963.00 4963.00 4963.00 5955.60 1}{5955.60 0.00 0.00 0.00 7940.80 0}{7940.80 0.00 0.00 0.00 9926.00 0}
COMP 4b-2: 48ac05_48ae89_48af5d_48b016 (1 4997.00 2 4997.00 2 4997.00){0.00 0.00 0.00 0.00 1998.80 0}{1998.80 0.00 0.00 0.00 3997.60 0}{3997.60 4997.00 4997.00 4997.00 5996.40 1}{5996.40 0.00 0.00 0.00 7995.20 0}{7995.20 0.00 0.00 0.00 9994.00 0}
COMM 4b-0: 46a0df_46a43f_46a582_46a674 (2 3.00 1 3.00 1 3.00){0.00 0.00 0.00 0.00 1.20 0}{1.20 0.00 0.00 0.00 2.40 0}{2.40 3.00 3.00 3.00 3.60 2}{3.60 0.00 0.00 0.00 4.80 0}{4.80 0.00 0.00 0.00 6.00 0}
COMM 4b-1: 481caa_48202a_482163_482257 (2 1.33 3 1.00 2 2.00){0.00 0.00 0.00 0.00 0.40 0}{0.40 0.00 0.00 0.00 0.80 0}{0.80 1.00 1.00 1.00 1.20 1}{1.20 0.00 0.00 0.00 1.60 0}{1.60 2.00 2.00 2.00 2.00 1}
COMM 4b-2: 48ac05_48ae89_48af5d_48b016 (1 2.00 2 2.00 2 2.00){0.00 0.00 0.00 0.00 0.80 0}{0.80 0.00 0.00 0.00 1.60 0}{1.60 2.00 2.00 2.00 2.40 1}{2.40 0.00 0.00 0.00 3.20 0}{3.20 0.00 0.00 0.00 4.00 0}
LOOP0: iter: ( 2 )[ 1 -1 2 2 1 ] mem: ( 3 )[ 1 -1 3 1 0 ]( 2 )[ 1 -1 2 1 0 ]
10 2 
12 20480 
14 16 
1b 0 
2b 2147483647 

RANKS: 1 -1 1 3 1
EVENT41: 1148 48ac05_48ae89_48af5d_48b016
COMP 4b-0: 479b76_479f4b_47a0b6_47a1d7 (5 6.17 2 5.00 1 7.00){0.00 0.00 0.00 0.00 2.80 0}{2.80 5.00 5.00 5.00 5.60 1}{5.60 6.00 6.25 7.00 8.40 4}{8.40 0.00 0.00 0.00 11.20 0}{11.20 0.00 0.00 0.00 14.00 0}
COMM 4b-0: 479b76_479f4b_47a0b6_47a1d7 (5 111.83 3 99.00 3 124.00){0.00 0.00 0.00 0.00 46.40 0}{46.40 0.00 0.00 0.00 92.80 0}{92.80 99.00 111.00 124.00 139.20 5}{139.20 0.00 0.00 0.00 185.60 0}{185.60 0.00 0.00 0.00 232.00 0}
1c 9999 

RANKS: 1 -1 0 4 1
EVENT42: 1113 481caa_48202a_482163_482257
COMP 4b-0: 46a0df_46a43f_46a582_46a674 (1 611.00 0 611.00 0 611.00){0.00 0.00 0.00 0.00 244.40 0}{244.40 0.00 0.00 0.00 488.80 0}{488.80 611.00 611.00 611.00 733.20 1}{733.20 0.00 0.00 0.00 977.60 0}{977.60 0.00 0.00 0.00 1222.00 0}
COMP 4b-1: 481caa_48202a_482163_482257 (1 5007.00 1 5007.00 1 5007.00){0.00 0.00 0.00 0.00 2002.80 0}{2002.80 0.00 0.00 0.00 4005.60 0}{4005.60 5007.00 5007.00 5007.00 6008.40 1}{6008.40 0.00 0.00 0.00 8011.20 0}{8011.20 0.00 0.00 0.00 10014.00 0}
COMP 4b-2: 48ac05_48ae89_48af5d_48b016 (5 1736.33 3 80.00 0 5036.00){0.00 80.00 86.50 91.00 2014.40 4}{2014.40 0.00 0.00 0.00 4028.80 0}{4028.80 5036.00 5036.00 5036.00 6043.20 1}{6043.20 0.00 0.00 0.00 8057.60 0}{8057.60 0.00 0.00 0.00 10072.00 0}
COMM 4b-0: 46a0df_46a43f_46a582_46a674 (1 108.00 0 108.00 0 108.00){0.00 0.00 0.00 0.00 43.20 0}{43.20 0.00 0.00 0.00 86.40 0}{86.40 108.00 108.00 108.00 129.60 1}{129.60 0.00 0.00 0.00 172.80 0}{172.80 0.00 0.00 0.00 216.00 0}
COMM 4b-1: 481caa_48202a_482163_482257 (1 114.00 1 114.00 1 114.00){0.00 0.00 0.00 0.00 45.60 0}{45.60 0.00 0.00 0.00 91.20 0}{91.20 114.00 114.00 114.00 136.80 1}{136.80 0.00 0.00 0.00 182.40 0}{182.40 0.00 0.00 0.00 228.00 0}
COMM 4b-2: 48ac05_48ae89_48af5d_48b016 (5 111.33 2 100.00 0 130.00){0.00 0.00 0.00 0.00 52.00 0}{52.00 100.00 101.00 102.00 104.00 3}{104.00 105.00 117.50 130.00 156.00 2}{156.00 0.00 0.00 0.00 208.00 0}{208.00 0.00 0.00 0.00 260.00 0}
LOOP0: iter: ( 2 )[ 1 -1 0 2 1 ] mem: ( 3 )[ 1 -1 0 1 0 ]( 1 )[ 1 -1 1 1 0 ]
10 2 
12 20480 
14 16 
1a ( 1 2 )[ 1 -1 0 1 0 ]
1a ( 3 2 )[ 1 -1 1 2 2 ]
1a ( 2 )[ 1 -1 2 1 0 ]
1b 0 

RANKS: 1 -1 0 2 1
EVENT43: 1090 479b76_479f4b_47a0b6_47a1d7
COMP 4b-0: 481caa_48202a_482163_482257 (3 6.00 0 5.00 1 7.00){0.00 0.00 0.00 0.00 2.40 0}{2.40 0.00 0.00 0.00 4.80 0}{4.80 5.00 6.00 7.00 7.20 3}{7.20 0.00 0.00 0.00 9.60 0}{9.60 0.00 0.00 0.00 12.00 0}
COMM 4b-0: 481caa_48202a_482163_482257 (3 1.75 0 1.00 0 2.00){0.00 0.00 0.00 0.00 0.80 0}{0.80 1.00 1.00 1.00 1.60 1}{1.60 2.00 2.00 2.00 2.40 2}{2.40 0.00 0.00 0.00 3.20 0}{3.20 0.00 0.00 0.00 4.00 0}
10 2 
12 20480 
14 16 
1b 0 
2b 2147483647 

RANKS: 1 -1 0 2 1
EVENT44: 1148 48ac05_48ae89_48af5d_48b016
COMP 4b-0: 479b76_479f4b_47a0b6_47a1d7 (3 5.25 0 5.00 0 6.00){0.00 0.00 0.00 0.00 2.00 0}{2.00 0.00 0.00 0.00 4.00 0}{4.00 5.00 5.33 6.00 6.00 3}{6.00 0.00 0.00 0.00 8.00 0}{8.00 0.00 0.00 0.00 10.00 0}
COMM 4b-0: 479b76_479f4b_47a0b6_47a1d7 (3 131.50 1 96.00 0 154.00){0.00 0.00 0.00 0.00 55.20 0}{55.20 96.00 96.00 96.00 110.40 1}{110.40 138.00 146.00 154.00 165.60 2}{165.60 0.00 0.00 0.00 220.80 0}{220.80 0.00 0.00 0.00 276.00 0}
1c 9999 

RANKS: 1 -1 0 4 1
EVENT45: 1004 46a0df_46a43f_46a582_46a674
COMP 4b-0: 46a0df_46a43f_46a582_46a674 (8 2116.22 3 6.00 1 4760.00){0.00 0.00 0.00 0.00 2.80 0}{2.80 0.00 0.00 0.00 5.60 0}{5.60 6.00 7.00 9.00 11.20 4}{11.20 0.00 0.00 0.00 14.00 0}{14.00 4749.00 4752.75 4760.00 9492.00 4}
COMP 4b-1: 481caa_48202a_482163_482257 (2 10270.33 3 10265.00 2 10281.00){0.00 0.00 0.00 0.00 4106.00 0}{4106.00 0.00 0.00 0.00 8212.00 0}{8212.00 10265.00 10273.00 10281.00 12318.00 2}{12318.00 0.00 0.00 0.00 16424.00 0}{16424.00 0.00 0.00 0.00 20530.00 0}
COMP 4b-2: 48ac05_48ae89_48af5d_48b016 (2 10351.00 1 10299.00 0 10377.00){0.00 0.00 0.00 0.00 4150.80 0}{4150.80 0.00 0.00 0.00 8301.60 0}{8301.60 10299.00 10338.00 10377.00 12452.40 2}{12452.40 0.00 0.00 0.00 16603.20 0}{16603.20 0.00 0.00 0.00 20754.00 0}
COMM 4b-0: 46a0df_46a43f_46a582_46a674 (8 13.78 2 5.00 3 23.00){0.00 0.00 0.00 0.00 4.80 0}{4.80 5.00 5.50 6.00 9.60 2}{9.60 12.00 12.50 13.00 14.40 2}{14.40 16.00 17.67 19.00 19.20 3}{19.20 23.00 23.00 23.00 24.00 1}
COMM 4b-1: 481caa_48202a_482163_482257 (2 148.33 2 129.00 3 158.00){0.00 0.00 0.00 0.00 63.20 0}{63.20 0.00 0.00 0.00 126.40 0}{126.40 129.00 143.50 158.00 189.60 2}{189.60 0.00 0.00 0.00 252.80 0}{252.80 0.00 0.00 0.00 316.00 0}
COMM 4b-2: 48ac05_48ae89_48af5d_48b016 (2 75.00 0 22.00 1 181.00){0.00 0.00 0.00 0.00 8.80 0}{8.80 0.00 0.00 0.00 17.60 0}{17.60 22.00 22.00 22.00 35.20 1}{35.20 0.00 0.00 0.00 44.00 0}{44.00 181.00 181.00 181.00 318.00 1}
LOOP0: iter: ( 3 )[ 1 -1 0 4 1 ] mem: ( 1 )[ 1 -1 0 4 1 ]
10 2 
12 5 1 5 
14 16 
18 3 1 3 

RANKS: 1 -1 0 2 1
EVENT46: 1090 479b76_479f4b_47a0b6_47a1d7_45e7e0
COMP 4b-0: 46a0df_46a43f_46a582_46a674 (2 47.33 1 42.00 0 50.00){0.00 0.00 0.00 0.00 20.00 0}{20.00 0.00 0.00 0.00 40.00 0}{40.00 42.00 46.00 50.00 60.00 2}{60.00 0.00 0.00 0.00 80.00 0}{80.00 0.00 0.00 0.00 100.00 0}
COMM 4b-0: 46a0df_46a43f_46a582_46a674 (2 1.00 0 1.00 0 1.00){0.00 0.00 0.00 0.00 0.40 0}{0.40 0.00 0.00 0.00 0.80 0}{0.80 1.00 1.00 1.00 1.20 2}{1.20 0.00 0.00 0.00 1.60 0}{1.60 0.00 0.00 0.00 2.00 0}
10 2 
12 64 
14 16 
1b 0 
2b 2147483647 

RANKS: 1 -1 0 2 1
EVENT47: 1148 48ac05_48ae89_48af5d_48b016_45e7f9
COMP 4b-0: 479b76_479f4b_47a0b6_47a1d7_45e7e0 (2 6.33 0 6.00 1 7.00){0.00 0.00 0.00 0.00 2.40 0}{2.40 0.00 0.00 0.00 4.80 0}{4.80 6.00 6.50 7.00 7.20 2}{7.20 0.00 0.00 0.00 9.60 0}{9.60 0.00 0.00 0.00 12.00 0}
COMM 4b-0: 479b76_479f4b_47a0b6_47a1d7_45e7e0 (2 3.00 0 3.00 0 3.00){0.00 0.00 0.00 0.00 1.20 0}{1.20 0.00 0.00 0.00 2.40 0}{2.40 3.00 3.00 3.00 3.60 2}{3.60 0.00 0.00 0.00 4.80 0}{4.80 0.00 0.00 0.00 6.00 0}
1c 9999 

RANKS: 1 -1 2 1 0
EVENT48: 1113 481caa_48202a_482163_482257_45e8ce
COMP 4b-0: 46a0df_46a43f_46a582_46a674 (1 42.00 2 42.00 2 42.00){0.00 0.00 0.00 0.00 16.80 0}{16.80 0.00 0.00 0.00 33.60 0}{33.60 42.00 42.00 42.00 50.40 1}{50.40 0.00 0.00 0.00 67.20 0}{67.20 0.00 0.00 0.00 84.00 0}
COMM 4b-0: 46a0df_46a43f_46a582_46a674 (1 4.00 2 4.00 2 4.00){0.00 0.00 0.00 0.00 1.60 0}{1.60 0.00 0.00 0.00 3.20 0}{3.20 4.00 4.00 4.00 4.80 1}{4.80 0.00 0.00 0.00 6.40 0}{6.40 0.00 0.00 0.00 8.00 0}
10 2 
12 64 
14 16 
1a 2 
1b 0 

RANKS: 1 -1 0 2 2
EVENT49: 1090 479b76_479f4b_47a0b6_47a1d7_45e92a
COMP 4b-0: 481caa_48202a_482163_482257_45e8ce (1 9.00 2 9.00 2 9.00){0.00 0.00 0.00 0.00 3.60 0}{3.60 0.00 0.00 0.00 7.20 0}{7.20 9.00 9.00 9.00 10.80 1}{10.80 0.00 0.00 0.00 14.40 0}{14.40 0.00 0.00 0.00 18.00 0}
COMP 4b-1: 48ac05_48ae89_48af5d_48b016_45e7f9 (1 6.00 0 6.00 0 6.00){0.00 0.00 0.00 0.00 2.40 0}{2.40 0.00 0.00 0.00 4.80 0}{4.80 6.00 6.00 6.00 7.20 1}{7.20 0.00 0.00 0.00 9.60 0}{9.60 0.00 0.00 0.00 12.00 0}
COMM 4b-0: 481caa_48202a_482163_482257_45e8ce (1 1.00 2 1.00 2 1.00){0.00 0.00 0.00 0.00 0.40 0}{0.40 0.00 0.00 0.00 0.80 0}{0.80 1.00 1.00 1.00 1.20 1}{1.20 0.00 0.00 0.00 1.60 0}{1.60 0.00 0.00 0.00 2.00 0}
COMM 4b-1: 48ac05_48ae89_48af5d_48b016_45e7f9 (1 0.00 0 0.00 0 0.00){0.00 0.00 0.00 0.00 1.00 1}{1.00 0.00 0.00 0.00 2.00 0}{2.00 0.00 0.00 0.00 3.00 0}{3.00 0.00 0.00 0.00 4.00 0}{4.00 0.00 0.00 0.00 5.00 0}
10 2 
12 68 
14 16 
1b 0 
2b 2147483647 

RANKS: 1 -1 0 2 2
EVENT50: 1148 48ac05_48ae89_48af5d_48b016_45e93f
COMP 4b-0: 479b76_479f4b_47a0b6_47a1d7_45e92a (2 5.33 0 5.00 2 6.00){0.00 0.00 0.00 0.00 2.00 0}{2.00 0.00 0.00 0.00 4.00 0}{4.00 5.00 5.50 6.00 6.00 2}{6.00 0.00 0.00 0.00 8.00 0}{8.00 0.00 0.00 0.00 10.00 0}
COMM 4b-0: 479b76_479f4b_47a0b6_47a1d7_45e92a (2 3.00 0 3.00 0 3.00){0.00 0.00 0.00 0.00 1.20 0}{1.20 0.00 0.00 0.00 2.40 0}{2.40 3.00 3.00 3.00 3.60 2}{3.60 0.00 0.00 0.00 4.80 0}{4.80 0.00 0.00 0.00 6.00 0}
1c 9999 

RANKS: 1 -1 3 1 0
EVENT51: 1113 481caa_48202a_482163_482257_45e8ce
COMP 4b-0: 46a0df_46a43f_46a582_46a674 (1 49.00 3 49.00 3 49.00){0.00 0.00 0.00 0.00 19.60 0}{19.60 0.00 0.00 0.00 39.20 0}{39.20 49.00 49.00 49.00 58.80 1}{58.80 0.00 0.00 0.00 78.40 0}{78.40 0.00 0.00 0.00 98.00 0}
COMM 4b-0: 46a0df_46a43f_46a582_46a674 (1 4.00 3 4.00 3 4.00){0.00 0.00 0.00 0.00 1.60 0}{1.60 0.00 0.00 0.00 3.20 0}{3.20 4.00 4.00 4.00 4.80 1}{4.80 0.00 0.00 0.00 6.40 0}{6.40 0.00 0.00 0.00 8.00 0}
10 2 
12 64 
14 16 
1a 2 
1b 0 

RANKS: 1 -1 1 2 2
EVENT52: 1113 481caa_48202a_482163_482257_45ea3f
COMP 4b-0: 481caa_48202a_482163_482257_45e8ce (1 5.00 3 5.00 3 5.00){0.00 0.00 0.00 0.00 2.00 0}{2.00 0.00 0.00 0.00 4.00 0}{4.00 5.00 5.00 5.00 6.00 1}{6.00 0.00 0.00 0.00 8.00 0}{8.00 0.00 0.00 0.00 10.00 0}
COMP 4b-1: 48ac05_48ae89_48af5d_48b016_45e7f9 (1 8.00 1 8.00 1 8.00){0.00 0.00 0.00 0.00 3.20 0}{3.20 0.00 0.00 0.00 6.40 0}{6.40 8.00 8.00 8.00 9.60 1}{9.60 0.00 0.00 0.00 12.80 0}{12.80 0.00 0.00 0.00 16.00 0}
COMM 4b-0: 481caa_48202a_482163_482257_45e8ce (1 2.00 3 2.00 3 2.00){0.00 0.00 0.00 0.00 0.80 0}{0.80 0.00 0.00 0.00 1.60 0}{1.60 2.00 2.00 2.00 2.40 1}{2.40 0.00 0.00 0.00 3.20 0}{3.20 0.00 0.00 0.00 4.00 0}
COMM 4b-1: 48ac05_48ae89_48af5d_48b016_45e7f9 (1 4.00 1 4.00 1 4.00){0.00 0.00 0.00 0.00 1.60 0}{1.60 0.00 0.00 0.00 3.20 0}{3.20 4.00 4.00 4.00 4.80 1}{4.80 0.00 0.00 0.00 6.40 0}{6.40 0.00 0.00 0.00 8.00 0}
10 2 
12 68 
14 16 
1a 3 
1b 0 

RANKS: 1 -1 0 4 1
EVENT53: 1004 46a0df_46a43f_46a582_46a674_466371
COMP 4b-0: 481caa_48202a_482163_482257_45ea3f (2 10.00 1 10.00 1 10.00){0.00 0.00 0.00 0.00 4.00 0}{4.00 0.00 0.00 0.00 8.00 0}{8.00 10.00 10.00 10.00 12.00 2}{12.00 0.00 0.00 0.00 16.00 0}{16.00 0.00 0.00 0.00 20.00 0}
COMP 4b-1: 48ac05_48ae89_48af5d_48b016_45e93f (2 10.67 2 10.00 0 11.00){0.00 0.00 0.00 0.00 4.40 0}{4.40 0.00 0.00 0.00 8.80 0}{8.80 10.00 10.50 11.00 13.20 2}{13.20 0.00 0.00 0.00 17.60 0}{17.60 0.00 0.00 0.00 22.00 0}
COMM 4b-0: 481caa_48202a_482163_482257_45ea3f (2 34.00 1 24.00 3 54.00){0.00 0.00 0.00 0.00 9.60 0}{9.60 0.00 0.00 0.00 19.20 0}{19.20 24.00 24.00 24.00 38.40 1}{38.40 0.00 0.00 0.00 48.00 0}{48.00 54.00 54.00 54.00 60.00 1}
COMM 4b-1: 48ac05_48ae89_48af5d_48b016_45e93f (2 14.33 0 4.00 2 35.00){0.00 0.00 0.00 0.00 1.60 0}{1.60 0.00 0.00 0.00 3.20 0}{3.20 4.00 4.00 4.00 6.40 1}{6.40 0.00 0.00 0.00 8.00 0}{8.00 35.00 35.00 35.00 62.00 1}
10 2 
12 1 
14 16 
18 3 

RANKS: 1 -1 0 2 2
EVENT54: 1090 479b76_479f4b_47a0b6_47a1d7
COMP 4b-0: 46a0df_46a43f_46a582_46a674_466371 (2 29.67 0 29.00 2 31.00){0.00 0.00 0.00 0.00 11.60 0}{11.60 0.00 0.00 0.00 23.20 0}{23.20 29.00 30.00 31.00 34.80 2}{34.80 0.00 0.00 0.00 46.40 0}{46.40 0.00 0.00 0.00 58.00 0}
COMM 4b-0: 46a0df_46a43f_46a582_46a674_466371 (2 1.00 0 1.00 0 1.00){0.00 0.00 0.00 0.00 0.40 0}{0.40 0.00 0.00 0.00 0.80 0}{0.80 1.00 1.00 1.00 1.20 2}{1.20 0.00 0.00 0.00 1.60 0}{1.60 0.00 0.00 0.00 2.00 0}
10 2 
12 64 
14 16 
1b 0 
2b 2147483647 

RANKS: 1 -1 0 2 2
EVENT55: 1148 48ac05_48ae89_48af5d_48b016
COMP 4b-0: 479b76_479f4b_47a0b6_47a1d7 (2 6.33 0 6.00 2 7.00){0.00 0.00 0.00 0.00 2.40 0}{2.40 0.00 0.00 0.00 4.80 0}{4.80 6.00 6.50 7.00 7.20 2}{7.20 0.00 0.00 0.00 9.60 0}{9.60 0.00 0.00 0.00 12.00 0}
COMM 4b-0: 479b76_479f4b_47a0b6_47a1d7 (2 2.33 0 2.00 2 3.00){0.00 0.00 0.00 0.00 0.80 0}{0.80 0.00 0.00 0.00 1.60 0}{1.60 2.00 2.00 2.00 2.40 1}{2.40 3.00 3.00 3.00 3.20 1}{3.20 0.00 0.00 0.00 4.00 0}
1c 9999 

RANKS: 1 -1 1 2 2
EVENT56: 1113 481caa_48202a_482163_482257
COMP 4b-0: 46a0df_46a43f_46a582_46a674_466371 (2 26.67 3 26.00 1 27.00){0.00 0.00 0.00 0.00 10.80 0}{10.80 0.00 0.00 0.00 21.60 0}{21.60 26.00 26.50 27.00 32.40 2}{32.40 0.00 0.00 0.00 43.20 0}{43.20 0.00 0.00 0.00 54.00 0}
COMM 4b-0: 46a0df_46a43f_46a582_46a674_466371 (2 2.00 1 2.00 1 2.00){0.00 0.00 0.00 0.00 0.80 0}{0.80 0.00 0.00 0.00 1.60 0}{1.60 2.00 2.00 2.00 2.40 2}{2.40 0.00 0.00 0.00 3.20 0}{3.20 0.00 0.00 0.00 4.00 0}
10 2 
12 64 
14 16 
1a 3 
1b 0 

RANKS: 1 -1 0 4 1
EVENT57: 1004 46a0df_46a43f_46a582_46a674_466744
COMP 4b-0: 481caa_48202a_482163_482257 (2 14.00 1 14.00 1 14.00){0.00 0.00 0.00 0.00 5.60 0}{5.60 0.00 0.00 0.00 11.20 0}{11.20 14.00 14.00 14.00 16.80 2}{16.80 0.00 0.00 0.00 22.40 0}{22.40 0.00 0.00 0.00 28.00 0}
COMP 4b-1: 48ac05_48ae89_48af5d_48b016 (2 14.00 0 14.00 0 14.00){0.00 0.00 0.00 0.00 5.60 0}{5.60 0.00 0.00 0.00 11.20 0}{11.20 14.00 14.00 14.00 16.80 2}{16.80 0.00 0.00 0.00 22.40 0}{22.40 0.00 0.00 0.00 28.00 0}
COMM 4b-0: 481caa_48202a_482163_482257 (2 25.00 1 24.00 3 27.00){0.00 0.00 0.00 0.00 9.60 0}{9.60 0.00 0.00 0.00 19.20 0}{19.20 24.00 25.50 27.00 28.80 2}{28.80 0.00 0.00 0.00 38.40 0}{38.40 0.00 0.00 0.00 48.00 0}
COMM 4b-1: 48ac05_48ae89_48af5d_48b016 (2 10.00 2 4.00 0 13.00){0.00 4.00 4.00 4.00 5.20 1}{5.20 0.00 0.00 0.00 10.40 0}{10.40 13.00 13.00 13.00 15.60 1}{15.60 0.00 0.00 0.00 20.80 0}{20.80 0.00 0.00 0.00 26.00 0}
10 2 
12 1 
14 16 
18 3 

RANKS: 1 -1 0 2 1
EVENT58: 1090 479b76_479f4b_47a0b6_47a1d7_45ec18
COMP 4b-0: 46a0df_46a43f_46a582_46a674_466744 (2 30.00 0 30.00 0 30.00){0.00 0.00 0.00 0.00 12.00 0}{12.00 0.00 0.00 0.00 24.00 0}{24.00 30.00 30.00 30.00 36.00 2}{36.00 0.00 0.00 0.00 48.00 0}{48.00 0.00 0.00 0.00 60.00 0}
COMM 4b-0: 46a0df_46a43f_46a582_46a674_466744 (2 1.00 0 1.00 0 1.00){0.00 0.00 0.00 0.00 0.40 0}{0.40 0.00 0.00 0.00 0.80 0}{0.80 1.00 1.00 1.00 1.20 2}{1.20 0.00 0.00 0.00 1.60 0}{1.60 0.00 0.00 0.00 2.00 0}
10 2 
12 64 
14 16 
1b 0 
2b 2147483647 

RANKS: 1 -1 0 2 1
EVENT59: 1148 48ac05_48ae89_48af5d_48b016_45ec2d
COMP 4b-0: 479b76_479f4b_47a0b6_47a1d7_45ec18 (2 8.00 0 8.00 0 8.00){0.00 0.00 0.00 0.00 3.20 0}{3.20 0.00 0.00 0.00 6.40 0}{6.40 8.00 8.00 8.00 9.60 2}{9.60 0.00 0.00 0.00 12.80 0}{12.80 0.00 0.00 0.00 16.00 0}
COMM 4b-0: 479b76_479f4b_47a0b6_47a1d7_45ec18 (2 3.00 0 3.00 0 3.00){0.00 0.00 0.00 0.00 1.20 0}{1.20 0.00 0.00 0.00 2.40 0}{2.40 3.00 3.00 3.00 3.60 2}{3.60 0.00 0.00 0.00 4.80 0}{4.80 0.00 0.00 0.00 6.00 0}
1c 9999 

RANKS: 1 -1 2 2 1
EVENT60: 1113 481caa_48202a_482163_482257_45ecda
COMP 4b-0: 46a0df_46a43f_46a582_46a674_466744 (2 31.00 2 29.00 3 32.00){0.00 0.00 0.00 0.00 12.80 0}{12.80 0.00 0.00 0.00 25.60 0}{25.60 29.00 30.50 32.00 38.40 2}{38.40 0.00 0.00 0.00 51.20 0}{51.20 0.00 0.00 0.00 64.00 0}
COMM 4b-0: 46a0df_46a43f_46a582_46a674_466744 (2 2.00 3 2.00 3 2.00){0.00 0.00 0.00 0.00 0.80 0}{0.80 0.00 0.00 0.00 1.60 0}{1.60 2.00 2.00 2.00 2.40 2}{2.40 0.00 0.00 0.00 3.20 0}{3.20 0.00 0.00 0.00 4.00 0}
10 2 
12 64 
14 16 
1a 2 
1b 0 

RANKS: 1 -1 0 4 1
EVENT61: 1004 46a0df_46a43f_46a582_46a674
COMP 4b-0: 481caa_48202a_482163_482257_45ecda (2 14.33 2 13.00 3 15.00){0.00 0.00 0.00 0.00 6.00 0}{6.00 0.00 0.00 0.00 12.00 0}{12.00 13.00 14.00 15.00 18.00 2}{18.00 0.00 0.00 0.00 24.00 0}{24.00 0.00 0.00 0.00 30.00 0}
COMP 4b-1: 48ac05_48ae89_48af5d_48b016_45ec2d (2 14.00 0 14.00 0 14.00){0.00 0.00 0.00 0.00 5.60 0}{5.60 0.00 0.00 0.00 11.20 0}{11.20 14.00 14.00 14.00 16.80 2}{16.80 0.00 0.00 0.00 22.40 0}{22.40 0.00 0.00 0.00 28.00 0}
COMM 4b-0: 481caa_48202a_482163_482257_45ecda (2 31.00 3 31.00 3 31.00){0.00 0.00 0.00 0.00 12.40 0}{12.40 0.00 0.00 0.00 24.80 0}{24.80 31.00 31.00 31.00 37.20 2}{37.20 0.00 0.00 0.00 49.60 0}{49.60 0.00 0.00 0.00 62.00 0}
COMM 4b-1: 48ac05_48ae89_48af5d_48b016_45ec2d (2 7.00 1 5.00 0 8.00){0.00 0.00 0.00 0.00 3.20 0}{3.20 5.00 5.00 5.00 6.40 1}{6.40 8.00 8.00 8.00 9.60 1}{9.60 0.00 0.00 0.00 12.80 0}{12.80 0.00 0.00 0.00 16.00 0}
10 2 
12 1 
14 16 
18 3 

RANKS: 1 -1 0 4 1
EVENT62: 1045 472a3f_472ab3_472b19_472b74
COMP 4b-0: 46a0df_46a43f_46a582_46a674 (4 3215.60 1 3211.00 0 3217.00){0.00 0.00 0.00 0.00 1286.80 0}{1286.80 0.00 0.00 0.00 2573.60 0}{2573.60 3211.00 3215.25 3217.00 3860.40 4}{3860.40 0.00 0.00 0.00 5147.20 0}{5147.20 0.00 0.00 0.00 6434.00 0}

