RANKS: 1 -1 0 4 1
EVENT0: 1084 47960c_4796cb_479761_4797bc
33 2 
34 0 

RANKS: 1 -1 0 4 1
EVENT1: 1011 46d7e9_46db18_46dc33_46dd1f
COMP 4c-0: 46d7e9_46db18_46dc33_46dd1f (32 15.76 0 14.00 0 17.00){0.00 0.00 0.00 0.00 5.60 0}{5.60 0.00 0.00 0.00 11.20 0}{11.20 14.00 15.77 16.00 16.80 31}{16.80 17.00 17.00 17.00 22.40 1}{22.40 0.00 0.00 0.00 28.00 0}
COMP 4c-1: 47960c_4796cb_479761_4797bc (4 54.80 1 24.00 0 101.00){0.00 24.00 24.00 24.00 40.40 3}{40.40 0.00 0.00 0.00 80.80 0}{80.80 101.00 101.00 101.00 121.20 1}{121.20 0.00 0.00 0.00 161.60 0}{161.60 0.00 0.00 0.00 202.00 0}
COMM 4b-0: 46d7e9_46db18_46dc33_46dd1f (32 11.85 3 1.00 1 72.00){0.00 1.00 1.00 1.00 1.60 1}{1.60 2.00 2.50 3.00 3.20 18}{3.20 4.00 4.17 5.00 6.40 6}{6.40 0.00 0.00 0.00 8.00 0}{8.00 10.00 45.14 72.00 132.00 7}
COMM 4b-1: 47960c_4796cb_479761_4797bc (4 130.00 0 17.00 2 568.00){0.00 0.00 0.00 0.00 6.80 0}{6.80 0.00 0.00 0.00 13.60 0}{13.60 17.00 17.00 17.00 20.40 1}{20.40 22.00 24.00 26.00 34.00 2}{34.00 568.00 568.00 568.00 1102.00 1}
LOOP0: iter: ( 9 )[ 1 -1 0 4 1 ] mem: ( 1 )[ 1 -1 0 4 1 ]
10 2 
12 1 1 1 1 1 5 1 1 1 
14 14 14 14 16 16 16 14 14 14 
19 0 

RANKS: 1 -1 2 1 0
EVENT2: 1113 48253a_4828ba_4829f3_482ae7
COMP 4c-0: 46d7e9_46db18_46dc33_46dd1f (1 633452.00 2 633452.00 2 633452.00){0.00 0.00 0.00 0.00 253380.80 0}{253380.80 0.00 0.00 0.00 506761.60 0}{506761.60 633452.00 633452.00 633452.00 760142.40 1}{760142.40 0.00 0.00 0.00 1013523.20 0}{1013523.20 0.00 0.00 0.00 1266904.00 0}
COMM 4b-0: 46d7e9_46db18_46dc33_46dd1f (1 2104.00 2 2104.00 2 2104.00){0.00 0.00 0.00 0.00 841.60 0}{841.60 0.00 0.00 0.00 1683.20 0}{1683.20 2104.00 2104.00 2104.00 2524.80 1}{2524.80 0.00 0.00 0.00 3366.40 0}{3366.40 0.00 0.00 0.00 4208.00 0}
10 2 
12 52020 
14 16 
1a 1 
1b 0 

RANKS: 1 -1 1 2 1
EVENT3: 1090 47a406_47a7db_47a946_47aa67
COMP 4c-0: 46d7e9_46db18_46dc33_46dd1f (1 633279.00 1 633279.00 1 633279.00){0.00 0.00 0.00 0.00 253311.60 0}{253311.60 0.00 0.00 0.00 506623.20 0}{506623.20 633279.00 633279.00 633279.00 759934.80 1}{759934.80 0.00 0.00 0.00 1013246.40 0}{1013246.40 0.00 0.00 0.00 1266558.00 0}
COMP 4c-1: 48253a_4828ba_4829f3_482ae7 (1 15.00 2 15.00 2 15.00){0.00 0.00 0.00 0.00 6.00 0}{6.00 0.00 0.00 0.00 12.00 0}{12.00 15.00 15.00 15.00 18.00 1}{18.00 0.00 0.00 0.00 24.00 0}{24.00 0.00 0.00 0.00 30.00 0}
COMP 4c-2: 48b495_48b719_48b7ed_48b8a6 (1 93824.00 2 93824.00 2 93824.00){0.00 0.00 0.00 0.00 37529.60 0}{37529.60 0.00 0.00 0.00 75059.20 0}{75059.20 93824.00 93824.00 93824.00 112588.80 1}{112588.80 0.00 0.00 0.00 150118.40 0}{150118.40 0.00 0.00 0.00 187648.00 0}
COMM 4b-0: 46d7e9_46db18_46dc33_46dd1f (1 5.00 1 5.00 1 5.00){0.00 0.00 0.00 0.00 2.00 0}{2.00 0.00 0.00 0.00 4.00 0}{4.00 5.00 5.00 5.00 6.00 1}{6.00 0.00 0.00 0.00 8.00 0}{8.00 0.00 0.00 0.00 10.00 0}
COMM 4b-1: 48253a_4828ba_4829f3_482ae7 (1 4.00 2 4.00 2 4.00){0.00 0.00 0.00 0.00 1.60 0}{1.60 0.00 0.00 0.00 3.20 0}{3.20 4.00 4.00 4.00 4.80 1}{4.80 0.00 0.00 0.00 6.40 0}{6.40 0.00 0.00 0.00 8.00 0}
COMM 4b-2: 48b495_48b719_48b7ed_48b8a6 (1 3.00 2 3.00 2 3.00){0.00 0.00 0.00 0.00 1.20 0}{1.20 0.00 0.00 0.00 2.40 0}{2.40 3.00 3.00 3.00 3.60 1}{3.60 0.00 0.00 0.00 4.80 0}{4.80 0.00 0.00 0.00 6.00 0}
LOOP0: iter: ( 2 )[ 1 -1 2 1 0 ] mem: ( 2 )[ 1 -1 2 1 0 ]
10 2 
12 52020 
14 16 
1b 0 
2b 2147483647 

RANKS: 1 -1 1 2 1
EVENT4: 1148 48b495_48b719_48b7ed_48b8a6
COMP 4c-0: 47a406_47a7db_47a946_47aa67 (3 15.75 2 15.00 1 16.00){0.00 0.00 0.00 0.00 6.40 0}{6.40 0.00 0.00 0.00 12.80 0}{12.80 15.00 15.67 16.00 19.20 3}{19.20 0.00 0.00 0.00 25.60 0}{25.60 0.00 0.00 0.00 32.00 0}
COMM 4b-0: 47a406_47a7db_47a946_47aa67 (3 545.00 2 236.00 2 700.00){0.00 236.00 236.00 236.00 248.80 1}{248.80 0.00 0.00 0.00 497.60 0}{497.60 622.00 661.00 700.00 746.40 2}{746.40 0.00 0.00 0.00 995.20 0}{995.20 0.00 0.00 0.00 1244.00 0}
1c 9999 

RANKS: 1 -1 1 2 1
EVENT5: 1113 48253a_4828ba_4829f3_482ae7
COMP 4c-0: 48253a_4828ba_4829f3_482ae7 (2 129144.33 1 93899.00 2 199635.00){0.00 0.00 0.00 0.00 37559.60 0}{37559.60 0.00 0.00 0.00 75119.20 0}{75119.20 93899.00 93899.00 93899.00 150238.40 1}{150238.40 0.00 0.00 0.00 187798.00 0}{187798.00 199635.00 199635.00 199635.00 211472.00 1}
COMP 4c-1: 48b495_48b719_48b7ed_48b8a6 (2 371.67 1 371.00 2 373.00){0.00 0.00 0.00 0.00 148.40 0}{148.40 0.00 0.00 0.00 296.80 0}{296.80 371.00 372.00 373.00 445.20 2}{445.20 0.00 0.00 0.00 593.60 0}{593.60 0.00 0.00 0.00 742.00 0}
COMM 4b-0: 48253a_4828ba_4829f3_482ae7 (2 1201.67 2 247.00 1 1679.00){0.00 247.00 247.00 247.00 671.60 1}{671.60 0.00 0.00 0.00 1343.20 0}{1343.20 1679.00 1679.00 1679.00 2014.80 1}{2014.80 0.00 0.00 0.00 2686.40 0}{2686.40 0.00 0.00 0.00 3358.00 0}
COMM 4b-1: 48b495_48b719_48b7ed_48b8a6 (2 375.67 2 235.00 1 446.00){0.00 0.00 0.00 0.00 178.40 0}{178.40 235.00 235.00 235.00 356.80 1}{356.80 446.00 446.00 446.00 535.20 1}{535.20 0.00 0.00 0.00 713.60 0}{713.60 0.00 0.00 0.00 892.00 0}
LOOP0: iter: ( 2 )[ 1 -1 1 2 1 ] mem: ( 1 )[ 1 -1 1 2 1 ]
10 2 
12 52020 
14 16 
1a ( 3 2 )[ 1 -1 1 1 0 ]
1a ( 2 1 )[ 1 -1 2 1 0 ]
1b 0 

RANKS: 1 -1 1 3 1
EVENT6: 1090 47a406_47a7db_47a946_47aa67
COMP 4c-0: 46d7e9_46db18_46dc33_46dd1f (1 633295.00 3 633295.00 3 633295.00){0.00 0.00 0.00 0.00 253318.00 0}{253318.00 0.00 0.00 0.00 506636.00 0}{506636.00 633295.00 633295.00 633295.00 759954.00 1}{759954.00 0.00 0.00 0.00 1013272.00 0}{1013272.00 0.00 0.00 0.00 1266590.00 0}
COMP 4c-1: 48253a_4828ba_4829f3_482ae7 (5 64449.83 1 16.00 3 199451.00){0.00 0.00 0.00 0.00 6.40 0}{6.40 0.00 0.00 0.00 12.80 0}{12.80 16.00 16.00 16.00 32.00 2}{32.00 93485.00 93600.00 93715.00 186938.00 2}{186938.00 199451.00 199451.00 199451.00 211964.00 1}
COMP 4c-2: 48b495_48b719_48b7ed_48b8a6 (2 164248.33 2 93595.00 1 199575.00){0.00 0.00 0.00 0.00 79830.00 0}{79830.00 93595.00 93595.00 93595.00 159660.00 1}{159660.00 199575.00 199575.00 199575.00 239490.00 1}{239490.00 0.00 0.00 0.00 319320.00 0}{319320.00 0.00 0.00 0.00 399150.00 0}
COMM 4b-0: 46d7e9_46db18_46dc33_46dd1f (1 6.00 3 6.00 3 6.00){0.00 0.00 0.00 0.00 2.40 0}{2.40 0.00 0.00 0.00 4.80 0}{4.80 6.00 6.00 6.00 7.20 1}{7.20 0.00 0.00 0.00 9.60 0}{9.60 0.00 0.00 0.00 12.00 0}
COMM 4b-1: 48253a_4828ba_4829f3_482ae7 (5 2.50 1 2.00 3 3.00){0.00 0.00 0.00 0.00 0.80 0}{0.80 0.00 0.00 0.00 1.60 0}{1.60 2.00 2.00 2.00 2.40 2}{2.40 3.00 3.00 3.00 3.20 3}{3.20 0.00 0.00 0.00 4.00 0}
COMM 4b-2: 48b495_48b719_48b7ed_48b8a6 (2 2.67 2 2.00 1 3.00){0.00 0.00 0.00 0.00 1.20 0}{1.20 2.00 2.00 2.00 2.40 1}{2.40 3.00 3.00 3.00 3.60 1}{3.60 0.00 0.00 0.00 4.80 0}{4.80 0.00 0.00 0.00 6.00 0}
LOOP0: iter: ( 2 )[ 1 -1 1 2 1 ]( 4 )[ 1 -1 3 1 0 ] mem: ( 2 )[ 1 -1 1 2 1 ]( 3 )[ 1 -1 3 1 0 ]
10 2 
12 52020 
14 16 
1b 0 
2b 2147483647 

RANKS: 1 -1 1 3 1
EVENT7: 1148 48b495_48b719_48b7ed_48b8a6
COMP 4c-0: 47a406_47a7db_47a946_47aa67 (8 15.00 3 14.00 3 16.00){0.00 0.00 0.00 0.00 6.00 0}{6.00 0.00 0.00 0.00 12.00 0}{12.00 14.00 15.00 16.00 18.00 8}{18.00 0.00 0.00 0.00 24.00 0}{24.00 0.00 0.00 0.00 30.00 0}
COMM 4b-0: 47a406_47a7db_47a946_47aa67 (8 431.00 3 239.00 3 692.00){0.00 0.00 0.00 0.00 178.00 0}{178.00 239.00 287.00 335.00 356.00 2}{356.00 361.00 433.60 485.00 534.00 5}{534.00 692.00 692.00 692.00 712.00 1}{712.00 0.00 0.00 0.00 890.00 0}
1c 9999 

RANKS: 1 -1 0 4 1
EVENT8: 1113 48253a_4828ba_4829f3_482ae7
COMP 4c-0: 46d7e9_46db18_46dc33_46dd1f (1 633436.00 0 633436.00 0 633436.00){0.00 0.00 0.00 0.00 253374.40 0}{253374.40 0.00 0.00 0.00 506748.80 0}{506748.80 633436.00 633436.00 633436.00 760123.20 1}{760123.20 0.00 0.00 0.00 1013497.60 0}{1013497.60 0.00 0.00 0.00 1266872.00 0}
COMP 4c-1: 48253a_4828ba_4829f3_482ae7 (1 93665.00 1 93665.00 1 93665.00){0.00 0.00 0.00 0.00 37466.00 0}{37466.00 0.00 0.00 0.00 74932.00 0}{74932.00 93665.00 93665.00 93665.00 112398.00 1}{112398.00 0.00 0.00 0.00 149864.00 0}{149864.00 0.00 0.00 0.00 187330.00 0}
COMP 4c-2: 48b495_48b719_48b7ed_48b8a6 (9 48379.40 3 370.00 0 199767.00){0.00 370.00 371.50 373.00 37603.20 6}{37603.20 0.00 0.00 0.00 75206.40 0}{75206.40 93782.00 93895.00 94008.00 150412.80 2}{150412.80 0.00 0.00 0.00 188016.00 0}{188016.00 199767.00 199767.00 199767.00 211518.00 1}
COMM 4b-0: 46d7e9_46db18_46dc33_46dd1f (1 504.00 0 504.00 0 504.00){0.00 0.00 0.00 0.00 201.60 0}{201.60 0.00 0.00 0.00 403.20 0}{403.20 504.00 504.00 504.00 604.80 1}{604.80 0.00 0.00 0.00 806.40 0}{806.40 0.00 0.00 0.00 1008.00 0}
COMM 4b-1: 48253a_4828ba_4829f3_482ae7 (1 245.00 1 245.00 1 245.00){0.00 0.00 0.00 0.00 98.00 0}{98.00 0.00 0.00 0.00 196.00 0}{196.00 245.00 245.00 245.00 294.00 1}{294.00 0.00 0.00 0.00 392.00 0}{392.00 0.00 0.00 0.00 490.00 0}
COMM 4b-2: 48b495_48b719_48b7ed_48b8a6 (9 546.20 2 232.00 0 1674.00){0.00 232.00 264.25 457.00 669.60 8}{669.60 0.00 0.00 0.00 1339.20 0}{1339.20 1674.00 1674.00 1674.00 2008.80 1}{2008.80 0.00 0.00 0.00 2678.40 0}{2678.40 0.00 0.00 0.00 3348.00 0}
LOOP0: iter: ( 4 )[ 1 -1 0 1 0 ]( 2 )[ 1 -1 1 1 0 ] mem: ( 3 )[ 1 -1 0 1 0 ]( 1 )[ 1 -1 1 1 0 ]
10 2 
12 52020 
14 16 
1a ( 1 2 )[ 1 -1 0 1 0 ]
1a ( 3 2 )[ 1 -1 1 2 2 ]
1a ( 2 )[ 1 -1 2 1 0 ]
1b 0 

RANKS: 1 -1 0 2 1
EVENT9: 1090 47a406_47a7db_47a946_47aa67
COMP 4c-0: 48253a_4828ba_4829f3_482ae7 (5 14.83 0 14.00 1 16.00){0.00 0.00 0.00 0.00 6.00 0}{6.00 0.00 0.00 0.00 12.00 0}{12.00 14.00 14.80 16.00 18.00 5}{18.00 0.00 0.00 0.00 24.00 0}{24.00 0.00 0.00 0.00 30.00 0}
COMM 4b-0: 48253a_4828ba_4829f3_482ae7 (5 2.67 0 2.00 0 4.00){0.00 0.00 0.00 0.00 1.60 0}{1.60 2.00 2.00 2.00 3.20 4}{3.20 4.00 4.00 4.00 4.80 1}{4.80 0.00 0.00 0.00 6.40 0}{6.40 0.00 0.00 0.00 8.00 0}
10 2 
12 52020 
14 16 
1b 0 
2b 2147483647 

RANKS: 1 -1 0 2 1
EVENT10: 1148 48b495_48b719_48b7ed_48b8a6
COMP 4c-0: 47a406_47a7db_47a946_47aa67 (5 15.33 0 15.00 0 16.00){0.00 0.00 0.00 0.00 6.40 0}{6.40 0.00 0.00 0.00 12.80 0}{12.80 15.00 15.20 16.00 19.20 5}{19.20 0.00 0.00 0.00 25.60 0}{25.60 0.00 0.00 0.00 32.00 0}
COMM 4b-0: 47a406_47a7db_47a946_47aa67 (5 559.50 1 438.00 0 698.00){0.00 0.00 0.00 0.00 279.20 0}{279.20 438.00 490.25 512.00 558.40 4}{558.40 698.00 698.00 698.00 837.60 1}{837.60 0.00 0.00 0.00 1116.80 0}{1116.80 0.00 0.00 0.00 1396.00 0}
1c 9999 

RANKS: 1 -1 0 4 1
EVENT11: 1004 46a96f_46accf_46ae12_46af04
COMP 4c-0: 48253a_4828ba_4829f3_482ae7 (2 194744.67 2 194742.00 3 194746.00){0.00 0.00 0.00 0.00 77898.40 0}{77898.40 0.00 0.00 0.00 155796.80 0}{155796.80 194742.00 194744.00 194746.00 233695.20 2}{233695.20 0.00 0.00 0.00 311593.60 0}{311593.60 0.00 0.00 0.00 389492.00 0}
COMP 4c-1: 48b495_48b719_48b7ed_48b8a6 (2 194872.33 1 194869.00 0 194874.00){0.00 0.00 0.00 0.00 77949.60 0}{77949.60 0.00 0.00 0.00 155899.20 0}{155899.20 194869.00 194871.50 194874.00 233848.80 2}{233848.80 0.00 0.00 0.00 311798.40 0}{311798.40 0.00 0.00 0.00 389748.00 0}
COMM 4b-0: 48253a_4828ba_4829f3_482ae7 (2 264.00 2 160.00 3 316.00){0.00 0.00 0.00 0.00 126.40 0}{126.40 160.00 160.00 160.00 252.80 1}{252.80 316.00 316.00 316.00 379.20 1}{379.20 0.00 0.00 0.00 505.60 0}{505.60 0.00 0.00 0.00 632.00 0}
COMM 4b-1: 48b495_48b719_48b7ed_48b8a6 (2 87.33 0 40.00 1 182.00){0.00 0.00 0.00 0.00 16.00 0}{16.00 0.00 0.00 0.00 32.00 0}{32.00 40.00 40.00 40.00 64.00 1}{64.00 0.00 0.00 0.00 80.00 0}{80.00 182.00 182.00 182.00 284.00 1}
10 2 
12 5 
14 16 
18 3 

RANKS: 1 -1 0 4 1
EVENT12: 1010 46d300_46d535_46d5d9_46d655
COMP 4c-0: 46a96f_46accf_46ae12_46af04 (4 14.40 0 14.00 3 15.00){0.00 0.00 0.00 0.00 5.60 0}{5.60 0.00 0.00 0.00 11.20 0}{11.20 14.00 14.50 15.00 16.80 4}{16.80 0.00 0.00 0.00 22.40 0}{22.40 0.00 0.00 0.00 28.00 0}
COMM 4b-0: 46a96f_46accf_46ae12_46af04 (4 169.00 2 134.00 3 271.00){0.00 0.00 0.00 0.00 60.00 0}{60.00 0.00 0.00 0.00 120.00 0}{120.00 134.00 141.33 150.00 180.00 3}{180.00 0.00 0.00 0.00 240.00 0}{240.00 271.00 271.00 271.00 300.00 1}
10 2 

RANKS: 1 -1 1 3 1
EVENT13: 1102 47da79_47de3e_47dfa8_47e0c7
COMP 4c-0: 46d300_46d535_46d5d9_46d655 (3 12711.00 1 12711.00 1 12711.00){0.00 0.00 0.00 0.00 5084.40 0}{5084.40 0.00 0.00 0.00 10168.80 0}{10168.80 12711.00 12711.00 12711.00 15253.20 3}{15253.20 0.00 0.00 0.00 20337.60 0}{20337.60 0.00 0.00 0.00 25422.00 0}
COMP 4c-1: 47da79_47de3e_47dfa8_47e0c7 (199 1791.40 3 16.00 3 3601.00){0.00 0.00 0.00 0.00 6.40 0}{6.40 0.00 0.00 0.00 12.80 0}{12.80 16.00 17.66 18.00 25.60 100}{25.60 0.00 0.00 0.00 32.00 0}{32.00 3600.00 3600.99 3601.00 7168.00 99}
COMP 4c-2: 48253a_4828ba_4829f3_482ae7 (398 1863.32 1 1813.00 1 1914.00){0.00 0.00 0.00 0.00 764.00 0}{764.00 0.00 0.00 0.00 1528.00 0}{1528.00 1813.00 1863.21 1914.00 2292.00 398}{2292.00 0.00 0.00 0.00 3056.00 0}{3056.00 0.00 0.00 0.00 3820.00 0}
COMM 4b-0: 46d300_46d535_46d5d9_46d655 (3 657.25 1 552.00 3 950.00){0.00 0.00 0.00 0.00 220.80 0}{220.80 0.00 0.00 0.00 441.60 0}{441.60 552.00 563.50 575.00 662.40 2}{662.40 0.00 0.00 0.00 883.20 0}{883.20 950.00 950.00 950.00 1104.00 1}
COMM 4b-1: 47da79_47de3e_47dfa8_47e0c7 (199 5.03 3 1.00 3 147.00){0.00 1.00 2.08 3.00 3.20 85}{3.20 4.00 4.00 4.00 4.00 54}{4.00 5.00 5.38 6.00 6.00 39}{6.00 7.00 12.70 51.00 96.00 20}{96.00 147.00 147.00 147.00 198.00 1}
COMM 4b-2: 48253a_4828ba_4829f3_482ae7 (398 10.40 2 1.00 2 1220.00){0.00 1.00 1.00 1.00 1.20 1}{1.20 1.83 3.31 3.59 3.60 272}{3.60 4.00 4.42 6.00 6.00 107}{6.00 6.10 12.29 57.00 64.00 14}{64.00 147.00 649.75 1220.00 2084.00 4}
LOOP0: iter: ( 200 )[ 1 -1 1 3 1 ] mem: ( 2 )[ 1 -1 1 2 1 ]( 1 )[ 1 -1 3 1 0 ]
10 2 
12 250 
14 16 
1b 0 
2b ( 3 3 3 3 3 3 3 3 3 3 3 3 3 3 3 3 3 3 3 3 3 3 3 3 3 3 3 3 3 3 3 3 3 3 3 3 3 3 3 3 3 3 3 3 3 3 3 3 3 3 3 3 3 3 3 3 3 3 3 3 3 3 3 3 3 3 3 3 3 3 3 3 3 3 3 3 3 3 3 3 3 3 3 3 3 3 3 3 3 3 3 3 3 3 3 3 3 3 3 3 2 2 2 2 2 2 2 2 2 2 2 2 2 2 2 2 2 2 2 2 2 2 2 2 2 2 2 2 2 2 2 2 2 2 2 2 2 2 2 2 2 2 2 2 2 2 2 2 2 2 2 2 2 2 2 2 2 2 2 2 2 2 2 2 2 2 2 2 2 2 2 2 2 2 2 2 2 2 2 2 2 2 2 2 2 2 2 2 2 2 2 2 2 2 2 2 2 2 2 2 )[ 1 -1 1 1 0 ]
2b ( 3 2 )[ 1 -1 3 1 0 ]
2b ( 2 2 2 2 2 2 2 2 2 2 2 2 2 2 2 2 2 2 2 2 2 2 2 2 2 2 2 2 2 2 2 2 2 2 2 2 2 2 2 2 2 2 2 2 2 2 2 2 2 2 2 2 2 2 2 2 2 2 2 2 2 2 2 2 2 2 2 2 2 2 2 2 2 2 2 2 2 2 2 2 2 2 2 2 2 2 2 2 2 2 2 2 2 2 2 2 2 2 2 2 1 1 1 1 1 1 1 1 1 1 1 1 1 1 1 1 1 1 1 1 1 1 1 1 1 1 1 1 1 1 1 1 1 1 1 1 1 1 1 1 1 1 1 1 1 1 1 1 1 1 1 1 1 1 1 1 1 1 1 1 1 1 1 1 1 1 1 1 1 1 1 1 1 1 1 1 1 1 1 1 1 1 1 1 1 1 1 1 1 1 1 1 1 1 1 1 1 1 1 1 )[ 1 -1 2 1 0 ]

RANKS: 1 -1 2 1 0
EVENT14: 1113 48253a_4828ba_4829f3_482ae7
COMP 4c-0: 47da79_47de3e_47dfa8_47e0c7 (200 1692.13 2 1679.00 2 1705.00){0.00 0.00 0.00 0.00 681.60 0}{681.60 0.00 0.00 0.00 1363.20 0}{1363.20 1679.00 1692.07 1705.00 2044.80 200}{2044.80 0.00 0.00 0.00 2726.40 0}{2726.40 0.00 0.00 0.00 3408.00 0}
COMM 4b-0: 47da79_47de3e_47dfa8_47e0c7 (200 3.72 2 2.00 2 111.00){0.00 2.00 2.00 2.00 2.40 19}{2.40 3.00 3.03 4.00 4.80 175}{4.80 6.00 6.00 6.00 9.60 1}{9.60 12.00 12.00 12.00 12.00 1}{12.00 14.00 38.75 111.00 210.00 4}
10 2 
12 250 
14 16 
1a 1 1 1 1 1 1 1 1 1 1 1 1 1 1 1 1 1 1 1 1 1 1 1 1 1 1 1 1 1 1 1 1 1 1 1 1 1 1 1 1 1 1 1 1 1 1 1 1 1 1 1 1 1 1 1 1 1 1 1 1 1 1 1 1 1 1 1 1 1 1 1 1 1 1 1 1 1 1 1 1 1 1 1 1 1 1 1 1 1 1 1 1 1 1 1 1 1 1 1 1 2 2 2 2 2 2 2 2 2 2 2 2 2 2 2 2 2 2 2 2 2 2 2 2 2 2 2 2 2 2 2 2 2 2 2 2 2 2 2 2 2 2 2 2 2 2 2 2 2 2 2 2 2 2 2 2 2 2 2 2 2 2 2 2 2 2 2 2 2 2 2 2 2 2 2 2 2 2 2 2 2 2 2 2 2 2 2 2 2 2 2 2 2 2 2 2 2 2 2 2 
1b 0 

RANKS: 1 -1 0 4 1
EVENT15: 1113 48253a_4828ba_4829f3_482ae7
COMP 4c-0: 46a96f_46accf_46ae12_46af04 (1 555440.00 2 555440.00 2 555440.00){0.00 0.00 0.00 0.00 222176.00 0}{222176.00 0.00 0.00 0.00 444352.00 0}{444352.00 555440.00 555440.00 555440.00 666528.00 1}{666528.00 0.00 0.00 0.00 888704.00 0}{888704.00 0.00 0.00 0.00 1110880.00 0}
COMP 4c-1: 46d300_46d535_46d5d9_46d655 (1 14399.00 0 14399.00 0 14399.00){0.00 0.00 0.00 0.00 5759.60 0}{5759.60 0.00 0.00 0.00 11519.20 0}{11519.20 14399.00 14399.00 14399.00 17278.80 1}{17278.80 0.00 0.00 0.00 23038.40 0}{23038.40 0.00 0.00 0.00 28798.00 0}
COMP 4c-2: 47da79_47de3e_47dfa8_47e0c7 (201 1709.04 1 1679.00 3 5164.00){0.00 0.00 0.00 0.00 681.60 0}{681.60 0.00 0.00 0.00 1363.20 0}{1363.20 1679.00 1691.80 1705.00 2726.40 200}{2726.40 0.00 0.00 0.00 3408.00 0}{3408.00 5164.00 5164.00 5164.00 6920.00 1}
COMP 4c-3: 48253a_4828ba_4829f3_482ae7 (399 1819.11 3 15.00 2 23708.00){0.00 0.00 0.00 0.00 6.40 0}{6.40 0.00 0.00 0.00 12.80 0}{12.80 15.00 16.98 17.00 32.00 200}{32.00 3475.00 3537.99 3601.00 7168.00 198}{7168.00 23708.00 23708.00 23708.00 40248.00 1}
COMM 4b-0: 46a96f_46accf_46ae12_46af04 (1 1643.00 2 1643.00 2 1643.00){0.00 0.00 0.00 0.00 657.20 0}{657.20 0.00 0.00 0.00 1314.40 0}{1314.40 1643.00 1643.00 1643.00 1971.60 1}{1971.60 0.00 0.00 0.00 2628.80 0}{2628.80 0.00 0.00 0.00 3286.00 0}
COMM 4b-1: 46d300_46d535_46d5d9_46d655 (1 9.00 0 9.00 0 9.00){0.00 0.00 0.00 0.00 3.60 0}{3.60 0.00 0.00 0.00 7.20 0}{7.20 9.00 9.00 9.00 10.80 1}{10.80 0.00 0.00 0.00 14.40 0}{14.40 0.00 0.00 0.00 18.00 0}
COMM 4b-2: 47da79_47de3e_47dfa8_47e0c7 (201 3.67 1 2.00 1 111.00){0.00 2.00 2.00 2.00 2.80 33}{2.80 3.00 3.01 4.00 5.60 161}{5.60 6.00 6.50 7.00 11.20 2}{11.20 13.00 13.50 14.00 14.00 2}{14.00 15.00 47.67 111.00 208.00 3}
COMM 4b-3: 48253a_4828ba_4829f3_482ae7 (399 4.01 0 1.00 2 243.00){0.00 1.00 1.00 1.00 1.60 39}{1.60 2.00 2.00 2.00 2.40 207}{2.40 3.00 3.01 4.00 4.00 142}{4.00 17.00 48.10 102.00 184.00 10}{184.00 243.00 243.00 243.00 302.00 1}
LOOP0: iter: ( 200 )[ 1 -1 0 2 3 ]( 2 )[ 1 -1 2 1 0 ] mem: ( 1 )[ 1 -1 0 2 3 ]( 5 )[ 1 -1 2 1 0 ]
10 2 
12 ( 250 )[ 2 -1 0 2 1 -1 3 1 0 ]
12 ( 52020 )[ 1 -1 2 1 0 ]
14 16 
1a ( 1 2 )[ 1 -1 0 1 0 ]
1a ( 2 2 2 2 2 2 2 2 2 2 2 2 2 2 2 2 2 2 2 2 2 2 2 2 2 2 2 2 2 2 2 2 2 2 2 2 2 2 2 2 2 2 2 2 2 2 2 2 2 2 2 2 2 2 2 2 2 2 2 2 2 2 2 2 2 2 2 2 2 2 2 2 2 2 2 2 2 2 2 2 2 2 2 2 2 2 2 2 2 2 2 2 2 2 2 2 2 2 2 2 3 3 3 3 3 3 3 3 3 3 3 3 3 3 3 3 3 3 3 3 3 3 3 3 3 3 3 3 3 3 3 3 3 3 3 3 3 3 3 3 3 3 3 3 3 3 3 3 3 3 3 3 3 3 3 3 3 3 3 3 3 3 3 3 3 3 3 3 3 3 3 3 3 3 3 3 3 3 3 3 3 3 3 3 3 3 3 3 3 3 3 3 3 3 3 3 3 3 3 3 )[ 1 -1 1 1 0 ]
1a ( 3 2 )[ 1 -1 3 1 0 ]
1a ( 1 )[ 1 -1 2 1 0 ]
1b 0 

RANKS: 1 -1 0 1 0
EVENT16: 1102 47da79_47de3e_47dfa8_47e0c7
COMP 4c-0: 47da79_47de3e_47dfa8_47e0c7 (199 1729.15 0 16.00 0 3475.00){0.00 0.00 0.00 0.00 6.40 0}{6.40 0.00 0.00 0.00 12.80 0}{12.80 16.00 17.89 18.00 25.60 100}{25.60 0.00 0.00 0.00 32.00 0}{32.00 3475.00 3475.00 3475.00 6918.00 99}
COMP 4c-1: 48253a_4828ba_4829f3_482ae7 (1 1811.00 0 1811.00 0 1811.00){0.00 0.00 0.00 0.00 724.40 0}{724.40 0.00 0.00 0.00 1448.80 0}{1448.80 1811.00 1811.00 1811.00 2173.20 1}{2173.20 0.00 0.00 0.00 2897.60 0}{2897.60 0.00 0.00 0.00 3622.00 0}
COMM 4b-0: 47da79_47de3e_47dfa8_47e0c7 (199 8.22 0 1.00 0 373.00){0.00 1.00 1.00 1.00 1.60 45}{1.60 2.00 2.00 2.00 3.20 55}{3.20 4.00 4.00 4.00 4.00 21}{4.00 5.00 5.33 6.00 6.00 15}{6.00 7.00 21.02 373.00 740.00 63}
COMM 4b-1: 48253a_4828ba_4829f3_482ae7 (1 2664.00 0 2664.00 0 2664.00){0.00 0.00 0.00 0.00 1065.60 0}{1065.60 0.00 0.00 0.00 2131.20 0}{2131.20 2664.00 2664.00 2664.00 3196.80 1}{3196.80 0.00 0.00 0.00 4262.40 0}{4262.40 0.00 0.00 0.00 5328.00 0}
LOOP0: iter: ( 200 )[ 1 -1 0 1 0 ] mem: ( 1 )[ 1 -1 0 1 0 ]
10 2 
12 250 
14 16 
1b 0 
2b 1 2 

RANKS: 1 -1 1 3 1
EVENT17: 1090 47a406_47a7db_47a946_47aa67
COMP 4c-0: 46a96f_46accf_46ae12_46af04 (2 555271.33 1 555266.00 3 555282.00){0.00 0.00 0.00 0.00 222106.40 0}{222106.40 0.00 0.00 0.00 444212.80 0}{444212.80 555266.00 555274.00 555282.00 666319.20 2}{666319.20 0.00 0.00 0.00 888425.60 0}{888425.60 0.00 0.00 0.00 1110532.00 0}
COMP 4c-1: 48253a_4828ba_4829f3_482ae7 (6 36792.86 2 15.00 3 93481.00){0.00 15.00 15.00 15.00 9408.00 2}{9408.00 0.00 0.00 0.00 18816.00 0}{18816.00 23518.00 23519.00 23520.00 37632.00 2}{37632.00 0.00 0.00 0.00 47040.00 0}{47040.00 93481.00 93481.00 93481.00 139922.00 2}
COMP 4c-2: 48b495_48b719_48b7ed_48b8a6 (2 93595.00 2 93595.00 2 93595.00){0.00 0.00 0.00 0.00 37438.00 0}{37438.00 0.00 0.00 0.00 74876.00 0}{74876.00 93595.00 93595.00 93595.00 112314.00 2}{112314.00 0.00 0.00 0.00 149752.00 0}{149752.00 0.00 0.00 0.00 187190.00 0}
COMM 4b-0: 46a96f_46accf_46ae12_46af04 (2 2.67 3 2.00 1 3.00){0.00 0.00 0.00 0.00 1.20 0}{1.20 2.00 2.00 2.00 2.40 1}{2.40 3.00 3.00 3.00 3.60 1}{3.60 0.00 0.00 0.00 4.80 0}{4.80 0.00 0.00 0.00 6.00 0}
COMM 4b-1: 48253a_4828ba_4829f3_482ae7 (6 2.43 3 2.00 1 3.00){0.00 0.00 0.00 0.00 1.20 0}{1.20 2.00 2.00 2.00 2.40 4}{2.40 3.00 3.00 3.00 3.60 2}{3.60 0.00 0.00 0.00 4.80 0}{4.80 0.00 0.00 0.00 6.00 0}
COMM 4b-2: 48b495_48b719_48b7ed_48b8a6 (2 3.00 2 3.00 2 3.00){0.00 0.00 0.00 0.00 1.20 0}{1.20 0.00 0.00 0.00 2.40 0}{2.40 3.00 3.00 3.00 3.60 2}{3.60 0.00 0.00 0.00 4.80 0}{4.80 0.00 0.00 0.00 6.00 0}
LOOP0: iter: ( 2 )[ 1 -1 1 3 1 ] mem: ( 6 )[ 1 -1 1 1 0 ]( 4 )[ 1 -1 3 1 0 ]( 2 )[ 1 -1 2 1 0 ]
LOOP1: iter: ( 2 )[ 1 -1 3 1 0 ] mem: ( 3 )[ 1 -1 3 1 0 ]
10 2 
12 52020 
14 16 
1b 0 
2b 2147483647 

RANKS: 1 -1 1 3 1
EVENT18: 1148 48b495_48b719_48b7ed_48b8a6
COMP 4c-0: 47a406_47a7db_47a946_47aa67 (10 15.00 1 15.00 1 15.00){0.00 0.00 0.00 0.00 6.00 0}{6.00 0.00 0.00 0.00 12.00 0}{12.00 15.00 15.00 15.00 18.00 10}{18.00 0.00 0.00 0.00 24.00 0}{24.00 0.00 0.00 0.00 30.00 0}
COMM 4b-0: 47a406_47a7db_47a946_47aa67 (10 692.09 2 235.00 3 2160.00){0.00 235.00 249.50 286.00 359.60 4}{359.60 469.00 471.50 474.00 719.20 2}{719.20 844.00 871.00 899.00 1438.40 3}{1438.40 0.00 0.00 0.00 1798.00 0}{1798.00 2160.00 2160.00 2160.00 2522.00 1}
1c 9999 

RANKS: 1 -1 0 4 1
EVENT19: 1113 48253a_4828ba_4829f3_482ae7
COMP 4c-0: 46a96f_46accf_46ae12_46af04 (1 555423.00 0 555423.00 0 555423.00){0.00 0.00 0.00 0.00 222169.20 0}{222169.20 0.00 0.00 0.00 444338.40 0}{444338.40 555423.00 555423.00 555423.00 666507.60 1}{666507.60 0.00 0.00 0.00 888676.80 0}{888676.80 0.00 0.00 0.00 1110846.00 0}
COMP 4c-1: 47da79_47de3e_47dfa8_47e0c7 (1 25370.00 0 25370.00 0 25370.00){0.00 0.00 0.00 0.00 10148.00 0}{10148.00 0.00 0.00 0.00 20296.00 0}{20296.00 25370.00 25370.00 25370.00 30444.00 1}{30444.00 0.00 0.00 0.00 40592.00 0}{40592.00 0.00 0.00 0.00 50740.00 0}
COMP 4c-2: 48253a_4828ba_4829f3_482ae7 (2 93665.00 1 93665.00 1 93665.00){0.00 0.00 0.00 0.00 37466.00 0}{37466.00 0.00 0.00 0.00 74932.00 0}{74932.00 93665.00 93665.00 93665.00 112398.00 2}{112398.00 0.00 0.00 0.00 149864.00 0}{149864.00 0.00 0.00 0.00 187330.00 0}
COMP 4c-3: 48b495_48b719_48b7ed_48b8a6 (10 25845.64 1 370.00 0 93778.00){0.00 370.00 371.00 373.00 37511.20 8}{37511.20 0.00 0.00 0.00 75022.40 0}{75022.40 93778.00 93778.00 93778.00 112533.60 2}{112533.60 0.00 0.00 0.00 150044.80 0}{150044.80 0.00 0.00 0.00 187556.00 0}
COMM 4b-0: 46a96f_46accf_46ae12_46af04 (1 239.00 0 239.00 0 239.00){0.00 0.00 0.00 0.00 95.60 0}{95.60 0.00 0.00 0.00 191.20 0}{191.20 239.00 239.00 239.00 286.80 1}{286.80 0.00 0.00 0.00 382.40 0}{382.40 0.00 0.00 0.00 478.00 0}
COMM 4b-1: 47da79_47de3e_47dfa8_47e0c7 (1 250.00 0 250.00 0 250.00){0.00 0.00 0.00 0.00 100.00 0}{100.00 0.00 0.00 0.00 200.00 0}{200.00 250.00 250.00 250.00 300.00 1}{300.00 0.00 0.00 0.00 400.00 0}{400.00 0.00 0.00 0.00 500.00 0}
COMM 4b-2: 48253a_4828ba_4829f3_482ae7 (2 708.67 1 242.00 1 1642.00){0.00 0.00 0.00 0.00 96.80 0}{96.80 0.00 0.00 0.00 193.60 0}{193.60 242.00 242.00 242.00 387.20 1}{387.20 0.00 0.00 0.00 484.00 0}{484.00 1642.00 1642.00 1642.00 2800.00 1}
COMM 4b-3: 48b495_48b719_48b7ed_48b8a6 (10 373.73 2 230.00 0 1742.00){0.00 0.00 0.00 0.00 96.00 0}{96.00 0.00 0.00 0.00 192.00 0}{192.00 230.00 236.56 259.00 384.00 9}{384.00 0.00 0.00 0.00 480.00 0}{480.00 1742.00 1742.00 1742.00 3004.00 1}
LOOP0: iter: ( 2 )[ 1 -1 0 2 1 ] mem: ( 4 )[ 1 -1 0 1 0 ]( 1 )[ 1 -1 1 1 0 ]
LOOP1: iter: ( 2 )[ 1 -1 0 1 0 ] mem: ( 3 )[ 1 -1 0 1 0 ]
10 2 
12 52020 
14 16 
1a ( 1 2 )[ 1 -1 0 1 0 ]
1a ( 3 2 )[ 1 -1 1 2 2 ]
1a ( 2 )[ 1 -1 2 1 0 ]
1b 0 

RANKS: 1 -1 0 2 1
EVENT20: 1090 47a406_47a7db_47a946_47aa67
COMP 4c-0: 48253a_4828ba_4829f3_482ae7 (6 14.86 0 14.00 1 16.00){0.00 0.00 0.00 0.00 5.60 0}{5.60 0.00 0.00 0.00 11.20 0}{11.20 14.00 15.00 16.00 16.80 6}{16.80 0.00 0.00 0.00 22.40 0}{22.40 0.00 0.00 0.00 28.00 0}
COMM 4b-0: 48253a_4828ba_4829f3_482ae7 (6 1.86 1 1.00 0 2.00){0.00 0.00 0.00 0.00 0.80 0}{0.80 1.00 1.00 1.00 1.60 1}{1.60 2.00 2.00 2.00 2.40 5}{2.40 0.00 0.00 0.00 3.20 0}{3.20 0.00 0.00 0.00 4.00 0}
10 2 
12 52020 
14 16 
1b 0 
2b 2147483647 

RANKS: 1 -1 0 2 1
EVENT21: 1148 48b495_48b719_48b7ed_48b8a6
COMP 4c-0: 47a406_47a7db_47a946_47aa67 (6 15.00 0 15.00 0 15.00){0.00 0.00 0.00 0.00 6.00 0}{6.00 0.00 0.00 0.00 12.00 0}{12.00 15.00 15.00 15.00 18.00 6}{18.00 0.00 0.00 0.00 24.00 0}{24.00 0.00 0.00 0.00 30.00 0}
COMM 4b-0: 47a406_47a7db_47a946_47aa67 (6 432.43 1 365.00 0 509.00){0.00 0.00 0.00 0.00 189.60 0}{189.60 365.00 365.50 366.00 379.20 2}{379.20 419.00 455.50 509.00 568.80 4}{568.80 0.00 0.00 0.00 758.40 0}{758.40 0.00 0.00 0.00 948.00 0}
1c 9999 

RANKS: 1 -1 0 4 1
EVENT22: 1004 46a96f_46accf_46ae12_46af04
COMP 4c-0: 48253a_4828ba_4829f3_482ae7 (4 188265.80 2 183945.00 3 194745.00){0.00 0.00 0.00 0.00 73579.60 0}{73579.60 0.00 0.00 0.00 147159.20 0}{147159.20 183945.00 189345.00 194745.00 220738.80 4}{220738.80 0.00 0.00 0.00 294318.40 0}{294318.40 0.00 0.00 0.00 367898.00 0}
COMP 4c-1: 48b495_48b719_48b7ed_48b8a6 (4 188393.20 1 184072.00 0 194873.00){0.00 0.00 0.00 0.00 73630.40 0}{73630.40 0.00 0.00 0.00 147260.80 0}{147260.80 184072.00 189472.50 194873.00 220891.20 4}{220891.20 0.00 0.00 0.00 294521.60 0}{294521.60 0.00 0.00 0.00 368152.00 0}
COMM 4b-0: 48253a_4828ba_4829f3_482ae7 (4 152.00 2 61.00 3 210.00){0.00 61.00 67.00 73.00 84.00 2}{84.00 0.00 0.00 0.00 168.00 0}{168.00 206.00 208.00 210.00 252.00 2}{252.00 0.00 0.00 0.00 336.00 0}{336.00 0.00 0.00 0.00 420.00 0}
COMM 4b-1: 48b495_48b719_48b7ed_48b8a6 (4 88.00 0 24.00 1 195.00){0.00 0.00 0.00 0.00 10.00 0}{10.00 0.00 0.00 0.00 20.00 0}{20.00 24.00 24.50 25.00 40.00 2}{40.00 0.00 0.00 0.00 50.00 0}{50.00 171.00 183.00 195.00 292.00 2}
10 2 
12 1 5 
14 16 
18 1 3 

RANKS: 1 -1 0 4 1
EVENT23: 1010 46d300_46d535_46d5d9_46d655
COMP 4c-0: 46a96f_46accf_46ae12_46af04 (4 21.40 3 20.00 3 23.00){0.00 0.00 0.00 0.00 8.40 0}{8.40 0.00 0.00 0.00 16.80 0}{16.80 20.00 21.50 23.00 25.20 4}{25.20 0.00 0.00 0.00 33.60 0}{33.60 0.00 0.00 0.00 42.00 0}
COMM 4b-0: 46a96f_46accf_46ae12_46af04 (4 17.60 1 5.00 3 32.00){0.00 5.00 5.00 5.00 8.00 1}{8.00 11.00 11.00 11.00 16.00 1}{16.00 20.00 20.00 20.00 24.00 1}{24.00 32.00 32.00 32.00 32.00 1}{32.00 0.00 0.00 0.00 40.00 0}
10 2 

RANKS: 1 -1 2 1 0
EVENT24: 1102 47da79_47de3e_47dfa8_47e0c7
COMP 4c-0: 46d300_46d535_46d5d9_46d655 (1 12706.00 2 12706.00 2 12706.00){0.00 0.00 0.00 0.00 5082.40 0}{5082.40 0.00 0.00 0.00 10164.80 0}{10164.80 12706.00 12706.00 12706.00 15247.20 1}{15247.20 0.00 0.00 0.00 20329.60 0}{20329.60 0.00 0.00 0.00 25412.00 0}
COMP 4c-1: 48253a_4828ba_4829f3_482ae7 (199 1862.97 2 1811.00 2 1914.00){0.00 0.00 0.00 0.00 764.00 0}{764.00 0.00 0.00 0.00 1528.00 0}{1528.00 1811.00 1862.73 1914.00 2292.00 199}{2292.00 0.00 0.00 0.00 3056.00 0}{3056.00 0.00 0.00 0.00 3820.00 0}
COMM 4b-0: 46d300_46d535_46d5d9_46d655 (1 755.00 2 755.00 2 755.00){0.00 0.00 0.00 0.00 302.00 0}{302.00 0.00 0.00 0.00 604.00 0}{604.00 755.00 755.00 755.00 906.00 1}{906.00 0.00 0.00 0.00 1208.00 0}{1208.00 0.00 0.00 0.00 1510.00 0}
COMM 4b-1: 48253a_4828ba_4829f3_482ae7 (199 9.63 2 1.00 2 1168.00){0.00 1.00 3.41 4.00 4.80 170}{4.80 5.00 5.54 9.00 9.60 26}{9.60 10.00 11.00 12.00 19.20 2}{19.20 0.00 0.00 0.00 24.00 0}{24.00 1168.00 1168.00 1168.00 2312.00 1}
LOOP0: iter: ( 200 )[ 1 -1 2 1 0 ] mem: ( 2 )[ 1 -1 2 1 0 ]
10 2 
12 250 
14 16 
1b 0 
2b 2 2 2 2 2 2 2 2 2 2 2 2 2 2 2 2 2 2 2 2 2 2 2 2 2 2 2 2 2 2 2 2 2 2 2 2 2 2 2 2 2 2 2 2 2 2 2 2 2 2 2 2 2 2 2 2 2 2 2 2 2 2 2 2 2 2 2 2 2 2 2 2 2 2 2 2 2 2 2 2 2 2 2 2 2 2 2 2 2 2 2 2 2 2 2 2 2 2 2 2 1 1 1 1 1 1 1 1 1 1 1 1 1 1 1 1 1 1 1 1 1 1 1 1 1 1 1 1 1 1 1 1 1 1 1 1 1 1 1 1 1 1 1 1 1 1 1 1 1 1 1 1 1 1 1 1 1 1 1 1 1 1 1 1 1 1 1 1 1 1 1 1 1 1 1 1 1 1 1 1 1 1 1 1 1 1 1 1 1 1 1 1 1 1 1 1 1 1 1 1 

RANKS: 1 -1 0 2 2
EVENT25: 1113 48253a_4828ba_4829f3_482ae7
COMP 4c-0: 46d300_46d535_46d5d9_46d655 (1 14399.00 0 14399.00 0 14399.00){0.00 0.00 0.00 0.00 5759.60 0}{5759.60 0.00 0.00 0.00 11519.20 0}{11519.20 14399.00 14399.00 14399.00 17278.80 1}{17278.80 0.00 0.00 0.00 23038.40 0}{23038.40 0.00 0.00 0.00 28798.00 0}
COMP 4c-1: 47da79_47de3e_47dfa8_47e0c7 (200 1691.61 2 1679.00 2 1705.00){0.00 0.00 0.00 0.00 681.60 0}{681.60 0.00 0.00 0.00 1363.20 0}{1363.20 1679.00 1691.55 1705.00 2044.80 200}{2044.80 0.00 0.00 0.00 2726.40 0}{2726.40 0.00 0.00 0.00 3408.00 0}
COMP 4c-2: 48253a_4828ba_4829f3_482ae7 (49551 1800.40 0 15.00 0 3602.00){0.00 0.00 0.00 0.00 6.00 0}{6.00 0.00 0.00 0.00 12.00 0}{12.00 15.00 17.87 18.00 24.00 24900}{24.00 0.00 0.00 0.00 30.00 0}{30.00 3600.00 3601.00 3602.00 7170.00 24651}
COMP 4c-3: 48b495_48b719_48b7ed_48b8a6 (248 198469.80 0 198456.00 0 198475.00){0.00 0.00 0.00 0.00 79382.40 0}{79382.40 0.00 0.00 0.00 158764.80 0}{158764.80 198456.00 198469.85 198475.00 238147.20 248}{238147.20 0.00 0.00 0.00 317529.60 0}{317529.60 0.00 0.00 0.00 396912.00 0}
COMM 4b-0: 46d300_46d535_46d5d9_46d655 (1 10.00 0 10.00 0 10.00){0.00 0.00 0.00 0.00 4.00 0}{4.00 0.00 0.00 0.00 8.00 0}{8.00 10.00 10.00 10.00 12.00 1}{12.00 0.00 0.00 0.00 16.00 0}{16.00 0.00 0.00 0.00 20.00 0}
COMM 4b-1: 47da79_47de3e_47dfa8_47e0c7 (200 3.20 2 2.00 2 14.00){0.00 2.00 2.86 3.00 3.20 189}{3.20 4.00 4.00 4.00 6.40 4}{6.40 8.00 8.00 8.00 9.60 1}{9.60 11.00 11.40 12.00 12.80 5}{12.80 14.00 14.00 14.00 16.00 1}
COMM 4b-2: 48253a_4828ba_4829f3_482ae7 (49551 2.68 0 1.00 0 44.00){0.00 1.00 1.00 1.00 1.20 3002}{1.20 1.89 2.48 3.05 3.60 45385}{3.60 4.00 4.00 4.00 6.00 385}{6.00 8.00 20.30 31.00 40.00 778}{40.00 44.00 44.00 44.00 48.00 1}
COMM 4b-3: 48b495_48b719_48b7ed_48b8a6 (248 9.45 0 8.00 0 11.00){0.00 0.00 0.00 0.00 3.60 0}{3.60 0.00 0.00 0.00 7.20 0}{7.20 8.00 9.28 10.00 10.80 223}{10.80 11.00 11.00 11.00 14.40 25}{14.40 0.00 0.00 0.00 18.00 0}
LOOP0: iter: ( 249 )[ 1 -1 0 1 0 ] mem: ( 5 )[ 1 -1 0 1 0 ]
LOOP1: iter: ( 200 )[ 1 -1 0 1 0 ] mem: ( 1 )[ 1 -1 0 1 0 ]
10 2 
12 250 
14 16 
1a ( 1 2 )[ 1 -1 0 1 0 ]
1a ( 1 1 1 1 1 1 1 1 1 1 1 1 1 1 1 1 1 1 1 1 1 1 1 1 1 1 1 1 1 1 1 1 1 1 1 1 1 1 1 1 1 1 1 1 1 1 1 1 1 1 1 1 1 1 1 1 1 1 1 1 1 1 1 1 1 1 1 1 1 1 1 1 1 1 1 1 1 1 1 1 1 1 1 1 1 1 1 1 1 1 1 1 1 1 1 1 1 1 1 1 2 2 2 2 2 2 2 2 2 2 2 2 2 2 2 2 2 2 2 2 2 2 2 2 2 2 2 2 2 2 2 2 2 2 2 2 2 2 2 2 2 2 2 2 2 2 2 2 2 2 2 2 2 2 2 2 2 2 2 2 2 2 2 2 2 2 2 2 2 2 2 2 2 2 2 2 2 2 2 2 2 2 2 2 2 2 2 2 2 2 2 2 2 2 2 2 2 2 2 2 )[ 1 -1 2 1 0 ]
1b 0 

RANKS: 2 -1 0 2 1 -1 3 1 0
EVENT26: 1102 47da79_47de3e_47dfa8_47e0c7
COMP 4c-0: 46d300_46d535_46d5d9_46d655 (2 12706.00 1 12706.00 1 12706.00){0.00 0.00 0.00 0.00 5082.40 0}{5082.40 0.00 0.00 0.00 10164.80 0}{10164.80 12706.00 12706.00 12706.00 15247.20 2}{15247.20 0.00 0.00 0.00 20329.60 0}{20329.60 0.00 0.00 0.00 25412.00 0}
COMP 4c-1: 47da79_47de3e_47dfa8_47e0c7 (99102 1769.11 0 15.00 3 3602.00){0.00 0.00 0.00 0.00 6.40 0}{6.40 0.00 0.00 0.00 12.80 0}{12.80 15.00 17.91 18.00 25.60 49800}{25.60 0.00 0.00 0.00 32.00 0}{32.00 3474.00 3538.04 3602.00 6916.00 49302}
COMP 4c-2: 48253a_4828ba_4829f3_482ae7 (50048 2828.12 0 1811.00 3 196655.00){0.00 0.00 0.00 0.00 724.80 0}{724.80 0.00 0.00 0.00 1449.60 0}{1449.60 1811.00 1862.90 1914.00 2899.20 49800}{2899.20 0.00 0.00 0.00 3624.00 0}{3624.00 196640.00 196653.58 196655.00 389686.00 248}
COMP 4c-3: 48b495_48b719_48b7ed_48b8a6 (248 196777.27 1 196764.00 1 196778.00){0.00 0.00 0.00 0.00 78705.60 0}{78705.60 0.00 0.00 0.00 157411.20 0}{157411.20 196764.00 196777.32 196778.00 236116.80 248}{236116.80 0.00 0.00 0.00 314822.40 0}{314822.40 0.00 0.00 0.00 393528.00 0}
COMM 4b-0: 46d300_46d535_46d5d9_46d655 (2 884.33 1 711.00 3 1231.00){0.00 0.00 0.00 0.00 284.40 0}{284.40 0.00 0.00 0.00 568.80 0}{568.80 711.00 711.00 711.00 853.20 1}{853.20 0.00 0.00 0.00 1137.60 0}{1137.60 1231.00 1231.00 1231.00 1422.00 1}
COMM 4b-1: 47da79_47de3e_47dfa8_47e0c7 (99102 8.24 0 1.00 0 356.00){0.00 1.00 2.34 4.66 4.80 50891}{4.80 5.00 5.28 6.00 6.00 472}{6.00 6.04 14.15 44.00 44.00 47360}{44.00 45.00 48.79 72.00 74.00 336}{74.00 87.00 190.28 356.00 362.00 43}
COMM 4b-2: 48253a_4828ba_4829f3_482ae7 (50048 33.95 1 1.00 0 3579.00){0.00 1.00 3.66 12.00 1071.60 49190}{1071.60 1206.66 1213.17 2095.00 2143.20 609}{2143.20 2679.00 3111.94 3213.00 3214.80 234}{3214.80 3216.00 3304.93 3579.00 4286.40 15}{4286.40 0.00 0.00 0.00 5358.00 0}
COMM 4b-3: 48b495_48b719_48b7ed_48b8a6 (248 762.78 1 123.00 1 1159.00){0.00 0.00 0.00 0.00 49.20 0}{49.20 0.00 0.00 0.00 98.40 0}{98.40 123.00 123.00 123.00 196.80 1}{196.80 0.00 0.00 0.00 246.00 0}{246.00 451.00 767.96 1159.00 1278.00 247}
LOOP0: iter: ( 200 )[ 1 -1 0 1 0 ]( 249 )[ 1 -1 1 2 2 ] mem: ( 1 )[ 1 -1 0 1 0 ]( 7 )[ 1 -1 1 1 0 ]( 5 )[ 1 -1 3 1 0 ]
LOOP1: iter: ( 200 )[ 1 -1 1 2 2 ] mem: ( 2 )[ 1 -1 1 1 0 ]( 1 )[ 1 -1 3 1 0 ]
10 2 
12 250 
14 16 
1b 0 
2b ( 1 2 )[ 1 -1 0 1 0 ]
2b ( 3 3 3 3 3 3 3 3 3 3 3 3 3 3 3 3 3 3 3 3 3 3 3 3 3 3 3 3 3 3 3 3 3 3 3 3 3 3 3 3 3 3 3 3 3 3 3 3 3 3 3 3 3 3 3 3 3 3 3 3 3 3 3 3 3 3 3 3 3 3 3 3 3 3 3 3 3 3 3 3 3 3 3 3 3 3 3 3 3 3 3 3 3 3 3 3 3 3 3 3 2 2 2 2 2 2 2 2 2 2 2 2 2 2 2 2 2 2 2 2 2 2 2 2 2 2 2 2 2 2 2 2 2 2 2 2 2 2 2 2 2 2 2 2 2 2 2 2 2 2 2 2 2 2 2 2 2 2 2 2 2 2 2 2 2 2 2 2 2 2 2 2 2 2 2 2 2 2 2 2 2 2 2 2 2 2 2 2 2 2 2 2 2 2 2 2 2 2 2 2 )[ 1 -1 1 1 0 ]
2b ( 3 2 )[ 1 -1 3 1 0 ]

RANKS: 1 -1 0 4 1
EVENT27: 1113 48253a_4828ba_4829f3_482ae7
COMP 4c-0: 47da79_47de3e_47dfa8_47e0c7 (50298 1826.44 1 1679.00 0 25371.00){0.00 1679.00 1708.84 5164.00 10148.00 50049}{10148.00 0.00 0.00 0.00 20296.00 0}{20296.00 25370.00 25370.01 25371.00 30444.00 249}{30444.00 0.00 0.00 0.00 40592.00 0}{40592.00 0.00 0.00 0.00 50740.00 0}
COMP 4c-1: 48253a_4828ba_4829f3_482ae7 (49552 1738.10 3 15.00 2 23708.00){0.00 0.00 0.00 0.00 6.40 0}{6.40 0.00 0.00 0.00 12.80 0}{12.80 15.00 17.72 18.00 32.00 24900}{32.00 3474.00 3475.03 3476.00 6916.00 24651}{6916.00 23708.00 23708.00 23708.00 40500.00 1}
COMP 4c-2: 48b495_48b719_48b7ed_48b8a6 (249 93778.00 0 93778.00 0 93779.00){0.00 0.00 0.00 0.00 37511.20 0}{37511.20 0.00 0.00 0.00 75022.40 0}{75022.40 93778.00 93778.00 93779.00 112533.60 249}{112533.60 0.00 0.00 0.00 150044.80 0}{150044.80 0.00 0.00 0.00 187556.00 0}
COMM 4b-0: 47da79_47de3e_47dfa8_47e0c7 (50298 4.41 1 2.00 0 273.00){0.00 2.00 3.23 43.00 96.00 50049}{96.00 0.00 0.00 0.00 192.00 0}{192.00 239.00 241.22 273.00 288.00 249}{288.00 0.00 0.00 0.00 384.00 0}{384.00 0.00 0.00 0.00 480.00 0}
COMM 4b-1: 48253a_4828ba_4829f3_482ae7 (49552 2.56 3 1.00 2 241.00){0.00 1.00 1.00 1.00 1.60 4225}{1.60 2.00 2.00 2.00 2.40 26394}{2.40 3.00 3.01 4.00 4.00 18163}{4.00 8.00 19.65 29.00 36.00 769}{36.00 241.00 241.00 241.00 446.00 1}
COMM 4b-2: 48b495_48b719_48b7ed_48b8a6 (249 249.28 0 239.00 0 1339.00){0.00 239.00 240.49 250.00 535.60 248}{535.60 0.00 0.00 0.00 1071.20 0}{1071.20 1339.00 1339.00 1339.00 1606.80 1}{1606.80 0.00 0.00 0.00 2142.40 0}{2142.40 0.00 0.00 0.00 2678.00 0}
LOOP0: iter: ( 2 )[ 1 -1 0 1 0 ]( 200 )[ 1 -1 3 1 0 ] mem: ( 3 )[ 1 -1 0 1 0 ]( 1 )[ 1 -1 3 1 0 ]
10 2 
12 ( 52020 )[ 1 -1 0 2 2 ]
12 ( 250 )[ 1 -1 1 2 2 ]
14 16 
1a ( 1 2 )[ 1 -1 0 1 0 ]
1a ( 2 2 2 2 2 2 2 2 2 2 2 2 2 2 2 2 2 2 2 2 2 2 2 2 2 2 2 2 2 2 2 2 2 2 2 2 2 2 2 2 2 2 2 2 2 2 2 2 2 2 2 2 2 2 2 2 2 2 2 2 2 2 2 2 2 2 2 2 2 2 2 2 2 2 2 2 2 2 2 2 2 2 2 2 2 2 2 2 2 2 2 2 2 2 2 2 2 2 2 2 3 3 3 3 3 3 3 3 3 3 3 3 3 3 3 3 3 3 3 3 3 3 3 3 3 3 3 3 3 3 3 3 3 3 3 3 3 3 3 3 3 3 3 3 3 3 3 3 3 3 3 3 3 3 3 3 3 3 3 3 3 3 3 3 3 3 3 3 3 3 3 3 3 3 3 3 3 3 3 3 3 3 3 3 3 3 3 3 3 3 3 3 3 3 3 3 3 3 3 3 )[ 1 -1 1 1 0 ]
1a ( 3 2 )[ 1 -1 3 1 0 ]
1a ( 1 )[ 1 -1 2 1 0 ]
1b 0 

RANKS: 1 -1 0 4 1
EVENT28: 1090 47a406_47a7db_47a946_47aa67
COMP 4c-0: 48253a_4828ba_4829f3_482ae7 (1493 23429.19 0 14.00 3 93482.00){0.00 0.00 0.00 0.00 6.00 0}{6.00 0.00 0.00 0.00 12.00 0}{12.00 14.00 18.87 29.00 30.00 746}{30.00 23518.00 23518.73 23520.00 47006.00 498}{47006.00 93481.00 93481.08 93482.00 139958.00 249}
COMP 4c-1: 48b495_48b719_48b7ed_48b8a6 (248 93595.00 2 93595.00 2 93595.00){0.00 0.00 0.00 0.00 37438.00 0}{37438.00 0.00 0.00 0.00 74876.00 0}{74876.00 93595.00 93595.00 93595.00 112314.00 248}{112314.00 0.00 0.00 0.00 149752.00 0}{149752.00 0.00 0.00 0.00 187190.00 0}
COMM 4b-0: 48253a_4828ba_4829f3_482ae7 (1493 2.40 0 1.00 2 22.00){0.00 1.00 1.00 1.00 1.60 43}{1.60 2.00 2.00 2.00 2.40 847}{2.40 3.00 3.00 3.00 3.20 587}{3.20 4.00 4.00 4.00 4.00 15}{4.00 22.00 22.00 22.00 40.00 1}
COMM 4b-1: 48b495_48b719_48b7ed_48b8a6 (248 2.45 2 2.00 2 3.00){0.00 0.00 0.00 0.00 1.20 0}{1.20 2.00 2.00 2.00 2.40 138}{2.40 3.00 3.00 3.00 3.60 110}{3.60 0.00 0.00 0.00 4.80 0}{4.80 0.00 0.00 0.00 6.00 0}
LOOP0: iter: ( 2 )[ 1 -1 3 1 0 ]( 248 )[ 1 -1 2 1 0 ] mem: ( 3 )[ 1 -1 3 1 0 ]( 5 )[ 1 -1 2 1 0 ]
LOOP1: iter: ( 2 )[ 1 -1 2 1 0 ] mem: ( 2 )[ 1 -1 2 1 0 ]
10 2 
12 52020 
14 16 
1b 0 
2b 2147483647 

RANKS: 1 -1 0 4 1
EVENT29: 1148 48b495_48b719_48b7ed_48b8a6
COMP 4c-0: 47a406_47a7db_47a946_47aa67 (1741 14.59 0 14.00 0 15.00){0.00 0.00 0.00 0.00 6.00 0}{6.00 0.00 0.00 0.00 12.00 0}{12.00 14.00 14.59 15.00 18.00 1741}{18.00 0.00 0.00 0.00 24.00 0}{24.00 0.00 0.00 0.00 30.00 0}
COMM 4b-0: 47a406_47a7db_47a946_47aa67 (1741 890.10 2 236.00 3 2752.00){0.00 236.00 323.11 385.00 393.60 247}{393.60 406.00 584.25 966.00 984.00 1002}{984.00 1078.00 1086.50 1095.00 1172.00 2}{1172.00 1284.56 1288.79 1909.00 2192.00 242}{2192.00 2292.98 2301.52 2752.00 3312.00 248}
1c 9999 

RANKS: 1 -1 2 1 0
EVENT30: 1113 48253a_4828ba_4829f3_482ae7
COMP 4c-0: 47da79_47de3e_47dfa8_47e0c7 (49352 1695.43 2 1679.00 2 1708.00){0.00 0.00 0.00 0.00 681.60 0}{681.60 0.00 0.00 0.00 1363.20 0}{1363.20 1679.00 1695.43 1708.00 2044.80 49352}{2044.80 0.00 0.00 0.00 2726.40 0}{2726.40 0.00 0.00 0.00 3408.00 0}
COMP 4c-1: 48b495_48b719_48b7ed_48b8a6 (248 373.14 2 373.00 2 374.00){0.00 0.00 0.00 0.00 149.20 0}{149.20 0.00 0.00 0.00 298.40 0}{298.40 373.00 373.14 374.00 447.60 248}{447.60 0.00 0.00 0.00 596.80 0}{596.80 0.00 0.00 0.00 746.00 0}
COMM 4b-0: 47da79_47de3e_47dfa8_47e0c7 (49352 3.31 2 2.00 2 28.00){0.00 2.00 2.98 4.00 5.60 47579}{5.60 6.00 7.44 8.00 8.40 247}{8.40 9.00 12.60 14.00 14.00 1286}{14.00 14.50 15.02 16.00 16.00 231}{16.00 17.00 21.33 28.00 40.00 9}
COMM 4b-1: 48b495_48b719_48b7ed_48b8a6 (248 231.10 2 230.00 2 243.00){0.00 0.00 0.00 0.00 92.40 0}{92.40 0.00 0.00 0.00 184.80 0}{184.80 230.00 231.10 243.00 277.20 248}{277.20 0.00 0.00 0.00 369.60 0}{369.60 0.00 0.00 0.00 462.00 0}
LOOP0: iter: ( 200 )[ 1 -1 2 1 0 ] mem: ( 2 )[ 1 -1 2 1 0 ]
10 2 
12 52020 250 250 250 250 250 250 250 250 250 250 250 250 250 250 250 250 250 250 250 250 250 250 250 250 250 250 250 250 250 250 250 250 250 250 250 250 250 250 250 250 250 250 250 250 250 250 250 250 250 250 250 250 250 250 250 250 250 250 250 250 250 250 250 250 250 250 250 250 250 250 250 250 250 250 250 250 250 250 250 250 250 250 250 250 250 250 250 250 250 250 250 250 250 250 250 250 250 250 250 250 250 250 250 250 250 250 250 250 250 250 250 250 250 250 250 250 250 250 250 250 250 250 250 250 250 250 250 250 250 250 250 250 250 250 250 250 250 250 250 250 250 250 250 250 250 250 250 250 250 250 250 250 250 250 250 250 250 250 250 250 250 250 250 250 250 250 250 250 250 250 250 250 250 250 250 250 250 250 250 250 250 250 250 250 250 250 250 250 250 250 250 250 250 250 250 250 250 250 250 
14 16 
1a 2 1 1 1 1 1 1 1 1 1 1 1 1 1 1 1 1 1 1 1 1 1 1 1 1 1 1 1 1 1 1 1 1 1 1 1 1 1 1 1 1 1 1 1 1 1 1 1 1 1 1 1 1 1 1 1 1 1 1 1 1 1 1 1 1 1 1 1 1 1 1 1 1 1 1 1 1 1 1 1 1 1 1 1 1 1 1 1 1 1 1 1 1 1 1 1 1 1 1 1 1 2 2 2 2 2 2 2 2 2 2 2 2 2 2 2 2 2 2 2 2 2 2 2 2 2 2 2 2 2 2 2 2 2 2 2 2 2 2 2 2 2 2 2 2 2 2 2 2 2 2 2 2 2 2 2 2 2 2 2 2 2 2 2 2 2 2 2 2 2 2 2 2 2 2 2 2 2 2 2 2 2 2 2 2 2 2 2 2 2 2 2 2 2 2 2 2 2 2 2 
1b 0 

RANKS: 1 -1 2 1 0
EVENT31: 1102 47da79_47de3e_47dfa8_47e0c7
COMP 4c-0: 48253a_4828ba_4829f3_482ae7 (49600 2837.36 2 1809.00 2 196636.00){0.00 1809.00 1859.57 1911.00 78654.40 49352}{78654.40 0.00 0.00 0.00 157308.80 0}{157308.80 196636.00 196636.00 196636.00 235963.20 248}{235963.20 0.00 0.00 0.00 314617.60 0}{314617.60 0.00 0.00 0.00 393272.00 0}
COMM 4b-0: 48253a_4828ba_4829f3_482ae7 (49600 12.82 2 1.00 2 1278.00){0.00 1.00 3.71 143.00 472.80 49104}{472.80 481.00 644.00 709.00 709.20 6}{709.20 711.00 795.96 943.00 945.60 229}{945.60 951.00 1021.22 1179.00 1182.00 258}{1182.00 1203.00 1233.00 1278.00 1332.00 3}
10 2 
12 250 
14 16 
1b 0 
2b 2 2 2 2 2 2 2 2 2 2 2 2 2 2 2 2 2 2 2 2 2 2 2 2 2 2 2 2 2 2 2 2 2 2 2 2 2 2 2 2 2 2 2 2 2 2 2 2 2 2 2 2 2 2 2 2 2 2 2 2 2 2 2 2 2 2 2 2 2 2 2 2 2 2 2 2 2 2 2 2 2 2 2 2 2 2 2 2 2 2 2 2 2 2 2 2 2 2 2 2 1 1 1 1 1 1 1 1 1 1 1 1 1 1 1 1 1 1 1 1 1 1 1 1 1 1 1 1 1 1 1 1 1 1 1 1 1 1 1 1 1 1 1 1 1 1 1 1 1 1 1 1 1 1 1 1 1 1 1 1 1 1 1 1 1 1 1 1 1 1 1 1 1 1 1 1 1 1 1 1 1 1 1 1 1 1 1 1 1 1 1 1 1 1 1 1 1 1 1 1 

RANKS: 1 -1 0 4 1
EVENT32: 1113 48253a_4828ba_4829f3_482ae7
COMP 4c-0: 47da79_47de3e_47dfa8_47e0c7 (248 1682.81 2 1682.00 2 1683.00){0.00 0.00 0.00 0.00 672.80 0}{672.80 0.00 0.00 0.00 1345.60 0}{1345.60 1682.00 1682.81 1683.00 2018.40 248}{2018.40 0.00 0.00 0.00 2691.20 0}{2691.20 0.00 0.00 0.00 3364.00 0}
COMP 4c-1: 48253a_4828ba_4829f3_482ae7 (696 42409.78 0 15.00 1 93665.00){0.00 0.00 0.00 0.00 6.00 0}{6.00 0.00 0.00 0.00 12.00 0}{12.00 15.00 17.97 18.00 30.00 100}{30.00 3601.00 3601.00 3601.00 7172.00 99}{7172.00 23704.00 58755.14 93665.00 180158.00 497}
COMP 4c-2: 48b495_48b719_48b7ed_48b8a6 (748 899.38 1 370.00 0 198475.00){0.00 370.00 370.39 371.00 79390.00 747}{79390.00 0.00 0.00 0.00 158780.00 0}{158780.00 198475.00 198475.00 198475.00 238170.00 1}{238170.00 0.00 0.00 0.00 317560.00 0}{317560.00 0.00 0.00 0.00 396950.00 0}
COMM 4b-0: 47da79_47de3e_47dfa8_47e0c7 (248 3.08 2 2.00 2 12.00){0.00 0.00 0.00 0.00 1.20 0}{1.20 2.00 2.00 2.00 2.40 4}{2.40 3.00 3.00 3.00 3.60 234}{3.60 4.00 4.00 4.00 6.00 8}{6.00 11.00 11.50 12.00 16.00 2}
COMM 4b-1: 48253a_4828ba_4829f3_482ae7 (696 173.94 0 1.00 2 262.00){0.00 1.00 1.00 1.00 1.60 6}{1.60 2.00 2.00 2.00 2.40 105}{2.40 3.00 3.02 4.00 4.00 85}{4.00 16.00 21.00 25.00 46.00 3}{46.00 240.00 242.85 262.00 436.00 497}
COMM 4b-2: 48b495_48b719_48b7ed_48b8a6 (748 232.67 0 11.00 1 256.00){0.00 0.00 0.00 0.00 4.40 0}{4.40 0.00 0.00 0.00 8.80 0}{8.80 11.00 11.00 11.00 17.60 1}{17.60 0.00 0.00 0.00 22.00 0}{22.00 230.00 233.26 256.00 438.00 747}
LOOP0: iter: ( 200 )[ 1 -1 0 1 0 ]( 2 )[ 1 -1 1 2 1 ] mem: ( 1 )[ 1 -1 0 3 1 ]
10 2 
12 ( 250 )[ 1 -1 0 1 0 ]
12 ( 52020 )[ 1 -1 1 2 2 ]
12 ( 250 52020 )[ 1 -1 2 1 0 ]
14 16 
1a ( 1 2 )[ 1 -1 0 1 0 ]
1a ( 3 2 )[ 1 -1 1 2 2 ]
1a ( 2 1 )[ 1 -1 2 1 0 ]
1b 0 

RANKS: 1 -1 1 2 1
EVENT33: 1090 47a406_47a7db_47a946_47aa67
COMP 4c-0: 48253a_4828ba_4829f3_482ae7 (250 16.03 1 16.00 2 23.00){0.00 0.00 0.00 0.00 6.40 0}{6.40 0.00 0.00 0.00 12.80 0}{12.80 16.00 16.00 16.00 19.20 249}{19.20 23.00 23.00 23.00 25.60 1}{25.60 0.00 0.00 0.00 32.00 0}
COMP 4c-1: 48b495_48b719_48b7ed_48b8a6 (1 93595.00 2 93595.00 2 93595.00){0.00 0.00 0.00 0.00 37438.00 0}{37438.00 0.00 0.00 0.00 74876.00 0}{74876.00 93595.00 93595.00 93595.00 112314.00 1}{112314.00 0.00 0.00 0.00 149752.00 0}{149752.00 0.00 0.00 0.00 187190.00 0}
COMM 4b-0: 48253a_4828ba_4829f3_482ae7 (250 1.88 1 1.00 1 3.00){0.00 0.00 0.00 0.00 0.80 0}{0.80 1.00 1.00 1.00 1.60 30}{1.60 2.00 2.00 2.00 2.40 219}{2.40 3.00 3.00 3.00 3.20 1}{3.20 0.00 0.00 0.00 4.00 0}
COMM 4b-1: 48b495_48b719_48b7ed_48b8a6 (1 3.00 2 3.00 2 3.00){0.00 0.00 0.00 0.00 1.20 0}{1.20 0.00 0.00 0.00 2.40 0}{2.40 3.00 3.00 3.00 3.60 1}{3.60 0.00 0.00 0.00 4.80 0}{4.80 0.00 0.00 0.00 6.00 0}
LOOP0: iter: ( 2 )[ 1 -1 2 1 0 ] mem: ( 2 )[ 1 -1 2 1 0 ]
10 2 
12 52020 
14 16 
1b 0 
2b 2147483647 

RANKS: 1 -1 1 2 1
EVENT34: 1148 48b495_48b719_48b7ed_48b8a6
COMP 4c-0: 47a406_47a7db_47a946_47aa67 (251 14.98 1 14.00 1 15.00){0.00 0.00 0.00 0.00 6.00 0}{6.00 0.00 0.00 0.00 12.00 0}{12.00 14.00 14.98 15.00 18.00 251}{18.00 0.00 0.00 0.00 24.00 0}{24.00 0.00 0.00 0.00 30.00 0}
COMM 4b-0: 47a406_47a7db_47a946_47aa67 (251 370.10 2 338.00 2 707.00){0.00 0.00 0.00 0.00 144.80 0}{144.80 0.00 0.00 0.00 289.60 0}{289.60 338.00 368.79 385.00 434.40 250}{434.40 0.00 0.00 0.00 579.20 0}{579.20 707.00 707.00 707.00 724.00 1}
1c 9999 

RANKS: 1 -1 2 1 0
EVENT35: 1113 48253a_4828ba_4829f3_482ae7
COMP 4c-0: 47da79_47de3e_47dfa8_47e0c7 (199 1695.50 2 1680.00 2 1708.00){0.00 0.00 0.00 0.00 681.60 0}{681.60 0.00 0.00 0.00 1363.20 0}{1363.20 1680.00 1695.46 1708.00 2044.80 199}{2044.80 0.00 0.00 0.00 2726.40 0}{2726.40 0.00 0.00 0.00 3408.00 0}
COMP 4c-1: 48b495_48b719_48b7ed_48b8a6 (1 373.00 2 373.00 2 373.00){0.00 0.00 0.00 0.00 149.20 0}{149.20 0.00 0.00 0.00 298.40 0}{298.40 373.00 373.00 373.00 447.60 1}{447.60 0.00 0.00 0.00 596.80 0}{596.80 0.00 0.00 0.00 746.00 0}
COMM 4b-0: 47da79_47de3e_47dfa8_47e0c7 (199 3.35 2 2.00 2 14.00){0.00 2.00 2.95 3.00 3.20 183}{3.20 4.00 4.00 4.00 6.40 9}{6.40 8.00 8.00 8.00 9.60 1}{9.60 11.00 11.67 12.00 12.80 3}{12.80 14.00 14.00 14.00 16.00 3}
COMM 4b-1: 48b495_48b719_48b7ed_48b8a6 (1 231.00 2 231.00 2 231.00){0.00 0.00 0.00 0.00 92.40 0}{92.40 0.00 0.00 0.00 184.80 0}{184.80 231.00 231.00 231.00 277.20 1}{277.20 0.00 0.00 0.00 369.60 0}{369.60 0.00 0.00 0.00 462.00 0}
LOOP0: iter: ( 200 )[ 1 -1 2 1 0 ] mem: ( 2 )[ 1 -1 2 1 0 ]
10 2 
12 52020 250 250 250 250 250 250 250 250 250 250 250 250 250 250 250 250 250 250 250 250 250 250 250 250 250 250 250 250 250 250 250 250 250 250 250 250 250 250 250 250 250 250 250 250 250 250 250 250 250 250 250 250 250 250 250 250 250 250 250 250 250 250 250 250 250 250 250 250 250 250 250 250 250 250 250 250 250 250 250 250 250 250 250 250 250 250 250 250 250 250 250 250 250 250 250 250 250 250 250 250 250 250 250 250 250 250 250 250 250 250 250 250 250 250 250 250 250 250 250 250 250 250 250 250 250 250 250 250 250 250 250 250 250 250 250 250 250 250 250 250 250 250 250 250 250 250 250 250 250 250 250 250 250 250 250 250 250 250 250 250 250 250 250 250 250 250 250 250 250 250 250 250 250 250 250 250 250 250 250 250 250 250 250 250 250 250 250 250 250 250 250 250 250 250 250 250 250 250 250 
14 16 
1a 2 1 1 1 1 1 1 1 1 1 1 1 1 1 1 1 1 1 1 1 1 1 1 1 1 1 1 1 1 1 1 1 1 1 1 1 1 1 1 1 1 1 1 1 1 1 1 1 1 1 1 1 1 1 1 1 1 1 1 1 1 1 1 1 1 1 1 1 1 1 1 1 1 1 1 1 1 1 1 1 1 1 1 1 1 1 1 1 1 1 1 1 1 1 1 1 1 1 1 1 1 2 2 2 2 2 2 2 2 2 2 2 2 2 2 2 2 2 2 2 2 2 2 2 2 2 2 2 2 2 2 2 2 2 2 2 2 2 2 2 2 2 2 2 2 2 2 2 2 2 2 2 2 2 2 2 2 2 2 2 2 2 2 2 2 2 2 2 2 2 2 2 2 2 2 2 2 2 2 2 2 2 2 2 2 2 2 2 2 2 2 2 2 2 2 2 2 2 2 2 
1b 0 

RANKS: 1 -1 0 4 1
EVENT36: 1102 47da79_47de3e_47dfa8_47e0c7
COMP 4c-0: 47da79_47de3e_47dfa8_47e0c7 (398 1764.74 0 15.00 3 3601.00){0.00 0.00 0.00 0.00 6.00 0}{6.00 0.00 0.00 0.00 12.00 0}{12.00 15.00 17.96 18.00 24.00 200}{24.00 0.00 0.00 0.00 30.00 0}{30.00 3475.00 3538.00 3601.00 6920.00 198}
COMP 4c-1: 48253a_4828ba_4829f3_482ae7 (401 2829.99 2 1809.00 3 196655.00){0.00 0.00 0.00 0.00 724.80 0}{724.80 0.00 0.00 0.00 1449.60 0}{1449.60 1809.00 1861.04 1913.00 2899.20 399}{2899.20 0.00 0.00 0.00 3624.00 0}{3624.00 196636.00 196645.50 196655.00 389686.00 2}
COMP 4c-2: 48b495_48b719_48b7ed_48b8a6 (1 196778.00 1 196778.00 1 196778.00){0.00 0.00 0.00 0.00 78711.20 0}{78711.20 0.00 0.00 0.00 157422.40 0}{157422.40 196778.00 196778.00 196778.00 236133.60 1}{236133.60 0.00 0.00 0.00 314844.80 0}{314844.80 0.00 0.00 0.00 393556.00 0}
COMM 4b-0: 47da79_47de3e_47dfa8_47e0c7 (398 8.33 0 1.00 0 60.00){0.00 1.00 2.39 4.00 4.00 202}{4.00 5.00 6.90 10.00 10.00 31}{10.00 11.00 14.05 18.00 18.00 137}{18.00 19.00 22.96 30.00 32.00 26}{32.00 42.00 51.00 60.00 88.00 2}
COMM 4b-1: 48253a_4828ba_4829f3_482ae7 (401 32.41 2 1.00 0 3146.00){0.00 1.00 8.81 1031.00 1258.40 398}{1258.40 1556.00 1614.50 1673.00 2516.80 2}{2516.80 3146.00 3146.00 3146.00 3775.20 1}{3775.20 0.00 0.00 0.00 5033.60 0}{5033.60 0.00 0.00 0.00 6292.00 0}
COMM 4b-2: 48b495_48b719_48b7ed_48b8a6 (1 847.00 1 847.00 1 847.00){0.00 0.00 0.00 0.00 338.80 0}{338.80 0.00 0.00 0.00 677.60 0}{677.60 847.00 847.00 847.00 1016.40 1}{1016.40 0.00 0.00 0.00 1355.20 0}{1355.20 0.00 0.00 0.00 1694.00 0}
LOOP0: iter: ( 200 )[ 2 -1 0 2 1 -1 3 1 0 ] mem: ( 1 )[ 1 -1 0 2 3 ]( 2 )[ 1 -1 1 1 0 ]
10 2 
12 250 
14 16 
1b 0 
2b ( 1 2 )[ 1 -1 0 1 0 ]
2b ( 3 3 3 3 3 3 3 3 3 3 3 3 3 3 3 3 3 3 3 3 3 3 3 3 3 3 3 3 3 3 3 3 3 3 3 3 3 3 3 3 3 3 3 3 3 3 3 3 3 3 3 3 3 3 3 3 3 3 3 3 3 3 3 3 3 3 3 3 3 3 3 3 3 3 3 3 3 3 3 3 3 3 3 3 3 3 3 3 3 3 3 3 3 3 3 3 3 3 3 3 2 2 2 2 2 2 2 2 2 2 2 2 2 2 2 2 2 2 2 2 2 2 2 2 2 2 2 2 2 2 2 2 2 2 2 2 2 2 2 2 2 2 2 2 2 2 2 2 2 2 2 2 2 2 2 2 2 2 2 2 2 2 2 2 2 2 2 2 2 2 2 2 2 2 2 2 2 2 2 2 2 2 2 2 2 2 2 2 2 2 2 2 2 2 2 2 2 2 2 2 )[ 1 -1 1 1 0 ]
2b ( 3 2 )[ 1 -1 3 1 0 ]
2b ( 2 2 2 2 2 2 2 2 2 2 2 2 2 2 2 2 2 2 2 2 2 2 2 2 2 2 2 2 2 2 2 2 2 2 2 2 2 2 2 2 2 2 2 2 2 2 2 2 2 2 2 2 2 2 2 2 2 2 2 2 2 2 2 2 2 2 2 2 2 2 2 2 2 2 2 2 2 2 2 2 2 2 2 2 2 2 2 2 2 2 2 2 2 2 2 2 2 2 2 2 1 1 1 1 1 1 1 1 1 1 1 1 1 1 1 1 1 1 1 1 1 1 1 1 1 1 1 1 1 1 1 1 1 1 1 1 1 1 1 1 1 1 1 1 1 1 1 1 1 1 1 1 1 1 1 1 1 1 1 1 1 1 1 1 1 1 1 1 1 1 1 1 1 1 1 1 1 1 1 1 1 1 1 1 1 1 1 1 1 1 1 1 1 1 1 1 1 1 1 1 )[ 1 -1 2 1 0 ]

RANKS: 1 -1 1 3 1
EVENT37: 1113 48253a_4828ba_4829f3_482ae7
COMP 4c-0: 47da79_47de3e_47dfa8_47e0c7 (202 1708.65 1 1679.00 3 5164.00){0.00 0.00 0.00 0.00 681.60 0}{681.60 0.00 0.00 0.00 1363.20 0}{1363.20 1679.00 1691.48 1704.00 2726.40 201}{2726.40 0.00 0.00 0.00 3408.00 0}{3408.00 5164.00 5164.00 5164.00 6920.00 1}
COMP 4c-1: 48253a_4828ba_4829f3_482ae7 (199 1729.18 3 15.00 3 3475.00){0.00 0.00 0.00 0.00 6.00 0}{6.00 0.00 0.00 0.00 12.00 0}{12.00 15.00 17.97 18.00 24.00 100}{24.00 0.00 0.00 0.00 30.00 0}{30.00 3475.00 3475.00 3475.00 6920.00 99}
COMM 4b-0: 47da79_47de3e_47dfa8_47e0c7 (202 3.22 1 2.00 1 14.00){0.00 2.00 2.00 2.00 2.80 22}{2.80 3.00 3.02 5.00 5.60 173}{5.60 7.00 7.00 7.00 8.40 1}{8.40 10.00 10.00 10.00 11.20 1}{11.20 12.00 12.60 14.00 14.00 5}
COMM 4b-1: 48253a_4828ba_4829f3_482ae7 (199 2.53 3 1.00 3 20.00){0.00 1.00 1.00 1.00 1.60 21}{1.60 2.00 2.00 2.00 2.40 101}{2.40 3.00 3.00 3.00 3.20 73}{3.20 4.00 4.00 4.00 4.00 1}{4.00 17.00 19.00 20.00 36.00 3}
LOOP0: iter: ( 200 )[ 1 -1 3 1 0 ] mem: ( 1 )[ 1 -1 3 1 0 ]
10 2 
12 250 
14 16 
1a ( 2 2 2 2 2 2 2 2 2 2 2 2 2 2 2 2 2 2 2 2 2 2 2 2 2 2 2 2 2 2 2 2 2 2 2 2 2 2 2 2 2 2 2 2 2 2 2 2 2 2 2 2 2 2 2 2 2 2 2 2 2 2 2 2 2 2 2 2 2 2 2 2 2 2 2 2 2 2 2 2 2 2 2 2 2 2 2 2 2 2 2 2 2 2 2 2 2 2 2 2 3 3 3 3 3 3 3 3 3 3 3 3 3 3 3 3 3 3 3 3 3 3 3 3 3 3 3 3 3 3 3 3 3 3 3 3 3 3 3 3 3 3 3 3 3 3 3 3 3 3 3 3 3 3 3 3 3 3 3 3 3 3 3 3 3 3 3 3 3 3 3 3 3 3 3 3 3 3 3 3 3 3 3 3 3 3 3 3 3 3 3 3 3 3 3 3 3 3 3 3 )[ 1 -1 1 1 0 ]
1a ( 3 2 )[ 1 -1 3 1 0 ]
1a ( 2 )[ 1 -1 2 1 0 ]
1b 0 

RANKS: 1 -1 0 4 1
EVENT38: 1004 46a96f_46accf_46ae12_46af04
COMP 4c-0: 47da79_47de3e_47dfa8_47e0c7 (1 24523.00 0 24523.00 0 24523.00){0.00 0.00 0.00 0.00 9809.20 0}{9809.20 0.00 0.00 0.00 19618.40 0}{19618.40 24523.00 24523.00 24523.00 29427.60 1}{29427.60 0.00 0.00 0.00 39236.80 0}{39236.80 0.00 0.00 0.00 49046.00 0}
COMP 4c-1: 48253a_4828ba_4829f3_482ae7 (3 22859.00 2 22857.00 1 22860.00){0.00 0.00 0.00 0.00 9144.00 0}{9144.00 0.00 0.00 0.00 18288.00 0}{18288.00 22857.00 22858.67 22860.00 27432.00 3}{27432.00 0.00 0.00 0.00 36576.00 0}{36576.00 0.00 0.00 0.00 45720.00 0}
COMM 4b-0: 47da79_47de3e_47dfa8_47e0c7 (1 19.00 0 19.00 0 19.00){0.00 0.00 0.00 0.00 7.60 0}{7.60 0.00 0.00 0.00 15.20 0}{15.20 19.00 19.00 19.00 22.80 1}{22.80 0.00 0.00 0.00 30.40 0}{30.40 0.00 0.00 0.00 38.00 0}
COMM 4b-1: 48253a_4828ba_4829f3_482ae7 (3 1194.50 2 509.00 3 2445.00){0.00 0.00 0.00 0.00 364.80 0}{364.80 509.00 509.00 509.00 729.60 1}{729.60 912.00 912.00 912.00 1459.20 1}{1459.20 0.00 0.00 0.00 1824.00 0}{1824.00 2445.00 2445.00 2445.00 3066.00 1}
10 2 
12 5 
14 16 
18 3 

RANKS: 1 -1 0 2 2
EVENT39: 1113 48253a_4828ba_4829f3_482ae7
COMP 4c-0: 46a96f_46accf_46ae12_46af04 (2 11659.00 0 11659.00 0 11659.00){0.00 0.00 0.00 0.00 4663.60 0}{4663.60 0.00 0.00 0.00 9327.20 0}{9327.20 11659.00 11659.00 11659.00 13990.80 2}{13990.80 0.00 0.00 0.00 18654.40 0}{18654.40 0.00 0.00 0.00 23318.00 0}
COMP 4c-1: 48b495_48b719_48b7ed_48b8a6 (1 93778.00 0 93778.00 0 93778.00){0.00 0.00 0.00 0.00 37511.20 0}{37511.20 0.00 0.00 0.00 75022.40 0}{75022.40 93778.00 93778.00 93778.00 112533.60 1}{112533.60 0.00 0.00 0.00 150044.80 0}{150044.80 0.00 0.00 0.00 187556.00 0}
COMM 4b-0: 46a96f_46accf_46ae12_46af04 (2 241.33 0 240.00 2 244.00){0.00 0.00 0.00 0.00 96.00 0}{96.00 0.00 0.00 0.00 192.00 0}{192.00 240.00 242.00 244.00 288.00 2}{288.00 0.00 0.00 0.00 384.00 0}{384.00 0.00 0.00 0.00 480.00 0}
COMM 4b-1: 48b495_48b719_48b7ed_48b8a6 (1 240.00 0 240.00 0 240.00){0.00 0.00 0.00 0.00 96.00 0}{96.00 0.00 0.00 0.00 192.00 0}{192.00 240.00 240.00 240.00 288.00 1}{288.00 0.00 0.00 0.00 384.00 0}{384.00 0.00 0.00 0.00 480.00 0}
LOOP0: iter: ( 2 )[ 1 -1 0 1 0 ] mem: ( 3 )[ 1 -1 0 1 0 ]
10 2 
12 52020 
14 16 
1a ( 1 2 )[ 1 -1 0 1 0 ]
1a ( 1 )[ 1 -1 2 1 0 ]
1b 0 

RANKS: 1 -1 0 4 1
EVENT40: 1090 47a406_47a7db_47a946_47aa67
COMP 4c-0: 46a96f_46accf_46ae12_46af04 (2 11470.00 1 11470.00 1 11470.00){0.00 0.00 0.00 0.00 4588.00 0}{4588.00 0.00 0.00 0.00 9176.00 0}{9176.00 11470.00 11470.00 11470.00 13764.00 2}{13764.00 0.00 0.00 0.00 18352.00 0}{18352.00 0.00 0.00 0.00 22940.00 0}
COMP 4c-1: 48253a_4828ba_4829f3_482ae7 (4 18707.60 0 14.00 3 93481.00){0.00 0.00 0.00 0.00 5.60 0}{5.60 0.00 0.00 0.00 11.20 0}{11.20 14.00 14.33 15.00 22.40 3}{22.40 0.00 0.00 0.00 28.00 0}{28.00 93481.00 93481.00 93481.00 186934.00 1}
COMP 4c-2: 48b495_48b719_48b7ed_48b8a6 (1 93595.00 2 93595.00 2 93595.00){0.00 0.00 0.00 0.00 37438.00 0}{37438.00 0.00 0.00 0.00 74876.00 0}{74876.00 93595.00 93595.00 93595.00 112314.00 1}{112314.00 0.00 0.00 0.00 149752.00 0}{149752.00 0.00 0.00 0.00 187190.00 0}
COMM 4b-0: 46a96f_46accf_46ae12_46af04 (2 2.33 1 2.00 3 3.00){0.00 0.00 0.00 0.00 0.80 0}{0.80 0.00 0.00 0.00 1.60 0}{1.60 2.00 2.00 2.00 2.40 1}{2.40 3.00 3.00 3.00 3.20 1}{3.20 0.00 0.00 0.00 4.00 0}
COMM 4b-1: 48253a_4828ba_4829f3_482ae7 (4 2.40 0 2.00 3 3.00){0.00 0.00 0.00 0.00 0.80 0}{0.80 0.00 0.00 0.00 1.60 0}{1.60 2.00 2.00 2.00 2.40 2}{2.40 3.00 3.00 3.00 3.20 2}{3.20 0.00 0.00 0.00 4.00 0}
COMM 4b-2: 48b495_48b719_48b7ed_48b8a6 (1 3.00 2 3.00 2 3.00){0.00 0.00 0.00 0.00 1.20 0}{1.20 0.00 0.00 0.00 2.40 0}{2.40 3.00 3.00 3.00 3.60 1}{3.60 0.00 0.00 0.00 4.80 0}{4.80 0.00 0.00 0.00 6.00 0}
LOOP0: iter: ( 2 )[ 1 -1 2 2 1 ] mem: ( 3 )[ 1 -1 3 1 0 ]( 2 )[ 1 -1 2 1 0 ]
10 2 
12 52020 
14 16 
1b 0 
2b 2147483647 

RANKS: 1 -1 0 4 1
EVENT41: 1148 48b495_48b719_48b7ed_48b8a6
COMP 4c-0: 47a406_47a7db_47a946_47aa67 (7 14.50 0 14.00 3 15.00){0.00 0.00 0.00 0.00 5.60 0}{5.60 0.00 0.00 0.00 11.20 0}{11.20 14.00 14.57 15.00 16.80 7}{16.80 0.00 0.00 0.00 22.40 0}{22.40 0.00 0.00 0.00 28.00 0}
COMM 4b-0: 47a406_47a7db_47a946_47aa67 (7 402.00 3 267.00 0 476.00){0.00 0.00 0.00 0.00 190.40 0}{190.40 267.00 274.50 282.00 380.80 2}{380.80 418.00 438.20 476.00 571.20 5}{571.20 0.00 0.00 0.00 761.60 0}{761.60 0.00 0.00 0.00 952.00 0}
1c 9999 

RANKS: 1 -1 2 2 1
EVENT42: 1113 48253a_4828ba_4829f3_482ae7
COMP 4c-0: 48b495_48b719_48b7ed_48b8a6 (3 370.75 3 370.00 2 373.00){0.00 0.00 0.00 0.00 148.00 0}{148.00 0.00 0.00 0.00 296.00 0}{296.00 370.00 371.00 373.00 444.00 3}{444.00 0.00 0.00 0.00 592.00 0}{592.00 0.00 0.00 0.00 740.00 0}
COMM 4b-0: 48b495_48b719_48b7ed_48b8a6 (3 234.25 2 232.00 3 235.00){0.00 0.00 0.00 0.00 94.00 0}{94.00 0.00 0.00 0.00 188.00 0}{188.00 232.00 234.00 235.00 282.00 3}{282.00 0.00 0.00 0.00 376.00 0}{376.00 0.00 0.00 0.00 470.00 0}
10 2 
12 52020 
14 16 
1a ( 3 2 )[ 1 -1 3 1 0 ]
1a ( 2 )[ 1 -1 2 1 0 ]
1b 0 

RANKS: 2 -1 0 2 2 -1 3 1 0
EVENT43: 1004 46a96f_46accf_46ae12_46af04
COMP 4c-0: 46a96f_46accf_46ae12_46af04 (6 40650.71 0 15.00 0 94832.00){0.00 0.00 0.00 0.00 6.00 0}{6.00 0.00 0.00 0.00 12.00 0}{12.00 15.00 15.00 15.00 24.00 3}{24.00 0.00 0.00 0.00 30.00 0}{30.00 94831.00 94831.67 94832.00 189634.00 3}
COMP 4c-1: 48253a_4828ba_4829f3_482ae7 (2 194743.67 2 194741.00 3 194745.00){0.00 0.00 0.00 0.00 77898.00 0}{77898.00 0.00 0.00 0.00 155796.00 0}{155796.00 194741.00 194743.00 194745.00 233694.00 2}{233694.00 0.00 0.00 0.00 311592.00 0}{311592.00 0.00 0.00 0.00 389490.00 0}
COMP 4c-2: 48b495_48b719_48b7ed_48b8a6 (1 194873.00 0 194873.00 0 194873.00){0.00 0.00 0.00 0.00 77949.20 0}{77949.20 0.00 0.00 0.00 155898.40 0}{155898.40 194873.00 194873.00 194873.00 233847.60 1}{233847.60 0.00 0.00 0.00 311796.80 0}{311796.80 0.00 0.00 0.00 389746.00 0}
COMM 4b-0: 46a96f_46accf_46ae12_46af04 (6 21.00 2 9.00 3 37.00){0.00 9.00 9.00 9.00 9.60 1}{9.60 12.00 12.00 12.00 19.20 1}{19.20 21.00 21.00 21.00 24.00 1}{24.00 27.00 28.00 29.00 30.00 2}{30.00 37.00 37.00 37.00 44.00 1}
COMM 4b-1: 48253a_4828ba_4829f3_482ae7 (2 107.00 2 27.00 3 147.00){0.00 27.00 27.00 27.00 58.80 1}{58.80 0.00 0.00 0.00 117.60 0}{117.60 147.00 147.00 147.00 176.40 1}{176.40 0.00 0.00 0.00 235.20 0}{235.20 0.00 0.00 0.00 294.00 0}
COMM 4b-2: 48b495_48b719_48b7ed_48b8a6 (1 23.00 0 23.00 0 23.00){0.00 0.00 0.00 0.00 9.20 0}{9.20 0.00 0.00 0.00 18.40 0}{18.40 23.00 23.00 23.00 27.60 1}{27.60 0.00 0.00 0.00 36.80 0}{36.80 0.00 0.00 0.00 46.00 0}
LOOP0: iter: ( 3 )[ 2 -1 0 2 2 -1 3 1 0 ] mem: ( 1 )[ 2 -1 0 2 2 -1 3 1 0 ]
10 2 
12 5 1 5 
14 16 
18 3 1 3 

RANKS: 1 -1 1 3 1
EVENT44: 1113 48253a_4828ba_4829f3_482ae7
COMP 4c-0: 46a96f_46accf_46ae12_46af04 (2 133.00 3 133.00 3 133.00){0.00 0.00 0.00 0.00 53.20 0}{53.20 0.00 0.00 0.00 106.40 0}{106.40 133.00 133.00 133.00 159.60 2}{159.60 0.00 0.00 0.00 212.80 0}{212.80 0.00 0.00 0.00 266.00 0}
COMP 4c-1: 48253a_4828ba_4829f3_482ae7 (2 62448.33 3 15.00 1 93665.00){0.00 15.00 15.00 15.00 37466.00 1}{37466.00 0.00 0.00 0.00 74932.00 0}{74932.00 93665.00 93665.00 93665.00 112398.00 1}{112398.00 0.00 0.00 0.00 149864.00 0}{149864.00 0.00 0.00 0.00 187330.00 0}
COMP 4c-2: 48b495_48b719_48b7ed_48b8a6 (1 370.00 1 370.00 1 370.00){0.00 0.00 0.00 0.00 148.00 0}{148.00 0.00 0.00 0.00 296.00 0}{296.00 370.00 370.00 370.00 444.00 1}{444.00 0.00 0.00 0.00 592.00 0}{592.00 0.00 0.00 0.00 740.00 0}
COMM 4b-0: 46a96f_46accf_46ae12_46af04 (2 5.00 3 5.00 3 5.00){0.00 0.00 0.00 0.00 2.00 0}{2.00 0.00 0.00 0.00 4.00 0}{4.00 5.00 5.00 5.00 6.00 2}{6.00 0.00 0.00 0.00 8.00 0}{8.00 0.00 0.00 0.00 10.00 0}
COMM 4b-1: 48253a_4828ba_4829f3_482ae7 (2 163.33 3 2.00 1 244.00){0.00 2.00 2.00 2.00 97.60 1}{97.60 0.00 0.00 0.00 195.20 0}{195.20 244.00 244.00 244.00 292.80 1}{292.80 0.00 0.00 0.00 390.40 0}{390.40 0.00 0.00 0.00 488.00 0}
COMM 4b-2: 48b495_48b719_48b7ed_48b8a6 (1 230.00 1 230.00 1 230.00){0.00 0.00 0.00 0.00 92.00 0}{92.00 0.00 0.00 0.00 184.00 0}{184.00 230.00 230.00 230.00 276.00 1}{276.00 0.00 0.00 0.00 368.00 0}{368.00 0.00 0.00 0.00 460.00 0}
LOOP0: iter: ( 2 )[ 1 -1 1 2 2 ] mem: ( 1 )[ 1 -1 1 2 2 ]
10 2 
12 ( 52020 )[ 1 -1 1 1 0 ]
12 ( 102 106 )[ 1 -1 3 1 0 ]
12 ( 102 )[ 1 -1 2 1 0 ]
14 16 
1a ( 3 2 )[ 1 -1 1 1 0 ]
1a ( 2 3 )[ 1 -1 3 1 0 ]
1a ( 2 )[ 1 -1 2 1 0 ]
1b 0 

RANKS: 1 -1 0 2 1
EVENT45: 1090 47a406_47a7db_47a946_47aa67
COMP 4c-0: 46a96f_46accf_46ae12_46af04 (1 135.00 0 135.00 0 135.00){0.00 0.00 0.00 0.00 54.00 0}{54.00 0.00 0.00 0.00 108.00 0}{108.00 135.00 135.00 135.00 162.00 1}{162.00 0.00 0.00 0.00 216.00 0}{216.00 0.00 0.00 0.00 270.00 0}
COMP 4c-1: 48253a_4828ba_4829f3_482ae7 (1 16.00 1 16.00 1 16.00){0.00 0.00 0.00 0.00 6.40 0}{6.40 0.00 0.00 0.00 12.80 0}{12.80 16.00 16.00 16.00 19.20 1}{19.20 0.00 0.00 0.00 25.60 0}{25.60 0.00 0.00 0.00 32.00 0}
COMP 4c-2: 48b495_48b719_48b7ed_48b8a6 (1 15.00 0 15.00 0 15.00){0.00 0.00 0.00 0.00 6.00 0}{6.00 0.00 0.00 0.00 12.00 0}{12.00 15.00 15.00 15.00 18.00 1}{18.00 0.00 0.00 0.00 24.00 0}{24.00 0.00 0.00 0.00 30.00 0}
COMM 4b-0: 46a96f_46accf_46ae12_46af04 (1 1.00 0 1.00 0 1.00){0.00 0.00 0.00 0.00 0.40 0}{0.40 0.00 0.00 0.00 0.80 0}{0.80 1.00 1.00 1.00 1.20 1}{1.20 0.00 0.00 0.00 1.60 0}{1.60 0.00 0.00 0.00 2.00 0}
COMM 4b-1: 48253a_4828ba_4829f3_482ae7 (1 2.00 1 2.00 1 2.00){0.00 0.00 0.00 0.00 0.80 0}{0.80 0.00 0.00 0.00 1.60 0}{1.60 2.00 2.00 2.00 2.40 1}{2.40 0.00 0.00 0.00 3.20 0}{3.20 0.00 0.00 0.00 4.00 0}
COMM 4b-2: 48b495_48b719_48b7ed_48b8a6 (1 1.00 0 1.00 0 1.00){0.00 0.00 0.00 0.00 0.40 0}{0.40 0.00 0.00 0.00 0.80 0}{0.80 1.00 1.00 1.00 1.20 1}{1.20 0.00 0.00 0.00 1.60 0}{1.60 0.00 0.00 0.00 2.00 0}
LOOP0: iter: ( 2 )[ 1 -1 0 1 0 ] mem: ( 2 )[ 1 -1 0 1 0 ]
10 2 
12 ( 102 106 )[ 1 -1 0 1 0 ]
12 ( 52020 )[ 1 -1 1 1 0 ]
14 16 
1b 0 
2b 2147483647 

RANKS: 1 -1 0 2 1
EVENT46: 1148 48b495_48b719_48b7ed_48b8a6
COMP 4c-0: 47a406_47a7db_47a946_47aa67 (3 14.25 0 14.00 1 15.00){0.00 0.00 0.00 0.00 5.60 0}{5.60 0.00 0.00 0.00 11.20 0}{11.20 14.00 14.33 15.00 16.80 3}{16.80 0.00 0.00 0.00 22.40 0}{22.40 0.00 0.00 0.00 28.00 0}
COMM 4b-0: 47a406_47a7db_47a946_47aa67 (3 94.00 0 2.00 1 366.00){0.00 0.00 0.00 0.00 1.60 0}{1.60 2.00 2.00 2.00 3.20 1}{3.20 4.00 4.00 4.00 6.40 1}{6.40 0.00 0.00 0.00 8.00 0}{8.00 366.00 366.00 366.00 724.00 1}
1c 9999 

RANKS: 2 -1 0 2 1 -1 3 1 0
EVENT47: 1004 46a96f_46accf_46ae12_46af04
COMP 4c-0: 46a96f_46accf_46ae12_46af04 (2 31620.67 1 15.00 1 94832.00){0.00 0.00 0.00 0.00 6.00 0}{6.00 0.00 0.00 0.00 12.00 0}{12.00 15.00 15.00 15.00 24.00 1}{24.00 0.00 0.00 0.00 30.00 0}{30.00 94832.00 94832.00 94832.00 189634.00 1}
COMP 4c-1: 48253a_4828ba_4829f3_482ae7 (1 59.00 3 59.00 3 59.00){0.00 0.00 0.00 0.00 23.60 0}{23.60 0.00 0.00 0.00 47.20 0}{47.20 59.00 59.00 59.00 70.80 1}{70.80 0.00 0.00 0.00 94.40 0}{94.40 0.00 0.00 0.00 118.00 0}
COMP 4c-2: 48b495_48b719_48b7ed_48b8a6 (2 64999.00 0 64.00 1 194869.00){0.00 0.00 0.00 0.00 25.60 0}{25.60 0.00 0.00 0.00 51.20 0}{51.20 64.00 64.00 64.00 102.40 1}{102.40 0.00 0.00 0.00 128.00 0}{128.00 194869.00 194869.00 194869.00 389610.00 1}
COMM 4b-0: 46a96f_46accf_46ae12_46af04 (2 10.33 1 5.00 1 21.00){0.00 0.00 0.00 0.00 2.00 0}{2.00 0.00 0.00 0.00 4.00 0}{4.00 5.00 5.00 5.00 8.00 1}{8.00 0.00 0.00 0.00 10.00 0}{10.00 21.00 21.00 21.00 32.00 1}
COMM 4b-1: 48253a_4828ba_4829f3_482ae7 (1 60.00 3 60.00 3 60.00){0.00 0.00 0.00 0.00 24.00 0}{24.00 0.00 0.00 0.00 48.00 0}{48.00 60.00 60.00 60.00 72.00 1}{72.00 0.00 0.00 0.00 96.00 0}{96.00 0.00 0.00 0.00 120.00 0}
COMM 4b-2: 48b495_48b719_48b7ed_48b8a6 (2 72.67 0 6.00 1 206.00){0.00 0.00 0.00 0.00 2.40 0}{2.40 0.00 0.00 0.00 4.80 0}{4.80 6.00 6.00 6.00 9.60 1}{9.60 0.00 0.00 0.00 12.00 0}{12.00 206.00 206.00 206.00 400.00 1}
LOOP0: iter: ( 3 )[ 1 -1 1 1 0 ] mem: ( 1 )[ 1 -1 1 1 0 ]
10 2 
12 ( 1 )[ 1 -1 0 2 3 ]
12 ( 5 1 5 )[ 1 -1 1 1 0 ]
14 16 
18 ( 3 )[ 1 -1 0 2 3 ]
18 ( 3 1 3 )[ 1 -1 1 1 0 ]

RANKS: 1 -1 0 3 1
EVENT48: 1090 47a406_47a7db_47a946_47aa67
COMP 4c-0: 46a96f_46accf_46ae12_46af04 (3 144.25 1 135.00 2 148.00){0.00 0.00 0.00 0.00 58.80 0}{58.80 0.00 0.00 0.00 117.60 0}{117.60 135.00 143.33 148.00 176.40 3}{176.40 0.00 0.00 0.00 235.20 0}{235.20 0.00 0.00 0.00 294.00 0}
COMP 4c-1: 48253a_4828ba_4829f3_482ae7 (1 15.00 2 15.00 2 15.00){0.00 0.00 0.00 0.00 6.00 0}{6.00 0.00 0.00 0.00 12.00 0}{12.00 15.00 15.00 15.00 18.00 1}{18.00 0.00 0.00 0.00 24.00 0}{24.00 0.00 0.00 0.00 30.00 0}
COMM 4b-0: 46a96f_46accf_46ae12_46af04 (3 1.00 0 1.00 0 1.00){0.00 0.00 0.00 0.00 0.40 0}{0.40 0.00 0.00 0.00 0.80 0}{0.80 1.00 1.00 1.00 1.20 3}{1.20 0.00 0.00 0.00 1.60 0}{1.60 0.00 0.00 0.00 2.00 0}
COMM 4b-1: 48253a_4828ba_4829f3_482ae7 (1 1.00 2 1.00 2 1.00){0.00 0.00 0.00 0.00 0.40 0}{0.40 0.00 0.00 0.00 0.80 0}{0.80 1.00 1.00 1.00 1.20 1}{1.20 0.00 0.00 0.00 1.60 0}{1.60 0.00 0.00 0.00 2.00 0}
LOOP0: iter: ( 2 )[ 1 -1 2 1 0 ] mem: ( 3 )[ 1 -1 2 1 0 ]
10 2 
12 ( 102 )[ 1 -1 0 2 1 ]
12 ( 106 102 )[ 1 -1 2 1 0 ]
14 16 
1b 0 
2b 2147483647 

RANKS: 1 -1 0 3 1
EVENT49: 1148 48b495_48b719_48b7ed_48b8a6
COMP 4c-0: 47a406_47a7db_47a946_47aa67 (4 15.00 0 15.00 0 15.00){0.00 0.00 0.00 0.00 6.00 0}{6.00 0.00 0.00 0.00 12.00 0}{12.00 15.00 15.00 15.00 18.00 4}{18.00 0.00 0.00 0.00 24.00 0}{24.00 0.00 0.00 0.00 30.00 0}
COMM 4b-0: 47a406_47a7db_47a946_47aa67 (4 3.00 2 2.00 1 4.00){0.00 0.00 0.00 0.00 1.20 0}{1.20 2.00 2.00 2.00 2.40 1}{2.40 3.00 3.00 3.00 3.60 2}{3.60 4.00 4.00 4.00 4.80 1}{4.80 0.00 0.00 0.00 6.00 0}
1c 9999 

RANKS: 1 -1 1 2 2
EVENT50: 1113 48253a_4828ba_4829f3_482ae7
COMP 4c-0: 46a96f_46accf_46ae12_46af04 (2 148.00 1 148.00 1 148.00){0.00 0.00 0.00 0.00 59.20 0}{59.20 0.00 0.00 0.00 118.40 0}{118.40 148.00 148.00 148.00 177.60 2}{177.60 0.00 0.00 0.00 236.80 0}{236.80 0.00 0.00 0.00 296.00 0}
COMP 4c-1: 48b495_48b719_48b7ed_48b8a6 (1 16.00 1 16.00 1 16.00){0.00 0.00 0.00 0.00 6.40 0}{6.40 0.00 0.00 0.00 12.80 0}{12.80 16.00 16.00 16.00 19.20 1}{19.20 0.00 0.00 0.00 25.60 0}{25.60 0.00 0.00 0.00 32.00 0}
COMM 4b-0: 46a96f_46accf_46ae12_46af04 (2 2.33 1 2.00 3 3.00){0.00 0.00 0.00 0.00 0.80 0}{0.80 0.00 0.00 0.00 1.60 0}{1.60 2.00 2.00 2.00 2.40 1}{2.40 3.00 3.00 3.00 3.20 1}{3.20 0.00 0.00 0.00 4.00 0}
COMM 4b-1: 48b495_48b719_48b7ed_48b8a6 (1 4.00 1 4.00 1 4.00){0.00 0.00 0.00 0.00 1.60 0}{1.60 0.00 0.00 0.00 3.20 0}{3.20 4.00 4.00 4.00 4.80 1}{4.80 0.00 0.00 0.00 6.40 0}{6.40 0.00 0.00 0.00 8.00 0}
LOOP0: iter: ( 2 )[ 1 -1 1 1 0 ] mem: ( 2 )[ 1 -1 1 1 0 ]
10 2 
12 ( 106 102 )[ 1 -1 1 1 0 ]
12 ( 102 )[ 1 -1 3 1 0 ]
14 16 
1a 3 
1b 0 

RANKS: 1 -1 0 4 1
EVENT51: 1004 46a96f_46accf_46ae12_46af04
COMP 4c-0: 48253a_4828ba_4829f3_482ae7 (3 80.50 1 59.00 1 102.00){0.00 0.00 0.00 0.00 23.60 0}{23.60 0.00 0.00 0.00 47.20 0}{47.20 59.00 59.00 59.00 70.80 1}{70.80 0.00 0.00 0.00 94.40 0}{94.40 102.00 102.00 102.00 118.00 2}
COMP 4c-1: 48b495_48b719_48b7ed_48b8a6 (3 93.50 2 59.00 0 105.00){0.00 0.00 0.00 0.00 42.00 0}{42.00 59.00 59.00 59.00 84.00 1}{84.00 105.00 105.00 105.00 126.00 2}{126.00 0.00 0.00 0.00 168.00 0}{168.00 0.00 0.00 0.00 210.00 0}
COMM 4b-0: 48253a_4828ba_4829f3_482ae7 (3 31.50 1 27.00 1 34.00){0.00 0.00 0.00 0.00 13.60 0}{13.60 27.00 27.00 27.00 27.20 1}{27.20 31.00 32.50 34.00 40.80 2}{40.80 0.00 0.00 0.00 54.40 0}{54.40 0.00 0.00 0.00 68.00 0}
COMM 4b-1: 48b495_48b719_48b7ed_48b8a6 (3 21.75 2 6.00 2 33.00){0.00 6.00 6.00 6.00 9.60 1}{9.60 0.00 0.00 0.00 19.20 0}{19.20 24.00 24.00 24.00 28.80 1}{28.80 33.00 33.00 33.00 38.40 1}{38.40 0.00 0.00 0.00 48.00 0}
10 2 
12 1 
14 16 
18 3 

RANKS: 1 -1 0 2 1
EVENT52: 1090 47a406_47a7db_47a946_47aa67_45f344
COMP 4c-0: 46a96f_46accf_46ae12_46af04 (2 155.00 0 154.00 1 157.00){0.00 0.00 0.00 0.00 61.60 0}{61.60 0.00 0.00 0.00 123.20 0}{123.20 154.00 155.50 157.00 184.80 2}{184.80 0.00 0.00 0.00 246.40 0}{246.40 0.00 0.00 0.00 308.00 0}
COMM 4b-0: 46a96f_46accf_46ae12_46af04 (2 1.00 0 1.00 0 1.00){0.00 0.00 0.00 0.00 0.40 0}{0.40 0.00 0.00 0.00 0.80 0}{0.80 1.00 1.00 1.00 1.20 2}{1.20 0.00 0.00 0.00 1.60 0}{1.60 0.00 0.00 0.00 2.00 0}
10 2 
12 102 
14 16 
1b 0 
2b 2147483647 

RANKS: 1 -1 0 2 1
EVENT53: 1148 48b495_48b719_48b7ed_48b8a6_45f359
COMP 4c-0: 47a406_47a7db_47a946_47aa67_45f344 (2 16.00 0 16.00 0 16.00){0.00 0.00 0.00 0.00 6.40 0}{6.40 0.00 0.00 0.00 12.80 0}{12.80 16.00 16.00 16.00 19.20 2}{19.20 0.00 0.00 0.00 25.60 0}{25.60 0.00 0.00 0.00 32.00 0}
COMM 4b-0: 47a406_47a7db_47a946_47aa67_45f344 (2 2.33 0 2.00 1 3.00){0.00 0.00 0.00 0.00 0.80 0}{0.80 0.00 0.00 0.00 1.60 0}{1.60 2.00 2.00 2.00 2.40 1}{2.40 3.00 3.00 3.00 3.20 1}{3.20 0.00 0.00 0.00 4.00 0}
1c 9999 

RANKS: 1 -1 2 2 1
EVENT54: 1113 48253a_4828ba_4829f3_482ae7_45f408
COMP 4c-0: 46a96f_46accf_46ae12_46af04 (2 154.00 3 153.00 2 156.00){0.00 0.00 0.00 0.00 61.20 0}{61.20 0.00 0.00 0.00 122.40 0}{122.40 153.00 154.50 156.00 183.60 2}{183.60 0.00 0.00 0.00 244.80 0}{244.80 0.00 0.00 0.00 306.00 0}
COMM 4b-0: 46a96f_46accf_46ae12_46af04 (2 2.67 2 2.00 3 3.00){0.00 0.00 0.00 0.00 1.20 0}{1.20 2.00 2.00 2.00 2.40 1}{2.40 3.00 3.00 3.00 3.60 1}{3.60 0.00 0.00 0.00 4.80 0}{4.80 0.00 0.00 0.00 6.00 0}
10 2 
12 102 
14 16 
1a 2 
1b 0 

RANKS: 1 -1 0 4 1
EVENT55: 1004 46a96f_46accf_46ae12_46af04
COMP 4c-0: 48253a_4828ba_4829f3_482ae7_45f408 (2 101.00 3 101.00 3 101.00){0.00 0.00 0.00 0.00 40.40 0}{40.40 0.00 0.00 0.00 80.80 0}{80.80 101.00 101.00 101.00 121.20 2}{121.20 0.00 0.00 0.00 161.60 0}{161.60 0.00 0.00 0.00 202.00 0}
COMP 4c-1: 48b495_48b719_48b7ed_48b8a6_45f359 (2 105.00 0 105.00 0 105.00){0.00 0.00 0.00 0.00 42.00 0}{42.00 0.00 0.00 0.00 84.00 0}{84.00 105.00 105.00 105.00 126.00 2}{126.00 0.00 0.00 0.00 168.00 0}{168.00 0.00 0.00 0.00 210.00 0}
COMM 4b-0: 48253a_4828ba_4829f3_482ae7_45f408 (2 51.00 2 31.00 3 61.00){0.00 0.00 0.00 0.00 24.40 0}{24.40 31.00 31.00 31.00 48.80 1}{48.80 61.00 61.00 61.00 73.20 1}{73.20 0.00 0.00 0.00 97.60 0}{97.60 0.00 0.00 0.00 122.00 0}
COMM 4b-1: 48b495_48b719_48b7ed_48b8a6_45f359 (2 24.67 1 6.00 0 34.00){0.00 6.00 6.00 6.00 13.60 1}{13.60 0.00 0.00 0.00 27.20 0}{27.20 34.00 34.00 34.00 40.80 1}{40.80 0.00 0.00 0.00 54.40 0}{54.40 0.00 0.00 0.00 68.00 0}
10 2 
12 1 
14 16 
18 3 

RANKS: 1 -1 0 4 1
EVENT56: 1045 4732cf_473343_4733a9_473404
COMP 4c-0: 46a96f_46accf_46ae12_46af04 (4 12128.20 0 590.00 1 19985.00){0.00 0.00 0.00 0.00 236.00 0}{236.00 0.00 0.00 0.00 472.00 0}{472.00 590.00 590.00 590.00 944.00 1}{944.00 0.00 0.00 0.00 1180.00 0}{1180.00 19503.00 19820.33 19985.00 37826.00 3}

