RANKS: 1 -1 0 4 1
EVENT0: 1084 478d7c_478e3b_478ed1_478f2c
33 2 
34 0 

RANKS: 1 -1 0 4 1
EVENT1: 1011 46cf59_46d288_46d3a3_46d48f
COMP 4b-0: 46cf59_46d288_46d3a3_46d48f (32 5.97 0 5.00 0 7.00){0.00 0.00 0.00 0.00 2.80 0}{2.80 5.00 5.00 5.00 5.60 3}{5.60 5.83 6.03 7.00 8.40 29}{8.40 0.00 0.00 0.00 11.20 0}{11.20 0.00 0.00 0.00 14.00 0}
COMP 4b-1: 478d7c_478e3b_478ed1_478f2c (4 264.00 3 57.00 0 574.00){0.00 57.00 57.33 58.00 229.60 3}{229.60 0.00 0.00 0.00 459.20 0}{459.20 574.00 574.00 574.00 688.80 1}{688.80 0.00 0.00 0.00 918.40 0}{918.40 0.00 0.00 0.00 1148.00 0}
COMM 4b-0: 46cf59_46d288_46d3a3_46d48f (32 12.15 2 1.00 0 64.00){0.00 1.00 1.00 1.00 1.20 1}{1.20 1.50 1.83 2.00 2.40 6}{2.40 3.00 3.00 3.00 3.60 11}{3.60 4.00 4.67 6.00 6.00 3}{6.00 9.00 30.82 64.00 122.00 11}
COMM 4b-1: 478d7c_478e3b_478ed1_478f2c (4 362.60 0 19.00 1 620.00){0.00 0.00 0.00 0.00 7.60 0}{7.60 0.00 0.00 0.00 15.20 0}{15.20 19.00 19.00 19.00 30.40 1}{30.40 0.00 0.00 0.00 38.00 0}{38.00 542.00 591.67 620.00 1188.00 3}
LOOP0: iter: ( 9 )[ 1 -1 0 4 1 ] mem: ( 1 )[ 1 -1 0 4 1 ]
10 2 
12 1 1 1 1 1 5 1 1 1 
14 14 14 14 16 16 16 14 14 14 
19 0 

RANKS: 1 -1 2 1 0
EVENT2: 1113 481caa_48202a_482163_482257
COMP 4b-0: 46cf59_46d288_46d3a3_46d48f (1 34096.00 2 34096.00 2 34096.00){0.00 0.00 0.00 0.00 13638.40 0}{13638.40 0.00 0.00 0.00 27276.80 0}{27276.80 34096.00 34096.00 34096.00 40915.20 1}{40915.20 0.00 0.00 0.00 54553.60 0}{54553.60 0.00 0.00 0.00 68192.00 0}
COMM 4b-0: 46cf59_46d288_46d3a3_46d48f (1 303.00 2 303.00 2 303.00){0.00 0.00 0.00 0.00 121.20 0}{121.20 0.00 0.00 0.00 242.40 0}{242.40 303.00 303.00 303.00 363.60 1}{363.60 0.00 0.00 0.00 484.80 0}{484.80 0.00 0.00 0.00 606.00 0}
10 2 
12 20480 
14 16 
1a 1 
1b 0 

RANKS: 1 -1 1 2 1
EVENT3: 1090 479b76_479f4b_47a0b6_47a1d7
COMP 4b-0: 46cf59_46d288_46d3a3_46d48f (1 34016.00 1 34016.00 1 34016.00){0.00 0.00 0.00 0.00 13606.40 0}{13606.40 0.00 0.00 0.00 27212.80 0}{27212.80 34016.00 34016.00 34016.00 40819.20 1}{40819.20 0.00 0.00 0.00 54425.60 0}{54425.60 0.00 0.00 0.00 68032.00 0}
COMP 4b-1: 481caa_48202a_482163_482257 (1 11.00 2 11.00 2 11.00){0.00 0.00 0.00 0.00 4.40 0}{4.40 0.00 0.00 0.00 8.80 0}{8.80 11.00 11.00 11.00 13.20 1}{13.20 0.00 0.00 0.00 17.60 0}{17.60 0.00 0.00 0.00 22.00 0}
COMP 4b-2: 48ac05_48ae89_48af5d_48b016 (1 5787.00 2 5787.00 2 5787.00){0.00 0.00 0.00 0.00 2314.80 0}{2314.80 0.00 0.00 0.00 4629.60 0}{4629.60 5787.00 5787.00 5787.00 6944.40 1}{6944.40 0.00 0.00 0.00 9259.20 0}{9259.20 0.00 0.00 0.00 11574.00 0}
COMM 4b-0: 46cf59_46d288_46d3a3_46d48f (1 4.00 1 4.00 1 4.00){0.00 0.00 0.00 0.00 1.60 0}{1.60 0.00 0.00 0.00 3.20 0}{3.20 4.00 4.00 4.00 4.80 1}{4.80 0.00 0.00 0.00 6.40 0}{6.40 0.00 0.00 0.00 8.00 0}
COMM 4b-1: 481caa_48202a_482163_482257 (1 4.00 2 4.00 2 4.00){0.00 0.00 0.00 0.00 1.60 0}{1.60 0.00 0.00 0.00 3.20 0}{3.20 4.00 4.00 4.00 4.80 1}{4.80 0.00 0.00 0.00 6.40 0}{6.40 0.00 0.00 0.00 8.00 0}
COMM 4b-2: 48ac05_48ae89_48af5d_48b016 (1 3.00 2 3.00 2 3.00){0.00 0.00 0.00 0.00 1.20 0}{1.20 0.00 0.00 0.00 2.40 0}{2.40 3.00 3.00 3.00 3.60 1}{3.60 0.00 0.00 0.00 4.80 0}{4.80 0.00 0.00 0.00 6.00 0}
LOOP0: iter: ( 2 )[ 1 -1 2 1 0 ] mem: ( 2 )[ 1 -1 2 1 0 ]
10 2 
12 20480 
14 16 
1b 0 
2b 2147483647 

RANKS: 1 -1 1 2 1
EVENT4: 1148 48ac05_48ae89_48af5d_48b016
COMP 4b-0: 479b76_479f4b_47a0b6_47a1d7 (3 12.25 2 6.00 1 15.00){0.00 6.00 6.00 6.00 6.00 1}{6.00 0.00 0.00 0.00 12.00 0}{12.00 13.00 14.00 15.00 18.00 2}{18.00 0.00 0.00 0.00 24.00 0}{24.00 0.00 0.00 0.00 30.00 0}
COMM 4b-0: 479b76_479f4b_47a0b6_47a1d7 (3 277.00 2 161.00 1 338.00){0.00 0.00 0.00 0.00 135.20 0}{135.20 161.00 161.00 161.00 270.40 1}{270.40 271.00 304.50 338.00 405.60 2}{405.60 0.00 0.00 0.00 540.80 0}{540.80 0.00 0.00 0.00 676.00 0}
1c 9999 

RANKS: 1 -1 1 2 1
EVENT5: 1113 481caa_48202a_482163_482257
COMP 4b-0: 481caa_48202a_482163_482257 (2 7506.67 1 5806.00 2 10908.00){0.00 0.00 0.00 0.00 2322.40 0}{2322.40 0.00 0.00 0.00 4644.80 0}{4644.80 5806.00 5806.00 5806.00 6967.20 1}{6967.20 0.00 0.00 0.00 9289.60 0}{9289.60 10908.00 10908.00 10908.00 11612.00 1}
COMP 4b-1: 48ac05_48ae89_48af5d_48b016 (2 108.00 1 108.00 1 108.00){0.00 0.00 0.00 0.00 43.20 0}{43.20 0.00 0.00 0.00 86.40 0}{86.40 108.00 108.00 108.00 129.60 2}{129.60 0.00 0.00 0.00 172.80 0}{172.80 0.00 0.00 0.00 216.00 0}
COMM 4b-0: 481caa_48202a_482163_482257 (2 115.00 1 115.00 1 115.00){0.00 0.00 0.00 0.00 46.00 0}{46.00 0.00 0.00 0.00 92.00 0}{92.00 115.00 115.00 115.00 138.00 2}{138.00 0.00 0.00 0.00 184.00 0}{184.00 0.00 0.00 0.00 230.00 0}
COMM 4b-1: 48ac05_48ae89_48af5d_48b016 (2 196.33 2 103.00 1 243.00){0.00 0.00 0.00 0.00 97.20 0}{97.20 103.00 103.00 103.00 194.40 1}{194.40 243.00 243.00 243.00 291.60 1}{291.60 0.00 0.00 0.00 388.80 0}{388.80 0.00 0.00 0.00 486.00 0}
LOOP0: iter: ( 2 )[ 1 -1 1 2 1 ] mem: ( 1 )[ 1 -1 1 2 1 ]
10 2 
12 20480 
14 16 
1a ( 3 2 )[ 1 -1 1 1 0 ]
1a ( 2 1 )[ 1 -1 2 1 0 ]
1b 0 

RANKS: 1 -1 1 3 1
EVENT6: 1090 479b76_479f4b_47a0b6_47a1d7
COMP 4b-0: 46cf59_46d288_46d3a3_46d48f (1 34071.00 3 34071.00 3 34071.00){0.00 0.00 0.00 0.00 13628.40 0}{13628.40 0.00 0.00 0.00 27256.80 0}{27256.80 34071.00 34071.00 34071.00 40885.20 1}{40885.20 0.00 0.00 0.00 54513.60 0}{54513.60 0.00 0.00 0.00 68142.00 0}
COMP 4b-1: 481caa_48202a_482163_482257 (5 3599.83 2 7.00 3 10841.00){0.00 0.00 0.00 0.00 3.20 0}{3.20 0.00 0.00 0.00 6.40 0}{6.40 7.00 7.50 8.00 16.00 2}{16.00 4991.00 5367.50 5744.00 9966.00 2}{9966.00 10841.00 10841.00 10841.00 11716.00 1}
COMP 4b-2: 48ac05_48ae89_48af5d_48b016 (2 8932.67 2 5038.00 1 10880.00){0.00 0.00 0.00 0.00 4352.00 0}{4352.00 5038.00 5038.00 5038.00 8704.00 1}{8704.00 10880.00 10880.00 10880.00 13056.00 1}{13056.00 0.00 0.00 0.00 17408.00 0}{17408.00 0.00 0.00 0.00 21760.00 0}
COMM 4b-0: 46cf59_46d288_46d3a3_46d48f (1 5.00 3 5.00 3 5.00){0.00 0.00 0.00 0.00 2.00 0}{2.00 0.00 0.00 0.00 4.00 0}{4.00 5.00 5.00 5.00 6.00 1}{6.00 0.00 0.00 0.00 8.00 0}{8.00 0.00 0.00 0.00 10.00 0}
COMM 4b-1: 481caa_48202a_482163_482257 (5 2.33 1 2.00 3 3.00){0.00 0.00 0.00 0.00 0.80 0}{0.80 0.00 0.00 0.00 1.60 0}{1.60 2.00 2.00 2.00 2.40 3}{2.40 3.00 3.00 3.00 3.20 2}{3.20 0.00 0.00 0.00 4.00 0}
COMM 4b-2: 48ac05_48ae89_48af5d_48b016 (2 2.00 1 2.00 1 2.00){0.00 0.00 0.00 0.00 0.80 0}{0.80 0.00 0.00 0.00 1.60 0}{1.60 2.00 2.00 2.00 2.40 2}{2.40 0.00 0.00 0.00 3.20 0}{3.20 0.00 0.00 0.00 4.00 0}
LOOP0: iter: ( 2 )[ 1 -1 1 2 1 ]( 4 )[ 1 -1 3 1 0 ] mem: ( 2 )[ 1 -1 1 2 1 ]( 3 )[ 1 -1 3 1 0 ]
10 2 
12 20480 
14 16 
1b 0 
2b 2147483647 

RANKS: 1 -1 1 3 1
EVENT7: 1148 48ac05_48ae89_48af5d_48b016
COMP 4b-0: 479b76_479f4b_47a0b6_47a1d7 (8 7.56 3 5.00 3 15.00){0.00 0.00 0.00 0.00 3.20 0}{3.20 5.00 5.75 6.00 6.40 4}{6.40 7.00 7.33 8.00 9.60 3}{9.60 0.00 0.00 0.00 12.80 0}{12.80 15.00 15.00 15.00 16.00 1}
COMM 4b-0: 479b76_479f4b_47a0b6_47a1d7 (8 212.89 1 125.00 2 341.00){0.00 0.00 0.00 0.00 50.00 0}{50.00 0.00 0.00 0.00 100.00 0}{100.00 125.00 149.75 166.00 200.00 4}{200.00 249.00 249.00 249.00 250.00 1}{250.00 264.00 314.33 341.00 426.00 3}
1c 9999 

RANKS: 1 -1 0 4 1
EVENT8: 1113 481caa_48202a_482163_482257
COMP 4b-0: 46cf59_46d288_46d3a3_46d48f (1 34115.00 0 34115.00 0 34115.00){0.00 0.00 0.00 0.00 13646.00 0}{13646.00 0.00 0.00 0.00 27292.00 0}{27292.00 34115.00 34115.00 34115.00 40938.00 1}{40938.00 0.00 0.00 0.00 54584.00 0}{54584.00 0.00 0.00 0.00 68230.00 0}
COMP 4b-1: 481caa_48202a_482163_482257 (1 5009.00 1 5009.00 1 5009.00){0.00 0.00 0.00 0.00 2003.60 0}{2003.60 0.00 0.00 0.00 4007.20 0}{4007.20 5009.00 5009.00 5009.00 6010.80 1}{6010.80 0.00 0.00 0.00 8014.40 0}{8014.40 0.00 0.00 0.00 10018.00 0}
COMP 4b-2: 48ac05_48ae89_48af5d_48b016 (9 2859.50 3 109.00 0 11052.00){0.00 109.00 121.00 146.00 2346.80 6}{2346.80 0.00 0.00 0.00 4693.60 0}{4693.60 5083.00 5475.00 5867.00 7040.40 2}{7040.40 0.00 0.00 0.00 9387.20 0}{9387.20 11052.00 11052.00 11052.00 11734.00 1}
COMM 4b-0: 46cf59_46d288_46d3a3_46d48f (1 302.00 0 302.00 0 302.00){0.00 0.00 0.00 0.00 120.80 0}{120.80 0.00 0.00 0.00 241.60 0}{241.60 302.00 302.00 302.00 362.40 1}{362.40 0.00 0.00 0.00 483.20 0}{483.20 0.00 0.00 0.00 604.00 0}
COMM 4b-1: 481caa_48202a_482163_482257 (1 108.00 1 108.00 1 108.00){0.00 0.00 0.00 0.00 43.20 0}{43.20 0.00 0.00 0.00 86.40 0}{86.40 108.00 108.00 108.00 129.60 1}{129.60 0.00 0.00 0.00 172.80 0}{172.80 0.00 0.00 0.00 216.00 0}
COMM 4b-2: 48ac05_48ae89_48af5d_48b016 (9 120.30 2 101.00 3 243.00){0.00 0.00 0.00 0.00 44.80 0}{44.80 0.00 0.00 0.00 89.60 0}{89.60 101.00 106.00 112.00 179.20 8}{179.20 0.00 0.00 0.00 224.00 0}{224.00 243.00 243.00 243.00 262.00 1}
LOOP0: iter: ( 4 )[ 1 -1 0 1 0 ]( 2 )[ 1 -1 1 1 0 ] mem: ( 3 )[ 1 -1 0 1 0 ]( 1 )[ 1 -1 1 1 0 ]
10 2 
12 20480 
14 16 
1a ( 1 2 )[ 1 -1 0 1 0 ]
1a ( 3 2 )[ 1 -1 1 2 2 ]
1a ( 2 )[ 1 -1 2 1 0 ]
1b 0 

RANKS: 1 -1 0 2 1
EVENT9: 1090 479b76_479f4b_47a0b6_47a1d7
COMP 4b-0: 481caa_48202a_482163_482257 (5 8.33 0 6.00 0 12.00){0.00 0.00 0.00 0.00 4.80 0}{4.80 6.00 6.50 7.00 9.60 4}{9.60 12.00 12.00 12.00 14.40 1}{14.40 0.00 0.00 0.00 19.20 0}{19.20 0.00 0.00 0.00 24.00 0}
COMM 4b-0: 481caa_48202a_482163_482257 (5 2.17 0 1.00 0 3.00){0.00 1.00 1.00 1.00 1.20 1}{1.20 2.00 2.00 2.00 2.40 3}{2.40 3.00 3.00 3.00 3.60 1}{3.60 0.00 0.00 0.00 4.80 0}{4.80 0.00 0.00 0.00 6.00 0}
10 2 
12 20480 
14 16 
1b 0 
2b 2147483647 

RANKS: 1 -1 0 2 1
EVENT10: 1148 48ac05_48ae89_48af5d_48b016
COMP 4b-0: 479b76_479f4b_47a0b6_47a1d7 (5 7.83 0 6.00 0 11.00){0.00 0.00 0.00 0.00 4.40 0}{4.40 6.00 6.25 7.00 8.80 4}{8.80 11.00 11.00 11.00 13.20 1}{13.20 0.00 0.00 0.00 17.60 0}{17.60 0.00 0.00 0.00 22.00 0}
COMM 4b-0: 479b76_479f4b_47a0b6_47a1d7 (5 209.67 1 126.00 0 270.00){0.00 0.00 0.00 0.00 108.00 0}{108.00 126.00 165.00 195.00 216.00 3}{216.00 223.00 246.50 270.00 324.00 2}{324.00 0.00 0.00 0.00 432.00 0}{432.00 0.00 0.00 0.00 540.00 0}
1c 9999 

RANKS: 1 -1 0 4 1
EVENT11: 1004 46a0df_46a43f_46a582_46a674
COMP 4b-0: 481caa_48202a_482163_482257 (2 10304.67 3 10301.00 2 10312.00){0.00 0.00 0.00 0.00 4120.40 0}{4120.40 0.00 0.00 0.00 8240.80 0}{8240.80 10301.00 10306.50 10312.00 12361.20 2}{12361.20 0.00 0.00 0.00 16481.60 0}{16481.60 0.00 0.00 0.00 20602.00 0}
COMP 4b-1: 48ac05_48ae89_48af5d_48b016 (2 10353.33 1 10344.00 0 10358.00){0.00 0.00 0.00 0.00 4143.20 0}{4143.20 0.00 0.00 0.00 8286.40 0}{8286.40 10344.00 10351.00 10358.00 12429.60 2}{12429.60 0.00 0.00 0.00 16572.80 0}{16572.80 0.00 0.00 0.00 20716.00 0}
COMM 4b-0: 481caa_48202a_482163_482257 (2 170.00 2 104.00 3 203.00){0.00 0.00 0.00 0.00 81.20 0}{81.20 104.00 104.00 104.00 162.40 1}{162.40 203.00 203.00 203.00 243.60 1}{243.60 0.00 0.00 0.00 324.80 0}{324.80 0.00 0.00 0.00 406.00 0}
COMM 4b-1: 48ac05_48ae89_48af5d_48b016 (2 89.67 0 39.00 1 191.00){0.00 0.00 0.00 0.00 15.60 0}{15.60 0.00 0.00 0.00 31.20 0}{31.20 39.00 39.00 39.00 62.40 1}{62.40 0.00 0.00 0.00 78.00 0}{78.00 191.00 191.00 191.00 304.00 1}
10 2 
12 5 
14 16 
18 3 

RANKS: 1 -1 0 4 1
EVENT12: 1010 46ca70_46cca5_46cd49_46cdc5
COMP 4b-0: 46a0df_46a43f_46a582_46a674 (4 5.40 0 5.00 1 6.00){0.00 0.00 0.00 0.00 2.00 0}{2.00 0.00 0.00 0.00 4.00 0}{4.00 5.00 5.50 6.00 6.00 4}{6.00 0.00 0.00 0.00 8.00 0}{8.00 0.00 0.00 0.00 10.00 0}
COMM 4b-0: 46a0df_46a43f_46a582_46a674 (4 173.60 2 133.00 3 279.00){0.00 0.00 0.00 0.00 59.20 0}{59.20 0.00 0.00 0.00 118.40 0}{118.40 133.00 147.00 160.00 177.60 3}{177.60 0.00 0.00 0.00 236.80 0}{236.80 279.00 279.00 279.00 296.00 1}
10 2 

RANKS: 1 -1 1 3 1
EVENT13: 1102 47d1e9_47d5ae_47d718_47d837
COMP 4b-0: 46ca70_46cca5_46cd49_46cdc5 (3 559.00 1 557.00 3 562.00){0.00 0.00 0.00 0.00 222.80 0}{222.80 0.00 0.00 0.00 445.60 0}{445.60 557.00 559.67 562.00 668.40 3}{668.40 0.00 0.00 0.00 891.20 0}{891.20 0.00 0.00 0.00 1114.00 0}
COMP 4b-1: 47d1e9_47d5ae_47d718_47d837 (123 170.06 3 6.00 3 370.00){0.00 0.00 0.00 0.00 2.80 0}{2.80 0.00 0.00 0.00 5.60 0}{5.60 6.00 6.16 7.00 11.20 62}{11.20 0.00 0.00 0.00 14.00 0}{14.00 337.00 339.31 370.00 672.00 61}
COMP 4b-2: 481caa_48202a_482163_482257 (246 147.59 2 140.00 2 163.00){0.00 0.00 0.00 0.00 60.80 0}{60.80 0.00 0.00 0.00 121.60 0}{121.60 140.00 147.57 163.00 182.40 246}{182.40 0.00 0.00 0.00 243.20 0}{243.20 0.00 0.00 0.00 304.00 0}
COMM 4b-0: 46ca70_46cca5_46cd49_46cdc5 (3 252.00 1 209.00 3 352.00){0.00 0.00 0.00 0.00 83.60 0}{83.60 0.00 0.00 0.00 167.20 0}{167.20 209.00 223.50 238.00 250.80 2}{250.80 0.00 0.00 0.00 334.40 0}{334.40 352.00 352.00 352.00 418.00 1}
COMM 4b-1: 47d1e9_47d5ae_47d718_47d837 (123 4.07 3 1.00 3 107.00){0.00 0.00 0.00 0.00 0.80 0}{0.80 1.00 1.00 1.00 1.60 45}{1.60 2.00 2.35 3.00 3.20 26}{3.20 4.00 4.00 4.00 4.00 44}{4.00 5.00 27.62 107.00 158.00 8}
COMM 4b-2: 481caa_48202a_482163_482257 (246 9.65 1 2.00 1 612.00){0.00 2.00 2.00 2.00 2.80 30}{2.80 3.00 3.14 5.00 5.60 201}{5.60 6.00 6.71 9.00 14.00 7}{14.00 39.00 58.25 84.00 108.00 4}{108.00 109.00 351.00 612.00 1116.00 4}
LOOP0: iter: ( 124 )[ 1 -1 1 3 1 ] mem: ( 2 )[ 1 -1 1 2 1 ]( 1 )[ 1 -1 3 1 0 ]
10 2 
12 155 
14 16 
1b 0 
2b ( 3 3 3 3 3 3 3 3 3 3 3 3 3 3 3 3 3 3 3 3 3 3 3 3 3 3 3 3 3 3 3 3 3 3 3 3 3 3 3 3 3 3 3 3 3 3 3 3 3 3 3 3 3 3 3 3 3 3 3 3 3 3 2 2 2 2 2 2 2 2 2 2 2 2 2 2 2 2 2 2 2 2 2 2 2 2 2 2 2 2 2 2 2 2 2 2 2 2 2 2 2 2 2 2 2 2 2 2 2 2 2 2 2 2 2 2 2 2 2 2 2 2 2 2 )[ 1 -1 1 1 0 ]
2b ( 3 2 )[ 1 -1 3 1 0 ]
2b ( 2 2 2 2 2 2 2 2 2 2 2 2 2 2 2 2 2 2 2 2 2 2 2 2 2 2 2 2 2 2 2 2 2 2 2 2 2 2 2 2 2 2 2 2 2 2 2 2 2 2 2 2 2 2 2 2 2 2 2 2 2 2 1 1 1 1 1 1 1 1 1 1 1 1 1 1 1 1 1 1 1 1 1 1 1 1 1 1 1 1 1 1 1 1 1 1 1 1 1 1 1 1 1 1 1 1 1 1 1 1 1 1 1 1 1 1 1 1 1 1 1 1 1 1 )[ 1 -1 2 1 0 ]

RANKS: 1 -1 2 1 0
EVENT14: 1113 481caa_48202a_482163_482257
COMP 4b-0: 47d1e9_47d5ae_47d718_47d837 (124 189.27 2 183.00 2 202.00){0.00 0.00 0.00 0.00 79.60 0}{79.60 0.00 0.00 0.00 159.20 0}{159.20 183.00 189.19 202.00 238.80 124}{238.80 0.00 0.00 0.00 318.40 0}{318.40 0.00 0.00 0.00 398.00 0}
COMM 4b-0: 47d1e9_47d5ae_47d718_47d837 (124 3.14 2 2.00 2 85.00){0.00 2.00 2.00 2.00 2.00 88}{2.00 3.00 3.00 3.00 4.00 32}{4.00 5.00 5.00 5.00 8.00 1}{8.00 0.00 0.00 0.00 10.00 0}{10.00 12.00 36.67 85.00 160.00 3}
10 2 
12 155 
14 16 
1a 1 1 1 1 1 1 1 1 1 1 1 1 1 1 1 1 1 1 1 1 1 1 1 1 1 1 1 1 1 1 1 1 1 1 1 1 1 1 1 1 1 1 1 1 1 1 1 1 1 1 1 1 1 1 1 1 1 1 1 1 1 1 2 2 2 2 2 2 2 2 2 2 2 2 2 2 2 2 2 2 2 2 2 2 2 2 2 2 2 2 2 2 2 2 2 2 2 2 2 2 2 2 2 2 2 2 2 2 2 2 2 2 2 2 2 2 2 2 2 2 2 2 2 2 
1b 0 

RANKS: 1 -1 0 4 1
EVENT15: 1113 481caa_48202a_482163_482257
COMP 4b-0: 46a0df_46a43f_46a582_46a674 (1 28249.00 2 28249.00 2 28249.00){0.00 0.00 0.00 0.00 11299.60 0}{11299.60 0.00 0.00 0.00 22599.20 0}{22599.20 28249.00 28249.00 28249.00 33898.80 1}{33898.80 0.00 0.00 0.00 45198.40 0}{45198.40 0.00 0.00 0.00 56498.00 0}
COMP 4b-1: 46ca70_46cca5_46cd49_46cdc5 (1 759.00 0 759.00 0 759.00){0.00 0.00 0.00 0.00 303.60 0}{303.60 0.00 0.00 0.00 607.20 0}{607.20 759.00 759.00 759.00 910.80 1}{910.80 0.00 0.00 0.00 1214.40 0}{1214.40 0.00 0.00 0.00 1518.00 0}
COMP 4b-2: 47d1e9_47d5ae_47d718_47d837 (125 191.71 1 182.00 3 525.00){0.00 0.00 0.00 0.00 80.40 0}{80.40 0.00 0.00 0.00 160.80 0}{160.80 182.00 188.94 204.00 321.60 124}{321.60 0.00 0.00 0.00 402.00 0}{402.00 525.00 525.00 525.00 648.00 1}
COMP 4b-3: 481caa_48202a_482163_482257 (247 168.50 0 5.00 2 1056.00){0.00 0.00 0.00 0.00 2.00 0}{2.00 0.00 0.00 0.00 4.00 0}{4.00 5.00 5.82 7.00 10.00 124}{10.00 316.00 327.90 347.00 666.00 122}{666.00 1056.00 1056.00 1056.00 1446.00 1}
COMM 4b-0: 46a0df_46a43f_46a582_46a674 (1 113.00 2 113.00 2 113.00){0.00 0.00 0.00 0.00 45.20 0}{45.20 0.00 0.00 0.00 90.40 0}{90.40 113.00 113.00 113.00 135.60 1}{135.60 0.00 0.00 0.00 180.80 0}{180.80 0.00 0.00 0.00 226.00 0}
COMM 4b-1: 46ca70_46cca5_46cd49_46cdc5 (1 5.00 0 5.00 0 5.00){0.00 0.00 0.00 0.00 2.00 0}{2.00 0.00 0.00 0.00 4.00 0}{4.00 5.00 5.00 5.00 6.00 1}{6.00 0.00 0.00 0.00 8.00 0}{8.00 0.00 0.00 0.00 10.00 0}
COMM 4b-2: 47d1e9_47d5ae_47d718_47d837 (125 3.34 1 2.00 1 87.00){0.00 0.00 0.00 0.00 1.60 0}{1.60 2.00 2.48 3.00 3.20 119}{3.20 4.00 4.33 5.00 6.40 3}{6.40 0.00 0.00 0.00 8.00 0}{8.00 11.00 36.33 87.00 166.00 3}
COMM 4b-3: 481caa_48202a_482163_482257 (247 3.95 0 1.00 2 121.00){0.00 0.00 0.00 0.00 0.80 0}{0.80 1.00 1.00 1.00 1.60 70}{1.60 2.00 2.00 2.00 2.40 134}{2.40 3.00 3.00 3.00 4.00 23}{4.00 10.00 28.55 121.00 208.00 20}
LOOP0: iter: ( 124 )[ 1 -1 0 2 3 ]( 2 )[ 1 -1 2 1 0 ] mem: ( 1 )[ 1 -1 0 2 3 ]( 5 )[ 1 -1 2 1 0 ]
10 2 
12 ( 155 )[ 2 -1 0 2 1 -1 3 1 0 ]
12 ( 20480 )[ 1 -1 2 1 0 ]
14 16 
1a ( 1 2 )[ 1 -1 0 1 0 ]
1a ( 2 2 2 2 2 2 2 2 2 2 2 2 2 2 2 2 2 2 2 2 2 2 2 2 2 2 2 2 2 2 2 2 2 2 2 2 2 2 2 2 2 2 2 2 2 2 2 2 2 2 2 2 2 2 2 2 2 2 2 2 2 2 3 3 3 3 3 3 3 3 3 3 3 3 3 3 3 3 3 3 3 3 3 3 3 3 3 3 3 3 3 3 3 3 3 3 3 3 3 3 3 3 3 3 3 3 3 3 3 3 3 3 3 3 3 3 3 3 3 3 3 3 3 3 )[ 1 -1 1 1 0 ]
1a ( 3 2 )[ 1 -1 3 1 0 ]
1a ( 1 )[ 1 -1 2 1 0 ]
1b 0 

RANKS: 1 -1 0 1 0
EVENT16: 1102 47d1e9_47d5ae_47d718_47d837
COMP 4b-0: 47d1e9_47d5ae_47d718_47d837 (123 159.19 0 5.00 0 330.00){0.00 0.00 0.00 0.00 2.00 0}{2.00 0.00 0.00 0.00 4.00 0}{4.00 5.00 6.13 7.00 8.00 62}{8.00 0.00 0.00 0.00 10.00 0}{10.00 316.00 317.28 330.00 650.00 61}
COMP 4b-1: 481caa_48202a_482163_482257 (1 148.00 0 148.00 0 148.00){0.00 0.00 0.00 0.00 59.20 0}{59.20 0.00 0.00 0.00 118.40 0}{118.40 148.00 148.00 148.00 177.60 1}{177.60 0.00 0.00 0.00 236.80 0}{236.80 0.00 0.00 0.00 296.00 0}
COMM 4b-0: 47d1e9_47d5ae_47d718_47d837 (123 7.35 0 1.00 0 225.00){0.00 1.00 1.00 1.00 1.60 48}{1.60 2.00 2.22 3.00 3.20 18}{3.20 4.00 4.00 4.00 4.00 6}{4.00 5.00 6.57 8.00 8.00 7}{8.00 9.00 17.07 225.00 442.00 44}
COMM 4b-1: 481caa_48202a_482163_482257 (1 1197.00 0 1197.00 0 1197.00){0.00 0.00 0.00 0.00 478.80 0}{478.80 0.00 0.00 0.00 957.60 0}{957.60 1197.00 1197.00 1197.00 1436.40 1}{1436.40 0.00 0.00 0.00 1915.20 0}{1915.20 0.00 0.00 0.00 2394.00 0}
LOOP0: iter: ( 124 )[ 1 -1 0 1 0 ] mem: ( 1 )[ 1 -1 0 1 0 ]
10 2 
12 155 
14 16 
1b 0 
2b 1 2 

RANKS: 1 -1 1 3 1
EVENT17: 1090 479b76_479f4b_47a0b6_47a1d7
COMP 4b-0: 46a0df_46a43f_46a582_46a674 (2 28169.67 1 28163.00 3 28183.00){0.00 0.00 0.00 0.00 11265.20 0}{11265.20 0.00 0.00 0.00 22530.40 0}{22530.40 28163.00 28173.00 28183.00 33795.60 2}{33795.60 0.00 0.00 0.00 45060.80 0}{45060.80 0.00 0.00 0.00 56326.00 0}
COMP 4b-1: 481caa_48202a_482163_482257 (6 1842.86 2 6.00 3 4969.00){0.00 6.00 6.00 6.00 395.60 2}{395.60 0.00 0.00 0.00 791.20 0}{791.20 982.00 985.50 989.00 1582.40 2}{1582.40 0.00 0.00 0.00 1978.00 0}{1978.00 4959.00 4964.00 4969.00 7960.00 2}
COMP 4b-2: 48ac05_48ae89_48af5d_48b016 (2 5007.67 2 5007.00 2 5009.00){0.00 0.00 0.00 0.00 2002.80 0}{2002.80 0.00 0.00 0.00 4005.60 0}{4005.60 5007.00 5008.00 5009.00 6008.40 2}{6008.40 0.00 0.00 0.00 8011.20 0}{8011.20 0.00 0.00 0.00 10014.00 0}
COMM 4b-0: 46a0df_46a43f_46a582_46a674 (2 2.00 1 2.00 1 2.00){0.00 0.00 0.00 0.00 0.80 0}{0.80 0.00 0.00 0.00 1.60 0}{1.60 2.00 2.00 2.00 2.40 2}{2.40 0.00 0.00 0.00 3.20 0}{3.20 0.00 0.00 0.00 4.00 0}
COMM 4b-1: 481caa_48202a_482163_482257 (6 2.14 1 2.00 3 3.00){0.00 0.00 0.00 0.00 0.80 0}{0.80 0.00 0.00 0.00 1.60 0}{1.60 2.00 2.00 2.00 2.40 5}{2.40 3.00 3.00 3.00 3.20 1}{3.20 0.00 0.00 0.00 4.00 0}
COMM 4b-2: 48ac05_48ae89_48af5d_48b016 (2 2.00 2 2.00 2 2.00){0.00 0.00 0.00 0.00 0.80 0}{0.80 0.00 0.00 0.00 1.60 0}{1.60 2.00 2.00 2.00 2.40 2}{2.40 0.00 0.00 0.00 3.20 0}{3.20 0.00 0.00 0.00 4.00 0}
LOOP0: iter: ( 2 )[ 1 -1 1 3 1 ] mem: ( 6 )[ 1 -1 1 1 0 ]( 4 )[ 1 -1 3 1 0 ]( 2 )[ 1 -1 2 1 0 ]
LOOP1: iter: ( 2 )[ 1 -1 3 1 0 ] mem: ( 3 )[ 1 -1 3 1 0 ]
10 2 
12 20480 
14 16 
1b 0 
2b 2147483647 

RANKS: 1 -1 1 3 1
EVENT18: 1148 48ac05_48ae89_48af5d_48b016
COMP 4b-0: 479b76_479f4b_47a0b6_47a1d7 (10 6.36 3 5.00 2 11.00){0.00 0.00 0.00 0.00 2.40 0}{2.40 0.00 0.00 0.00 4.80 0}{4.80 5.00 5.89 6.00 7.20 9}{7.20 0.00 0.00 0.00 9.60 0}{9.60 11.00 11.00 11.00 12.00 1}
COMM 4b-0: 479b76_479f4b_47a0b6_47a1d7 (10 274.55 2 97.00 3 729.00){0.00 97.00 98.50 100.00 140.80 2}{140.80 142.00 146.00 150.00 281.60 4}{281.60 352.00 386.00 421.00 563.20 3}{563.20 0.00 0.00 0.00 704.00 0}{704.00 729.00 729.00 729.00 754.00 1}
1c 9999 

RANKS: 1 -1 0 4 1
EVENT19: 1113 481caa_48202a_482163_482257
COMP 4b-0: 46a0df_46a43f_46a582_46a674 (1 28237.00 0 28237.00 0 28237.00){0.00 0.00 0.00 0.00 11294.80 0}{11294.80 0.00 0.00 0.00 22589.60 0}{22589.60 28237.00 28237.00 28237.00 33884.40 1}{33884.40 0.00 0.00 0.00 45179.20 0}{45179.20 0.00 0.00 0.00 56474.00 0}
COMP 4b-1: 47d1e9_47d5ae_47d718_47d837 (1 1241.00 0 1241.00 0 1241.00){0.00 0.00 0.00 0.00 496.40 0}{496.40 0.00 0.00 0.00 992.80 0}{992.80 1241.00 1241.00 1241.00 1489.20 1}{1489.20 0.00 0.00 0.00 1985.60 0}{1985.60 0.00 0.00 0.00 2482.00 0}
COMP 4b-2: 481caa_48202a_482163_482257 (2 5011.00 1 5005.00 1 5014.00){0.00 0.00 0.00 0.00 2005.60 0}{2005.60 0.00 0.00 0.00 4011.20 0}{4011.20 5005.00 5009.50 5014.00 6016.80 2}{6016.80 0.00 0.00 0.00 8022.40 0}{8022.40 0.00 0.00 0.00 10028.00 0}
COMP 4b-3: 48ac05_48ae89_48af5d_48b016 (10 1444.45 3 84.00 0 5070.00){0.00 84.00 93.88 111.00 2013.60 8}{2013.60 0.00 0.00 0.00 4027.20 0}{4027.20 5034.00 5052.00 5070.00 6040.80 2}{6040.80 0.00 0.00 0.00 8054.40 0}{8054.40 0.00 0.00 0.00 10068.00 0}
COMM 4b-0: 46a0df_46a43f_46a582_46a674 (1 110.00 0 110.00 0 110.00){0.00 0.00 0.00 0.00 44.00 0}{44.00 0.00 0.00 0.00 88.00 0}{88.00 110.00 110.00 110.00 132.00 1}{132.00 0.00 0.00 0.00 176.00 0}{176.00 0.00 0.00 0.00 220.00 0}
COMM 4b-1: 47d1e9_47d5ae_47d718_47d837 (1 109.00 0 109.00 0 109.00){0.00 0.00 0.00 0.00 43.60 0}{43.60 0.00 0.00 0.00 87.20 0}{87.20 109.00 109.00 109.00 130.80 1}{130.80 0.00 0.00 0.00 174.40 0}{174.40 0.00 0.00 0.00 218.00 0}
COMM 4b-2: 481caa_48202a_482163_482257 (2 113.33 1 109.00 1 122.00){0.00 0.00 0.00 0.00 43.60 0}{43.60 0.00 0.00 0.00 87.20 0}{87.20 109.00 115.50 122.00 130.80 2}{130.80 0.00 0.00 0.00 174.40 0}{174.40 0.00 0.00 0.00 218.00 0}
COMM 4b-3: 48ac05_48ae89_48af5d_48b016 (10 103.18 2 100.00 0 106.00){0.00 0.00 0.00 0.00 42.40 0}{42.40 0.00 0.00 0.00 84.80 0}{84.80 100.00 102.90 106.00 127.20 10}{127.20 0.00 0.00 0.00 169.60 0}{169.60 0.00 0.00 0.00 212.00 0}
LOOP0: iter: ( 2 )[ 1 -1 0 2 1 ] mem: ( 4 )[ 1 -1 0 1 0 ]( 1 )[ 1 -1 1 1 0 ]
LOOP1: iter: ( 2 )[ 1 -1 0 1 0 ] mem: ( 3 )[ 1 -1 0 1 0 ]
10 2 
12 20480 
14 16 
1a ( 1 2 )[ 1 -1 0 1 0 ]
1a ( 3 2 )[ 1 -1 1 2 2 ]
1a ( 2 )[ 1 -1 2 1 0 ]
1b 0 

RANKS: 1 -1 0 2 1
EVENT20: 1090 479b76_479f4b_47a0b6_47a1d7
COMP 4b-0: 481caa_48202a_482163_482257 (6 6.14 0 5.00 1 7.00){0.00 0.00 0.00 0.00 2.40 0}{2.40 0.00 0.00 0.00 4.80 0}{4.80 5.00 6.17 7.00 7.20 6}{7.20 0.00 0.00 0.00 9.60 0}{9.60 0.00 0.00 0.00 12.00 0}
COMM 4b-0: 481caa_48202a_482163_482257 (6 2.00 0 2.00 0 2.00){0.00 0.00 0.00 0.00 0.80 0}{0.80 0.00 0.00 0.00 1.60 0}{1.60 2.00 2.00 2.00 2.40 6}{2.40 0.00 0.00 0.00 3.20 0}{3.20 0.00 0.00 0.00 4.00 0}
10 2 
12 20480 
14 16 
1b 0 
2b 2147483647 

RANKS: 1 -1 0 2 1
EVENT21: 1148 48ac05_48ae89_48af5d_48b016
COMP 4b-0: 479b76_479f4b_47a0b6_47a1d7 (6 6.43 0 5.00 0 11.00){0.00 0.00 0.00 0.00 2.40 0}{2.40 0.00 0.00 0.00 4.80 0}{4.80 5.00 5.60 6.00 7.20 5}{7.20 0.00 0.00 0.00 9.60 0}{9.60 11.00 11.00 11.00 12.00 1}
COMM 4b-0: 479b76_479f4b_47a0b6_47a1d7 (6 133.29 1 96.00 0 155.00){0.00 0.00 0.00 0.00 57.60 0}{57.60 96.00 99.50 103.00 115.20 2}{115.20 144.00 147.50 155.00 172.80 4}{172.80 0.00 0.00 0.00 230.40 0}{230.40 0.00 0.00 0.00 288.00 0}
1c 9999 

RANKS: 1 -1 0 4 1
EVENT22: 1004 46a0df_46a43f_46a582_46a674
COMP 4b-0: 481caa_48202a_482163_482257 (4 10048.60 2 9889.00 2 10286.00){0.00 0.00 0.00 0.00 3957.60 0}{3957.60 0.00 0.00 0.00 7915.20 0}{7915.20 9889.00 10087.25 10286.00 11872.80 4}{11872.80 0.00 0.00 0.00 15830.40 0}{15830.40 0.00 0.00 0.00 19788.00 0}
COMP 4b-1: 48ac05_48ae89_48af5d_48b016 (4 10072.80 0 9915.00 0 10310.00){0.00 0.00 0.00 0.00 3966.00 0}{3966.00 0.00 0.00 0.00 7932.00 0}{7932.00 9915.00 10112.25 10310.00 11898.00 4}{11898.00 0.00 0.00 0.00 15864.00 0}{15864.00 0.00 0.00 0.00 19830.00 0}
COMM 4b-0: 481caa_48202a_482163_482257 (4 56.00 3 33.00 3 84.00){0.00 0.00 0.00 0.00 13.20 0}{13.20 0.00 0.00 0.00 26.40 0}{26.40 33.00 33.00 33.00 52.80 1}{52.80 64.00 65.00 66.00 66.00 2}{66.00 84.00 84.00 84.00 102.00 1}
COMM 4b-1: 48ac05_48ae89_48af5d_48b016 (4 45.20 0 22.00 1 105.00){0.00 0.00 0.00 0.00 8.80 0}{8.80 0.00 0.00 0.00 17.60 0}{17.60 22.00 22.00 22.00 44.00 2}{44.00 55.00 55.00 55.00 66.00 1}{66.00 105.00 105.00 105.00 144.00 1}
10 2 
12 1 5 
14 16 
18 1 3 

RANKS: 1 -1 0 4 1
EVENT23: 1010 46ca70_46cca5_46cd49_46cdc5
COMP 4b-0: 46a0df_46a43f_46a582_46a674 (4 8.60 0 8.00 1 10.00){0.00 0.00 0.00 0.00 3.20 0}{3.20 0.00 0.00 0.00 6.40 0}{6.40 8.00 8.33 9.00 9.60 3}{9.60 10.00 10.00 10.00 12.80 1}{12.80 0.00 0.00 0.00 16.00 0}
COMM 4b-0: 46a0df_46a43f_46a582_46a674 (4 20.60 2 5.00 3 29.00){0.00 5.00 5.00 5.00 11.20 1}{11.20 13.00 13.00 13.00 22.40 1}{22.40 28.00 28.50 29.00 33.60 2}{33.60 0.00 0.00 0.00 44.80 0}{44.80 0.00 0.00 0.00 56.00 0}
10 2 

RANKS: 1 -1 2 1 0
EVENT24: 1102 47d1e9_47d5ae_47d718_47d837
COMP 4b-0: 46ca70_46cca5_46cd49_46cdc5 (1 542.00 2 542.00 2 542.00){0.00 0.00 0.00 0.00 216.80 0}{216.80 0.00 0.00 0.00 433.60 0}{433.60 542.00 542.00 542.00 650.40 1}{650.40 0.00 0.00 0.00 867.20 0}{867.20 0.00 0.00 0.00 1084.00 0}
COMP 4b-1: 481caa_48202a_482163_482257 (123 147.01 2 141.00 2 160.00){0.00 0.00 0.00 0.00 60.00 0}{60.00 0.00 0.00 0.00 120.00 0}{120.00 141.00 146.98 160.00 180.00 123}{180.00 0.00 0.00 0.00 240.00 0}{240.00 0.00 0.00 0.00 300.00 0}
COMM 4b-0: 46ca70_46cca5_46cd49_46cdc5 (1 390.00 2 390.00 2 390.00){0.00 0.00 0.00 0.00 156.00 0}{156.00 0.00 0.00 0.00 312.00 0}{312.00 390.00 390.00 390.00 468.00 1}{468.00 0.00 0.00 0.00 624.00 0}{624.00 0.00 0.00 0.00 780.00 0}
COMM 4b-1: 481caa_48202a_482163_482257 (123 6.99 2 2.00 2 452.00){0.00 2.00 3.05 9.00 9.20 121}{9.20 0.00 0.00 0.00 18.40 0}{18.40 23.00 23.00 23.00 36.80 1}{36.80 0.00 0.00 0.00 46.00 0}{46.00 452.00 452.00 452.00 858.00 1}
LOOP0: iter: ( 124 )[ 1 -1 2 1 0 ] mem: ( 2 )[ 1 -1 2 1 0 ]
10 2 
12 155 
14 16 
1b 0 
2b 2 2 2 2 2 2 2 2 2 2 2 2 2 2 2 2 2 2 2 2 2 2 2 2 2 2 2 2 2 2 2 2 2 2 2 2 2 2 2 2 2 2 2 2 2 2 2 2 2 2 2 2 2 2 2 2 2 2 2 2 2 2 1 1 1 1 1 1 1 1 1 1 1 1 1 1 1 1 1 1 1 1 1 1 1 1 1 1 1 1 1 1 1 1 1 1 1 1 1 1 1 1 1 1 1 1 1 1 1 1 1 1 1 1 1 1 1 1 1 1 1 1 1 1 

RANKS: 1 -1 0 2 2
EVENT25: 1113 481caa_48202a_482163_482257
COMP 4b-0: 46ca70_46cca5_46cd49_46cdc5 (1 892.00 0 892.00 0 892.00){0.00 0.00 0.00 0.00 356.80 0}{356.80 0.00 0.00 0.00 713.60 0}{713.60 892.00 892.00 892.00 1070.40 1}{1070.40 0.00 0.00 0.00 1427.20 0}{1427.20 0.00 0.00 0.00 1784.00 0}
COMP 4b-1: 47d1e9_47d5ae_47d718_47d837 (124 188.93 2 182.00 2 204.00){0.00 0.00 0.00 0.00 78.80 0}{78.80 0.00 0.00 0.00 157.60 0}{157.60 182.00 188.86 204.00 236.40 124}{236.40 0.00 0.00 0.00 315.20 0}{315.20 0.00 0.00 0.00 394.00 0}
COMP 4b-2: 481caa_48202a_482163_482257 (30627 170.99 0 4.00 0 530.00){0.00 0.00 0.00 0.00 2.00 0}{2.00 4.00 4.00 4.00 4.00 28}{4.00 5.00 5.81 7.00 8.00 15385}{8.00 0.00 0.00 0.00 10.00 0}{10.00 12.00 338.34 530.00 666.00 15214}
COMP 4b-3: 48ac05_48ae89_48af5d_48b016 (248 10652.95 0 10624.00 0 10928.00){0.00 0.00 0.00 0.00 4254.40 0}{4254.40 0.00 0.00 0.00 8508.80 0}{8508.80 10624.00 10653.02 10928.00 12763.20 248}{12763.20 0.00 0.00 0.00 17017.60 0}{17017.60 0.00 0.00 0.00 21272.00 0}
COMM 4b-0: 46ca70_46cca5_46cd49_46cdc5 (1 6.00 0 6.00 0 6.00){0.00 0.00 0.00 0.00 2.40 0}{2.40 0.00 0.00 0.00 4.80 0}{4.80 6.00 6.00 6.00 7.20 1}{7.20 0.00 0.00 0.00 9.60 0}{9.60 0.00 0.00 0.00 12.00 0}
COMM 4b-1: 47d1e9_47d5ae_47d718_47d837 (124 2.66 2 2.00 2 10.00){0.00 0.00 0.00 0.00 1.60 0}{1.60 2.00 2.53 3.00 3.20 121}{3.20 4.00 4.00 4.00 6.40 1}{6.40 0.00 0.00 0.00 8.00 0}{8.00 9.00 9.50 10.00 12.00 2}
COMM 4b-2: 481caa_48202a_482163_482257 (30627 2.28 0 1.00 0 28.00){0.00 1.00 1.00 1.00 1.60 4958}{1.60 2.00 2.00 2.00 2.40 18252}{2.40 3.00 3.00 4.00 4.00 6906}{4.00 9.00 15.14 22.00 24.00 509}{24.00 28.00 28.00 28.00 32.00 2}
COMM 4b-3: 48ac05_48ae89_48af5d_48b016 (248 8.76 0 8.00 0 24.00){0.00 0.00 0.00 0.00 3.60 0}{3.60 0.00 0.00 0.00 7.20 0}{7.20 8.00 8.69 10.00 14.40 247}{14.40 0.00 0.00 0.00 18.00 0}{18.00 24.00 24.00 24.00 30.00 1}
LOOP0: iter: ( 249 )[ 1 -1 0 1 0 ] mem: ( 5 )[ 1 -1 0 1 0 ]
LOOP1: iter: ( 124 )[ 1 -1 0 1 0 ] mem: ( 1 )[ 1 -1 0 1 0 ]
10 2 
12 155 
14 16 
1a ( 1 2 )[ 1 -1 0 1 0 ]
1a ( 1 1 1 1 1 1 1 1 1 1 1 1 1 1 1 1 1 1 1 1 1 1 1 1 1 1 1 1 1 1 1 1 1 1 1 1 1 1 1 1 1 1 1 1 1 1 1 1 1 1 1 1 1 1 1 1 1 1 1 1 1 1 2 2 2 2 2 2 2 2 2 2 2 2 2 2 2 2 2 2 2 2 2 2 2 2 2 2 2 2 2 2 2 2 2 2 2 2 2 2 2 2 2 2 2 2 2 2 2 2 2 2 2 2 2 2 2 2 2 2 2 2 2 2 )[ 1 -1 2 1 0 ]
1b 0 

RANKS: 2 -1 0 2 1 -1 3 1 0
EVENT26: 1102 47d1e9_47d5ae_47d718_47d837
COMP 4b-0: 46ca70_46cca5_46cd49_46cdc5 (2 541.33 1 540.00 3 544.00){0.00 0.00 0.00 0.00 216.00 0}{216.00 0.00 0.00 0.00 432.00 0}{432.00 540.00 542.00 544.00 648.00 2}{648.00 0.00 0.00 0.00 864.00 0}{864.00 0.00 0.00 0.00 1080.00 0}
COMP 4b-1: 47d1e9_47d5ae_47d718_47d837 (61254 166.10 0 5.00 3 2033.00){0.00 0.00 0.00 0.00 2.00 0}{2.00 0.00 0.00 0.00 4.00 0}{4.00 5.00 6.20 8.00 10.00 30825}{10.00 13.00 328.03 531.00 628.00 30428}{628.00 2033.00 2033.00 2033.00 3438.00 1}
COMP 4b-2: 481caa_48202a_482163_482257 (31124 229.31 1 141.00 3 10571.00){0.00 0.00 0.00 0.00 113.60 0}{113.60 141.00 147.26 152.00 170.40 30861}{170.40 179.00 186.15 214.00 284.00 13}{284.00 345.00 356.50 368.00 406.00 2}{406.00 10419.00 10442.00 10571.00 20736.00 248}
COMP 4b-3: 48ac05_48ae89_48af5d_48b016 (248 10456.91 1 10443.00 1 10849.00){0.00 0.00 0.00 0.00 4177.60 0}{4177.60 0.00 0.00 0.00 8355.20 0}{8355.20 10443.00 10456.96 10849.00 12532.80 248}{12532.80 0.00 0.00 0.00 16710.40 0}{16710.40 0.00 0.00 0.00 20888.00 0}
COMM 4b-0: 46ca70_46cca5_46cd49_46cdc5 (2 447.00 1 362.00 3 617.00){0.00 0.00 0.00 0.00 144.80 0}{144.80 0.00 0.00 0.00 289.60 0}{289.60 362.00 362.00 362.00 434.40 1}{434.40 0.00 0.00 0.00 579.20 0}{579.20 617.00 617.00 617.00 724.00 1}
COMM 4b-1: 47d1e9_47d5ae_47d718_47d837 (61254 6.49 0 1.00 0 207.00){0.00 0.00 0.00 0.00 0.80 0}{0.80 1.00 1.73 2.00 2.00 3363}{2.00 2.30 6.65 28.00 28.00 57725}{28.00 29.00 37.84 66.00 72.00 154}{72.00 90.00 171.33 207.00 340.00 12}
COMM 4b-2: 481caa_48202a_482163_482257 (31124 26.64 1 1.00 0 3236.00){0.00 1.00 3.18 17.00 432.80 30339}{432.80 459.54 461.76 802.00 865.60 291}{865.60 908.15 911.73 1276.00 1298.40 247}{1298.40 1429.00 1499.57 1813.00 2164.00 246}{2164.00 3236.00 3236.00 3236.00 4308.00 1}
COMM 4b-3: 48ac05_48ae89_48af5d_48b016 (248 279.47 1 15.00 1 494.00){0.00 15.00 15.00 15.00 111.20 1}{111.20 132.00 183.00 222.00 222.40 6}{222.40 229.00 270.95 325.00 333.60 223}{333.60 341.00 413.92 441.00 444.80 12}{444.80 446.00 468.17 494.00 556.00 6}
LOOP0: iter: ( 124 )[ 1 -1 0 1 0 ]( 249 )[ 1 -1 1 2 2 ] mem: ( 1 )[ 1 -1 0 1 0 ]( 7 )[ 1 -1 1 1 0 ]( 5 )[ 1 -1 3 1 0 ]
LOOP1: iter: ( 124 )[ 1 -1 1 2 2 ] mem: ( 2 )[ 1 -1 1 1 0 ]( 1 )[ 1 -1 3 1 0 ]
10 2 
12 155 
14 16 
1b 0 
2b ( 1 2 )[ 1 -1 0 1 0 ]
2b ( 3 3 3 3 3 3 3 3 3 3 3 3 3 3 3 3 3 3 3 3 3 3 3 3 3 3 3 3 3 3 3 3 3 3 3 3 3 3 3 3 3 3 3 3 3 3 3 3 3 3 3 3 3 3 3 3 3 3 3 3 3 3 2 2 2 2 2 2 2 2 2 2 2 2 2 2 2 2 2 2 2 2 2 2 2 2 2 2 2 2 2 2 2 2 2 2 2 2 2 2 2 2 2 2 2 2 2 2 2 2 2 2 2 2 2 2 2 2 2 2 2 2 2 2 )[ 1 -1 1 1 0 ]
2b ( 3 2 )[ 1 -1 3 1 0 ]

RANKS: 1 -1 0 4 1
EVENT27: 1113 481caa_48202a_482163_482257
COMP 4b-0: 47d1e9_47d5ae_47d718_47d837 (31374 199.85 1 182.00 1 1879.00){0.00 182.00 189.01 387.00 490.80 30875}{490.80 507.00 509.31 509.31 981.60 249}{981.60 1210.00 1224.32 1274.00 1472.40 249}{1472.40 1879.00 1879.00 1879.00 1963.20 1}{1963.20 0.00 0.00 0.00 2454.00 0}
COMP 4b-1: 481caa_48202a_482163_482257 (30628 160.70 3 4.00 2 1042.00){0.00 0.00 0.00 0.00 2.00 0}{2.00 4.00 5.96 8.00 8.00 15404}{8.00 9.00 9.00 9.00 10.00 1}{10.00 12.00 317.25 532.00 624.00 15222}{624.00 1042.00 1042.00 1042.00 1460.00 1}
COMP 4b-2: 48ac05_48ae89_48af5d_48b016 (249 5031.06 0 5019.00 0 5213.00){0.00 0.00 0.00 0.00 2012.80 0}{2012.80 0.00 0.00 0.00 4025.60 0}{4025.60 5019.00 5031.06 5213.00 6038.40 249}{6038.40 0.00 0.00 0.00 8051.20 0}{8051.20 0.00 0.00 0.00 10064.00 0}
COMM 4b-0: 47d1e9_47d5ae_47d718_47d837 (31374 3.59 1 2.00 0 120.00){0.00 2.00 2.74 22.00 44.00 31125}{44.00 0.00 0.00 0.00 88.00 0}{88.00 108.00 109.45 120.00 132.00 249}{132.00 0.00 0.00 0.00 176.00 0}{176.00 0.00 0.00 0.00 220.00 0}
COMM 4b-1: 481caa_48202a_482163_482257 (30628 2.12 3 1.00 2 111.00){0.00 1.00 1.70 2.00 2.40 24745}{2.40 3.00 3.00 4.00 4.00 5366}{4.00 8.00 12.64 16.00 16.00 497}{16.00 17.00 17.89 24.00 24.00 19}{24.00 111.00 111.00 111.00 198.00 1}
COMM 4b-2: 48ac05_48ae89_48af5d_48b016 (249 107.17 0 104.00 0 272.00){0.00 0.00 0.00 0.00 42.40 0}{42.40 0.00 0.00 0.00 84.80 0}{84.80 104.00 105.83 122.00 169.60 246}{169.60 184.00 189.50 195.00 212.00 2}{212.00 272.00 272.00 272.00 332.00 1}
LOOP0: iter: ( 2 )[ 1 -1 0 1 0 ]( 124 )[ 1 -1 3 1 0 ] mem: ( 3 )[ 1 -1 0 1 0 ]( 1 )[ 1 -1 3 1 0 ]
10 2 
12 ( 20480 )[ 1 -1 0 2 2 ]
12 ( 155 )[ 1 -1 1 2 2 ]
14 16 
1a ( 1 2 )[ 1 -1 0 1 0 ]
1a ( 2 2 2 2 2 2 2 2 2 2 2 2 2 2 2 2 2 2 2 2 2 2 2 2 2 2 2 2 2 2 2 2 2 2 2 2 2 2 2 2 2 2 2 2 2 2 2 2 2 2 2 2 2 2 2 2 2 2 2 2 2 2 3 3 3 3 3 3 3 3 3 3 3 3 3 3 3 3 3 3 3 3 3 3 3 3 3 3 3 3 3 3 3 3 3 3 3 3 3 3 3 3 3 3 3 3 3 3 3 3 3 3 3 3 3 3 3 3 3 3 3 3 3 3 )[ 1 -1 1 1 0 ]
1a ( 3 2 )[ 1 -1 3 1 0 ]
1a ( 1 )[ 1 -1 2 1 0 ]
1b 0 

RANKS: 1 -1 0 4 1
EVENT28: 1090 479b76_479f4b_47a0b6_47a1d7
COMP 4b-0: 481caa_48202a_482163_482257 (1493 1161.27 0 5.00 3 5182.00){0.00 0.00 0.00 0.00 4.80 0}{4.80 5.00 7.72 12.00 12.00 704}{12.00 13.00 13.69 22.00 30.00 42}{30.00 972.00 987.52 1082.00 1914.00 498}{1914.00 4954.00 4968.41 5182.00 8450.00 249}
COMP 4b-1: 48ac05_48ae89_48af5d_48b016 (248 5010.55 2 4995.00 2 5205.00){0.00 0.00 0.00 0.00 2002.40 0}{2002.40 0.00 0.00 0.00 4004.80 0}{4004.80 4995.00 5010.56 5205.00 6007.20 248}{6007.20 0.00 0.00 0.00 8009.60 0}{8009.60 0.00 0.00 0.00 10012.00 0}
COMM 4b-0: 481caa_48202a_482163_482257 (1493 2.10 0 1.00 1 17.00){0.00 1.00 1.00 1.00 1.60 204}{1.60 2.00 2.00 2.00 2.40 959}{2.40 3.00 3.00 3.00 3.20 327}{3.20 4.00 4.00 4.00 4.00 1}{4.00 17.00 17.00 17.00 30.00 2}
COMM 4b-1: 48ac05_48ae89_48af5d_48b016 (248 2.04 2 1.00 2 3.00){0.00 0.00 0.00 0.00 0.80 0}{0.80 1.00 1.00 1.00 1.60 7}{1.60 2.00 2.00 2.00 2.40 225}{2.40 3.00 3.00 3.00 3.20 16}{3.20 0.00 0.00 0.00 4.00 0}
LOOP0: iter: ( 2 )[ 1 -1 3 1 0 ]( 248 )[ 1 -1 2 1 0 ] mem: ( 3 )[ 1 -1 3 1 0 ]( 5 )[ 1 -1 2 1 0 ]
LOOP1: iter: ( 2 )[ 1 -1 2 1 0 ] mem: ( 2 )[ 1 -1 2 1 0 ]
10 2 
12 20480 
14 16 
1b 0 
2b 2147483647 

RANKS: 1 -1 0 4 1
EVENT29: 1148 48ac05_48ae89_48af5d_48b016
COMP 4b-0: 479b76_479f4b_47a0b6_47a1d7 (1741 6.01 0 5.00 0 33.00){0.00 0.00 0.00 0.00 2.80 0}{2.80 5.00 5.96 8.00 8.40 1733}{8.40 11.00 12.50 13.00 14.00 4}{14.00 15.00 16.00 17.00 20.00 2}{20.00 23.00 28.00 33.00 46.00 2}
COMM 4b-0: 479b76_479f4b_47a0b6_47a1d7 (1741 310.23 0 94.00 3 1022.00){0.00 0.00 0.00 0.00 53.60 0}{53.60 94.00 154.44 375.00 396.00 1238}{396.00 397.00 571.49 666.00 666.00 251}{666.00 812.97 812.99 816.45 966.90 248}{966.90 973.00 1004.00 1022.00 1077.10 4}
1c 9999 

RANKS: 1 -1 2 1 0
EVENT30: 1113 481caa_48202a_482163_482257
COMP 4b-0: 47d1e9_47d5ae_47d718_47d837 (30504 191.35 2 183.00 2 389.00){0.00 0.00 0.00 0.00 81.60 0}{81.60 0.00 0.00 0.00 163.20 0}{163.20 183.00 191.32 240.00 244.80 30498}{244.80 278.00 293.00 308.00 326.40 2}{326.40 379.00 382.75 389.00 408.00 4}
COMP 4b-1: 48ac05_48ae89_48af5d_48b016 (248 85.07 2 83.00 2 97.00){0.00 0.00 0.00 0.00 34.00 0}{34.00 0.00 0.00 0.00 68.00 0}{68.00 83.00 85.07 97.00 102.00 248}{102.00 0.00 0.00 0.00 136.00 0}{136.00 0.00 0.00 0.00 170.00 0}
COMM 4b-0: 47d1e9_47d5ae_47d718_47d837 (30504 2.65 2 2.00 2 44.00){0.00 2.00 2.47 4.00 5.60 29739}{5.60 6.00 6.67 8.00 8.40 248}{8.40 9.00 9.88 11.00 11.20 273}{11.20 12.00 12.19 13.00 14.00 242}{14.00 18.00 31.00 44.00 74.00 2}
COMM 4b-1: 48ac05_48ae89_48af5d_48b016 (248 100.58 2 99.00 2 209.00){0.00 0.00 0.00 0.00 40.00 0}{40.00 0.00 0.00 0.00 80.00 0}{80.00 99.00 100.15 111.00 160.00 247}{160.00 0.00 0.00 0.00 200.00 0}{200.00 209.00 209.00 209.00 218.00 1}
LOOP0: iter: ( 124 )[ 1 -1 2 1 0 ] mem: ( 2 )[ 1 -1 2 1 0 ]
10 2 
12 20480 155 155 155 155 155 155 155 155 155 155 155 155 155 155 155 155 155 155 155 155 155 155 155 155 155 155 155 155 155 155 155 155 155 155 155 155 155 155 155 155 155 155 155 155 155 155 155 155 155 155 155 155 155 155 155 155 155 155 155 155 155 155 155 155 155 155 155 155 155 155 155 155 155 155 155 155 155 155 155 155 155 155 155 155 155 155 155 155 155 155 155 155 155 155 155 155 155 155 155 155 155 155 155 155 155 155 155 155 155 155 155 155 155 155 155 155 155 155 155 155 155 155 155 
14 16 
1a 2 1 1 1 1 1 1 1 1 1 1 1 1 1 1 1 1 1 1 1 1 1 1 1 1 1 1 1 1 1 1 1 1 1 1 1 1 1 1 1 1 1 1 1 1 1 1 1 1 1 1 1 1 1 1 1 1 1 1 1 1 1 1 2 2 2 2 2 2 2 2 2 2 2 2 2 2 2 2 2 2 2 2 2 2 2 2 2 2 2 2 2 2 2 2 2 2 2 2 2 2 2 2 2 2 2 2 2 2 2 2 2 2 2 2 2 2 2 2 2 2 2 2 2 
1b 0 

RANKS: 1 -1 2 1 0
EVENT31: 1102 47d1e9_47d5ae_47d718_47d837
COMP 4b-0: 481caa_48202a_482163_482257 (30752 228.56 2 139.00 2 10704.00){0.00 139.00 145.31 1856.00 4173.20 30504}{4173.20 0.00 0.00 0.00 8346.40 0}{8346.40 10407.00 10426.66 10704.00 12519.60 248}{12519.60 0.00 0.00 0.00 16692.80 0}{16692.80 0.00 0.00 0.00 20866.00 0}
COMM 4b-0: 481caa_48202a_482163_482257 (30752 9.83 2 1.00 2 746.00){0.00 1.00 3.11 36.00 220.00 30256}{220.00 275.00 275.00 275.00 330.00 1}{330.00 346.00 415.74 549.00 550.00 483}{550.00 554.00 569.90 588.00 590.00 10}{590.00 600.00 673.00 746.00 902.00 2}
10 2 
12 155 
14 16 
1b 0 
2b 2 2 2 2 2 2 2 2 2 2 2 2 2 2 2 2 2 2 2 2 2 2 2 2 2 2 2 2 2 2 2 2 2 2 2 2 2 2 2 2 2 2 2 2 2 2 2 2 2 2 2 2 2 2 2 2 2 2 2 2 2 2 1 1 1 1 1 1 1 1 1 1 1 1 1 1 1 1 1 1 1 1 1 1 1 1 1 1 1 1 1 1 1 1 1 1 1 1 1 1 1 1 1 1 1 1 1 1 1 1 1 1 1 1 1 1 1 1 1 1 1 1 1 1 

RANKS: 1 -1 0 4 1
EVENT32: 1113 481caa_48202a_482163_482257
COMP 4b-0: 47d1e9_47d5ae_47d718_47d837 (248 185.91 2 184.00 2 206.00){0.00 0.00 0.00 0.00 74.00 0}{74.00 0.00 0.00 0.00 148.00 0}{148.00 184.00 185.92 206.00 222.00 248}{222.00 0.00 0.00 0.00 296.00 0}{296.00 0.00 0.00 0.00 370.00 0}
COMP 4b-1: 481caa_48202a_482163_482257 (620 2452.04 0 5.00 1 5184.00){0.00 0.00 0.00 0.00 2.00 0}{2.00 0.00 0.00 0.00 4.00 0}{4.00 5.00 5.82 6.00 10.00 62}{10.00 337.00 339.08 349.00 666.00 61}{666.00 1028.00 3021.46 5184.00 9300.00 497}
COMP 4b-2: 48ac05_48ae89_48af5d_48b016 (748 117.03 3 82.00 0 10833.00){0.00 82.00 88.34 130.00 4333.20 747}{4333.20 0.00 0.00 0.00 8666.40 0}{8666.40 10833.00 10833.00 10833.00 12999.60 1}{12999.60 0.00 0.00 0.00 17332.80 0}{17332.80 0.00 0.00 0.00 21666.00 0}
COMM 4b-0: 47d1e9_47d5ae_47d718_47d837 (248 2.39 2 2.00 2 4.00){0.00 0.00 0.00 0.00 0.80 0}{0.80 0.00 0.00 0.00 1.60 0}{1.60 2.00 2.00 2.00 2.40 151}{2.40 3.00 3.00 3.00 3.20 96}{3.20 4.00 4.00 4.00 4.00 1}
COMM 4b-1: 481caa_48202a_482163_482257 (620 89.10 0 1.00 1 209.00){0.00 1.00 1.81 2.00 2.40 88}{2.40 3.00 3.00 3.00 4.00 33}{4.00 10.00 15.50 21.00 38.00 2}{38.00 107.00 110.55 170.00 176.00 496}{176.00 209.00 209.00 209.00 242.00 1}
COMM 4b-2: 48ac05_48ae89_48af5d_48b016 (748 133.95 0 9.00 3 219.00){0.00 0.00 0.00 0.00 7.20 0}{7.20 9.00 9.00 9.00 18.00 1}{18.00 100.00 102.53 178.00 182.00 501}{182.00 197.76 197.83 208.00 213.53 230}{213.53 214.47 214.75 219.00 224.47 16}
LOOP0: iter: ( 124 )[ 1 -1 0 1 0 ]( 2 )[ 1 -1 1 2 1 ] mem: ( 1 )[ 1 -1 0 3 1 ]
10 2 
12 ( 155 )[ 1 -1 0 1 0 ]
12 ( 20480 )[ 1 -1 1 2 2 ]
12 ( 155 20480 )[ 1 -1 2 1 0 ]
14 16 
1a ( 1 2 )[ 1 -1 0 1 0 ]
1a ( 3 2 )[ 1 -1 1 2 2 ]
1a ( 2 1 )[ 1 -1 2 1 0 ]
1b 0 

RANKS: 1 -1 1 2 1
EVENT33: 1090 479b76_479f4b_47a0b6_47a1d7
COMP 4b-0: 481caa_48202a_482163_482257 (250 6.98 1 6.00 1 17.00){0.00 0.00 0.00 0.00 2.80 0}{2.80 0.00 0.00 0.00 5.60 0}{5.60 6.00 6.92 8.00 11.20 248}{11.20 13.00 13.00 13.00 14.00 1}{14.00 17.00 17.00 17.00 20.00 1}
COMP 4b-1: 48ac05_48ae89_48af5d_48b016 (1 5006.00 2 5006.00 2 5006.00){0.00 0.00 0.00 0.00 2002.40 0}{2002.40 0.00 0.00 0.00 4004.80 0}{4004.80 5006.00 5006.00 5006.00 6007.20 1}{6007.20 0.00 0.00 0.00 8009.60 0}{8009.60 0.00 0.00 0.00 10012.00 0}
COMM 4b-0: 481caa_48202a_482163_482257 (250 1.95 1 1.00 1 3.00){0.00 0.00 0.00 0.00 0.80 0}{0.80 1.00 1.00 1.00 1.60 22}{1.60 2.00 2.00 2.00 2.40 218}{2.40 3.00 3.00 3.00 3.20 10}{3.20 0.00 0.00 0.00 4.00 0}
COMM 4b-1: 48ac05_48ae89_48af5d_48b016 (1 2.00 2 2.00 2 2.00){0.00 0.00 0.00 0.00 0.80 0}{0.80 0.00 0.00 0.00 1.60 0}{1.60 2.00 2.00 2.00 2.40 1}{2.40 0.00 0.00 0.00 3.20 0}{3.20 0.00 0.00 0.00 4.00 0}
LOOP0: iter: ( 2 )[ 1 -1 2 1 0 ] mem: ( 2 )[ 1 -1 2 1 0 ]
10 2 
12 20480 
14 16 
1b 0 
2b 2147483647 

RANKS: 1 -1 1 2 1
EVENT34: 1148 48ac05_48ae89_48af5d_48b016
COMP 4b-0: 479b76_479f4b_47a0b6_47a1d7 (251 6.01 1 5.00 1 8.00){0.00 0.00 0.00 0.00 3.20 0}{3.20 5.00 5.91 6.00 6.40 232}{6.40 7.00 7.11 8.00 9.60 19}{9.60 0.00 0.00 0.00 12.80 0}{12.80 0.00 0.00 0.00 16.00 0}
COMM 4b-0: 479b76_479f4b_47a0b6_47a1d7 (251 100.12 1 96.00 2 184.00){0.00 0.00 0.00 0.00 38.80 0}{38.80 0.00 0.00 0.00 77.60 0}{77.60 96.00 99.70 115.00 116.40 249}{116.40 124.00 124.00 124.00 155.20 1}{155.20 184.00 184.00 184.00 194.00 1}
1c 9999 

RANKS: 1 -1 2 1 0
EVENT35: 1113 481caa_48202a_482163_482257
COMP 4b-0: 47d1e9_47d5ae_47d718_47d837 (123 191.40 2 185.00 2 205.00){0.00 0.00 0.00 0.00 79.20 0}{79.20 0.00 0.00 0.00 158.40 0}{158.40 185.00 191.35 205.00 237.60 123}{237.60 0.00 0.00 0.00 316.80 0}{316.80 0.00 0.00 0.00 396.00 0}
COMP 4b-1: 48ac05_48ae89_48af5d_48b016 (1 86.00 2 86.00 2 86.00){0.00 0.00 0.00 0.00 34.40 0}{34.40 0.00 0.00 0.00 68.80 0}{68.80 86.00 86.00 86.00 103.20 1}{103.20 0.00 0.00 0.00 137.60 0}{137.60 0.00 0.00 0.00 172.00 0}
COMM 4b-0: 47d1e9_47d5ae_47d718_47d837 (123 2.77 2 2.00 2 13.00){0.00 2.00 2.00 2.00 2.80 53}{2.80 3.00 3.00 3.00 5.60 67}{5.60 7.00 7.00 7.00 8.40 1}{8.40 10.00 10.00 10.00 11.20 1}{11.20 13.00 13.00 13.00 14.00 1}
COMM 4b-1: 48ac05_48ae89_48af5d_48b016 (1 100.00 2 100.00 2 100.00){0.00 0.00 0.00 0.00 40.00 0}{40.00 0.00 0.00 0.00 80.00 0}{80.00 100.00 100.00 100.00 120.00 1}{120.00 0.00 0.00 0.00 160.00 0}{160.00 0.00 0.00 0.00 200.00 0}
LOOP0: iter: ( 124 )[ 1 -1 2 1 0 ] mem: ( 2 )[ 1 -1 2 1 0 ]
10 2 
12 20480 155 155 155 155 155 155 155 155 155 155 155 155 155 155 155 155 155 155 155 155 155 155 155 155 155 155 155 155 155 155 155 155 155 155 155 155 155 155 155 155 155 155 155 155 155 155 155 155 155 155 155 155 155 155 155 155 155 155 155 155 155 155 155 155 155 155 155 155 155 155 155 155 155 155 155 155 155 155 155 155 155 155 155 155 155 155 155 155 155 155 155 155 155 155 155 155 155 155 155 155 155 155 155 155 155 155 155 155 155 155 155 155 155 155 155 155 155 155 155 155 155 155 155 
14 16 
1a 2 1 1 1 1 1 1 1 1 1 1 1 1 1 1 1 1 1 1 1 1 1 1 1 1 1 1 1 1 1 1 1 1 1 1 1 1 1 1 1 1 1 1 1 1 1 1 1 1 1 1 1 1 1 1 1 1 1 1 1 1 1 1 2 2 2 2 2 2 2 2 2 2 2 2 2 2 2 2 2 2 2 2 2 2 2 2 2 2 2 2 2 2 2 2 2 2 2 2 2 2 2 2 2 2 2 2 2 2 2 2 2 2 2 2 2 2 2 2 2 2 2 2 2 
1b 0 

RANKS: 1 -1 0 4 1
EVENT36: 1102 47d1e9_47d5ae_47d718_47d837
COMP 4b-0: 47d1e9_47d5ae_47d718_47d837 (246 165.51 0 5.00 3 356.00){0.00 0.00 0.00 0.00 2.00 0}{2.00 0.00 0.00 0.00 4.00 0}{4.00 5.00 6.23 7.00 8.00 124}{8.00 0.00 0.00 0.00 10.00 0}{10.00 316.00 328.71 356.00 628.00 122}
COMP 4b-1: 481caa_48202a_482163_482257 (249 228.78 2 139.00 3 10475.00){0.00 0.00 0.00 0.00 57.20 0}{57.20 0.00 0.00 0.00 114.40 0}{114.40 139.00 146.23 163.00 228.80 247}{228.80 0.00 0.00 0.00 286.00 0}{286.00 10459.00 10467.00 10475.00 20664.00 2}
COMP 4b-2: 48ac05_48ae89_48af5d_48b016 (1 10507.00 1 10507.00 1 10507.00){0.00 0.00 0.00 0.00 4202.80 0}{4202.80 0.00 0.00 0.00 8405.60 0}{8405.60 10507.00 10507.00 10507.00 12608.40 1}{12608.40 0.00 0.00 0.00 16811.20 0}{16811.20 0.00 0.00 0.00 21014.00 0}
COMM 4b-0: 47d1e9_47d5ae_47d718_47d837 (246 6.41 0 1.00 3 24.00){0.00 0.00 0.00 0.00 0.40 0}{0.40 0.00 0.00 0.00 0.80 0}{0.80 1.00 1.00 1.00 1.60 52}{1.60 2.00 2.00 2.00 2.00 26}{2.00 2.27 8.80 24.00 30.00 168}
COMM 4b-1: 481caa_48202a_482163_482257 (249 25.22 1 2.00 0 1486.00){0.00 2.00 7.15 559.00 594.40 246}{594.40 673.00 786.50 900.00 1188.80 2}{1188.80 1486.00 1486.00 1486.00 1783.20 1}{1783.20 0.00 0.00 0.00 2377.60 0}{2377.60 0.00 0.00 0.00 2972.00 0}
COMM 4b-2: 48ac05_48ae89_48af5d_48b016 (1 419.00 1 419.00 1 419.00){0.00 0.00 0.00 0.00 167.60 0}{167.60 0.00 0.00 0.00 335.20 0}{335.20 419.00 419.00 419.00 502.80 1}{502.80 0.00 0.00 0.00 670.40 0}{670.40 0.00 0.00 0.00 838.00 0}
LOOP0: iter: ( 124 )[ 2 -1 0 2 1 -1 3 1 0 ] mem: ( 1 )[ 1 -1 0 2 3 ]( 2 )[ 1 -1 1 1 0 ]
10 2 
12 155 
14 16 
1b 0 
2b ( 1 2 )[ 1 -1 0 1 0 ]
2b ( 3 3 3 3 3 3 3 3 3 3 3 3 3 3 3 3 3 3 3 3 3 3 3 3 3 3 3 3 3 3 3 3 3 3 3 3 3 3 3 3 3 3 3 3 3 3 3 3 3 3 3 3 3 3 3 3 3 3 3 3 3 3 2 2 2 2 2 2 2 2 2 2 2 2 2 2 2 2 2 2 2 2 2 2 2 2 2 2 2 2 2 2 2 2 2 2 2 2 2 2 2 2 2 2 2 2 2 2 2 2 2 2 2 2 2 2 2 2 2 2 2 2 2 2 )[ 1 -1 1 1 0 ]
2b ( 3 2 )[ 1 -1 3 1 0 ]
2b ( 2 2 2 2 2 2 2 2 2 2 2 2 2 2 2 2 2 2 2 2 2 2 2 2 2 2 2 2 2 2 2 2 2 2 2 2 2 2 2 2 2 2 2 2 2 2 2 2 2 2 2 2 2 2 2 2 2 2 2 2 2 2 1 1 1 1 1 1 1 1 1 1 1 1 1 1 1 1 1 1 1 1 1 1 1 1 1 1 1 1 1 1 1 1 1 1 1 1 1 1 1 1 1 1 1 1 1 1 1 1 1 1 1 1 1 1 1 1 1 1 1 1 1 1 )[ 1 -1 2 1 0 ]

RANKS: 1 -1 1 3 1
EVENT37: 1113 481caa_48202a_482163_482257
COMP 4b-0: 47d1e9_47d5ae_47d718_47d837 (126 191.46 1 182.00 3 509.00){0.00 0.00 0.00 0.00 79.20 0}{79.20 0.00 0.00 0.00 158.40 0}{158.40 182.00 188.87 203.00 316.80 125}{316.80 0.00 0.00 0.00 396.00 0}{396.00 509.00 509.00 509.00 622.00 1}
COMP 4b-1: 481caa_48202a_482163_482257 (123 159.59 3 5.00 3 326.00){0.00 0.00 0.00 0.00 2.00 0}{2.00 0.00 0.00 0.00 4.00 0}{4.00 5.00 6.11 7.00 8.00 62}{8.00 0.00 0.00 0.00 10.00 0}{10.00 317.00 318.11 326.00 624.00 61}
COMM 4b-0: 47d1e9_47d5ae_47d718_47d837 (126 2.81 1 2.00 1 10.00){0.00 2.00 2.00 2.00 2.80 55}{2.80 3.00 3.02 4.00 5.60 66}{5.60 6.00 6.50 7.00 8.40 2}{8.40 9.00 9.33 10.00 11.20 3}{11.20 0.00 0.00 0.00 14.00 0}
COMM 4b-1: 481caa_48202a_482163_482257 (123 2.14 3 1.00 3 16.00){0.00 0.00 0.00 0.00 0.80 0}{0.80 1.00 1.00 1.00 1.60 31}{1.60 2.00 2.00 2.00 2.40 64}{2.40 3.00 3.00 3.00 4.00 26}{4.00 10.00 13.00 16.00 28.00 2}
LOOP0: iter: ( 124 )[ 1 -1 3 1 0 ] mem: ( 1 )[ 1 -1 3 1 0 ]
10 2 
12 155 
14 16 
1a ( 2 2 2 2 2 2 2 2 2 2 2 2 2 2 2 2 2 2 2 2 2 2 2 2 2 2 2 2 2 2 2 2 2 2 2 2 2 2 2 2 2 2 2 2 2 2 2 2 2 2 2 2 2 2 2 2 2 2 2 2 2 2 3 3 3 3 3 3 3 3 3 3 3 3 3 3 3 3 3 3 3 3 3 3 3 3 3 3 3 3 3 3 3 3 3 3 3 3 3 3 3 3 3 3 3 3 3 3 3 3 3 3 3 3 3 3 3 3 3 3 3 3 3 3 )[ 1 -1 1 1 0 ]
1a ( 3 2 )[ 1 -1 3 1 0 ]
1a ( 2 )[ 1 -1 2 1 0 ]
1b 0 

RANKS: 1 -1 0 4 1
EVENT38: 1004 46a0df_46a43f_46a582_46a674
COMP 4b-0: 47d1e9_47d5ae_47d718_47d837 (1 1004.00 0 1004.00 0 1004.00){0.00 0.00 0.00 0.00 401.60 0}{401.60 0.00 0.00 0.00 803.20 0}{803.20 1004.00 1004.00 1004.00 1204.80 1}{1204.80 0.00 0.00 0.00 1606.40 0}{1606.40 0.00 0.00 0.00 2008.00 0}
COMP 4b-1: 481caa_48202a_482163_482257 (3 811.25 3 810.00 1 812.00){0.00 0.00 0.00 0.00 324.80 0}{324.80 0.00 0.00 0.00 649.60 0}{649.60 810.00 811.00 812.00 974.40 3}{974.40 0.00 0.00 0.00 1299.20 0}{1299.20 0.00 0.00 0.00 1624.00 0}
COMM 4b-0: 47d1e9_47d5ae_47d718_47d837 (1 12.00 0 12.00 0 12.00){0.00 0.00 0.00 0.00 4.80 0}{4.80 0.00 0.00 0.00 9.60 0}{9.60 12.00 12.00 12.00 14.40 1}{14.40 0.00 0.00 0.00 19.20 0}{19.20 0.00 0.00 0.00 24.00 0}
COMM 4b-1: 481caa_48202a_482163_482257 (3 515.50 2 216.00 3 918.00){0.00 0.00 0.00 0.00 185.60 0}{185.60 216.00 216.00 216.00 371.20 1}{371.20 464.00 464.00 464.00 556.80 1}{556.80 0.00 0.00 0.00 742.40 0}{742.40 918.00 918.00 918.00 928.00 1}
10 2 
12 5 
14 16 
18 3 

RANKS: 1 -1 2 1 0
EVENT39: 1113 481caa_48202a_482163_482257
COMP 4b-0: 46a0df_46a43f_46a582_46a674 (1 627.00 2 627.00 2 627.00){0.00 0.00 0.00 0.00 250.80 0}{250.80 0.00 0.00 0.00 501.60 0}{501.60 627.00 627.00 627.00 752.40 1}{752.40 0.00 0.00 0.00 1003.20 0}{1003.20 0.00 0.00 0.00 1254.00 0}
COMM 4b-0: 46a0df_46a43f_46a582_46a674 (1 112.00 2 112.00 2 112.00){0.00 0.00 0.00 0.00 44.80 0}{44.80 0.00 0.00 0.00 89.60 0}{89.60 112.00 112.00 112.00 134.40 1}{134.40 0.00 0.00 0.00 179.20 0}{179.20 0.00 0.00 0.00 224.00 0}
10 2 
12 20480 
14 16 
1a 1 
1b 0 

RANKS: 1 -1 1 3 1
EVENT40: 1090 479b76_479f4b_47a0b6_47a1d7
COMP 4b-0: 46a0df_46a43f_46a582_46a674 (2 564.00 1 561.00 3 570.00){0.00 0.00 0.00 0.00 224.40 0}{224.40 0.00 0.00 0.00 448.80 0}{448.80 561.00 565.50 570.00 673.20 2}{673.20 0.00 0.00 0.00 897.60 0}{897.60 0.00 0.00 0.00 1122.00 0}
COMP 4b-1: 481caa_48202a_482163_482257 (2 3312.67 2 6.00 3 4966.00){0.00 6.00 6.00 6.00 1986.40 1}{1986.40 0.00 0.00 0.00 3972.80 0}{3972.80 4966.00 4966.00 4966.00 5959.20 1}{5959.20 0.00 0.00 0.00 7945.60 0}{7945.60 0.00 0.00 0.00 9932.00 0}
COMP 4b-2: 48ac05_48ae89_48af5d_48b016 (1 5004.00 2 5004.00 2 5004.00){0.00 0.00 0.00 0.00 2001.60 0}{2001.60 0.00 0.00 0.00 4003.20 0}{4003.20 5004.00 5004.00 5004.00 6004.80 1}{6004.80 0.00 0.00 0.00 8006.40 0}{8006.40 0.00 0.00 0.00 10008.00 0}
COMM 4b-0: 46a0df_46a43f_46a582_46a674 (2 2.00 1 2.00 1 2.00){0.00 0.00 0.00 0.00 0.80 0}{0.80 0.00 0.00 0.00 1.60 0}{1.60 2.00 2.00 2.00 2.40 2}{2.40 0.00 0.00 0.00 3.20 0}{3.20 0.00 0.00 0.00 4.00 0}
COMM 4b-1: 481caa_48202a_482163_482257 (2 2.33 2 1.00 3 3.00){0.00 1.00 1.00 1.00 1.20 1}{1.20 0.00 0.00 0.00 2.40 0}{2.40 3.00 3.00 3.00 3.60 1}{3.60 0.00 0.00 0.00 4.80 0}{4.80 0.00 0.00 0.00 6.00 0}
COMM 4b-2: 48ac05_48ae89_48af5d_48b016 (1 3.00 2 3.00 2 3.00){0.00 0.00 0.00 0.00 1.20 0}{1.20 0.00 0.00 0.00 2.40 0}{2.40 3.00 3.00 3.00 3.60 1}{3.60 0.00 0.00 0.00 4.80 0}{4.80 0.00 0.00 0.00 6.00 0}
LOOP0: iter: ( 2 )[ 1 -1 2 2 1 ] mem: ( 3 )[ 1 -1 3 1 0 ]( 2 )[ 1 -1 2 1 0 ]
10 2 
12 20480 
14 16 
1b 0 
2b 2147483647 

RANKS: 1 -1 1 3 1
EVENT41: 1148 48ac05_48ae89_48af5d_48b016
COMP 4b-0: 479b76_479f4b_47a0b6_47a1d7 (5 7.00 1 6.00 2 12.00){0.00 0.00 0.00 0.00 2.40 0}{2.40 0.00 0.00 0.00 4.80 0}{4.80 6.00 6.00 6.00 7.20 4}{7.20 0.00 0.00 0.00 9.60 0}{9.60 12.00 12.00 12.00 12.00 1}
COMM 4b-0: 479b76_479f4b_47a0b6_47a1d7 (5 111.00 2 98.00 3 126.00){0.00 0.00 0.00 0.00 44.80 0}{44.80 0.00 0.00 0.00 89.60 0}{89.60 98.00 110.80 126.00 134.40 5}{134.40 0.00 0.00 0.00 179.20 0}{179.20 0.00 0.00 0.00 224.00 0}
1c 9999 

RANKS: 1 -1 0 4 1
EVENT42: 1113 481caa_48202a_482163_482257
COMP 4b-0: 46a0df_46a43f_46a582_46a674 (1 609.00 0 609.00 0 609.00){0.00 0.00 0.00 0.00 243.60 0}{243.60 0.00 0.00 0.00 487.20 0}{487.20 609.00 609.00 609.00 730.80 1}{730.80 0.00 0.00 0.00 974.40 0}{974.40 0.00 0.00 0.00 1218.00 0}
COMP 4b-1: 481caa_48202a_482163_482257 (1 5010.00 1 5010.00 1 5010.00){0.00 0.00 0.00 0.00 2004.00 0}{2004.00 0.00 0.00 0.00 4008.00 0}{4008.00 5010.00 5010.00 5010.00 6012.00 1}{6012.00 0.00 0.00 0.00 8016.00 0}{8016.00 0.00 0.00 0.00 10020.00 0}
COMP 4b-2: 48ac05_48ae89_48af5d_48b016 (5 1733.67 3 83.00 0 5026.00){0.00 83.00 87.50 91.00 2010.40 4}{2010.40 0.00 0.00 0.00 4020.80 0}{4020.80 5026.00 5026.00 5026.00 6031.20 1}{6031.20 0.00 0.00 0.00 8041.60 0}{8041.60 0.00 0.00 0.00 10052.00 0}
COMM 4b-0: 46a0df_46a43f_46a582_46a674 (1 109.00 0 109.00 0 109.00){0.00 0.00 0.00 0.00 43.60 0}{43.60 0.00 0.00 0.00 87.20 0}{87.20 109.00 109.00 109.00 130.80 1}{130.80 0.00 0.00 0.00 174.40 0}{174.40 0.00 0.00 0.00 218.00 0}
COMM 4b-1: 481caa_48202a_482163_482257 (1 123.00 1 123.00 1 123.00){0.00 0.00 0.00 0.00 49.20 0}{49.20 0.00 0.00 0.00 98.40 0}{98.40 123.00 123.00 123.00 147.60 1}{147.60 0.00 0.00 0.00 196.80 0}{196.80 0.00 0.00 0.00 246.00 0}
COMM 4b-2: 48ac05_48ae89_48af5d_48b016 (5 120.50 2 100.00 0 155.00){0.00 0.00 0.00 0.00 62.00 0}{62.00 100.00 103.25 109.00 124.00 4}{124.00 155.00 155.00 155.00 186.00 1}{186.00 0.00 0.00 0.00 248.00 0}{248.00 0.00 0.00 0.00 310.00 0}
LOOP0: iter: ( 2 )[ 1 -1 0 2 1 ] mem: ( 3 )[ 1 -1 0 1 0 ]( 1 )[ 1 -1 1 1 0 ]
10 2 
12 20480 
14 16 
1a ( 1 2 )[ 1 -1 0 1 0 ]
1a ( 3 2 )[ 1 -1 1 2 2 ]
1a ( 2 )[ 1 -1 2 1 0 ]
1b 0 

RANKS: 1 -1 0 2 1
EVENT43: 1090 479b76_479f4b_47a0b6_47a1d7
COMP 4b-0: 481caa_48202a_482163_482257 (3 6.25 0 6.00 1 7.00){0.00 0.00 0.00 0.00 2.40 0}{2.40 0.00 0.00 0.00 4.80 0}{4.80 6.00 6.33 7.00 7.20 3}{7.20 0.00 0.00 0.00 9.60 0}{9.60 0.00 0.00 0.00 12.00 0}
COMM 4b-0: 481caa_48202a_482163_482257 (3 1.50 0 1.00 0 2.00){0.00 0.00 0.00 0.00 0.40 0}{0.40 0.00 0.00 0.00 0.80 0}{0.80 1.00 1.00 1.00 1.20 1}{1.20 0.00 0.00 0.00 1.60 0}{1.60 2.00 2.00 2.00 2.00 2}
10 2 
12 20480 
14 16 
1b 0 
2b 2147483647 

RANKS: 1 -1 0 2 1
EVENT44: 1148 48ac05_48ae89_48af5d_48b016
COMP 4b-0: 479b76_479f4b_47a0b6_47a1d7 (3 5.75 0 5.00 0 6.00){0.00 0.00 0.00 0.00 2.40 0}{2.40 0.00 0.00 0.00 4.80 0}{4.80 5.00 5.67 6.00 7.20 3}{7.20 0.00 0.00 0.00 9.60 0}{9.60 0.00 0.00 0.00 12.00 0}
COMM 4b-0: 479b76_479f4b_47a0b6_47a1d7 (3 131.25 1 96.00 0 151.00){0.00 0.00 0.00 0.00 55.60 0}{55.60 96.00 96.00 96.00 111.20 1}{111.20 139.00 145.00 151.00 166.80 2}{166.80 0.00 0.00 0.00 222.40 0}{222.40 0.00 0.00 0.00 278.00 0}
1c 9999 

RANKS: 1 -1 0 4 1
EVENT45: 1004 46a0df_46a43f_46a582_46a674
COMP 4b-0: 46a0df_46a43f_46a582_46a674 (8 2115.89 0 6.00 1 4762.00){0.00 0.00 0.00 0.00 2.40 0}{2.40 0.00 0.00 0.00 4.80 0}{4.80 6.00 6.25 7.00 9.60 4}{9.60 0.00 0.00 0.00 12.00 0}{12.00 4749.00 4753.00 4762.00 9490.00 4}
COMP 4b-1: 481caa_48202a_482163_482257 (2 10271.67 3 10270.00 2 10275.00){0.00 0.00 0.00 0.00 4108.00 0}{4108.00 0.00 0.00 0.00 8216.00 0}{8216.00 10270.00 10272.50 10275.00 12324.00 2}{12324.00 0.00 0.00 0.00 16432.00 0}{16432.00 0.00 0.00 0.00 20540.00 0}
COMP 4b-2: 48ac05_48ae89_48af5d_48b016 (2 10286.67 1 10284.00 0 10288.00){0.00 0.00 0.00 0.00 4115.20 0}{4115.20 0.00 0.00 0.00 8230.40 0}{8230.40 10284.00 10286.00 10288.00 12345.60 2}{12345.60 0.00 0.00 0.00 16460.80 0}{16460.80 0.00 0.00 0.00 20576.00 0}
COMM 4b-0: 46a0df_46a43f_46a582_46a674 (8 17.78 2 5.00 3 26.00){0.00 5.00 5.50 6.00 8.40 2}{8.40 14.00 14.00 14.00 16.80 1}{16.80 21.00 22.00 23.00 25.20 4}{25.20 26.00 26.00 26.00 33.60 1}{33.60 0.00 0.00 0.00 42.00 0}
COMM 4b-1: 481caa_48202a_482163_482257 (2 68.00 2 56.00 3 74.00){0.00 0.00 0.00 0.00 29.60 0}{29.60 56.00 56.00 56.00 59.20 1}{59.20 74.00 74.00 74.00 88.80 1}{88.80 0.00 0.00 0.00 118.40 0}{118.40 0.00 0.00 0.00 148.00 0}
COMM 4b-2: 48ac05_48ae89_48af5d_48b016 (2 51.00 0 22.00 1 109.00){0.00 0.00 0.00 0.00 8.80 0}{8.80 0.00 0.00 0.00 17.60 0}{17.60 22.00 22.00 22.00 35.20 1}{35.20 0.00 0.00 0.00 44.00 0}{44.00 109.00 109.00 109.00 174.00 1}
LOOP0: iter: ( 3 )[ 1 -1 0 4 1 ] mem: ( 1 )[ 1 -1 0 4 1 ]
10 2 
12 5 1 5 
14 16 
18 3 1 3 

RANKS: 1 -1 0 2 1
EVENT46: 1090 479b76_479f4b_47a0b6_47a1d7_45e7e0
COMP 4b-0: 46a0df_46a43f_46a582_46a674 (2 45.33 1 42.00 0 47.00){0.00 0.00 0.00 0.00 18.80 0}{18.80 0.00 0.00 0.00 37.60 0}{37.60 42.00 44.50 47.00 56.40 2}{56.40 0.00 0.00 0.00 75.20 0}{75.20 0.00 0.00 0.00 94.00 0}
COMM 4b-0: 46a0df_46a43f_46a582_46a674 (2 2.00 0 2.00 0 2.00){0.00 0.00 0.00 0.00 0.80 0}{0.80 0.00 0.00 0.00 1.60 0}{1.60 2.00 2.00 2.00 2.40 2}{2.40 0.00 0.00 0.00 3.20 0}{3.20 0.00 0.00 0.00 4.00 0}
10 2 
12 64 
14 16 
1b 0 
2b 2147483647 

RANKS: 1 -1 0 2 1
EVENT47: 1148 48ac05_48ae89_48af5d_48b016_45e7f9
COMP 4b-0: 479b76_479f4b_47a0b6_47a1d7_45e7e0 (2 13.00 0 6.00 1 27.00){0.00 0.00 0.00 0.00 2.40 0}{2.40 0.00 0.00 0.00 4.80 0}{4.80 6.00 6.00 6.00 9.60 1}{9.60 0.00 0.00 0.00 12.00 0}{12.00 27.00 27.00 27.00 42.00 1}
COMM 4b-0: 479b76_479f4b_47a0b6_47a1d7_45e7e0 (2 3.33 0 3.00 1 4.00){0.00 0.00 0.00 0.00 1.20 0}{1.20 0.00 0.00 0.00 2.40 0}{2.40 3.00 3.00 3.00 3.60 1}{3.60 4.00 4.00 4.00 4.80 1}{4.80 0.00 0.00 0.00 6.00 0}
1c 9999 

RANKS: 1 -1 2 1 0
EVENT48: 1113 481caa_48202a_482163_482257_45e8ce
COMP 4b-0: 46a0df_46a43f_46a582_46a674 (1 41.00 2 41.00 2 41.00){0.00 0.00 0.00 0.00 16.40 0}{16.40 0.00 0.00 0.00 32.80 0}{32.80 41.00 41.00 41.00 49.20 1}{49.20 0.00 0.00 0.00 65.60 0}{65.60 0.00 0.00 0.00 82.00 0}
COMM 4b-0: 46a0df_46a43f_46a582_46a674 (1 4.00 2 4.00 2 4.00){0.00 0.00 0.00 0.00 1.60 0}{1.60 0.00 0.00 0.00 3.20 0}{3.20 4.00 4.00 4.00 4.80 1}{4.80 0.00 0.00 0.00 6.40 0}{6.40 0.00 0.00 0.00 8.00 0}
10 2 
12 64 
14 16 
1a 2 
1b 0 

RANKS: 1 -1 0 2 2
EVENT49: 1090 479b76_479f4b_47a0b6_47a1d7_45e92a
COMP 4b-0: 481caa_48202a_482163_482257_45e8ce (1 6.00 2 6.00 2 6.00){0.00 0.00 0.00 0.00 2.40 0}{2.40 0.00 0.00 0.00 4.80 0}{4.80 6.00 6.00 6.00 7.20 1}{7.20 0.00 0.00 0.00 9.60 0}{9.60 0.00 0.00 0.00 12.00 0}
COMP 4b-1: 48ac05_48ae89_48af5d_48b016_45e7f9 (1 10.00 0 10.00 0 10.00){0.00 0.00 0.00 0.00 4.00 0}{4.00 0.00 0.00 0.00 8.00 0}{8.00 10.00 10.00 10.00 12.00 1}{12.00 0.00 0.00 0.00 16.00 0}{16.00 0.00 0.00 0.00 20.00 0}
COMM 4b-0: 481caa_48202a_482163_482257_45e8ce (1 1.00 2 1.00 2 1.00){0.00 0.00 0.00 0.00 0.40 0}{0.40 0.00 0.00 0.00 0.80 0}{0.80 1.00 1.00 1.00 1.20 1}{1.20 0.00 0.00 0.00 1.60 0}{1.60 0.00 0.00 0.00 2.00 0}
COMM 4b-1: 48ac05_48ae89_48af5d_48b016_45e7f9 (1 0.00 0 0.00 0 0.00){0.00 0.00 0.00 0.00 1.00 1}{1.00 0.00 0.00 0.00 2.00 0}{2.00 0.00 0.00 0.00 3.00 0}{3.00 0.00 0.00 0.00 4.00 0}{4.00 0.00 0.00 0.00 5.00 0}
10 2 
12 68 
14 16 
1b 0 
2b 2147483647 

RANKS: 1 -1 0 2 2
EVENT50: 1148 48ac05_48ae89_48af5d_48b016_45e93f
COMP 4b-0: 479b76_479f4b_47a0b6_47a1d7_45e92a (2 18.00 2 6.00 0 24.00){0.00 6.00 6.00 6.00 9.60 1}{9.60 0.00 0.00 0.00 19.20 0}{19.20 24.00 24.00 24.00 28.80 1}{28.80 0.00 0.00 0.00 38.40 0}{38.40 0.00 0.00 0.00 48.00 0}
COMM 4b-0: 479b76_479f4b_47a0b6_47a1d7_45e92a (2 2.33 0 2.00 2 3.00){0.00 0.00 0.00 0.00 0.80 0}{0.80 0.00 0.00 0.00 1.60 0}{1.60 2.00 2.00 2.00 2.40 1}{2.40 3.00 3.00 3.00 3.20 1}{3.20 0.00 0.00 0.00 4.00 0}
1c 9999 

RANKS: 1 -1 3 1 0
EVENT51: 1113 481caa_48202a_482163_482257_45e8ce
COMP 4b-0: 46a0df_46a43f_46a582_46a674 (1 46.00 3 46.00 3 46.00){0.00 0.00 0.00 0.00 18.40 0}{18.40 0.00 0.00 0.00 36.80 0}{36.80 46.00 46.00 46.00 55.20 1}{55.20 0.00 0.00 0.00 73.60 0}{73.60 0.00 0.00 0.00 92.00 0}
COMM 4b-0: 46a0df_46a43f_46a582_46a674 (1 4.00 3 4.00 3 4.00){0.00 0.00 0.00 0.00 1.60 0}{1.60 0.00 0.00 0.00 3.20 0}{3.20 4.00 4.00 4.00 4.80 1}{4.80 0.00 0.00 0.00 6.40 0}{6.40 0.00 0.00 0.00 8.00 0}
10 2 
12 64 
14 16 
1a 2 
1b 0 

RANKS: 1 -1 1 2 2
EVENT52: 1113 481caa_48202a_482163_482257_45ea3f
COMP 4b-0: 481caa_48202a_482163_482257_45e8ce (1 6.00 3 6.00 3 6.00){0.00 0.00 0.00 0.00 2.40 0}{2.40 0.00 0.00 0.00 4.80 0}{4.80 6.00 6.00 6.00 7.20 1}{7.20 0.00 0.00 0.00 9.60 0}{9.60 0.00 0.00 0.00 12.00 0}
COMP 4b-1: 48ac05_48ae89_48af5d_48b016_45e7f9 (1 7.00 1 7.00 1 7.00){0.00 0.00 0.00 0.00 2.80 0}{2.80 0.00 0.00 0.00 5.60 0}{5.60 7.00 7.00 7.00 8.40 1}{8.40 0.00 0.00 0.00 11.20 0}{11.20 0.00 0.00 0.00 14.00 0}
COMM 4b-0: 481caa_48202a_482163_482257_45e8ce (1 1.00 3 1.00 3 1.00){0.00 0.00 0.00 0.00 0.40 0}{0.40 0.00 0.00 0.00 0.80 0}{0.80 1.00 1.00 1.00 1.20 1}{1.20 0.00 0.00 0.00 1.60 0}{1.60 0.00 0.00 0.00 2.00 0}
COMM 4b-1: 48ac05_48ae89_48af5d_48b016_45e7f9 (1 4.00 1 4.00 1 4.00){0.00 0.00 0.00 0.00 1.60 0}{1.60 0.00 0.00 0.00 3.20 0}{3.20 4.00 4.00 4.00 4.80 1}{4.80 0.00 0.00 0.00 6.40 0}{6.40 0.00 0.00 0.00 8.00 0}
10 2 
12 68 
14 16 
1a 3 
1b 0 

RANKS: 1 -1 0 4 1
EVENT53: 1004 46a0df_46a43f_46a582_46a674_466371
COMP 4b-0: 481caa_48202a_482163_482257_45ea3f (2 11.00 1 10.00 3 13.00){0.00 0.00 0.00 0.00 4.00 0}{4.00 0.00 0.00 0.00 8.00 0}{8.00 10.00 10.00 10.00 12.00 1}{12.00 13.00 13.00 13.00 16.00 1}{16.00 0.00 0.00 0.00 20.00 0}
COMP 4b-1: 48ac05_48ae89_48af5d_48b016_45e93f (2 12.33 2 11.00 0 13.00){0.00 0.00 0.00 0.00 5.20 0}{5.20 0.00 0.00 0.00 10.40 0}{10.40 11.00 12.00 13.00 15.60 2}{15.60 0.00 0.00 0.00 20.80 0}{20.80 0.00 0.00 0.00 26.00 0}
COMM 4b-0: 481caa_48202a_482163_482257_45ea3f (2 35.33 1 24.00 3 58.00){0.00 0.00 0.00 0.00 9.60 0}{9.60 0.00 0.00 0.00 19.20 0}{19.20 24.00 24.00 24.00 38.40 1}{38.40 0.00 0.00 0.00 48.00 0}{48.00 58.00 58.00 58.00 68.00 1}
COMM 4b-1: 48ac05_48ae89_48af5d_48b016_45e93f (2 17.00 0 5.00 2 41.00){0.00 0.00 0.00 0.00 2.00 0}{2.00 0.00 0.00 0.00 4.00 0}{4.00 5.00 5.00 5.00 8.00 1}{8.00 0.00 0.00 0.00 10.00 0}{10.00 41.00 41.00 41.00 72.00 1}
10 2 
12 1 
14 16 
18 3 

RANKS: 1 -1 0 2 2
EVENT54: 1090 479b76_479f4b_47a0b6_47a1d7
COMP 4b-0: 46a0df_46a43f_46a582_46a674_466371 (2 27.33 0 27.00 2 28.00){0.00 0.00 0.00 0.00 10.80 0}{10.80 0.00 0.00 0.00 21.60 0}{21.60 27.00 27.50 28.00 32.40 2}{32.40 0.00 0.00 0.00 43.20 0}{43.20 0.00 0.00 0.00 54.00 0}
COMM 4b-0: 46a0df_46a43f_46a582_46a674_466371 (2 1.00 0 1.00 0 1.00){0.00 0.00 0.00 0.00 0.40 0}{0.40 0.00 0.00 0.00 0.80 0}{0.80 1.00 1.00 1.00 1.20 2}{1.20 0.00 0.00 0.00 1.60 0}{1.60 0.00 0.00 0.00 2.00 0}
10 2 
12 64 
14 16 
1b 0 
2b 2147483647 

RANKS: 1 -1 0 2 2
EVENT55: 1148 48ac05_48ae89_48af5d_48b016
COMP 4b-0: 479b76_479f4b_47a0b6_47a1d7 (2 7.33 0 7.00 2 8.00){0.00 0.00 0.00 0.00 2.80 0}{2.80 0.00 0.00 0.00 5.60 0}{5.60 7.00 7.50 8.00 8.40 2}{8.40 0.00 0.00 0.00 11.20 0}{11.20 0.00 0.00 0.00 14.00 0}
COMM 4b-0: 479b76_479f4b_47a0b6_47a1d7 (2 2.00 0 2.00 0 2.00){0.00 0.00 0.00 0.00 0.80 0}{0.80 0.00 0.00 0.00 1.60 0}{1.60 2.00 2.00 2.00 2.40 2}{2.40 0.00 0.00 0.00 3.20 0}{3.20 0.00 0.00 0.00 4.00 0}
1c 9999 

RANKS: 1 -1 1 2 2
EVENT56: 1113 481caa_48202a_482163_482257
COMP 4b-0: 46a0df_46a43f_46a582_46a674_466371 (2 27.33 1 27.00 3 28.00){0.00 0.00 0.00 0.00 10.80 0}{10.80 0.00 0.00 0.00 21.60 0}{21.60 27.00 27.50 28.00 32.40 2}{32.40 0.00 0.00 0.00 43.20 0}{43.20 0.00 0.00 0.00 54.00 0}
COMM 4b-0: 46a0df_46a43f_46a582_46a674_466371 (2 2.00 1 2.00 1 2.00){0.00 0.00 0.00 0.00 0.80 0}{0.80 0.00 0.00 0.00 1.60 0}{1.60 2.00 2.00 2.00 2.40 2}{2.40 0.00 0.00 0.00 3.20 0}{3.20 0.00 0.00 0.00 4.00 0}
10 2 
12 64 
14 16 
1a 3 
1b 0 

RANKS: 1 -1 0 4 1
EVENT57: 1004 46a0df_46a43f_46a582_46a674_466744
COMP 4b-0: 481caa_48202a_482163_482257 (2 15.67 3 15.00 1 16.00){0.00 0.00 0.00 0.00 6.40 0}{6.40 0.00 0.00 0.00 12.80 0}{12.80 15.00 15.50 16.00 19.20 2}{19.20 0.00 0.00 0.00 25.60 0}{25.60 0.00 0.00 0.00 32.00 0}
COMP 4b-1: 48ac05_48ae89_48af5d_48b016 (2 14.00 0 14.00 0 14.00){0.00 0.00 0.00 0.00 5.60 0}{5.60 0.00 0.00 0.00 11.20 0}{11.20 14.00 14.00 14.00 16.80 2}{16.80 0.00 0.00 0.00 22.40 0}{22.40 0.00 0.00 0.00 28.00 0}
COMM 4b-0: 481caa_48202a_482163_482257 (2 27.00 1 27.00 1 27.00){0.00 0.00 0.00 0.00 10.80 0}{10.80 0.00 0.00 0.00 21.60 0}{21.60 27.00 27.00 27.00 32.40 2}{32.40 0.00 0.00 0.00 43.20 0}{43.20 0.00 0.00 0.00 54.00 0}
COMM 4b-1: 48ac05_48ae89_48af5d_48b016 (2 9.67 2 5.00 0 12.00){0.00 0.00 0.00 0.00 4.80 0}{4.80 5.00 5.00 5.00 9.60 1}{9.60 12.00 12.00 12.00 14.40 1}{14.40 0.00 0.00 0.00 19.20 0}{19.20 0.00 0.00 0.00 24.00 0}
10 2 
12 1 
14 16 
18 3 

RANKS: 1 -1 0 2 1
EVENT58: 1090 479b76_479f4b_47a0b6_47a1d7_45ec18
COMP 4b-0: 46a0df_46a43f_46a582_46a674_466744 (2 31.00 0 30.00 1 33.00){0.00 0.00 0.00 0.00 12.00 0}{12.00 0.00 0.00 0.00 24.00 0}{24.00 30.00 31.50 33.00 36.00 2}{36.00 0.00 0.00 0.00 48.00 0}{48.00 0.00 0.00 0.00 60.00 0}
COMM 4b-0: 46a0df_46a43f_46a582_46a674_466744 (2 1.00 0 1.00 0 1.00){0.00 0.00 0.00 0.00 0.40 0}{0.40 0.00 0.00 0.00 0.80 0}{0.80 1.00 1.00 1.00 1.20 2}{1.20 0.00 0.00 0.00 1.60 0}{1.60 0.00 0.00 0.00 2.00 0}
10 2 
12 64 
14 16 
1b 0 
2b 2147483647 

RANKS: 1 -1 0 2 1
EVENT59: 1148 48ac05_48ae89_48af5d_48b016_45ec2d
COMP 4b-0: 479b76_479f4b_47a0b6_47a1d7_45ec18 (2 5.33 0 5.00 1 6.00){0.00 0.00 0.00 0.00 2.00 0}{2.00 0.00 0.00 0.00 4.00 0}{4.00 5.00 5.50 6.00 6.00 2}{6.00 0.00 0.00 0.00 8.00 0}{8.00 0.00 0.00 0.00 10.00 0}
COMM 4b-0: 479b76_479f4b_47a0b6_47a1d7_45ec18 (2 2.33 0 2.00 1 3.00){0.00 0.00 0.00 0.00 0.80 0}{0.80 0.00 0.00 0.00 1.60 0}{1.60 2.00 2.00 2.00 2.40 1}{2.40 3.00 3.00 3.00 3.20 1}{3.20 0.00 0.00 0.00 4.00 0}
1c 9999 

RANKS: 1 -1 2 2 1
EVENT60: 1113 481caa_48202a_482163_482257_45ecda
COMP 4b-0: 46a0df_46a43f_46a582_46a674_466744 (2 29.67 3 29.00 2 31.00){0.00 0.00 0.00 0.00 11.60 0}{11.60 0.00 0.00 0.00 23.20 0}{23.20 29.00 30.00 31.00 34.80 2}{34.80 0.00 0.00 0.00 46.40 0}{46.40 0.00 0.00 0.00 58.00 0}
COMM 4b-0: 46a0df_46a43f_46a582_46a674_466744 (2 2.33 3 2.00 2 3.00){0.00 0.00 0.00 0.00 0.80 0}{0.80 0.00 0.00 0.00 1.60 0}{1.60 2.00 2.00 2.00 2.40 1}{2.40 3.00 3.00 3.00 3.20 1}{3.20 0.00 0.00 0.00 4.00 0}
10 2 
12 64 
14 16 
1a 2 
1b 0 

RANKS: 1 -1 0 4 1
EVENT61: 1004 46a0df_46a43f_46a582_46a674
COMP 4b-0: 481caa_48202a_482163_482257_45ecda (2 13.67 3 13.00 2 15.00){0.00 0.00 0.00 0.00 5.20 0}{5.20 0.00 0.00 0.00 10.40 0}{10.40 13.00 14.00 15.00 15.60 2}{15.60 0.00 0.00 0.00 20.80 0}{20.80 0.00 0.00 0.00 26.00 0}
COMP 4b-1: 48ac05_48ae89_48af5d_48b016_45ec2d (2 15.33 1 14.00 0 16.00){0.00 0.00 0.00 0.00 6.40 0}{6.40 0.00 0.00 0.00 12.80 0}{12.80 14.00 15.00 16.00 19.20 2}{19.20 0.00 0.00 0.00 25.60 0}{25.60 0.00 0.00 0.00 32.00 0}
COMM 4b-0: 481caa_48202a_482163_482257_45ecda (2 30.33 2 29.00 3 31.00){0.00 0.00 0.00 0.00 12.40 0}{12.40 0.00 0.00 0.00 24.80 0}{24.80 29.00 30.00 31.00 37.20 2}{37.20 0.00 0.00 0.00 49.60 0}{49.60 0.00 0.00 0.00 62.00 0}
COMM 4b-1: 48ac05_48ae89_48af5d_48b016_45ec2d (2 5.33 0 5.00 1 6.00){0.00 0.00 0.00 0.00 2.00 0}{2.00 0.00 0.00 0.00 4.00 0}{4.00 5.00 5.50 6.00 6.00 2}{6.00 0.00 0.00 0.00 8.00 0}{8.00 0.00 0.00 0.00 10.00 0}
10 2 
12 1 
14 16 
18 3 

RANKS: 1 -1 0 4 1
EVENT62: 1045 472a3f_472ab3_472b19_472b74
COMP 4b-0: 46a0df_46a43f_46a582_46a674 (4 3320.00 3 3313.00 0 3329.00){0.00 0.00 0.00 0.00 1331.60 0}{1331.60 0.00 0.00 0.00 2663.20 0}{2663.20 3313.00 3317.75 3329.00 3994.80 4}{3994.80 0.00 0.00 0.00 5326.40 0}{5326.40 0.00 0.00 0.00 6658.00 0}

