RANKS: 1 -1 0 8 1
EVENT0: 1084 479340_4793ff_479495_4794f0
33 2 
34 0 

RANKS: 1 -1 0 8 1
EVENT1: 1011 46d51d_46d84c_46d967_46da53
COMP 4c-0: 46d51d_46d84c_46d967_46da53 (64 15.80 0 14.00 0 17.00){0.00 0.00 0.00 0.00 5.60 0}{5.60 0.00 0.00 0.00 11.20 0}{11.20 14.00 15.79 16.00 16.80 62}{16.80 17.00 17.00 17.00 22.40 2}{22.40 0.00 0.00 0.00 28.00 0}
COMP 4c-1: 479340_4793ff_479495_4794f0 (8 41.11 1 24.00 0 101.00){0.00 24.00 24.00 24.00 40.40 7}{40.40 0.00 0.00 0.00 80.80 0}{80.80 101.00 101.00 101.00 121.20 1}{121.20 0.00 0.00 0.00 161.60 0}{161.60 0.00 0.00 0.00 202.00 0}
COMM 4b-0: 46d51d_46d84c_46d967_46da53 (64 32.18 4 2.00 6 128.00){0.00 0.00 0.00 0.00 1.60 0}{1.60 2.00 4.38 6.00 6.40 26}{6.40 7.00 7.50 8.00 8.00 2}{8.00 9.00 52.31 105.00 120.00 35}{120.00 128.00 128.00 128.00 136.00 1}
COMM 4b-1: 479340_4793ff_479495_4794f0 (8 887.44 0 19.00 1 1442.00){0.00 0.00 0.00 0.00 7.60 0}{7.60 0.00 0.00 0.00 15.20 0}{15.20 19.00 19.00 19.00 30.40 1}{30.40 0.00 0.00 0.00 38.00 0}{38.00 270.00 1135.57 1442.00 2558.00 7}
LOOP0: iter: ( 9 )[ 1 -1 0 8 1 ] mem: ( 1 )[ 1 -1 0 8 1 ]
10 2 
12 1 1 1 1 1 5 1 1 1 
14 14 14 14 16 16 16 14 14 14 
19 0 

RANKS: 1 -1 4 1 0
EVENT2: 1113 48226e_4825ee_482727_48281b
COMP 4c-0: 46d51d_46d84c_46d967_46da53 (1 74531.00 4 74531.00 4 74531.00){0.00 0.00 0.00 0.00 29812.40 0}{29812.40 0.00 0.00 0.00 59624.80 0}{59624.80 74531.00 74531.00 74531.00 89437.20 1}{89437.20 0.00 0.00 0.00 119249.60 0}{119249.60 0.00 0.00 0.00 149062.00 0}
COMM 4b-0: 46d51d_46d84c_46d967_46da53 (1 3524.00 4 3524.00 4 3524.00){0.00 0.00 0.00 0.00 1409.60 0}{1409.60 0.00 0.00 0.00 2819.20 0}{2819.20 3524.00 3524.00 3524.00 4228.80 1}{4228.80 0.00 0.00 0.00 5638.40 0}{5638.40 0.00 0.00 0.00 7048.00 0}
10 2 
12 20480 
14 16 
1a 1 
1b 0 

RANKS: 1 -1 1 6 1
EVENT3: 1090 47a13a_47a50f_47a67a_47a79b
COMP 4c-0: 46d51d_46d84c_46d967_46da53 (5 77308.50 3 74463.00 5 77880.00){0.00 0.00 0.00 0.00 31150.40 0}{31150.40 0.00 0.00 0.00 62300.80 0}{62300.80 74463.00 77195.00 77880.00 93451.20 5}{93451.20 0.00 0.00 0.00 124601.60 0}{124601.60 0.00 0.00 0.00 155752.00 0}
COMP 4c-1: 48226e_4825ee_482727_48281b (3 17727.00 4 15.00 5 23631.00){0.00 15.00 15.00 15.00 9452.40 1}{9452.40 0.00 0.00 0.00 18904.80 0}{18904.80 23631.00 23631.00 23631.00 28357.20 2}{28357.20 0.00 0.00 0.00 37809.60 0}{37809.60 0.00 0.00 0.00 47262.00 0}
COMP 4c-2: 48b1c9_48b44d_48b521_48b5da (7 1397.12 5 87.00 4 10563.00){0.00 0.00 0.00 0.00 35.20 0}{35.20 0.00 0.00 0.00 70.40 0}{70.40 87.00 87.67 88.00 140.80 6}{140.80 0.00 0.00 0.00 176.00 0}{176.00 10563.00 10563.00 10563.00 20950.00 1}
COMM 4b-0: 46d51d_46d84c_46d967_46da53 (5 7.67 3 5.00 2 12.00){0.00 0.00 0.00 0.00 3.60 0}{3.60 5.00 5.33 6.00 7.20 3}{7.20 9.00 9.00 9.00 10.80 1}{10.80 12.00 12.00 12.00 14.40 1}{14.40 0.00 0.00 0.00 18.00 0}
COMM 4b-1: 48226e_4825ee_482727_48281b (3 2.75 5 1.00 4 8.00){0.00 0.00 0.00 0.00 0.40 0}{0.40 0.00 0.00 0.00 0.80 0}{0.80 1.00 1.00 1.00 1.60 2}{1.60 0.00 0.00 0.00 2.00 0}{2.00 8.00 8.00 8.00 14.00 1}
COMM 4b-2: 48b1c9_48b44d_48b521_48b5da (7 3.50 5 1.00 6 9.00){0.00 1.00 1.00 1.00 1.60 1}{1.60 2.00 2.00 2.00 2.40 1}{2.40 3.00 3.00 3.00 3.20 2}{3.20 4.00 4.00 4.00 4.00 2}{4.00 9.00 9.00 9.00 14.00 1}
LOOP0: iter: ( 2 )[ 2 -2 1 2 3 2 1 -1 6 1 0 ] mem: ( 3 )[ 1 -1 1 2 1 ]( 6 )[ 1 -1 5 2 1 ]( 2 )[ 1 -1 4 1 0 ]
LOOP1: iter: ( 2 )[ 1 -1 5 2 1 ] mem: ( 3 )[ 1 -1 5 2 1 ]
10 2 
12 ( 20480 )[ 2 -1 1 3 1 -1 5 2 1 ]
12 ( 20480 10240 )[ 1 -1 4 1 0 ]
14 16 
1b 0 
2b 2147483647 

RANKS: 1 -1 1 2 1
EVENT4: 1113 48226e_4825ee_482727_48281b
COMP 4c-0: 47a13a_47a50f_47a67a_47a79b (4 90.00 1 87.00 1 92.00){0.00 0.00 0.00 0.00 36.80 0}{36.80 0.00 0.00 0.00 73.60 0}{73.60 87.00 89.50 92.00 110.40 4}{110.40 0.00 0.00 0.00 147.20 0}{147.20 0.00 0.00 0.00 184.00 0}
COMM 4b-0: 47a13a_47a50f_47a67a_47a79b (4 5701.80 1 194.00 1 13802.00){0.00 194.00 301.67 426.00 5520.80 3}{5520.80 0.00 0.00 0.00 11041.60 0}{11041.60 13802.00 13802.00 13802.00 16562.40 1}{16562.40 0.00 0.00 0.00 22083.20 0}{22083.20 0.00 0.00 0.00 27604.00 0}
10 2 
12 20480 
14 16 
1a 1 7 
1b 0 

RANKS: 1 -1 1 4 1
EVENT5: 1148 48b1c9_48b44d_48b521_48b5da
COMP 4c-0: 47a13a_47a50f_47a67a_47a79b (3 15.75 4 15.00 3 16.00){0.00 0.00 0.00 0.00 6.40 0}{6.40 0.00 0.00 0.00 12.80 0}{12.80 15.00 15.67 16.00 19.20 3}{19.20 0.00 0.00 0.00 25.60 0}{25.60 0.00 0.00 0.00 32.00 0}
COMP 4c-1: 48226e_4825ee_482727_48281b (4 15.00 1 15.00 1 15.00){0.00 0.00 0.00 0.00 6.00 0}{6.00 0.00 0.00 0.00 12.00 0}{12.00 15.00 15.00 15.00 18.00 4}{18.00 0.00 0.00 0.00 24.00 0}{24.00 0.00 0.00 0.00 30.00 0}
COMM 4b-0: 47a13a_47a50f_47a67a_47a79b (3 3558.00 4 55.00 4 11711.00){0.00 55.00 55.00 55.00 493.20 1}{493.20 0.00 0.00 0.00 986.40 0}{986.40 1233.00 1233.00 1233.00 1972.80 1}{1972.80 0.00 0.00 0.00 2466.00 0}{2466.00 11711.00 11711.00 11711.00 20956.00 1}
COMM 4b-1: 48226e_4825ee_482727_48281b (4 2664.00 1 2.00 2 13302.00){0.00 2.00 2.00 2.00 2.80 2}{2.80 0.00 0.00 0.00 5.60 0}{5.60 7.00 7.00 7.00 11.20 1}{11.20 0.00 0.00 0.00 14.00 0}{14.00 13302.00 13302.00 13302.00 26590.00 1}
1c 9999 

RANKS: 1 -1 1 6 1
EVENT6: 1113 48226e_4825ee_482727_48281b
COMP 4c-0: 47a13a_47a50f_47a67a_47a79b (8 89.56 5 87.00 5 92.00){0.00 0.00 0.00 0.00 36.80 0}{36.80 0.00 0.00 0.00 73.60 0}{73.60 87.00 89.25 92.00 110.40 8}{110.40 0.00 0.00 0.00 147.20 0}{147.20 0.00 0.00 0.00 184.00 0}
COMP 4c-1: 48226e_4825ee_482727_48281b (2 14487.67 3 10555.00 4 22353.00){0.00 0.00 0.00 0.00 4222.00 0}{4222.00 0.00 0.00 0.00 8444.00 0}{8444.00 10555.00 10555.00 10555.00 16888.00 1}{16888.00 0.00 0.00 0.00 21110.00 0}{21110.00 22353.00 22353.00 22353.00 23596.00 1}
COMP 4c-2: 48b1c9_48b44d_48b521_48b5da (4 6902.80 4 88.00 1 11422.00){0.00 88.00 124.00 160.00 4568.80 2}{4568.80 0.00 0.00 0.00 9137.60 0}{9137.60 11422.00 11422.00 11422.00 13706.40 2}{13706.40 0.00 0.00 0.00 18275.20 0}{18275.20 0.00 0.00 0.00 22844.00 0}
COMM 4b-0: 47a13a_47a50f_47a67a_47a79b (8 3232.78 6 102.00 5 13927.00){0.00 102.00 177.29 316.00 5570.80 7}{5570.80 0.00 0.00 0.00 11141.60 0}{11141.60 13927.00 13927.00 13927.00 16712.40 1}{16712.40 0.00 0.00 0.00 22283.20 0}{22283.20 0.00 0.00 0.00 27854.00 0}
COMM 4b-1: 48226e_4825ee_482727_48281b (2 583.00 3 353.00 4 1043.00){0.00 0.00 0.00 0.00 141.20 0}{141.20 0.00 0.00 0.00 282.40 0}{282.40 353.00 353.00 353.00 564.80 1}{564.80 0.00 0.00 0.00 706.00 0}{706.00 1043.00 1043.00 1043.00 1380.00 1}
COMM 4b-2: 48b1c9_48b44d_48b521_48b5da (4 2768.00 4 63.00 3 13572.00){0.00 0.00 0.00 0.00 26.80 0}{26.80 0.00 0.00 0.00 53.60 0}{53.60 63.00 67.00 71.00 107.20 3}{107.20 0.00 0.00 0.00 134.00 0}{134.00 13572.00 13572.00 13572.00 27010.00 1}
LOOP0: iter: ( 2 )[ 1 -1 3 2 1 ] mem: ( 1 )[ 1 -1 3 2 1 ]
10 2 
12 ( 10240 )[ 1 -1 1 2 1 ]
12 ( 20480 10240 )[ 1 -1 3 1 0 ]
12 ( 20480 )[ 1 -1 5 2 1 ]
12 ( 10240 20480 )[ 1 -1 4 1 0 ]
14 16 
1a ( 4 )[ 1 -1 1 2 1 ]
1a ( 7 4 )[ 1 -1 3 1 0 ]
1a ( 1 7 )[ 1 -1 5 2 1 ]
1a ( 4 1 )[ 1 -1 4 1 0 ]
1b 0 

RANKS: 1 -1 1 2 1
EVENT7: 1090 47a13a_47a50f_47a67a_47a79b
COMP 4c-0: 48226e_4825ee_482727_48281b (2 14.00 1 14.00 1 14.00){0.00 0.00 0.00 0.00 5.60 0}{5.60 0.00 0.00 0.00 11.20 0}{11.20 14.00 14.00 14.00 16.80 2}{16.80 0.00 0.00 0.00 22.40 0}{22.40 0.00 0.00 0.00 28.00 0}
COMM 4b-0: 48226e_4825ee_482727_48281b (2 1.67 2 1.00 1 2.00){0.00 0.00 0.00 0.00 0.80 0}{0.80 1.00 1.00 1.00 1.60 1}{1.60 2.00 2.00 2.00 2.40 1}{2.40 0.00 0.00 0.00 3.20 0}{3.20 0.00 0.00 0.00 4.00 0}
10 2 
12 10240 
14 16 
1b 0 
2b 2147483647 

RANKS: 1 -2 1 2 4 2 1
EVENT8: 1148 48b1c9_48b44d_48b521_48b5da
COMP 4c-0: 47a13a_47a50f_47a67a_47a79b (2 15.00 1 15.00 1 15.00){0.00 0.00 0.00 0.00 6.00 0}{6.00 0.00 0.00 0.00 12.00 0}{12.00 15.00 15.00 15.00 18.00 2}{18.00 0.00 0.00 0.00 24.00 0}{24.00 0.00 0.00 0.00 30.00 0}
COMP 4c-1: 48226e_4825ee_482727_48281b (10 15.00 1 15.00 1 15.00){0.00 0.00 0.00 0.00 6.00 0}{6.00 0.00 0.00 0.00 12.00 0}{12.00 15.00 15.00 15.00 18.00 10}{18.00 0.00 0.00 0.00 24.00 0}{24.00 0.00 0.00 0.00 30.00 0}
COMM 4b-0: 47a13a_47a50f_47a67a_47a79b (2 53.00 1 53.00 1 53.00){0.00 0.00 0.00 0.00 21.20 0}{21.20 0.00 0.00 0.00 42.40 0}{42.40 53.00 53.00 53.00 63.60 2}{63.60 0.00 0.00 0.00 84.80 0}{84.80 0.00 0.00 0.00 106.00 0}
COMM 4b-1: 48226e_4825ee_482727_48281b (10 1248.55 5 1.00 6 13582.00){0.00 1.00 1.33 2.00 2.40 3}{2.40 3.00 3.33 4.00 4.80 3}{4.80 5.00 5.50 6.00 6.00 2}{6.00 124.00 124.00 124.00 242.00 1}{242.00 13582.00 13582.00 13582.00 26922.00 1}
LOOP0: iter: ( 2 )[ 1 -1 1 2 1 ] mem: ( 3 )[ 1 -1 1 2 1 ]
1c 9999 

RANKS: 1 -1 1 7 1
EVENT9: 1090 47a13a_47a50f_47a67a_47a79b
COMP 4c-0: 46d51d_46d84c_46d967_46da53 (1 74467.00 7 74467.00 7 74467.00){0.00 0.00 0.00 0.00 29786.80 0}{29786.80 0.00 0.00 0.00 59573.60 0}{59573.60 74467.00 74467.00 74467.00 89360.40 1}{89360.40 0.00 0.00 0.00 119147.20 0}{119147.20 0.00 0.00 0.00 148934.00 0}
COMP 4c-1: 48226e_4825ee_482727_48281b (5 7229.17 3 16.00 7 22280.00){0.00 0.00 0.00 0.00 6.40 0}{6.40 0.00 0.00 0.00 12.80 0}{12.80 16.00 16.00 16.00 32.00 2}{32.00 10518.00 10523.50 10529.00 21004.00 2}{21004.00 22280.00 22280.00 22280.00 23556.00 1}
COMP 4c-2: 48b1c9_48b44d_48b521_48b5da (10 13597.45 1 87.00 1 23657.00){0.00 87.00 87.00 87.00 9462.80 2}{9462.80 10571.00 11225.00 11392.00 18925.60 5}{18925.60 22302.00 23205.33 23657.00 28388.40 3}{28388.40 0.00 0.00 0.00 37851.20 0}{37851.20 0.00 0.00 0.00 47314.00 0}
COMM 4b-0: 46d51d_46d84c_46d967_46da53 (1 6.00 7 6.00 7 6.00){0.00 0.00 0.00 0.00 2.40 0}{2.40 0.00 0.00 0.00 4.80 0}{4.80 6.00 6.00 6.00 7.20 1}{7.20 0.00 0.00 0.00 9.60 0}{9.60 0.00 0.00 0.00 12.00 0}
COMM 4b-1: 48226e_4825ee_482727_48281b (5 1.83 7 1.00 3 2.00){0.00 0.00 0.00 0.00 0.80 0}{0.80 1.00 1.00 1.00 1.60 1}{1.60 2.00 2.00 2.00 2.40 4}{2.40 0.00 0.00 0.00 3.20 0}{3.20 0.00 0.00 0.00 4.00 0}
COMM 4b-2: 48b1c9_48b44d_48b521_48b5da (10 1.91 3 1.00 1 3.00){0.00 0.00 0.00 0.00 0.80 0}{0.80 1.00 1.00 1.00 1.60 4}{1.60 2.00 2.00 2.00 2.40 3}{2.40 3.00 3.00 3.00 3.20 3}{3.20 0.00 0.00 0.00 4.00 0}
LOOP0: iter: ( 2 )[ 1 -1 3 2 1 ]( 4 )[ 1 -1 7 1 0 ] mem: ( 2 )[ 1 -1 3 2 1 ]( 3 )[ 1 -1 7 1 0 ]
10 2 
12 ( 20480 )[ 1 -1 1 2 1 ]
12 ( 10240 20480 )[ 1 -1 3 1 0 ]
12 ( 20480 10240 )[ 1 -1 4 2 3 ]
12 ( 10240 )[ 1 -1 5 2 1 ]
14 16 
1b 0 
2b 2147483647 

RANKS: 1 -1 1 2 1
EVENT10: 1113 48226e_4825ee_482727_48281b
COMP 4c-0: 47a13a_47a50f_47a67a_47a79b (4 89.40 1 87.00 1 91.00){0.00 0.00 0.00 0.00 36.40 0}{36.40 0.00 0.00 0.00 72.80 0}{72.80 87.00 89.00 91.00 109.20 4}{109.20 0.00 0.00 0.00 145.60 0}{145.60 0.00 0.00 0.00 182.00 0}
COMM 4b-0: 47a13a_47a50f_47a67a_47a79b (4 198.40 1 105.00 2 402.00){0.00 0.00 0.00 0.00 76.00 0}{76.00 105.00 105.00 105.00 152.00 2}{152.00 190.00 190.00 190.00 304.00 1}{304.00 0.00 0.00 0.00 380.00 0}{380.00 402.00 402.00 402.00 424.00 1}
10 2 
12 20480 
14 16 
1a 1 7 
1b 0 

RANKS: 1 -1 1 7 1
EVENT11: 1148 48b1c9_48b44d_48b521_48b5da
COMP 4c-0: 47a13a_47a50f_47a67a_47a79b (12 14.69 7 14.00 7 16.00){0.00 0.00 0.00 0.00 6.00 0}{6.00 0.00 0.00 0.00 12.00 0}{12.00 14.00 14.67 16.00 18.00 12}{18.00 0.00 0.00 0.00 24.00 0}{24.00 0.00 0.00 0.00 30.00 0}
COMP 4c-1: 48226e_4825ee_482727_48281b (2 18.00 1 18.00 1 18.00){0.00 0.00 0.00 0.00 7.20 0}{7.20 0.00 0.00 0.00 14.40 0}{14.40 18.00 18.00 18.00 21.60 2}{21.60 0.00 0.00 0.00 28.80 0}{28.80 0.00 0.00 0.00 36.00 0}
COMM 4b-0: 47a13a_47a50f_47a67a_47a79b (12 367.62 3 52.00 3 1335.00){0.00 0.00 0.00 0.00 20.80 0}{20.80 0.00 0.00 0.00 41.60 0}{41.60 52.00 58.75 76.00 83.20 4}{83.20 0.00 0.00 0.00 104.00 0}{104.00 112.00 561.50 1335.00 2566.00 8}
COMM 4b-1: 48226e_4825ee_482727_48281b (2 2.67 2 2.00 1 3.00){0.00 0.00 0.00 0.00 1.20 0}{1.20 2.00 2.00 2.00 2.40 1}{2.40 3.00 3.00 3.00 3.60 1}{3.60 0.00 0.00 0.00 4.80 0}{4.80 0.00 0.00 0.00 6.00 0}
1c 9999 

RANKS: 1 -1 0 8 1
EVENT12: 1113 48226e_4825ee_482727_48281b
COMP 4c-0: 46d51d_46d84c_46d967_46da53 (1 74527.00 0 74527.00 0 74527.00){0.00 0.00 0.00 0.00 29810.80 0}{29810.80 0.00 0.00 0.00 59621.60 0}{59621.60 74527.00 74527.00 74527.00 89432.40 1}{89432.40 0.00 0.00 0.00 119243.20 0}{119243.20 0.00 0.00 0.00 149054.00 0}
COMP 4c-1: 48226e_4825ee_482727_48281b (1 10562.00 3 10562.00 3 10562.00){0.00 0.00 0.00 0.00 4224.80 0}{4224.80 0.00 0.00 0.00 8449.60 0}{8449.60 10562.00 10562.00 10562.00 12674.40 1}{12674.40 0.00 0.00 0.00 16899.20 0}{16899.20 0.00 0.00 0.00 21124.00 0}
COMP 4c-2: 48b1c9_48b44d_48b521_48b5da (15 4883.00 7 86.00 0 22383.00){0.00 86.00 108.50 162.00 4240.00 10}{4240.00 0.00 0.00 0.00 8480.00 0}{8480.00 10600.00 11015.00 11424.00 16960.00 4}{16960.00 0.00 0.00 0.00 21200.00 0}{21200.00 22383.00 22383.00 22383.00 23566.00 1}
COMM 4b-0: 46d51d_46d84c_46d967_46da53 (1 4296.00 0 4296.00 0 4296.00){0.00 0.00 0.00 0.00 1718.40 0}{1718.40 0.00 0.00 0.00 3436.80 0}{3436.80 4296.00 4296.00 4296.00 5155.20 1}{5155.20 0.00 0.00 0.00 6873.60 0}{6873.60 0.00 0.00 0.00 8592.00 0}
COMM 4b-1: 48226e_4825ee_482727_48281b (1 60.00 3 60.00 3 60.00){0.00 0.00 0.00 0.00 24.00 0}{24.00 0.00 0.00 0.00 48.00 0}{48.00 60.00 60.00 60.00 72.00 1}{72.00 0.00 0.00 0.00 96.00 0}{96.00 0.00 0.00 0.00 120.00 0}
COMM 4b-2: 48b1c9_48b44d_48b521_48b5da (15 1047.81 2 62.00 7 13953.00){0.00 0.00 0.00 0.00 61.60 0}{61.60 62.00 73.00 115.00 123.20 7}{123.20 125.00 137.50 154.00 308.00 4}{308.00 381.00 532.33 793.00 1278.00 3}{1278.00 13953.00 13953.00 13953.00 26628.00 1}
LOOP0: iter: ( 4 )[ 1 -1 0 1 0 ]( 2 )[ 1 -1 3 1 0 ] mem: ( 3 )[ 1 -1 0 1 0 ]( 1 )[ 1 -1 3 1 0 ]
10 2 
12 ( 20480 10240 )[ 2 -1 0 2 3 -1 7 1 0 ]
12 ( 10240 )[ 2 -2 1 2 3 2 1 -1 6 1 0 ]
14 16 
1a ( 1 4 )[ 1 -1 0 1 0 ]
1a ( 4 )[ 2 -2 1 2 3 2 1 -1 6 1 0 ]
1a ( 7 4 )[ 1 -1 3 2 4 ]
1b 0 

RANKS: 1 -1 0 4 1
EVENT13: 1090 47a13a_47a50f_47a67a_47a79b
COMP 4c-0: 48226e_4825ee_482727_48281b (7 14.88 0 14.00 1 16.00){0.00 0.00 0.00 0.00 6.00 0}{6.00 0.00 0.00 0.00 12.00 0}{12.00 14.00 14.86 16.00 18.00 7}{18.00 0.00 0.00 0.00 24.00 0}{24.00 0.00 0.00 0.00 30.00 0}
COMM 4b-0: 48226e_4825ee_482727_48281b (7 2.50 3 1.00 0 5.00){0.00 1.00 1.67 2.00 2.00 6}{2.00 0.00 0.00 0.00 4.00 0}{4.00 5.00 5.00 5.00 6.00 1}{6.00 0.00 0.00 0.00 8.00 0}{8.00 0.00 0.00 0.00 10.00 0}
10 2 
12 ( 20480 10240 )[ 1 -1 0 1 0 ]
12 ( 10240 )[ 1 -1 1 3 1 ]
14 16 
1b 0 
2b 2147483647 

RANKS: 1 -1 0 4 1
EVENT14: 1148 48b1c9_48b44d_48b521_48b5da
COMP 4c-0: 47a13a_47a50f_47a67a_47a79b (7 15.25 0 15.00 0 16.00){0.00 0.00 0.00 0.00 6.40 0}{6.40 0.00 0.00 0.00 12.80 0}{12.80 15.00 15.14 16.00 19.20 7}{19.20 0.00 0.00 0.00 25.60 0}{25.60 0.00 0.00 0.00 32.00 0}
COMM 4b-0: 47a13a_47a50f_47a67a_47a79b (7 2990.75 3 52.00 0 11462.00){0.00 52.00 167.00 607.00 4584.80 6}{4584.80 0.00 0.00 0.00 9169.60 0}{9169.60 11462.00 11462.00 11462.00 13754.40 1}{13754.40 0.00 0.00 0.00 18339.20 0}{18339.20 0.00 0.00 0.00 22924.00 0}
1c 9999 

RANKS: 1 -1 0 8 1
EVENT15: 1004 46a6a3_46aa03_46ab46_46ac38
COMP 4c-0: 48226e_4825ee_482727_48281b (4 22379.60 4 21805.00 5 23238.00){0.00 0.00 0.00 0.00 8723.60 0}{8723.60 0.00 0.00 0.00 17447.20 0}{17447.20 21805.00 22522.25 23238.00 26170.80 4}{26170.80 0.00 0.00 0.00 34894.40 0}{34894.40 0.00 0.00 0.00 43618.00 0}
COMP 4c-1: 48b1c9_48b44d_48b521_48b5da (4 22401.80 3 21831.00 3 23254.00){0.00 0.00 0.00 0.00 8734.00 0}{8734.00 0.00 0.00 0.00 17468.00 0}{17468.00 21831.00 22543.50 23254.00 26202.00 4}{26202.00 0.00 0.00 0.00 34936.00 0}{34936.00 0.00 0.00 0.00 43670.00 0}
COMM 4b-0: 48226e_4825ee_482727_48281b (4 665.20 5 64.00 7 1168.00){0.00 64.00 126.50 189.00 467.20 2}{467.20 737.00 737.00 737.00 934.40 1}{934.40 1168.00 1168.00 1168.00 1401.60 1}{1401.60 0.00 0.00 0.00 1868.80 0}{1868.80 0.00 0.00 0.00 2336.00 0}
COMM 4b-1: 48b1c9_48b44d_48b521_48b5da (4 534.80 2 30.00 3 1164.00){0.00 30.00 119.00 208.00 254.40 2}{254.40 0.00 0.00 0.00 508.80 0}{508.80 636.00 636.00 636.00 763.20 1}{763.20 0.00 0.00 0.00 1017.60 0}{1017.60 1164.00 1164.00 1164.00 1272.00 1}
10 2 
12 5 
14 16 
18 3 

RANKS: 1 -1 0 8 1
EVENT16: 1010 46d034_46d269_46d30d_46d389
COMP 4c-0: 46a6a3_46aa03_46ab46_46ac38 (8 14.67 0 14.00 7 15.00){0.00 0.00 0.00 0.00 5.60 0}{5.60 0.00 0.00 0.00 11.20 0}{11.20 14.00 14.75 15.00 16.80 8}{16.80 0.00 0.00 0.00 22.40 0}{22.40 0.00 0.00 0.00 28.00 0}
COMM 4b-0: 46a6a3_46aa03_46ab46_46ac38 (8 182.11 2 16.00 7 355.00){0.00 16.00 16.00 16.00 54.00 1}{54.00 0.00 0.00 0.00 108.00 0}{108.00 135.00 163.25 214.00 216.00 4}{216.00 222.00 240.00 258.00 270.00 2}{270.00 355.00 355.00 355.00 440.00 1}
10 2 

RANKS: 2 -2 1 2 3 2 1 -1 6 1 0
EVENT17: 1102 47d7ad_47db72_47dcdc_47ddfb
COMP 4c-0: 46d034_46d269_46d30d_46d389 (5 1725.33 4 1637.00 1 1743.00){0.00 0.00 0.00 0.00 697.20 0}{697.20 0.00 0.00 0.00 1394.40 0}{1394.40 1637.00 1721.80 1743.00 2091.60 5}{2091.60 0.00 0.00 0.00 2788.80 0}{2788.80 0.00 0.00 0.00 3486.00 0}
COMP 4c-1: 47d7ad_47db72_47dcdc_47ddfb (124 15.17 5 15.00 5 16.00){0.00 0.00 0.00 0.00 6.00 0}{6.00 0.00 0.00 0.00 12.00 0}{12.00 15.00 15.17 16.00 18.00 124}{18.00 0.00 0.00 0.00 24.00 0}{24.00 0.00 0.00 0.00 30.00 0}
COMP 4c-2: 48226e_4825ee_482727_48281b (367 389.84 4 357.00 1 402.00){0.00 0.00 0.00 0.00 159.20 0}{159.20 0.00 0.00 0.00 318.40 0}{318.40 357.00 389.82 402.00 477.60 367}{477.60 0.00 0.00 0.00 636.80 0}{636.80 0.00 0.00 0.00 796.00 0}
COMM 4b-0: 46d034_46d269_46d30d_46d389 (5 239.33 4 15.00 6 661.00){0.00 15.00 15.00 15.00 32.40 1}{32.40 0.00 0.00 0.00 64.80 0}{64.80 81.00 81.00 81.00 162.00 1}{162.00 297.00 299.00 301.00 440.00 2}{440.00 661.00 661.00 661.00 882.00 1}
COMM 4b-1: 47d7ad_47db72_47dcdc_47ddfb (124 7.03 5 1.00 5 134.00){0.00 1.00 1.64 2.00 2.40 85}{2.40 3.00 3.79 4.00 4.00 14}{4.00 5.00 6.21 8.00 8.00 14}{8.00 9.00 46.40 127.00 128.00 10}{128.00 134.00 134.00 134.00 140.00 1}
COMM 4b-2: 48226e_4825ee_482727_48281b (367 65.30 1 2.00 4 11733.00){0.00 2.00 4.08 14.00 18.00 252}{18.00 41.00 41.00 41.00 64.00 1}{64.00 89.30 89.77 117.00 170.00 105}{170.00 194.00 224.62 242.00 249.00 8}{249.00 11733.00 11733.00 11733.00 23217.00 1}
LOOP0: iter: ( 62 )[ 1 -2 1 2 4 2 1 ]( 124 )[ 1 -1 4 1 0 ] mem: ( 2 )[ 2 -2 1 2 3 2 1 -1 6 1 0 ]
LOOP1: iter: ( 2 )[ 1 -1 5 2 1 ] mem: ( 1 )[ 1 -1 5 2 1 ]
10 2 
12 ( 155 )[ 1 -1 1 2 1 ]
12 ( 155 80 )[ 1 -1 5 2 1 ]
12 ( 75 75 75 75 75 75 75 75 75 75 75 75 75 75 75 75 75 75 75 75 75 75 75 75 75 75 75 75 75 75 75 75 75 75 75 75 75 75 75 75 75 75 75 75 75 75 75 75 75 75 75 75 75 75 75 75 75 75 75 75 75 75 155 155 155 155 155 155 155 155 155 155 155 155 155 155 155 155 155 155 155 155 155 155 155 155 155 155 155 155 155 155 155 155 155 155 155 155 155 155 155 155 155 155 155 155 155 155 155 155 155 155 155 155 155 155 155 155 155 155 155 155 155 155 )[ 1 -1 4 1 0 ]
14 16 
1b 0 
2b ( 7 )[ 1 -1 1 2 1 ]
2b ( 7 4 )[ 1 -1 5 2 1 ]
2b ( 4 4 4 4 4 4 4 4 4 4 4 4 4 4 4 4 4 4 4 4 4 4 4 4 4 4 4 4 4 4 4 4 4 4 4 4 4 4 4 4 4 4 4 4 4 4 4 4 4 4 4 4 4 4 4 4 4 4 4 4 4 4 1 1 1 1 1 1 1 1 1 1 1 1 1 1 1 1 1 1 1 1 1 1 1 1 1 1 1 1 1 1 1 1 1 1 1 1 1 1 1 1 1 1 1 1 1 1 1 1 1 1 1 1 1 1 1 1 1 1 1 1 1 1 )[ 1 -1 4 1 0 ]

RANKS: 1 -2 0 2 4 3 1
EVENT18: 1113 48226e_4825ee_482727_48281b
COMP 4c-0: 46d034_46d269_46d30d_46d389 (1 1952.00 0 1952.00 0 1952.00){0.00 0.00 0.00 0.00 780.80 0}{780.80 0.00 0.00 0.00 1561.60 0}{1561.60 1952.00 1952.00 1952.00 2342.40 1}{2342.40 0.00 0.00 0.00 3123.20 0}{3123.20 0.00 0.00 0.00 3904.00 0}
COMP 4c-1: 47d7ad_47db72_47dcdc_47ddfb (372 344.52 4 326.00 5 353.00){0.00 0.00 0.00 0.00 140.80 0}{140.80 0.00 0.00 0.00 281.60 0}{281.60 326.00 344.50 353.00 422.40 372}{422.40 0.00 0.00 0.00 563.20 0}{563.20 0.00 0.00 0.00 704.00 0}
COMP 4c-2: 48226e_4825ee_482727_48281b (247 181.42 0 15.00 0 690.00){0.00 0.00 0.00 0.00 6.00 0}{6.00 0.00 0.00 0.00 12.00 0}{12.00 15.00 15.52 17.00 24.00 186}{24.00 0.00 0.00 0.00 30.00 0}{30.00 690.00 690.00 690.00 1350.00 61}
COMM 4b-0: 46d034_46d269_46d30d_46d389 (1 5.00 0 5.00 0 5.00){0.00 0.00 0.00 0.00 2.00 0}{2.00 0.00 0.00 0.00 4.00 0}{4.00 5.00 5.00 5.00 6.00 1}{6.00 0.00 0.00 0.00 8.00 0}{8.00 0.00 0.00 0.00 10.00 0}
COMM 4b-1: 47d7ad_47db72_47dcdc_47ddfb (372 5.66 2 2.00 1 204.00){0.00 2.00 2.00 2.00 2.80 4}{2.80 3.00 3.21 5.00 5.60 325}{5.60 6.00 7.09 10.00 11.20 34}{11.20 0.00 0.00 0.00 14.00 0}{14.00 15.00 90.33 204.00 394.00 9}
COMM 4b-2: 48226e_4825ee_482727_48281b (247 3.41 0 2.00 0 84.00){0.00 0.00 0.00 0.00 1.60 0}{1.60 2.00 2.00 2.00 2.40 111}{2.40 3.00 3.00 3.00 3.20 116}{3.20 4.00 4.00 4.00 4.00 9}{4.00 5.00 21.64 84.00 164.00 11}
LOOP0: iter: ( 124 )[ 1 -1 0 1 0 ]( 2 )[ 1 -1 1 2 1 ] mem: ( 1 )[ 1 -1 0 3 1 ]
10 2 
12 ( 155 75 )[ 1 -1 0 1 0 ]
12 ( 155 80 )[ 1 -1 1 2 1 ]
12 ( 155 )[ 1 -1 5 2 1 ]
12 ( 155 155 155 155 155 155 155 155 155 155 155 155 155 155 155 155 155 155 155 155 155 155 155 155 155 155 155 155 155 155 155 155 155 155 155 155 155 155 155 155 155 155 155 155 155 155 155 155 155 155 155 155 155 155 155 155 155 155 155 155 155 155 75 75 75 75 75 75 75 75 75 75 75 75 75 75 75 75 75 75 75 75 75 75 75 75 75 75 75 75 75 75 75 75 75 75 75 75 75 75 75 75 75 75 75 75 75 75 75 75 75 75 75 75 75 75 75 75 75 75 75 75 75 75 )[ 1 -1 4 1 0 ]
14 16 
1a ( 1 4 )[ 1 -1 0 3 1 ]
1a ( 1 )[ 1 -1 5 2 1 ]
1a ( 1 1 1 1 1 1 1 1 1 1 1 1 1 1 1 1 1 1 1 1 1 1 1 1 1 1 1 1 1 1 1 1 1 1 1 1 1 1 1 1 1 1 1 1 1 1 1 1 1 1 1 1 1 1 1 1 1 1 1 1 1 1 4 4 4 4 4 4 4 4 4 4 4 4 4 4 4 4 4 4 4 4 4 4 4 4 4 4 4 4 4 4 4 4 4 4 4 4 4 4 4 4 4 4 4 4 4 4 4 4 4 4 4 4 4 4 4 4 4 4 4 4 4 4 )[ 1 -1 4 1 0 ]
1b 0 

RANKS: 2 -1 0 4 1 -1 5 3 1
EVENT19: 1102 47d7ad_47db72_47dcdc_47ddfb
COMP 4c-0: 46d034_46d269_46d30d_46d389 (2 1637.00 3 1637.00 3 1637.00){0.00 0.00 0.00 0.00 654.80 0}{654.80 0.00 0.00 0.00 1309.60 0}{1309.60 1637.00 1637.00 1637.00 1964.40 2}{1964.40 0.00 0.00 0.00 2619.20 0}{2619.20 0.00 0.00 0.00 3274.00 0}
COMP 4c-1: 47d7ad_47db72_47dcdc_47ddfb (370 234.11 1 15.00 7 691.00){0.00 0.00 0.00 0.00 6.40 0}{6.40 0.00 0.00 0.00 12.80 0}{12.80 15.00 16.19 18.00 25.60 248}{25.60 0.00 0.00 0.00 32.00 0}{32.00 666.00 678.86 691.00 1300.00 122}
COMP 4c-2: 48226e_4825ee_482727_48281b (372 376.26 0 356.00 3 382.00){0.00 0.00 0.00 0.00 142.40 0}{142.40 0.00 0.00 0.00 284.80 0}{284.80 356.00 376.31 382.00 427.20 372}{427.20 0.00 0.00 0.00 569.60 0}{569.60 0.00 0.00 0.00 712.00 0}
COMM 4b-0: 46d034_46d269_46d30d_46d389 (2 630.67 3 560.00 7 772.00){0.00 0.00 0.00 0.00 224.00 0}{224.00 0.00 0.00 0.00 448.00 0}{448.00 560.00 560.00 560.00 672.00 1}{672.00 772.00 772.00 772.00 896.00 1}{896.00 0.00 0.00 0.00 1120.00 0}
COMM 4b-1: 47d7ad_47db72_47dcdc_47ddfb (370 63.81 0 1.00 0 431.00){0.00 0.00 0.00 0.00 0.80 0}{0.80 1.00 1.00 1.00 1.60 33}{1.60 1.64 1.92 3.00 3.20 202}{3.20 4.00 4.00 4.00 4.00 13}{4.00 7.00 190.16 431.00 616.00 122}
COMM 4b-2: 48226e_4825ee_482727_48281b (372 142.66 3 2.00 0 13619.00){0.00 2.00 70.01 4372.00 5447.60 371}{5447.60 0.00 0.00 0.00 10895.20 0}{10895.20 13619.00 13619.00 13619.00 16342.80 1}{16342.80 0.00 0.00 0.00 21790.40 0}{21790.40 0.00 0.00 0.00 27238.00 0}
LOOP0: iter: ( 124 )[ 2 -1 0 2 3 -1 7 1 0 ]( 62 )[ 1 -2 1 2 4 2 1 ] mem: ( 1 )[ 1 -1 0 2 7 ]( 2 )[ 2 -1 1 3 1 -1 5 2 1 ]
LOOP1: iter: ( 2 )[ 1 -1 1 2 1 ] mem: ( 1 )[ 1 -1 1 2 1 ]
10 2 
12 ( 155 75 )[ 1 -1 0 2 7 ]
12 ( 155 80 )[ 1 -1 1 2 1 ]
12 ( 155 155 155 155 155 155 155 155 155 155 155 155 155 155 155 155 155 155 155 155 155 155 155 155 155 155 155 155 155 155 155 155 155 155 155 155 155 155 155 155 155 155 155 155 155 155 155 155 155 155 155 155 155 155 155 155 155 155 155 155 155 155 75 75 75 75 75 75 75 75 75 75 75 75 75 75 75 75 75 75 75 75 75 75 75 75 75 75 75 75 75 75 75 75 75 75 75 75 75 75 75 75 75 75 75 75 75 75 75 75 75 75 75 75 75 75 75 75 75 75 75 75 75 75 )[ 1 -1 3 1 0 ]
12 ( 155 )[ 1 -1 5 2 1 ]
14 16 
1b 0 
2b ( 1 4 )[ 1 -1 0 3 1 ]
2b ( 7 7 7 7 7 7 7 7 7 7 7 7 7 7 7 7 7 7 7 7 7 7 7 7 7 7 7 7 7 7 7 7 7 7 7 7 7 7 7 7 7 7 7 7 7 7 7 7 7 7 7 7 7 7 7 7 7 7 7 7 7 7 4 4 4 4 4 4 4 4 4 4 4 4 4 4 4 4 4 4 4 4 4 4 4 4 4 4 4 4 4 4 4 4 4 4 4 4 4 4 4 4 4 4 4 4 4 4 4 4 4 4 4 4 4 4 4 4 4 4 4 4 4 4 )[ 1 -1 3 1 0 ]
2b ( 7 4 )[ 1 -1 7 1 0 ]
2b ( 1 )[ 1 -1 5 2 1 ]

RANKS: 1 -1 1 7 1
EVENT20: 1113 48226e_4825ee_482727_48281b
COMP 4c-0: 46a6a3_46aa03_46ab46_46ac38 (1 65107.00 4 65107.00 4 65107.00){0.00 0.00 0.00 0.00 26042.80 0}{26042.80 0.00 0.00 0.00 52085.60 0}{52085.60 65107.00 65107.00 65107.00 78128.40 1}{78128.40 0.00 0.00 0.00 104171.20 0}{104171.20 0.00 0.00 0.00 130214.00 0}
COMP 4c-1: 47d7ad_47db72_47dcdc_47ddfb (373 342.87 3 326.00 7 983.00){0.00 0.00 0.00 0.00 139.20 0}{139.20 0.00 0.00 0.00 278.40 0}{278.40 326.00 341.14 348.00 556.80 372}{556.80 0.00 0.00 0.00 696.00 0}{696.00 983.00 983.00 983.00 1270.00 1}
COMP 4c-2: 48226e_4825ee_482727_48281b (248 186.91 7 15.00 4 2928.00){0.00 0.00 0.00 0.00 6.00 0}{6.00 0.00 0.00 0.00 12.00 0}{12.00 15.00 15.66 17.00 30.00 186}{30.00 666.00 666.98 667.00 1302.00 61}{1302.00 2928.00 2928.00 2928.00 4554.00 1}
COMM 4b-0: 46a6a3_46aa03_46ab46_46ac38 (1 890.00 4 890.00 4 890.00){0.00 0.00 0.00 0.00 356.00 0}{356.00 0.00 0.00 0.00 712.00 0}{712.00 890.00 890.00 890.00 1068.00 1}{1068.00 0.00 0.00 0.00 1424.00 0}{1424.00 0.00 0.00 0.00 1780.00 0}
COMM 4b-1: 47d7ad_47db72_47dcdc_47ddfb (373 4.84 5 2.00 3 136.00){0.00 0.00 0.00 0.00 1.60 0}{1.60 2.00 3.26 4.00 4.80 301}{4.80 5.33 6.22 8.00 8.00 49}{8.00 9.00 9.65 10.00 10.00 17}{10.00 12.00 59.67 136.00 262.00 6}
COMM 4b-2: 48226e_4825ee_482727_48281b (248 4.20 7 2.00 4 210.00){0.00 0.00 0.00 0.00 1.60 0}{1.60 2.00 2.00 2.00 2.40 95}{2.40 2.53 2.83 4.00 4.00 144}{4.00 6.00 29.50 94.00 184.00 8}{184.00 210.00 210.00 210.00 236.00 1}
LOOP0: iter: ( 124 )[ 1 -1 7 1 0 ]( 2 )[ 1 -1 4 3 1 ] mem: ( 1 )[ 1 -1 5 3 1 ]( 5 )[ 1 -1 4 1 0 ]
10 2 
12 ( 155 )[ 1 -1 1 2 1 ]
12 ( 75 75 75 75 75 75 75 75 75 75 75 75 75 75 75 75 75 75 75 75 75 75 75 75 75 75 75 75 75 75 75 75 75 75 75 75 75 75 75 75 75 75 75 75 75 75 75 75 75 75 75 75 75 75 75 75 75 75 75 75 75 75 155 155 155 155 155 155 155 155 155 155 155 155 155 155 155 155 155 155 155 155 155 155 155 155 155 155 155 155 155 155 155 155 155 155 155 155 155 155 155 155 155 155 155 155 155 155 155 155 155 155 155 155 155 155 155 155 155 155 155 155 155 155 )[ 1 -1 3 1 0 ]
12 ( 155 75 )[ 1 -1 7 1 0 ]
12 ( 155 80 )[ 1 -1 5 2 1 ]
12 ( 20480 )[ 1 -1 4 1 0 ]
14 16 
1a ( 7 )[ 1 -1 1 2 1 ]
1a ( 4 4 4 4 4 4 4 4 4 4 4 4 4 4 4 4 4 4 4 4 4 4 4 4 4 4 4 4 4 4 4 4 4 4 4 4 4 4 4 4 4 4 4 4 4 4 4 4 4 4 4 4 4 4 4 4 4 4 4 4 4 4 7 7 7 7 7 7 7 7 7 7 7 7 7 7 7 7 7 7 7 7 7 7 7 7 7 7 7 7 7 7 7 7 7 7 7 7 7 7 7 7 7 7 7 7 7 7 7 7 7 7 7 7 7 7 7 7 7 7 7 7 7 7 )[ 1 -1 3 1 0 ]
1a ( 7 4 )[ 1 -1 5 3 1 ]
1a ( 1 )[ 1 -1 4 1 0 ]
1b 0 

RANKS: 1 -1 1 7 1
EVENT21: 1090 47a13a_47a50f_47a67a_47a79b
COMP 4c-0: 46a6a3_46aa03_46ab46_46ac38 (6 67477.71 3 65038.00 5 68455.00){0.00 0.00 0.00 0.00 27380.40 0}{27380.40 0.00 0.00 0.00 54760.80 0}{54760.80 65038.00 67315.50 68455.00 82141.20 6}{82141.20 0.00 0.00 0.00 109521.60 0}{109521.60 0.00 0.00 0.00 136902.00 0}
COMP 4c-1: 48226e_4825ee_482727_48281b (10 3773.55 4 15.00 7 10525.00){0.00 15.00 15.00 15.00 1178.00 2}{1178.00 0.00 0.00 0.00 2356.00 0}{2356.00 2850.00 2914.00 2946.00 4712.00 6}{4712.00 0.00 0.00 0.00 5890.00 0}{5890.00 10525.00 10525.00 10525.00 15160.00 2}
COMP 4c-2: 48b1c9_48b44d_48b521_48b5da (10 1993.18 1 87.00 4 10571.00){0.00 0.00 0.00 0.00 34.80 0}{34.80 0.00 0.00 0.00 69.60 0}{69.60 87.00 87.00 87.00 139.20 8}{139.20 0.00 0.00 0.00 174.00 0}{174.00 10571.00 10571.00 10571.00 20968.00 2}
COMM 4b-0: 46a6a3_46aa03_46ab46_46ac38 (6 2.57 3 2.00 1 4.00){0.00 0.00 0.00 0.00 1.60 0}{1.60 2.00 2.00 2.00 3.20 5}{3.20 4.00 4.00 4.00 4.80 1}{4.80 0.00 0.00 0.00 6.40 0}{6.40 0.00 0.00 0.00 8.00 0}
COMM 4b-1: 48226e_4825ee_482727_48281b (10 2.09 5 1.00 4 3.00){0.00 0.00 0.00 0.00 0.80 0}{0.80 1.00 1.00 1.00 1.60 1}{1.60 2.00 2.00 2.00 2.40 7}{2.40 3.00 3.00 3.00 3.20 2}{3.20 0.00 0.00 0.00 4.00 0}
COMM 4b-2: 48b1c9_48b44d_48b521_48b5da (10 3.91 1 2.00 6 11.00){0.00 0.00 0.00 0.00 0.80 0}{0.80 0.00 0.00 0.00 1.60 0}{1.60 2.00 2.00 2.00 2.40 4}{2.40 3.00 3.00 3.00 4.00 4}{4.00 10.00 10.50 11.00 18.00 2}
LOOP0: iter: ( 2 )[ 1 -1 1 7 1 ] mem: ( 7 )[ 1 -2 1 2 4 2 1 ]( 6 )[ 1 -1 3 1 0 ]( 4 )[ 1 -1 7 1 0 ]( 2 )[ 1 -1 4 1 0 ]
LOOP1: iter: ( 2 )[ 2 -2 1 2 4 2 1 -1 7 1 0 ] mem: ( 3 )[ 2 -2 1 2 4 2 1 -1 7 1 0 ]
10 2 
12 ( 20480 )[ 2 -1 1 3 1 -1 5 2 1 ]
12 ( 20480 10240 )[ 1 -1 4 2 3 ]
14 16 
1b 0 
2b 2147483647 

RANKS: 1 -2 1 2 4 2 1
EVENT22: 1113 48226e_4825ee_482727_48281b
COMP 4c-0: 47a13a_47a50f_47a67a_47a79b (16 89.12 1 87.00 1 91.00){0.00 0.00 0.00 0.00 36.40 0}{36.40 0.00 0.00 0.00 72.80 0}{72.80 87.00 89.00 91.00 109.20 16}{109.20 0.00 0.00 0.00 145.60 0}{145.60 0.00 0.00 0.00 182.00 0}
COMM 4b-0: 47a13a_47a50f_47a67a_47a79b (16 179.94 1 101.00 1 731.00){0.00 0.00 0.00 0.00 41.20 0}{41.20 0.00 0.00 0.00 82.40 0}{82.40 101.00 107.60 142.00 164.80 10}{164.80 185.00 190.50 196.00 206.00 2}{206.00 228.00 374.75 731.00 1256.00 4}
10 2 
12 20480 
14 16 
1a 1 7 
1b 0 

RANKS: 1 -1 1 7 1
EVENT23: 1148 48b1c9_48b44d_48b521_48b5da
COMP 4c-0: 47a13a_47a50f_47a67a_47a79b (10 15.00 3 15.00 3 15.00){0.00 0.00 0.00 0.00 6.00 0}{6.00 0.00 0.00 0.00 12.00 0}{12.00 15.00 15.00 15.00 18.00 10}{18.00 0.00 0.00 0.00 24.00 0}{24.00 0.00 0.00 0.00 30.00 0}
COMP 4c-1: 48226e_4825ee_482727_48281b (16 14.76 1 14.00 1 15.00){0.00 0.00 0.00 0.00 5.60 0}{5.60 0.00 0.00 0.00 11.20 0}{11.20 14.00 14.81 15.00 16.80 16}{16.80 0.00 0.00 0.00 22.40 0}{22.40 0.00 0.00 0.00 28.00 0}
COMM 4b-0: 47a13a_47a50f_47a67a_47a79b (10 3080.36 4 107.00 7 7553.00){0.00 107.00 791.83 1715.00 2621.60 6}{2621.60 4195.00 4236.00 4277.00 5243.20 2}{5243.20 6554.00 7053.50 7553.00 7864.80 2}{7864.80 0.00 0.00 0.00 10486.40 0}{10486.40 0.00 0.00 0.00 13108.00 0}
COMM 4b-1: 48226e_4825ee_482727_48281b (16 119.18 1 1.00 2 1881.00){0.00 1.00 1.20 2.00 2.00 5}{2.00 3.00 3.57 3.80 4.00 7}{4.00 5.00 5.00 5.00 10.00 2}{10.00 99.00 99.00 99.00 188.00 1}{188.00 1881.00 1881.00 1881.00 3574.00 1}
1c 9999 

RANKS: 2 -1 0 5 1 -1 7 1 0
EVENT24: 1113 48226e_4825ee_482727_48281b
COMP 4c-0: 46a6a3_46aa03_46ab46_46ac38 (1 65103.00 0 65103.00 0 65103.00){0.00 0.00 0.00 0.00 26041.20 0}{26041.20 0.00 0.00 0.00 52082.40 0}{52082.40 65103.00 65103.00 65103.00 78123.60 1}{78123.60 0.00 0.00 0.00 104164.80 0}{104164.80 0.00 0.00 0.00 130206.00 0}
COMP 4c-1: 47d7ad_47db72_47dcdc_47ddfb (1 3238.00 0 3238.00 0 3238.00){0.00 0.00 0.00 0.00 1295.20 0}{1295.20 0.00 0.00 0.00 2590.40 0}{2590.40 3238.00 3238.00 3238.00 3885.60 1}{3885.60 0.00 0.00 0.00 5180.80 0}{5180.80 0.00 0.00 0.00 6476.00 0}
COMP 4c-2: 48226e_4825ee_482727_48281b (2 10562.00 3 10562.00 3 10562.00){0.00 0.00 0.00 0.00 4224.80 0}{4224.80 0.00 0.00 0.00 8449.60 0}{8449.60 10562.00 10562.00 10562.00 12674.40 2}{12674.40 0.00 0.00 0.00 16899.20 0}{16899.20 0.00 0.00 0.00 21124.00 0}
COMP 4c-3: 48b1c9_48b44d_48b521_48b5da (14 5234.73 7 86.00 1 11428.00){0.00 86.00 123.12 160.00 4243.20 8}{4243.20 0.00 0.00 0.00 8486.40 0}{8486.40 10608.00 11154.67 11428.00 12729.60 6}{12729.60 0.00 0.00 0.00 16972.80 0}{16972.80 0.00 0.00 0.00 21216.00 0}
COMM 4b-0: 46a6a3_46aa03_46ab46_46ac38 (1 471.00 0 471.00 0 471.00){0.00 0.00 0.00 0.00 188.40 0}{188.40 0.00 0.00 0.00 376.80 0}{376.80 471.00 471.00 471.00 565.20 1}{565.20 0.00 0.00 0.00 753.60 0}{753.60 0.00 0.00 0.00 942.00 0}
COMM 4b-1: 47d7ad_47db72_47dcdc_47ddfb (1 188.00 0 188.00 0 188.00){0.00 0.00 0.00 0.00 75.20 0}{75.20 0.00 0.00 0.00 150.40 0}{150.40 188.00 188.00 188.00 225.60 1}{225.60 0.00 0.00 0.00 300.80 0}{300.80 0.00 0.00 0.00 376.00 0}
COMM 4b-2: 48226e_4825ee_482727_48281b (2 56.00 3 56.00 3 56.00){0.00 0.00 0.00 0.00 22.40 0}{22.40 0.00 0.00 0.00 44.80 0}{44.80 56.00 56.00 56.00 67.20 2}{67.20 0.00 0.00 0.00 89.60 0}{89.60 0.00 0.00 0.00 112.00 0}
COMM 4b-3: 48b1c9_48b44d_48b521_48b5da (14 275.47 4 58.00 3 2055.00){0.00 58.00 60.75 65.00 120.00 8}{120.00 188.00 188.00 188.00 256.00 1}{256.00 313.00 313.00 313.00 370.00 3}{370.00 404.00 404.00 404.00 438.00 1}{438.00 2055.00 2055.00 2055.00 3672.00 1}
LOOP0: iter: ( 2 )[ 1 -1 0 2 3 ] mem: ( 4 )[ 1 -1 0 1 0 ]( 1 )[ 1 -1 3 1 0 ]
LOOP1: iter: ( 2 )[ 1 -1 0 1 0 ] mem: ( 3 )[ 1 -1 0 1 0 ]
10 2 
12 ( 20480 10240 )[ 2 -1 0 2 3 -1 7 1 0 ]
12 ( 10240 )[ 2 -1 1 2 1 -1 4 1 0 ]
14 16 
1a ( 1 4 )[ 1 -1 0 1 0 ]
1a ( 4 )[ 2 -1 1 2 1 -1 4 1 0 ]
1a ( 7 4 )[ 1 -1 3 2 4 ]
1b 0 

RANKS: 2 -1 0 4 1 -1 5 2 1
EVENT25: 1090 47a13a_47a50f_47a67a_47a79b
COMP 4c-0: 48226e_4825ee_482727_48281b (10 14.55 0 14.00 1 16.00){0.00 0.00 0.00 0.00 5.60 0}{5.60 0.00 0.00 0.00 11.20 0}{11.20 14.00 14.60 16.00 16.80 10}{16.80 0.00 0.00 0.00 22.40 0}{22.40 0.00 0.00 0.00 28.00 0}
COMP 4c-1: 48b1c9_48b44d_48b521_48b5da (4 11392.00 5 11392.00 5 11392.00){0.00 0.00 0.00 0.00 4556.80 0}{4556.80 0.00 0.00 0.00 9113.60 0}{9113.60 11392.00 11392.00 11392.00 13670.40 4}{13670.40 0.00 0.00 0.00 18227.20 0}{18227.20 0.00 0.00 0.00 22784.00 0}
COMM 4b-0: 48226e_4825ee_482727_48281b (10 1.55 0 1.00 0 3.00){0.00 0.00 0.00 0.00 0.40 0}{0.40 0.00 0.00 0.00 0.80 0}{0.80 1.00 1.00 1.00 1.60 7}{1.60 0.00 0.00 0.00 2.00 0}{2.00 3.00 3.00 3.00 4.00 3}
COMM 4b-1: 48b1c9_48b44d_48b521_48b5da (4 2.20 5 1.00 5 3.00){0.00 1.00 1.00 1.00 1.20 1}{1.20 2.00 2.00 2.00 2.40 2}{2.40 3.00 3.00 3.00 3.60 1}{3.60 0.00 0.00 0.00 4.80 0}{4.80 0.00 0.00 0.00 6.00 0}
10 2 
12 ( 20480 10240 )[ 1 -1 0 1 0 ]
12 ( 10240 )[ 2 -1 1 3 1 -1 5 2 1 ]
14 16 
1b 0 
2b 2147483647 

RANKS: 2 -1 0 4 1 -1 5 2 1
EVENT26: 1148 48b1c9_48b44d_48b521_48b5da
COMP 4c-0: 47a13a_47a50f_47a67a_47a79b (14 14.73 5 14.00 0 15.00){0.00 0.00 0.00 0.00 6.00 0}{6.00 0.00 0.00 0.00 12.00 0}{12.00 14.00 14.71 15.00 18.00 14}{18.00 0.00 0.00 0.00 24.00 0}{24.00 0.00 0.00 0.00 30.00 0}
COMM 4b-0: 47a13a_47a50f_47a67a_47a79b (14 786.07 3 51.00 6 4243.00){0.00 51.00 52.43 56.00 98.40 7}{98.40 169.00 169.00 169.00 196.80 1}{196.80 246.00 246.00 246.00 492.00 1}{492.00 520.00 830.67 1034.00 1576.00 3}{1576.00 4028.00 4135.50 4243.00 6480.00 2}
1c 9999 

RANKS: 1 -1 5 2 1
EVENT27: 1113 48226e_4825ee_482727_48281b
COMP 4c-0: 48b1c9_48b44d_48b521_48b5da (4 86.00 5 86.00 5 86.00){0.00 0.00 0.00 0.00 34.40 0}{34.40 0.00 0.00 0.00 68.80 0}{68.80 86.00 86.00 86.00 103.20 4}{103.20 0.00 0.00 0.00 137.60 0}{137.60 0.00 0.00 0.00 172.00 0}
COMM 4b-0: 48b1c9_48b44d_48b521_48b5da (4 103.40 5 78.00 5 164.00){0.00 0.00 0.00 0.00 31.20 0}{31.20 0.00 0.00 0.00 62.40 0}{62.40 78.00 91.67 117.00 124.80 3}{124.80 0.00 0.00 0.00 156.00 0}{156.00 164.00 164.00 164.00 172.00 1}
10 2 
12 10240 
14 16 
1a 4 
1b 0 

RANKS: 1 -1 0 8 1
EVENT28: 1004 46a6a3_46aa03_46ab46_46ac38
COMP 4c-0: 48226e_4825ee_482727_48281b (8 21721.22 4 20547.00 5 23228.00){0.00 0.00 0.00 0.00 8220.00 0}{8220.00 0.00 0.00 0.00 16440.00 0}{16440.00 20547.00 21867.62 23228.00 24660.00 8}{24660.00 0.00 0.00 0.00 32880.00 0}{32880.00 0.00 0.00 0.00 41100.00 0}
COMP 4c-1: 48b1c9_48b44d_48b521_48b5da (8 21746.78 3 20573.00 3 23253.00){0.00 0.00 0.00 0.00 8230.40 0}{8230.40 0.00 0.00 0.00 16460.80 0}{16460.80 20573.00 21893.12 23253.00 24691.20 8}{24691.20 0.00 0.00 0.00 32921.60 0}{32921.60 0.00 0.00 0.00 41152.00 0}
COMM 4b-0: 48226e_4825ee_482727_48281b (8 838.78 6 333.00 7 1246.00){0.00 333.00 338.50 344.00 496.40 2}{496.40 560.00 786.00 973.00 992.80 4}{992.80 1241.00 1243.50 1246.00 1489.20 2}{1489.20 0.00 0.00 0.00 1985.60 0}{1985.60 0.00 0.00 0.00 2482.00 0}
COMM 4b-1: 48b1c9_48b44d_48b521_48b5da (8 640.44 2 19.00 3 1260.00){0.00 19.00 22.50 26.00 273.60 2}{273.60 519.00 519.00 519.00 547.20 1}{547.20 595.00 670.67 733.00 820.80 3}{820.80 0.00 0.00 0.00 1094.40 0}{1094.40 1244.00 1252.00 1260.00 1368.00 2}
10 2 
12 1 5 
14 16 
18 1 3 

RANKS: 1 -1 0 8 1
EVENT29: 1010 46d034_46d269_46d30d_46d389
COMP 4c-0: 46a6a3_46aa03_46ab46_46ac38 (8 23.00 7 20.00 1 25.00){0.00 0.00 0.00 0.00 8.40 0}{8.40 0.00 0.00 0.00 16.80 0}{16.80 20.00 23.25 25.00 25.20 8}{25.20 0.00 0.00 0.00 33.60 0}{33.60 0.00 0.00 0.00 42.00 0}
COMM 4b-0: 46a6a3_46aa03_46ab46_46ac38 (8 88.44 1 16.00 0 138.00){0.00 16.00 18.00 20.00 55.20 2}{55.20 75.00 90.50 105.00 110.40 4}{110.40 122.00 130.00 138.00 165.60 2}{165.60 0.00 0.00 0.00 220.80 0}{220.80 0.00 0.00 0.00 276.00 0}
10 2 

RANKS: 2 -2 1 2 3 2 1 -1 6 1 0
EVENT30: 1102 47d7ad_47db72_47dcdc_47ddfb
COMP 4c-0: 46d034_46d269_46d30d_46d389 (5 1721.33 4 1633.00 1 1739.00){0.00 0.00 0.00 0.00 695.60 0}{695.60 0.00 0.00 0.00 1391.20 0}{1391.20 1633.00 1717.80 1739.00 2086.80 5}{2086.80 0.00 0.00 0.00 2782.40 0}{2782.40 0.00 0.00 0.00 3478.00 0}
COMP 4c-1: 47d7ad_47db72_47dcdc_47ddfb (124 15.65 5 15.00 5 16.00){0.00 0.00 0.00 0.00 6.00 0}{6.00 0.00 0.00 0.00 12.00 0}{12.00 15.00 15.65 16.00 18.00 124}{18.00 0.00 0.00 0.00 24.00 0}{24.00 0.00 0.00 0.00 30.00 0}
COMP 4c-2: 48226e_4825ee_482727_48281b (30623 402.84 4 357.00 4 405.00){0.00 0.00 0.00 0.00 159.20 0}{159.20 0.00 0.00 0.00 318.40 0}{318.40 357.00 402.84 405.00 477.60 30623}{477.60 0.00 0.00 0.00 636.80 0}{636.80 0.00 0.00 0.00 796.00 0}
COMP 4c-3: 48b1c9_48b44d_48b521_48b5da (496 23659.91 1 23637.00 2 23663.00){0.00 0.00 0.00 0.00 9454.80 0}{9454.80 0.00 0.00 0.00 18909.60 0}{18909.60 23637.00 23659.95 23663.00 28364.40 496}{28364.40 0.00 0.00 0.00 37819.20 0}{37819.20 0.00 0.00 0.00 47274.00 0}
COMM 4b-0: 46d034_46d269_46d30d_46d389 (5 225.33 1 16.00 6 660.00){0.00 0.00 0.00 0.00 6.40 0}{6.40 0.00 0.00 0.00 12.80 0}{12.80 16.00 16.00 16.00 32.00 1}{32.00 73.00 220.00 345.00 658.00 3}{658.00 660.00 660.00 660.00 662.00 1}
COMM 4b-1: 47d7ad_47db72_47dcdc_47ddfb (124 34.35 6 1.00 5 234.00){0.00 1.00 1.00 1.00 1.60 4}{1.60 2.00 2.70 3.00 3.20 10}{3.20 3.46 4.12 6.25 8.00 60}{8.00 10.00 77.10 192.00 222.00 49}{222.00 234.00 234.00 234.00 246.00 1}
COMM 4b-2: 48226e_4825ee_482727_48281b (30623 578.02 1 2.00 1 6562301.00){0.00 2.00 3.67 6.40 6.40 26601}{6.40 6.43 9.30 14.00 14.00 1330}{14.00 14.56 16.02 18.00 18.00 37}{18.00 19.00 25.33 25.47 32.00 520}{32.00 36.00 8233.03 6562301.00 13124570.00 2135}
COMM 4b-3: 48b1c9_48b44d_48b521_48b5da (496 169.81 1 4.00 2 838.00){0.00 4.00 8.65 49.00 52.00 220}{52.00 55.00 105.17 186.00 224.00 41}{224.00 227.00 291.47 331.00 340.00 204}{340.00 484.00 548.81 604.00 628.00 21}{628.00 705.89 719.10 838.00 1048.00 10}
LOOP0: iter: ( 249 )[ 1 -1 1 2 1 ]( 62 )[ 1 -1 5 2 1 ]( 124 )[ 1 -1 4 1 0 ] mem: ( 10 )[ 1 -1 1 2 1 ]( 2 )[ 1 -1 4 3 1 ]
LOOP1: iter: ( 62 )[ 1 -1 1 2 1 ]( 2 )[ 1 -1 5 2 1 ] mem: ( 2 )[ 1 -1 1 2 1 ]( 1 )[ 1 -1 5 2 1 ]
10 2 
12 ( 155 )[ 1 -1 1 2 1 ]
12 ( 155 80 )[ 1 -1 5 2 1 ]
12 ( 75 75 75 75 75 75 75 75 75 75 75 75 75 75 75 75 75 75 75 75 75 75 75 75 75 75 75 75 75 75 75 75 75 75 75 75 75 75 75 75 75 75 75 75 75 75 75 75 75 75 75 75 75 75 75 75 75 75 75 75 75 75 155 155 155 155 155 155 155 155 155 155 155 155 155 155 155 155 155 155 155 155 155 155 155 155 155 155 155 155 155 155 155 155 155 155 155 155 155 155 155 155 155 155 155 155 155 155 155 155 155 155 155 155 155 155 155 155 155 155 155 155 155 155 )[ 1 -1 4 1 0 ]
14 16 
1b 0 
2b ( 7 )[ 1 -1 1 2 1 ]
2b ( 7 4 )[ 1 -1 5 2 1 ]
2b ( 4 4 4 4 4 4 4 4 4 4 4 4 4 4 4 4 4 4 4 4 4 4 4 4 4 4 4 4 4 4 4 4 4 4 4 4 4 4 4 4 4 4 4 4 4 4 4 4 4 4 4 4 4 4 4 4 4 4 4 4 4 4 1 1 1 1 1 1 1 1 1 1 1 1 1 1 1 1 1 1 1 1 1 1 1 1 1 1 1 1 1 1 1 1 1 1 1 1 1 1 1 1 1 1 1 1 1 1 1 1 1 1 1 1 1 1 1 1 1 1 1 1 1 1 )[ 1 -1 4 1 0 ]

RANKS: 1 -2 0 2 4 3 1
EVENT31: 1113 48226e_4825ee_482727_48281b
COMP 4c-0: 46d034_46d269_46d30d_46d389 (1 1952.00 0 1952.00 0 1952.00){0.00 0.00 0.00 0.00 780.80 0}{780.80 0.00 0.00 0.00 1561.60 0}{1561.60 1952.00 1952.00 1952.00 2342.40 1}{2342.40 0.00 0.00 0.00 3123.20 0}{3123.20 0.00 0.00 0.00 3904.00 0}
COMP 4c-1: 47d7ad_47db72_47dcdc_47ddfb (31124 351.90 4 326.00 5 353.00){0.00 0.00 0.00 0.00 140.80 0}{140.80 0.00 0.00 0.00 281.60 0}{281.60 326.00 351.90 353.00 422.40 31124}{422.40 0.00 0.00 0.00 563.20 0}{563.20 0.00 0.00 0.00 704.00 0}
COMP 4c-2: 48226e_4825ee_482727_48281b (61503 182.42 0 14.00 0 691.00){0.00 0.00 0.00 0.00 6.00 0}{6.00 0.00 0.00 0.00 12.00 0}{12.00 14.00 15.64 18.00 24.00 46314}{24.00 0.00 0.00 0.00 30.00 0}{30.00 690.00 690.97 691.00 1350.00 15189}
COMP 4c-3: 48b1c9_48b44d_48b521_48b5da (248 22523.05 0 22510.00 0 22528.00){0.00 0.00 0.00 0.00 9004.00 0}{9004.00 0.00 0.00 0.00 18008.00 0}{18008.00 22510.00 22523.10 22528.00 27012.00 248}{27012.00 0.00 0.00 0.00 36016.00 0}{36016.00 0.00 0.00 0.00 45020.00 0}
COMM 4b-0: 46d034_46d269_46d30d_46d389 (1 4.00 0 4.00 0 4.00){0.00 0.00 0.00 0.00 1.60 0}{1.60 0.00 0.00 0.00 3.20 0}{3.20 4.00 4.00 4.00 4.80 1}{4.80 0.00 0.00 0.00 6.40 0}{6.40 0.00 0.00 0.00 8.00 0}
COMM 4b-1: 47d7ad_47db72_47dcdc_47ddfb (31124 3.67 1 2.00 1 97.00){0.00 2.00 3.20 6.29 6.40 28864}{6.40 6.50 7.59 10.00 10.00 1454}{10.00 10.13 13.27 26.00 26.00 798}{26.00 27.00 28.14 29.00 32.00 7}{32.00 97.00 97.00 97.00 162.00 1}
COMM 4b-2: 48226e_4825ee_482727_48281b (61503 2.84 0 2.00 0 107.00){0.00 0.00 0.00 0.00 1.60 0}{1.60 2.00 2.58 4.00 4.00 57539}{4.00 4.17 6.59 28.00 28.00 3962}{28.00 58.00 58.00 58.00 88.00 1}{88.00 107.00 107.00 107.00 126.00 1}
COMM 4b-3: 48b1c9_48b44d_48b521_48b5da (248 6.54 0 5.00 0 12.00){0.00 0.00 0.00 0.00 2.40 0}{2.40 0.00 0.00 0.00 4.80 0}{4.80 5.00 6.04 7.00 7.20 217}{7.20 9.00 9.00 9.00 9.60 8}{9.60 10.00 10.48 12.00 12.00 23}
LOOP0: iter: ( 249 )[ 1 -1 0 1 0 ]( 2 )[ 1 -1 1 2 1 ] mem: ( 5 )[ 1 -1 0 1 0 ]( 1 )[ 1 -1 1 2 1 ]
LOOP1: iter: ( 124 )[ 1 -1 0 1 0 ] mem: ( 1 )[ 1 -1 0 1 0 ]
10 2 
12 ( 155 75 )[ 1 -1 0 1 0 ]
12 ( 155 80 )[ 1 -1 1 2 1 ]
12 ( 155 )[ 1 -1 5 2 1 ]
12 ( 155 155 155 155 155 155 155 155 155 155 155 155 155 155 155 155 155 155 155 155 155 155 155 155 155 155 155 155 155 155 155 155 155 155 155 155 155 155 155 155 155 155 155 155 155 155 155 155 155 155 155 155 155 155 155 155 155 155 155 155 155 155 75 75 75 75 75 75 75 75 75 75 75 75 75 75 75 75 75 75 75 75 75 75 75 75 75 75 75 75 75 75 75 75 75 75 75 75 75 75 75 75 75 75 75 75 75 75 75 75 75 75 75 75 75 75 75 75 75 75 75 75 75 75 )[ 1 -1 4 1 0 ]
14 16 
1a ( 1 4 )[ 1 -1 0 3 1 ]
1a ( 1 )[ 1 -1 5 2 1 ]
1a ( 1 1 1 1 1 1 1 1 1 1 1 1 1 1 1 1 1 1 1 1 1 1 1 1 1 1 1 1 1 1 1 1 1 1 1 1 1 1 1 1 1 1 1 1 1 1 1 1 1 1 1 1 1 1 1 1 1 1 1 1 1 1 4 4 4 4 4 4 4 4 4 4 4 4 4 4 4 4 4 4 4 4 4 4 4 4 4 4 4 4 4 4 4 4 4 4 4 4 4 4 4 4 4 4 4 4 4 4 4 4 4 4 4 4 4 4 4 4 4 4 4 4 4 4 )[ 1 -1 4 1 0 ]
1b 0 

RANKS: 2 -1 0 4 1 -1 5 3 1
EVENT32: 1102 47d7ad_47db72_47dcdc_47ddfb
COMP 4c-0: 46d034_46d269_46d30d_46d389 (2 1632.67 7 1632.00 3 1633.00){0.00 0.00 0.00 0.00 653.20 0}{653.20 0.00 0.00 0.00 1306.40 0}{1306.40 1632.00 1632.50 1633.00 1959.60 2}{1959.60 0.00 0.00 0.00 2612.80 0}{2612.80 0.00 0.00 0.00 3266.00 0}
COMP 4c-1: 47d7ad_47db72_47dcdc_47ddfb (92130 234.87 0 15.00 7 691.00){0.00 0.00 0.00 0.00 6.00 0}{6.00 0.00 0.00 0.00 12.00 0}{12.00 15.00 16.42 18.00 24.00 61752}{24.00 0.00 0.00 0.00 30.00 0}{30.00 666.00 678.95 691.00 1302.00 30378}
COMP 4c-2: 48226e_4825ee_482727_48281b (92876 436.17 3 355.00 7 22183.00){0.00 0.00 0.00 0.00 142.40 0}{142.40 0.00 0.00 0.00 284.80 0}{284.80 355.00 377.94 412.00 569.60 92628}{569.60 0.00 0.00 0.00 712.00 0}{712.00 22168.00 22182.16 22183.00 43654.00 248}
COMP 4c-3: 48b1c9_48b44d_48b521_48b5da (248 22204.19 3 22190.00 3 22205.00){0.00 0.00 0.00 0.00 8876.00 0}{8876.00 0.00 0.00 0.00 17752.00 0}{17752.00 22190.00 22204.25 22205.00 26628.00 248}{26628.00 0.00 0.00 0.00 35504.00 0}{35504.00 0.00 0.00 0.00 44380.00 0}
COMM 4b-0: 46d034_46d269_46d30d_46d389 (2 743.67 3 605.00 7 1021.00){0.00 0.00 0.00 0.00 242.00 0}{242.00 0.00 0.00 0.00 484.00 0}{484.00 605.00 605.00 605.00 726.00 1}{726.00 0.00 0.00 0.00 968.00 0}{968.00 1021.00 1021.00 1021.00 1210.00 1}
COMM 4b-1: 47d7ad_47db72_47dcdc_47ddfb (92130 144.69 0 1.00 7 6562256.00){0.00 1.00 1.00 1.00 1.60 3424}{1.60 1.75 2.32 3.00 3.20 54257}{3.20 3.58 3.88 4.00 4.00 220}{4.00 4.25 132.09 466.00 550.00 34224}{550.00 529480.75 1736035.80 6562256.00 13123962.00 5}
COMM 4b-2: 48226e_4825ee_482727_48281b (92876 530.80 3 1.00 7 17468328.00){0.00 1.00 84.26 17788.00 25952.00 92866}{25952.00 44380.00 44380.00 44380.00 62808.00 1}{62808.00 2483682.43 2483682.43 2483682.43 4904556.86 7}{4904556.86 6562452.00 6562452.00 6562452.00 8220347.14 1}{8220347.14 17468328.00 17468328.00 17468328.00 26716308.86 1}
COMM 4b-3: 48b1c9_48b44d_48b521_48b5da (248 133160.42 3 1113.00 3 17467816.00){0.00 0.00 0.00 0.00 632.40 0}{632.40 1113.00 1560.97 3004.00 3162.00 239}{3162.00 5692.00 24784.00 43876.00 84590.00 2}{84590.00 1209710.00 2544151.17 5590119.00 11095648.00 6}{11095648.00 17467816.00 17467816.00 17467816.00 23839984.00 1}
LOOP0: iter: ( 124 )[ 1 -1 0 1 0 ]( 62 )[ 1 -1 1 2 1 ]( 249 )[ 2 -1 3 2 2 -1 6 2 1 ] mem: ( 1 )[ 1 -1 0 1 0 ]( 2 )[ 1 -1 1 2 1 ]( 7 )[ 1 -1 3 1 0 ]( 5 )[ 1 -1 7 1 0 ]( 10 )[ 1 -1 5 2 1 ]
LOOP1: iter: ( 2 )[ 1 -1 1 2 1 ]( 124 )[ 1 -1 3 2 4 ]( 62 )[ 1 -1 5 2 1 ] mem: ( 1 )[ 2 -1 1 2 1 -1 7 1 0 ]( 2 )[ 2 -1 3 2 2 -1 6 1 0 ]
10 2 
12 ( 155 75 )[ 1 -1 0 2 7 ]
12 ( 155 80 )[ 1 -1 1 2 1 ]
12 ( 155 155 155 155 155 155 155 155 155 155 155 155 155 155 155 155 155 155 155 155 155 155 155 155 155 155 155 155 155 155 155 155 155 155 155 155 155 155 155 155 155 155 155 155 155 155 155 155 155 155 155 155 155 155 155 155 155 155 155 155 155 155 75 75 75 75 75 75 75 75 75 75 75 75 75 75 75 75 75 75 75 75 75 75 75 75 75 75 75 75 75 75 75 75 75 75 75 75 75 75 75 75 75 75 75 75 75 75 75 75 75 75 75 75 75 75 75 75 75 75 75 75 75 75 )[ 1 -1 3 1 0 ]
12 ( 155 )[ 1 -1 5 2 1 ]
14 16 
1b 0 
2b ( 1 4 )[ 1 -1 0 3 1 ]
2b ( 7 7 7 7 7 7 7 7 7 7 7 7 7 7 7 7 7 7 7 7 7 7 7 7 7 7 7 7 7 7 7 7 7 7 7 7 7 7 7 7 7 7 7 7 7 7 7 7 7 7 7 7 7 7 7 7 7 7 7 7 7 7 4 4 4 4 4 4 4 4 4 4 4 4 4 4 4 4 4 4 4 4 4 4 4 4 4 4 4 4 4 4 4 4 4 4 4 4 4 4 4 4 4 4 4 4 4 4 4 4 4 4 4 4 4 4 4 4 4 4 4 4 4 4 )[ 1 -1 3 1 0 ]
2b ( 7 4 )[ 1 -1 7 1 0 ]
2b ( 1 )[ 1 -1 5 2 1 ]

RANKS: 1 -1 1 7 1
EVENT33: 1113 48226e_4825ee_482727_48281b
COMP 4c-0: 47d7ad_47db72_47dcdc_47ddfb (92877 342.46 3 326.00 7 983.00){0.00 0.00 0.00 0.00 139.20 0}{139.20 0.00 0.00 0.00 278.40 0}{278.40 326.00 340.73 349.00 556.80 92628}{556.80 0.00 0.00 0.00 696.00 0}{696.00 982.00 982.95 983.00 1270.00 249}
COMP 4c-1: 48226e_4825ee_482727_48281b (61504 176.10 5 14.00 4 2928.00){0.00 0.00 0.00 0.00 6.00 0}{6.00 0.00 0.00 0.00 12.00 0}{12.00 14.00 15.04 18.00 30.00 46314}{30.00 666.00 667.02 668.00 1302.00 15189}{1302.00 2928.00 2928.00 2928.00 4554.00 1}
COMM 4b-0: 47d7ad_47db72_47dcdc_47ddfb (92877 3.55 1 2.00 6 140.00){0.00 2.00 3.43 12.00 12.00 92041}{12.00 13.00 15.98 24.00 24.00 820}{24.00 25.00 28.54 38.00 38.00 13}{38.00 43.00 45.00 47.00 48.00 2}{48.00 140.00 140.00 140.00 232.00 1}
COMM 4b-1: 48226e_4825ee_482727_48281b (61504 3.03 7 2.00 4 180.00){0.00 2.00 2.92 8.00 8.00 60803}{8.00 8.00 11.80 27.00 44.00 697}{44.00 58.00 58.50 59.00 72.00 2}{72.00 108.00 108.00 108.00 144.00 1}{144.00 180.00 180.00 180.00 216.00 1}
LOOP0: iter: ( 124 )[ 1 -1 7 1 0 ]( 2 )[ 1 -1 5 2 1 ] mem: ( 1 )[ 1 -1 5 3 1 ]
10 2 
12 ( 155 )[ 1 -1 1 2 1 ]
12 ( 75 75 75 75 75 75 75 75 75 75 75 75 75 75 75 75 75 75 75 75 75 75 75 75 75 75 75 75 75 75 75 75 75 75 75 75 75 75 75 75 75 75 75 75 75 75 75 75 75 75 75 75 75 75 75 75 75 75 75 75 75 75 155 155 155 155 155 155 155 155 155 155 155 155 155 155 155 155 155 155 155 155 155 155 155 155 155 155 155 155 155 155 155 155 155 155 155 155 155 155 155 155 155 155 155 155 155 155 155 155 155 155 155 155 155 155 155 155 155 155 155 155 155 155 )[ 1 -1 3 1 0 ]
12 ( 155 75 )[ 1 -1 7 1 0 ]
12 ( 155 80 )[ 1 -1 5 2 1 ]
12 ( 20480 )[ 1 -1 4 1 0 ]
14 16 
1a ( 7 )[ 1 -1 1 2 1 ]
1a ( 4 4 4 4 4 4 4 4 4 4 4 4 4 4 4 4 4 4 4 4 4 4 4 4 4 4 4 4 4 4 4 4 4 4 4 4 4 4 4 4 4 4 4 4 4 4 4 4 4 4 4 4 4 4 4 4 4 4 4 4 4 4 7 7 7 7 7 7 7 7 7 7 7 7 7 7 7 7 7 7 7 7 7 7 7 7 7 7 7 7 7 7 7 7 7 7 7 7 7 7 7 7 7 7 7 7 7 7 7 7 7 7 7 7 7 7 7 7 7 7 7 7 7 7 )[ 1 -1 3 1 0 ]
1a ( 7 4 )[ 1 -1 5 3 1 ]
1a ( 1 )[ 1 -1 4 1 0 ]
1b 0 

RANKS: 1 -1 1 7 1
EVENT34: 1090 47a13a_47a50f_47a67a_47a79b
COMP 4c-0: 48226e_4825ee_482727_48281b (1991 3507.00 4 15.00 7 10525.00){0.00 15.00 26.65 31.00 1178.00 248}{1178.00 0.00 0.00 0.00 2356.00 0}{2356.00 2850.00 2915.44 2951.00 4712.00 1494}{4712.00 0.00 0.00 0.00 5890.00 0}{5890.00 10525.00 10525.00 10525.00 15160.00 249}
COMP 4c-1: 48b1c9_48b44d_48b521_48b5da (1244 2175.38 1 87.00 4 10571.00){0.00 0.00 0.00 0.00 34.80 0}{34.80 0.00 0.00 0.00 69.60 0}{69.60 87.00 87.01 88.00 139.20 996}{139.20 0.00 0.00 0.00 174.00 0}{174.00 10570.00 10570.96 10571.00 20968.00 248}
COMM 4b-0: 48226e_4825ee_482727_48281b (1991 1.66 1 1.00 6 15.00){0.00 1.00 1.00 1.00 1.20 786}{1.20 2.00 2.00 2.02 2.40 1125}{2.40 3.00 3.00 3.00 3.60 61}{3.60 4.00 4.00 4.00 6.00 18}{6.00 15.00 15.00 15.00 24.00 1}
COMM 4b-1: 48b1c9_48b44d_48b521_48b5da (1244 2.66 1 1.00 6 11.00){0.00 1.00 1.00 1.00 1.60 182}{1.60 2.00 2.67 3.13 3.20 976}{3.20 4.00 4.02 5.00 6.40 43}{6.40 6.87 7.04 8.00 8.00 28}{8.00 9.00 9.80 11.00 12.00 15}
LOOP0: iter: ( 2 )[ 2 -2 1 2 4 2 1 -1 7 1 0 ]( 248 )[ 1 -1 4 1 0 ] mem: ( 3 )[ 2 -2 1 2 4 2 1 -1 7 1 0 ]( 5 )[ 1 -1 4 1 0 ]
LOOP1: iter: ( 2 )[ 1 -1 4 1 0 ] mem: ( 2 )[ 1 -1 4 1 0 ]
10 2 
12 ( 20480 )[ 2 -1 1 3 1 -1 5 2 1 ]
12 ( 20480 10240 )[ 1 -1 4 2 3 ]
14 16 
1b 0 
2b 2147483647 

RANKS: 1 -1 4 1 0
EVENT35: 1148 48b1c9_48b44d_48b521_48b5da
COMP 4c-0: 47a13a_47a50f_47a67a_47a79b (496 14.27 4 14.00 4 15.00){0.00 0.00 0.00 0.00 6.00 0}{6.00 0.00 0.00 0.00 12.00 0}{12.00 14.00 14.27 15.00 18.00 496}{18.00 0.00 0.00 0.00 24.00 0}{24.00 0.00 0.00 0.00 30.00 0}
COMM 4b-0: 47a13a_47a50f_47a67a_47a79b (496 66742.13 4 52.00 4 17470417.00){0.00 52.00 629.09 3544.00 3602.00 468}{3602.00 3728.00 4082.80 4545.00 4582.00 10}{4582.00 4661.00 9353.09 44397.00 84212.00 11}{84212.00 1208616.00 2543643.67 5588771.00 11093330.00 6}{11093330.00 17470417.00 17470417.00 17470417.00 23847504.00 1}
1c 9999 

RANKS: 2 -2 1 2 3 2 1 -1 6 1 0
EVENT36: 1113 48226e_4825ee_482727_48281b
COMP 4c-0: 47a13a_47a50f_47a67a_47a79b (1992 88.83 5 86.00 1 92.00){0.00 0.00 0.00 0.00 36.40 0}{36.40 0.00 0.00 0.00 72.80 0}{72.80 86.00 88.82 92.00 109.20 1992}{109.20 0.00 0.00 0.00 145.60 0}{145.60 0.00 0.00 0.00 182.00 0}
COMP 4c-1: 47d7ad_47db72_47dcdc_47ddfb (30504 332.01 4 326.00 4 335.00){0.00 0.00 0.00 0.00 132.40 0}{132.40 0.00 0.00 0.00 264.80 0}{264.80 326.00 332.01 335.00 397.20 30504}{397.20 0.00 0.00 0.00 529.60 0}{529.60 0.00 0.00 0.00 662.00 0}
COMP 4c-2: 48b1c9_48b44d_48b521_48b5da (248 88.71 4 88.00 4 89.00){0.00 0.00 0.00 0.00 35.20 0}{35.20 0.00 0.00 0.00 70.40 0}{70.40 88.00 88.71 89.00 105.60 248}{105.60 0.00 0.00 0.00 140.80 0}{140.80 0.00 0.00 0.00 176.00 0}
COMM 4b-0: 47a13a_47a50f_47a67a_47a79b (1992 16587.96 1 98.00 2 17466119.00){0.00 98.00 136.41 456.00 490.00 1964}{490.00 1398.25 3351.33 42413.00 84336.00 21}{84336.00 1208305.00 1933358.40 2114621.75 2332274.00 5}{2332274.00 5588496.00 5588496.00 5588496.00 8844718.00 1}{8844718.00 17466119.00 17466119.00 17466119.00 26087520.00 1}
COMM 4b-1: 47d7ad_47db72_47dcdc_47ddfb (30504 3.53 4 2.00 4 47.00){0.00 2.00 3.15 6.40 6.40 28616}{6.40 6.43 8.54 9.50 9.60 1555}{9.60 10.00 11.96 16.00 16.00 303}{16.00 17.00 20.54 24.00 24.00 28}{24.00 26.00 36.50 47.00 70.00 2}
COMM 4b-2: 48b1c9_48b44d_48b521_48b5da (248 75.96 4 57.00 4 157.00){0.00 0.00 0.00 0.00 24.40 0}{24.40 0.00 0.00 0.00 48.80 0}{48.80 57.00 63.00 96.00 97.60 201}{97.60 100.00 115.70 122.00 122.00 10}{122.00 123.00 135.97 157.00 162.00 37}
LOOP0: iter: ( 124 )[ 1 -1 4 1 0 ] mem: ( 2 )[ 1 -1 4 1 0 ]
10 2 
12 ( 20480 )[ 1 -2 1 2 4 2 1 ]
12 ( 10240 155 155 155 155 155 155 155 155 155 155 155 155 155 155 155 155 155 155 155 155 155 155 155 155 155 155 155 155 155 155 155 155 155 155 155 155 155 155 155 155 155 155 155 155 155 155 155 155 155 155 155 155 155 155 155 155 155 155 155 155 155 155 75 75 75 75 75 75 75 75 75 75 75 75 75 75 75 75 75 75 75 75 75 75 75 75 75 75 75 75 75 75 75 75 75 75 75 75 75 75 75 75 75 75 75 75 75 75 75 75 75 75 75 75 75 75 75 75 75 75 75 75 75 )[ 1 -1 4 1 0 ]
14 16 
1a ( 1 7 )[ 1 -2 1 2 4 2 1 ]
1a ( 4 1 1 1 1 1 1 1 1 1 1 1 1 1 1 1 1 1 1 1 1 1 1 1 1 1 1 1 1 1 1 1 1 1 1 1 1 1 1 1 1 1 1 1 1 1 1 1 1 1 1 1 1 1 1 1 1 1 1 1 1 1 1 4 4 4 4 4 4 4 4 4 4 4 4 4 4 4 4 4 4 4 4 4 4 4 4 4 4 4 4 4 4 4 4 4 4 4 4 4 4 4 4 4 4 4 4 4 4 4 4 4 4 4 4 4 4 4 4 4 4 4 4 4 )[ 1 -1 4 1 0 ]
1b 0 

RANKS: 1 -2 1 2 4 3 1
EVENT37: 1148 48b1c9_48b44d_48b521_48b5da
COMP 4c-0: 47a13a_47a50f_47a67a_47a79b (747 14.75 3 14.00 3 15.00){0.00 0.00 0.00 0.00 6.00 0}{6.00 0.00 0.00 0.00 12.00 0}{12.00 14.00 14.75 15.00 18.00 747}{18.00 0.00 0.00 0.00 24.00 0}{24.00 0.00 0.00 0.00 30.00 0}
COMP 4c-1: 48226e_4825ee_482727_48281b (1992 14.22 1 14.00 1 15.00){0.00 0.00 0.00 0.00 5.60 0}{5.60 0.00 0.00 0.00 11.20 0}{11.20 14.00 14.22 15.00 16.80 1992}{16.80 0.00 0.00 0.00 22.40 0}{22.40 0.00 0.00 0.00 28.00 0}
COMM 4b-0: 47a13a_47a50f_47a67a_47a79b (747 3225.06 7 52.00 7 14834.00){0.00 52.00 1301.08 2778.00 2782.00 397}{2782.00 2795.00 4735.85 5559.00 5564.00 279}{5564.00 5618.00 7545.95 10546.00 11128.00 64}{11128.00 11281.00 11631.17 13067.00 13910.00 6}{13910.00 14834.00 14834.00 14834.00 15758.00 1}
COMM 4b-1: 48226e_4825ee_482727_48281b (1992 16743.17 1 1.00 1 17465827.00){0.00 1.00 2.37 24.00 30.00 764}{30.00 42.78 61.57 254.00 256.00 910}{256.00 267.00 1902.36 42272.00 84288.00 311}{84288.00 1208105.00 2542306.67 5588279.00 11092270.00 6}{11092270.00 17465827.00 17465827.00 17465827.00 23839384.00 1}
1c 9999 

RANKS: 1 -1 4 1 0
EVENT38: 1102 47d7ad_47db72_47dcdc_47ddfb
COMP 4c-0: 48226e_4825ee_482727_48281b (30752 539.94 4 354.00 4 22165.00){0.00 354.00 363.43 374.00 8865.60 30504}{8865.60 0.00 0.00 0.00 17731.20 0}{17731.20 22164.00 22164.04 22165.00 26596.80 248}{26596.80 0.00 0.00 0.00 35462.40 0}{35462.40 0.00 0.00 0.00 44328.00 0}
COMM 4b-0: 48226e_4825ee_482727_48281b (30752 397.18 4 2.00 4 6564222.00){0.00 2.00 42.94 460.00 463.20 30282}{463.20 465.00 695.81 926.00 926.40 215}{926.40 930.00 959.60 1068.00 1158.00 5}{1158.00 1209.00 8381.25 15046.00 28762.00 248}{28762.00 2116369.00 4340295.50 6564222.00 13099682.00 2}
10 2 
12 75 75 75 75 75 75 75 75 75 75 75 75 75 75 75 75 75 75 75 75 75 75 75 75 75 75 75 75 75 75 75 75 75 75 75 75 75 75 75 75 75 75 75 75 75 75 75 75 75 75 75 75 75 75 75 75 75 75 75 75 75 75 155 155 155 155 155 155 155 155 155 155 155 155 155 155 155 155 155 155 155 155 155 155 155 155 155 155 155 155 155 155 155 155 155 155 155 155 155 155 155 155 155 155 155 155 155 155 155 155 155 155 155 155 155 155 155 155 155 155 155 155 155 155 
14 16 
1b 0 
2b 4 4 4 4 4 4 4 4 4 4 4 4 4 4 4 4 4 4 4 4 4 4 4 4 4 4 4 4 4 4 4 4 4 4 4 4 4 4 4 4 4 4 4 4 4 4 4 4 4 4 4 4 4 4 4 4 4 4 4 4 4 4 1 1 1 1 1 1 1 1 1 1 1 1 1 1 1 1 1 1 1 1 1 1 1 1 1 1 1 1 1 1 1 1 1 1 1 1 1 1 1 1 1 1 1 1 1 1 1 1 1 1 1 1 1 1 1 1 1 1 1 1 1 1 

RANKS: 2 -1 0 5 1 -1 7 1 0
EVENT39: 1113 48226e_4825ee_482727_48281b
COMP 4c-0: 47d7ad_47db72_47dcdc_47ddfb (497 1789.54 4 327.00 0 3238.00){0.00 327.00 329.69 330.00 1295.20 248}{1295.20 0.00 0.00 0.00 2590.40 0}{2590.40 3237.00 3237.71 3238.00 3885.60 249}{3885.60 0.00 0.00 0.00 5180.80 0}{5180.80 0.00 0.00 0.00 6476.00 0}
COMP 4c-1: 48226e_4825ee_482727_48281b (497 6758.82 4 2924.00 3 10562.00){0.00 2924.00 2924.97 2925.00 4224.80 248}{4224.80 0.00 0.00 0.00 8449.60 0}{8449.60 10562.00 10562.00 10562.00 12674.40 249}{12674.40 0.00 0.00 0.00 16899.20 0}{16899.20 0.00 0.00 0.00 21124.00 0}
COMP 4c-2: 48b1c9_48b44d_48b521_48b5da (1494 5648.09 7 85.00 1 11429.00){0.00 85.00 134.81 160.00 4243.20 747}{4243.20 0.00 0.00 0.00 8486.40 0}{8486.40 10608.00 11154.73 11429.00 12729.60 747}{12729.60 0.00 0.00 0.00 16972.80 0}{16972.80 0.00 0.00 0.00 21216.00 0}
COMM 4b-0: 47d7ad_47db72_47dcdc_47ddfb (497 66.29 4 2.00 0 346.00){0.00 2.00 42.38 125.00 125.20 399}{125.20 126.00 156.52 248.00 250.40 95}{250.40 259.00 306.00 346.00 375.60 3}{375.60 0.00 0.00 0.00 500.80 0}{500.80 0.00 0.00 0.00 626.00 0}
COMM 4b-1: 48226e_4825ee_482727_48281b (497 104.17 3 56.00 4 267.00){0.00 0.00 0.00 0.00 45.60 0}{45.60 56.00 57.25 72.00 91.20 241}{91.20 100.00 104.39 109.00 114.00 28}{114.00 125.00 134.69 134.85 140.00 140}{140.00 145.00 184.58 267.00 360.00 88}
COMM 4b-2: 48b1c9_48b44d_48b521_48b5da (1494 490.43 1 57.00 7 6100.00){0.00 0.00 0.00 0.00 48.80 0}{48.80 57.00 64.37 106.00 122.00 741}{122.00 132.00 309.78 501.00 584.00 557}{584.00 1004.00 1123.20 1220.00 1424.00 10}{1424.00 2129.40 2697.02 6100.00 10776.00 186}
LOOP0: iter: ( 2 )[ 2 -1 0 2 3 -1 4 1 0 ] mem: ( 3 )[ 1 -1 0 1 0 ]( 1 )[ 1 -1 3 2 1 ]
10 2 
12 ( 20480 10240 )[ 2 -1 0 2 3 -1 7 1 0 ]
12 ( 10240 )[ 1 -1 1 2 1 ]
12 ( 75 20480 )[ 1 -1 4 1 0 ]
14 16 
1a ( 1 4 )[ 1 -1 0 1 0 ]
1a ( 4 )[ 1 -1 1 2 1 ]
1a ( 7 4 )[ 1 -1 3 2 4 ]
1a ( 4 1 )[ 1 -1 4 1 0 ]
1b 0 

RANKS: 1 -1 0 7 1
EVENT40: 1090 47a13a_47a50f_47a67a_47a79b
COMP 4c-0: 48226e_4825ee_482727_48281b (1246 14.70 0 14.00 4 31.00){0.00 0.00 0.00 0.00 6.00 0}{6.00 0.00 0.00 0.00 12.00 0}{12.00 14.00 14.68 16.00 24.00 1245}{24.00 0.00 0.00 0.00 30.00 0}{30.00 31.00 31.00 31.00 32.00 1}
COMP 4c-1: 48b1c9_48b44d_48b521_48b5da (499 11392.29 4 10571.00 5 11395.00){0.00 0.00 0.00 0.00 4556.80 0}{4556.80 0.00 0.00 0.00 9113.60 0}{9113.60 10571.00 11392.29 11395.00 13670.40 499}{13670.40 0.00 0.00 0.00 18227.20 0}{18227.20 0.00 0.00 0.00 22784.00 0}
COMM 4b-0: 48226e_4825ee_482727_48281b (1246 1.74 0 1.00 3 18.00){0.00 1.00 1.44 2.00 2.40 1033}{2.40 3.00 3.02 4.00 4.00 207}{4.00 5.00 5.00 5.00 6.00 2}{6.00 8.00 8.00 8.00 10.00 2}{10.00 15.00 16.50 18.00 26.00 2}
COMM 4b-1: 48b1c9_48b44d_48b521_48b5da (499 1.70 5 1.00 5 4.00){0.00 0.00 0.00 0.00 0.80 0}{0.80 1.00 1.00 1.00 1.60 201}{1.60 2.00 2.00 2.00 2.40 254}{2.40 3.00 3.05 3.10 3.20 38}{3.20 4.00 4.00 4.00 4.00 6}
LOOP0: iter: ( 2 )[ 1 -1 4 1 0 ] mem: ( 2 )[ 1 -1 4 1 0 ]
10 2 
12 ( 20480 10240 )[ 1 -1 0 2 4 ]
12 ( 10240 )[ 2 -1 1 3 1 -1 5 2 1 ]
14 16 
1b 0 
2b 2147483647 

RANKS: 1 -1 0 7 1
EVENT41: 1148 48b1c9_48b44d_48b521_48b5da
COMP 4c-0: 47a13a_47a50f_47a67a_47a79b (1745 14.58 0 14.00 0 15.00){0.00 0.00 0.00 0.00 6.00 0}{6.00 0.00 0.00 0.00 12.00 0}{12.00 14.00 14.58 15.00 18.00 1745}{18.00 0.00 0.00 0.00 24.00 0}{24.00 0.00 0.00 0.00 30.00 0}
COMM 4b-0: 47a13a_47a50f_47a67a_47a79b (1745 38000.50 3 50.00 5 17470361.00){0.00 50.00 460.17 5602.92 7792.00 1729}{7792.00 44236.00 44282.50 44329.00 80866.00 2}{80866.00 1208595.00 1934627.00 2116154.00 2336324.00 10}{2336324.00 5588679.00 5588720.00 5588761.00 8841034.00 2}{8841034.00 17470236.00 17470298.50 17470361.00 26099688.00 2}
1c 9999 

RANKS: 1 -1 5 2 1
EVENT42: 1113 48226e_4825ee_482727_48281b
COMP 4c-0: 47d7ad_47db72_47dcdc_47ddfb (30378 357.79 5 353.00 5 359.00){0.00 0.00 0.00 0.00 141.20 0}{141.20 0.00 0.00 0.00 282.40 0}{282.40 353.00 357.79 359.00 423.60 30378}{423.60 0.00 0.00 0.00 564.80 0}{564.80 0.00 0.00 0.00 706.00 0}
COMP 4c-1: 48b1c9_48b44d_48b521_48b5da (498 85.06 5 85.00 5 86.00){0.00 0.00 0.00 0.00 34.40 0}{34.40 0.00 0.00 0.00 68.80 0}{68.80 85.00 85.05 86.00 103.20 498}{103.20 0.00 0.00 0.00 137.60 0}{137.60 0.00 0.00 0.00 172.00 0}
COMM 4b-0: 47d7ad_47db72_47dcdc_47ddfb (30378 3.49 5 2.00 5 31.00){0.00 2.00 3.36 8.00 8.00 29914}{8.00 8.44 9.39 10.00 10.00 231}{10.00 11.00 12.79 14.00 14.00 185}{14.00 15.00 17.55 22.00 24.00 42}{24.00 25.00 27.00 31.00 38.00 6}
COMM 4b-1: 48b1c9_48b44d_48b521_48b5da (498 132.66 6 58.00 6 246.00){0.00 58.00 58.00 58.00 58.80 1}{58.80 60.00 95.14 117.00 117.60 219}{117.60 118.00 149.72 176.00 176.40 206}{176.40 177.00 196.91 234.00 235.20 69}{235.20 236.00 242.33 246.00 294.00 3}
LOOP0: iter: ( 62 )[ 1 -1 5 2 1 ] mem: ( 2 )[ 1 -1 5 2 1 ]
10 2 
12 10240 155 155 155 155 155 155 155 155 155 155 155 155 155 155 155 155 155 155 155 155 155 155 155 155 155 155 155 155 155 155 155 155 155 155 155 155 155 155 155 155 155 155 155 155 155 155 155 155 155 155 155 155 155 155 155 155 155 155 155 155 155 
14 16 
1a 4 1 1 1 1 1 1 1 1 1 1 1 1 1 1 1 1 1 1 1 1 1 1 1 1 1 1 1 1 1 1 1 1 1 1 1 1 1 1 1 1 1 1 1 1 1 1 1 1 1 1 1 1 1 1 1 1 1 1 1 1 1 
1b 0 

RANKS: 1 -2 1 2 4 2 1
EVENT43: 1102 47d7ad_47db72_47dcdc_47ddfb
COMP 4c-0: 47d7ad_47db72_47dcdc_47ddfb (30876 15.52 5 15.00 5 16.00){0.00 0.00 0.00 0.00 6.00 0}{6.00 0.00 0.00 0.00 12.00 0}{12.00 15.00 15.52 16.00 18.00 30876}{18.00 0.00 0.00 0.00 24.00 0}{24.00 0.00 0.00 0.00 30.00 0}
COMP 4c-1: 48226e_4825ee_482727_48281b (30998 769.83 5 396.00 5 23612.00){0.00 0.00 0.00 0.00 159.20 0}{159.20 0.00 0.00 0.00 318.40 0}{318.40 396.00 396.90 405.00 636.80 30500}{636.80 0.00 0.00 0.00 796.00 0}{796.00 23611.00 23611.02 23612.00 46428.00 498}
COMP 4c-2: 48b1c9_48b44d_48b521_48b5da (2 23661.67 1 23661.00 2 23663.00){0.00 0.00 0.00 0.00 9464.40 0}{9464.40 0.00 0.00 0.00 18928.80 0}{18928.80 23661.00 23662.00 23663.00 28393.20 2}{28393.20 0.00 0.00 0.00 37857.60 0}{37857.60 0.00 0.00 0.00 47322.00 0}
COMM 4b-0: 47d7ad_47db72_47dcdc_47ddfb (30876 16.31 5 1.00 5 860.00){0.00 1.00 15.84 372.00 380.00 30845}{380.00 391.00 465.36 563.00 596.00 28}{596.00 626.00 626.00 626.00 656.00 1}{656.00 691.00 691.00 691.00 726.00 1}{726.00 860.00 860.00 860.00 994.00 1}
COMM 4b-1: 48226e_4825ee_482727_48281b (30998 586.50 1 2.00 5 6562330.00){0.00 2.00 3.57 14.00 16.00 15312}{16.00 31.78 32.53 249.12 316.00 15313}{316.00 334.00 335.00 336.00 352.00 2}{352.00 452.08 735.42 915.00 982.00 366}{982.00 1324.00 3471681.80 6562330.00 13123678.00 5}
COMM 4b-2: 48b1c9_48b44d_48b521_48b5da (2 11.33 1 7.00 2 20.00){0.00 0.00 0.00 0.00 2.80 0}{2.80 0.00 0.00 0.00 5.60 0}{5.60 7.00 7.00 7.00 11.20 1}{11.20 0.00 0.00 0.00 14.00 0}{14.00 20.00 20.00 20.00 26.00 1}
LOOP0: iter: ( 62 )[ 1 -1 1 2 1 ]( 2 )[ 1 -1 5 2 1 ] mem: ( 2 )[ 1 -1 1 2 1 ]( 1 )[ 1 -1 5 2 1 ]
10 2 
12 ( 155 )[ 1 -1 1 2 1 ]
12 ( 155 80 )[ 1 -1 5 2 1 ]
14 16 
1b 0 
2b ( 7 )[ 1 -1 1 2 1 ]
2b ( 7 4 )[ 1 -1 5 2 1 ]

RANKS: 1 -2 0 2 4 3 1
EVENT44: 1113 48226e_4825ee_482727_48281b
COMP 4c-0: 47d7ad_47db72_47dcdc_47ddfb (745 352.60 4 330.00 5 358.00){0.00 0.00 0.00 0.00 140.40 0}{140.40 0.00 0.00 0.00 280.80 0}{280.80 330.00 352.60 358.00 421.20 745}{421.20 0.00 0.00 0.00 561.60 0}{561.60 0.00 0.00 0.00 702.00 0}
COMP 4c-1: 48226e_4825ee_482727_48281b (247 181.75 0 14.00 0 691.00){0.00 0.00 0.00 0.00 5.60 0}{5.60 0.00 0.00 0.00 11.20 0}{11.20 14.00 15.65 17.00 22.40 186}{22.40 0.00 0.00 0.00 28.00 0}{28.00 690.00 690.98 691.00 1352.00 61}
COMP 4c-2: 48b1c9_48b44d_48b521_48b5da (2 15048.33 4 89.00 0 22528.00){0.00 89.00 89.00 89.00 9011.20 1}{9011.20 0.00 0.00 0.00 18022.40 0}{18022.40 22528.00 22528.00 22528.00 27033.60 1}{27033.60 0.00 0.00 0.00 36044.80 0}{36044.80 0.00 0.00 0.00 45056.00 0}
COMM 4b-0: 47d7ad_47db72_47dcdc_47ddfb (745 3.28 1 2.00 1 15.00){0.00 0.00 0.00 0.00 1.20 0}{1.20 2.00 2.00 2.00 2.40 6}{2.40 2.96 3.03 3.14 3.60 658}{3.60 4.00 4.34 6.00 6.00 65}{6.00 7.00 9.88 15.00 24.00 16}
COMM 4b-1: 48226e_4825ee_482727_48281b (247 2.73 0 2.00 0 18.00){0.00 0.00 0.00 0.00 1.60 0}{1.60 2.00 2.00 2.00 2.40 101}{2.40 3.00 3.00 3.00 3.20 132}{3.20 4.00 4.00 4.00 4.00 11}{4.00 5.00 11.00 18.00 32.00 3}
COMM 4b-2: 48b1c9_48b44d_48b521_48b5da (2 23.33 0 6.00 4 58.00){0.00 0.00 0.00 0.00 2.40 0}{2.40 0.00 0.00 0.00 4.80 0}{4.80 6.00 6.00 6.00 9.60 1}{9.60 0.00 0.00 0.00 12.00 0}{12.00 58.00 58.00 58.00 104.00 1}
LOOP0: iter: ( 124 )[ 1 -1 0 2 4 ]( 2 )[ 1 -1 1 2 1 ] mem: ( 1 )[ 1 -1 0 3 1 ]( 2 )[ 1 -1 4 1 0 ]
10 2 
12 ( 155 75 )[ 1 -1 0 1 0 ]
12 ( 155 80 )[ 1 -1 1 2 1 ]
12 ( 155 )[ 1 -1 5 2 1 ]
12 ( 10240 155 155 155 155 155 155 155 155 155 155 155 155 155 155 155 155 155 155 155 155 155 155 155 155 155 155 155 155 155 155 155 155 155 155 155 155 155 155 155 155 155 155 155 155 155 155 155 155 155 155 155 155 155 155 155 155 155 155 155 155 155 155 75 75 75 75 75 75 75 75 75 75 75 75 75 75 75 75 75 75 75 75 75 75 75 75 75 75 75 75 75 75 75 75 75 75 75 75 75 75 75 75 75 75 75 75 75 75 75 75 75 75 75 75 75 75 75 75 75 75 75 75 75 )[ 1 -1 4 1 0 ]
14 16 
1a ( 1 4 )[ 1 -1 0 3 1 ]
1a ( 1 )[ 1 -1 5 2 1 ]
1a ( 4 1 1 1 1 1 1 1 1 1 1 1 1 1 1 1 1 1 1 1 1 1 1 1 1 1 1 1 1 1 1 1 1 1 1 1 1 1 1 1 1 1 1 1 1 1 1 1 1 1 1 1 1 1 1 1 1 1 1 1 1 1 1 4 4 4 4 4 4 4 4 4 4 4 4 4 4 4 4 4 4 4 4 4 4 4 4 4 4 4 4 4 4 4 4 4 4 4 4 4 4 4 4 4 4 4 4 4 4 4 4 4 4 4 4 4 4 4 4 4 4 4 4 4 )[ 1 -1 4 1 0 ]
1b 0 

RANKS: 1 -1 0 8 1
EVENT45: 1102 47d7ad_47db72_47dcdc_47ddfb
COMP 4c-0: 47d7ad_47db72_47dcdc_47ddfb (370 234.47 0 15.00 7 691.00){0.00 0.00 0.00 0.00 6.00 0}{6.00 0.00 0.00 0.00 12.00 0}{12.00 15.00 16.69 18.00 24.00 248}{24.00 0.00 0.00 0.00 30.00 0}{30.00 666.00 678.98 691.00 1302.00 122}
COMP 4c-1: 48226e_4825ee_482727_48281b (497 462.13 4 354.00 7 22183.00){0.00 0.00 0.00 0.00 142.40 0}{142.40 0.00 0.00 0.00 284.80 0}{284.80 354.00 374.62 411.00 569.60 495}{569.60 0.00 0.00 0.00 712.00 0}{712.00 22164.00 22173.50 22183.00 43654.00 2}
COMP 4c-2: 48b1c9_48b44d_48b521_48b5da (1 22205.00 3 22205.00 3 22205.00){0.00 0.00 0.00 0.00 8882.00 0}{8882.00 0.00 0.00 0.00 17764.00 0}{17764.00 22205.00 22205.00 22205.00 26646.00 1}{26646.00 0.00 0.00 0.00 35528.00 0}{35528.00 0.00 0.00 0.00 44410.00 0}
COMM 4b-0: 47d7ad_47db72_47dcdc_47ddfb (370 60.88 0 1.00 7 307.00){0.00 0.00 0.00 0.00 0.80 0}{0.80 1.00 1.73 3.00 3.20 175}{3.20 3.67 3.91 4.00 4.00 11}{4.00 5.00 119.84 227.00 300.00 183}{300.00 307.00 307.00 307.00 314.00 1}
COMM 4b-1: 48226e_4825ee_482727_48281b (497 89.97 1 2.00 0 8601.00){0.00 2.00 42.36 2403.00 3440.40 495}{3440.40 6635.00 6635.00 6635.00 6880.80 1}{6880.80 8601.00 8601.00 8601.00 10321.20 1}{10321.20 0.00 0.00 0.00 13761.60 0}{13761.60 0.00 0.00 0.00 17202.00 0}
COMM 4b-2: 48b1c9_48b44d_48b521_48b5da (1 1419.00 3 1419.00 3 1419.00){0.00 0.00 0.00 0.00 567.60 0}{567.60 0.00 0.00 0.00 1135.20 0}{1135.20 1419.00 1419.00 1419.00 1702.80 1}{1702.80 0.00 0.00 0.00 2270.40 0}{2270.40 0.00 0.00 0.00 2838.00 0}
LOOP0: iter: ( 124 )[ 2 -1 0 2 3 -1 7 1 0 ]( 62 )[ 1 -2 1 2 4 2 1 ] mem: ( 1 )[ 1 -1 0 2 7 ]( 2 )[ 2 -1 1 3 1 -1 5 2 1 ]
LOOP1: iter: ( 2 )[ 1 -1 1 2 1 ] mem: ( 1 )[ 1 -1 1 2 1 ]
10 2 
12 ( 155 75 )[ 1 -1 0 2 7 ]
12 ( 155 80 )[ 1 -1 1 2 1 ]
12 ( 155 155 155 155 155 155 155 155 155 155 155 155 155 155 155 155 155 155 155 155 155 155 155 155 155 155 155 155 155 155 155 155 155 155 155 155 155 155 155 155 155 155 155 155 155 155 155 155 155 155 155 155 155 155 155 155 155 155 155 155 155 155 75 75 75 75 75 75 75 75 75 75 75 75 75 75 75 75 75 75 75 75 75 75 75 75 75 75 75 75 75 75 75 75 75 75 75 75 75 75 75 75 75 75 75 75 75 75 75 75 75 75 75 75 75 75 75 75 75 75 75 75 75 75 )[ 1 -1 3 1 0 ]
12 ( 155 )[ 1 -1 5 2 1 ]
12 ( 75 75 75 75 75 75 75 75 75 75 75 75 75 75 75 75 75 75 75 75 75 75 75 75 75 75 75 75 75 75 75 75 75 75 75 75 75 75 75 75 75 75 75 75 75 75 75 75 75 75 75 75 75 75 75 75 75 75 75 75 75 75 155 155 155 155 155 155 155 155 155 155 155 155 155 155 155 155 155 155 155 155 155 155 155 155 155 155 155 155 155 155 155 155 155 155 155 155 155 155 155 155 155 155 155 155 155 155 155 155 155 155 155 155 155 155 155 155 155 155 155 155 155 155 )[ 1 -1 4 1 0 ]
14 16 
1b 0 
2b ( 1 4 )[ 1 -1 0 3 1 ]
2b ( 7 7 7 7 7 7 7 7 7 7 7 7 7 7 7 7 7 7 7 7 7 7 7 7 7 7 7 7 7 7 7 7 7 7 7 7 7 7 7 7 7 7 7 7 7 7 7 7 7 7 7 7 7 7 7 7 7 7 7 7 7 7 4 4 4 4 4 4 4 4 4 4 4 4 4 4 4 4 4 4 4 4 4 4 4 4 4 4 4 4 4 4 4 4 4 4 4 4 4 4 4 4 4 4 4 4 4 4 4 4 4 4 4 4 4 4 4 4 4 4 4 4 4 4 )[ 1 -1 3 1 0 ]
2b ( 7 4 )[ 1 -1 7 1 0 ]
2b ( 1 )[ 1 -1 5 2 1 ]
2b ( 4 4 4 4 4 4 4 4 4 4 4 4 4 4 4 4 4 4 4 4 4 4 4 4 4 4 4 4 4 4 4 4 4 4 4 4 4 4 4 4 4 4 4 4 4 4 4 4 4 4 4 4 4 4 4 4 4 4 4 4 4 4 1 1 1 1 1 1 1 1 1 1 1 1 1 1 1 1 1 1 1 1 1 1 1 1 1 1 1 1 1 1 1 1 1 1 1 1 1 1 1 1 1 1 1 1 1 1 1 1 1 1 1 1 1 1 1 1 1 1 1 1 1 1 )[ 1 -1 4 1 0 ]

RANKS: 1 -1 1 7 1
EVENT46: 1113 48226e_4825ee_482727_48281b
COMP 4c-0: 47d7ad_47db72_47dcdc_47ddfb (374 342.53 3 326.00 7 983.00){0.00 0.00 0.00 0.00 139.20 0}{139.20 0.00 0.00 0.00 278.40 0}{278.40 326.00 340.80 348.00 556.80 373}{556.80 0.00 0.00 0.00 696.00 0}{696.00 983.00 983.00 983.00 1270.00 1}
COMP 4c-1: 48226e_4825ee_482727_48281b (247 175.36 5 14.00 7 667.00){0.00 0.00 0.00 0.00 6.00 0}{6.00 0.00 0.00 0.00 12.00 0}{12.00 14.00 14.99 17.00 24.00 186}{24.00 0.00 0.00 0.00 30.00 0}{30.00 667.00 667.00 667.00 1304.00 61}
COMM 4b-0: 47d7ad_47db72_47dcdc_47ddfb (374 3.50 1 3.00 6 18.00){0.00 0.00 0.00 0.00 1.60 0}{1.60 3.00 3.24 4.08 4.80 359}{4.80 6.00 6.00 6.00 6.40 2}{6.40 7.00 7.00 7.00 8.00 4}{8.00 9.00 11.67 18.00 24.00 9}
COMM 4b-1: 48226e_4825ee_482727_48281b (247 3.35 7 2.00 7 14.00){0.00 0.00 0.00 0.00 1.20 0}{1.20 2.00 2.00 2.00 2.40 78}{2.40 3.00 3.00 3.00 3.60 103}{3.60 4.00 5.12 6.00 6.00 60}{6.00 7.00 9.17 14.00 22.00 6}
LOOP0: iter: ( 124 )[ 1 -1 7 1 0 ]( 2 )[ 1 -1 5 2 1 ] mem: ( 1 )[ 1 -1 5 3 1 ]
10 2 
12 ( 155 )[ 1 -1 1 2 1 ]
12 ( 75 75 75 75 75 75 75 75 75 75 75 75 75 75 75 75 75 75 75 75 75 75 75 75 75 75 75 75 75 75 75 75 75 75 75 75 75 75 75 75 75 75 75 75 75 75 75 75 75 75 75 75 75 75 75 75 75 75 75 75 75 75 155 155 155 155 155 155 155 155 155 155 155 155 155 155 155 155 155 155 155 155 155 155 155 155 155 155 155 155 155 155 155 155 155 155 155 155 155 155 155 155 155 155 155 155 155 155 155 155 155 155 155 155 155 155 155 155 155 155 155 155 155 155 )[ 1 -1 3 1 0 ]
12 ( 155 75 )[ 1 -1 7 1 0 ]
12 ( 155 80 )[ 1 -1 5 2 1 ]
12 ( 75 )[ 1 -1 4 1 0 ]
14 16 
1a ( 7 )[ 1 -1 1 2 1 ]
1a ( 4 4 4 4 4 4 4 4 4 4 4 4 4 4 4 4 4 4 4 4 4 4 4 4 4 4 4 4 4 4 4 4 4 4 4 4 4 4 4 4 4 4 4 4 4 4 4 4 4 4 4 4 4 4 4 4 4 4 4 4 4 4 7 7 7 7 7 7 7 7 7 7 7 7 7 7 7 7 7 7 7 7 7 7 7 7 7 7 7 7 7 7 7 7 7 7 7 7 7 7 7 7 7 7 7 7 7 7 7 7 7 7 7 7 7 7 7 7 7 7 7 7 7 7 )[ 1 -1 3 1 0 ]
1a ( 7 4 )[ 1 -1 5 3 1 ]
1a ( 4 )[ 1 -1 4 1 0 ]
1b 0 

RANKS: 1 -1 0 8 1
EVENT47: 1004 46a6a3_46aa03_46ab46_46ac38
COMP 4c-0: 47d7ad_47db72_47dcdc_47ddfb (1 2989.00 0 2989.00 0 2989.00){0.00 0.00 0.00 0.00 1195.60 0}{1195.60 0.00 0.00 0.00 2391.20 0}{2391.20 2989.00 2989.00 2989.00 3586.80 1}{3586.80 0.00 0.00 0.00 4782.40 0}{4782.40 0.00 0.00 0.00 5978.00 0}
COMP 4c-1: 48226e_4825ee_482727_48281b (7 2790.62 4 2676.00 5 2861.00){0.00 0.00 0.00 0.00 1142.40 0}{1142.40 0.00 0.00 0.00 2284.80 0}{2284.80 2676.00 2781.29 2861.00 3427.20 7}{3427.20 0.00 0.00 0.00 4569.60 0}{4569.60 0.00 0.00 0.00 5712.00 0}
COMM 4b-0: 47d7ad_47db72_47dcdc_47ddfb (1 12.00 0 12.00 0 12.00){0.00 0.00 0.00 0.00 4.80 0}{4.80 0.00 0.00 0.00 9.60 0}{9.60 12.00 12.00 12.00 14.40 1}{14.40 0.00 0.00 0.00 19.20 0}{19.20 0.00 0.00 0.00 24.00 0}
COMM 4b-1: 48226e_4825ee_482727_48281b (7 3257.62 1 158.00 7 10292.00){0.00 0.00 0.00 0.00 63.20 0}{63.20 0.00 0.00 0.00 126.40 0}{126.40 158.00 158.00 158.00 252.80 1}{252.80 280.00 292.50 305.00 316.00 2}{316.00 3540.00 6290.00 10292.00 10582.00 4}
10 2 
12 5 
14 16 
18 3 

RANKS: 1 -1 4 1 0
EVENT48: 1113 48226e_4825ee_482727_48281b
COMP 4c-0: 46a6a3_46aa03_46ab46_46ac38 (1 1521.00 4 1521.00 4 1521.00){0.00 0.00 0.00 0.00 608.40 0}{608.40 0.00 0.00 0.00 1216.80 0}{1216.80 1521.00 1521.00 1521.00 1825.20 1}{1825.20 0.00 0.00 0.00 2433.60 0}{2433.60 0.00 0.00 0.00 3042.00 0}
COMM 4b-0: 46a6a3_46aa03_46ab46_46ac38 (1 204.00 4 204.00 4 204.00){0.00 0.00 0.00 0.00 81.60 0}{81.60 0.00 0.00 0.00 163.20 0}{163.20 204.00 204.00 204.00 244.80 1}{244.80 0.00 0.00 0.00 326.40 0}{326.40 0.00 0.00 0.00 408.00 0}
10 2 
12 20480 
14 16 
1a 1 
1b 0 

RANKS: 1 -1 1 7 1
EVENT49: 1090 47a13a_47a50f_47a67a_47a79b
COMP 4c-0: 46a6a3_46aa03_46ab46_46ac38 (6 1444.71 5 1444.00 1 1445.00){0.00 0.00 0.00 0.00 578.00 0}{578.00 0.00 0.00 0.00 1156.00 0}{1156.00 1444.00 1444.67 1445.00 1734.00 6}{1734.00 0.00 0.00 0.00 2312.00 0}{2312.00 0.00 0.00 0.00 2890.00 0}
COMP 4c-1: 48226e_4825ee_482727_48281b (2 7021.67 4 15.00 7 10525.00){0.00 15.00 15.00 15.00 4210.00 1}{4210.00 0.00 0.00 0.00 8420.00 0}{8420.00 10525.00 10525.00 10525.00 12630.00 1}{12630.00 0.00 0.00 0.00 16840.00 0}{16840.00 0.00 0.00 0.00 21050.00 0}
COMP 4c-2: 48b1c9_48b44d_48b521_48b5da (5 1834.33 1 87.00 4 10571.00){0.00 0.00 0.00 0.00 34.80 0}{34.80 0.00 0.00 0.00 69.60 0}{69.60 87.00 87.00 87.00 139.20 4}{139.20 0.00 0.00 0.00 174.00 0}{174.00 10571.00 10571.00 10571.00 20968.00 1}
COMM 4b-0: 46a6a3_46aa03_46ab46_46ac38 (6 1.71 7 1.00 1 2.00){0.00 0.00 0.00 0.00 0.80 0}{0.80 1.00 1.00 1.00 1.60 2}{1.60 2.00 2.00 2.00 2.40 4}{2.40 0.00 0.00 0.00 3.20 0}{3.20 0.00 0.00 0.00 4.00 0}
COMM 4b-1: 48226e_4825ee_482727_48281b (2 1.67 7 1.00 4 3.00){0.00 0.00 0.00 0.00 0.40 0}{0.40 0.00 0.00 0.00 0.80 0}{0.80 1.00 1.00 1.00 1.60 1}{1.60 0.00 0.00 0.00 2.00 0}{2.00 3.00 3.00 3.00 4.00 1}
COMM 4b-2: 48b1c9_48b44d_48b521_48b5da (5 1.67 1 1.00 5 3.00){0.00 0.00 0.00 0.00 0.40 0}{0.40 0.00 0.00 0.00 0.80 0}{0.80 1.00 1.00 1.00 1.60 3}{1.60 0.00 0.00 0.00 2.00 0}{2.00 3.00 3.00 3.00 4.00 2}
LOOP0: iter: ( 2 )[ 2 -2 1 2 3 2 1 -1 6 2 1 ] mem: ( 3 )[ 2 -2 1 2 4 2 1 -1 7 1 0 ]( 2 )[ 1 -1 4 1 0 ]
10 2 
12 ( 20480 )[ 2 -1 1 3 1 -1 5 2 1 ]
12 ( 20480 10240 )[ 1 -1 4 2 3 ]
14 16 
1b 0 
2b 2147483647 

RANKS: 1 -2 1 2 4 2 1
EVENT50: 1113 48226e_4825ee_482727_48281b
COMP 4c-0: 47a13a_47a50f_47a67a_47a79b (8 89.00 5 86.00 1 91.00){0.00 0.00 0.00 0.00 36.40 0}{36.40 0.00 0.00 0.00 72.80 0}{72.80 86.00 88.75 91.00 109.20 8}{109.20 0.00 0.00 0.00 145.60 0}{145.60 0.00 0.00 0.00 182.00 0}
COMM 4b-0: 47a13a_47a50f_47a67a_47a79b (8 182.22 1 100.00 1 357.00){0.00 100.00 108.67 124.00 142.80 6}{142.80 274.00 274.00 274.00 285.60 1}{285.60 357.00 357.00 357.00 428.40 1}{428.40 0.00 0.00 0.00 571.20 0}{571.20 0.00 0.00 0.00 714.00 0}
10 2 
12 20480 
14 16 
1a 1 7 
1b 0 

RANKS: 1 -1 1 7 1
EVENT51: 1148 48b1c9_48b44d_48b521_48b5da
COMP 4c-0: 47a13a_47a50f_47a67a_47a79b (5 14.83 7 14.00 3 15.00){0.00 0.00 0.00 0.00 6.00 0}{6.00 0.00 0.00 0.00 12.00 0}{12.00 14.00 14.80 15.00 18.00 5}{18.00 0.00 0.00 0.00 24.00 0}{24.00 0.00 0.00 0.00 30.00 0}
COMP 4c-1: 48226e_4825ee_482727_48281b (8 14.56 5 14.00 1 15.00){0.00 0.00 0.00 0.00 6.00 0}{6.00 0.00 0.00 0.00 12.00 0}{12.00 14.00 14.50 15.00 18.00 8}{18.00 0.00 0.00 0.00 24.00 0}{24.00 0.00 0.00 0.00 30.00 0}
COMM 4b-0: 47a13a_47a50f_47a67a_47a79b (5 133.17 4 67.00 4 329.00){0.00 0.00 0.00 0.00 41.20 0}{41.20 67.00 67.00 67.00 82.40 1}{82.40 98.00 100.00 103.00 164.80 3}{164.80 0.00 0.00 0.00 206.00 0}{206.00 329.00 329.00 329.00 452.00 1}
COMM 4b-1: 48226e_4825ee_482727_48281b (8 3.89 2 1.00 5 20.00){0.00 0.00 0.00 0.00 0.80 0}{0.80 1.00 1.00 1.00 1.60 2}{1.60 2.00 2.00 2.00 2.40 4}{2.40 3.00 3.00 3.00 4.00 1}{4.00 20.00 20.00 20.00 36.00 1}
1c 9999 

RANKS: 2 -1 0 5 1 -1 7 1 0
EVENT52: 1113 48226e_4825ee_482727_48281b
COMP 4c-0: 46a6a3_46aa03_46ab46_46ac38 (1 1521.00 0 1521.00 0 1521.00){0.00 0.00 0.00 0.00 608.40 0}{608.40 0.00 0.00 0.00 1216.80 0}{1216.80 1521.00 1521.00 1521.00 1825.20 1}{1825.20 0.00 0.00 0.00 2433.60 0}{2433.60 0.00 0.00 0.00 3042.00 0}
COMP 4c-1: 48226e_4825ee_482727_48281b (1 10562.00 3 10562.00 3 10562.00){0.00 0.00 0.00 0.00 4224.80 0}{4224.80 0.00 0.00 0.00 8449.60 0}{8449.60 10562.00 10562.00 10562.00 12674.40 1}{12674.40 0.00 0.00 0.00 16899.20 0}{16899.20 0.00 0.00 0.00 21124.00 0}
COMP 4c-2: 48b1c9_48b44d_48b521_48b5da (7 5570.50 7 86.00 1 11428.00){0.00 86.00 123.00 159.00 4243.20 4}{4243.20 0.00 0.00 0.00 8486.40 0}{8486.40 10608.00 11154.67 11428.00 12729.60 3}{12729.60 0.00 0.00 0.00 16972.80 0}{16972.80 0.00 0.00 0.00 21216.00 0}
COMM 4b-0: 46a6a3_46aa03_46ab46_46ac38 (1 133.00 0 133.00 0 133.00){0.00 0.00 0.00 0.00 53.20 0}{53.20 0.00 0.00 0.00 106.40 0}{106.40 133.00 133.00 133.00 159.60 1}{159.60 0.00 0.00 0.00 212.80 0}{212.80 0.00 0.00 0.00 266.00 0}
COMM 4b-1: 48226e_4825ee_482727_48281b (1 64.00 3 64.00 3 64.00){0.00 0.00 0.00 0.00 25.60 0}{25.60 0.00 0.00 0.00 51.20 0}{51.20 64.00 64.00 64.00 76.80 1}{76.80 0.00 0.00 0.00 102.40 0}{102.40 0.00 0.00 0.00 128.00 0}
COMM 4b-2: 48b1c9_48b44d_48b521_48b5da (7 133.62 4 60.00 7 270.00){0.00 0.00 0.00 0.00 58.40 0}{58.40 60.00 76.33 96.00 116.80 3}{116.80 123.00 123.00 123.00 146.00 1}{146.00 184.00 187.00 190.00 222.00 2}{222.00 270.00 270.00 270.00 318.00 1}
LOOP0: iter: ( 2 )[ 1 -1 0 2 3 ] mem: ( 3 )[ 1 -1 0 1 0 ]( 1 )[ 1 -1 3 1 0 ]
10 2 
12 ( 20480 10240 )[ 2 -1 0 2 3 -1 7 1 0 ]
12 ( 10240 )[ 2 -1 1 2 1 -1 4 1 0 ]
14 16 
1a ( 1 4 )[ 1 -1 0 1 0 ]
1a ( 4 )[ 2 -1 1 2 1 -1 4 1 0 ]
1a ( 7 4 )[ 1 -1 3 2 4 ]
1b 0 

RANKS: 2 -1 0 4 1 -1 5 2 1
EVENT53: 1090 47a13a_47a50f_47a67a_47a79b
COMP 4c-0: 48226e_4825ee_482727_48281b (5 14.50 0 14.00 1 16.00){0.00 0.00 0.00 0.00 5.60 0}{5.60 0.00 0.00 0.00 11.20 0}{11.20 14.00 14.60 16.00 16.80 5}{16.80 0.00 0.00 0.00 22.40 0}{22.40 0.00 0.00 0.00 28.00 0}
COMP 4c-1: 48b1c9_48b44d_48b521_48b5da (2 11394.00 5 11394.00 5 11394.00){0.00 0.00 0.00 0.00 4557.60 0}{4557.60 0.00 0.00 0.00 9115.20 0}{9115.20 11394.00 11394.00 11394.00 13672.80 2}{13672.80 0.00 0.00 0.00 18230.40 0}{18230.40 0.00 0.00 0.00 22788.00 0}
COMM 4b-0: 48226e_4825ee_482727_48281b (5 1.50 0 1.00 0 2.00){0.00 0.00 0.00 0.00 0.40 0}{0.40 0.00 0.00 0.00 0.80 0}{0.80 1.00 1.00 1.00 1.20 2}{1.20 0.00 0.00 0.00 1.60 0}{1.60 2.00 2.00 2.00 2.00 3}
COMM 4b-1: 48b1c9_48b44d_48b521_48b5da (2 1.33 5 1.00 6 2.00){0.00 0.00 0.00 0.00 0.40 0}{0.40 0.00 0.00 0.00 0.80 0}{0.80 1.00 1.00 1.00 1.20 1}{1.20 0.00 0.00 0.00 1.60 0}{1.60 2.00 2.00 2.00 2.00 1}
10 2 
12 ( 20480 10240 )[ 1 -1 0 1 0 ]
12 ( 10240 )[ 2 -1 1 3 1 -1 5 2 1 ]
14 16 
1b 0 
2b 2147483647 

RANKS: 2 -1 0 4 1 -1 5 2 1
EVENT54: 1148 48b1c9_48b44d_48b521_48b5da
COMP 4c-0: 47a13a_47a50f_47a67a_47a79b (7 14.38 0 14.00 5 15.00){0.00 0.00 0.00 0.00 5.60 0}{5.60 0.00 0.00 0.00 11.20 0}{11.20 14.00 14.43 15.00 16.80 7}{16.80 0.00 0.00 0.00 22.40 0}{22.40 0.00 0.00 0.00 28.00 0}
COMM 4b-0: 47a13a_47a50f_47a67a_47a79b (7 184.88 3 51.00 0 493.00){0.00 51.00 82.17 179.00 197.20 6}{197.20 0.00 0.00 0.00 394.40 0}{394.40 493.00 493.00 493.00 591.60 1}{591.60 0.00 0.00 0.00 788.80 0}{788.80 0.00 0.00 0.00 986.00 0}
1c 9999 

RANKS: 1 -1 5 2 1
EVENT55: 1113 48226e_4825ee_482727_48281b
COMP 4c-0: 48b1c9_48b44d_48b521_48b5da (2 85.00 5 85.00 5 85.00){0.00 0.00 0.00 0.00 34.00 0}{34.00 0.00 0.00 0.00 68.00 0}{68.00 85.00 85.00 85.00 102.00 2}{102.00 0.00 0.00 0.00 136.00 0}{136.00 0.00 0.00 0.00 170.00 0}
COMM 4b-0: 48b1c9_48b44d_48b521_48b5da (2 125.33 5 118.00 6 140.00){0.00 0.00 0.00 0.00 47.20 0}{47.20 0.00 0.00 0.00 94.40 0}{94.40 118.00 129.00 140.00 141.60 2}{141.60 0.00 0.00 0.00 188.80 0}{188.80 0.00 0.00 0.00 236.00 0}
10 2 
12 10240 
14 16 
1a 4 
1b 0 

RANKS: 1 -1 0 8 1
EVENT56: 1004 46a6a3_46aa03_46ab46_46ac38
COMP 4c-0: 46a6a3_46aa03_46ab46_46ac38 (16 5342.59 0 15.00 6 11701.00){0.00 0.00 0.00 0.00 6.00 0}{6.00 0.00 0.00 0.00 12.00 0}{12.00 15.00 15.00 15.00 24.00 8}{24.00 0.00 0.00 0.00 30.00 0}{30.00 10972.00 11336.13 11701.00 21914.00 8}
COMP 4c-1: 48226e_4825ee_482727_48281b (4 22375.20 4 21804.00 5 23228.00){0.00 0.00 0.00 0.00 8723.20 0}{8723.20 0.00 0.00 0.00 17446.40 0}{17446.40 21804.00 22517.00 23228.00 26169.60 4}{26169.60 0.00 0.00 0.00 34892.80 0}{34892.80 0.00 0.00 0.00 43616.00 0}
COMP 4c-2: 48b1c9_48b44d_48b521_48b5da (4 22401.20 3 21830.00 3 23253.00){0.00 0.00 0.00 0.00 8734.00 0}{8734.00 0.00 0.00 0.00 17468.00 0}{17468.00 21830.00 22542.75 23253.00 26202.00 4}{26202.00 0.00 0.00 0.00 34936.00 0}{34936.00 0.00 0.00 0.00 43670.00 0}
COMM 4b-0: 46a6a3_46aa03_46ab46_46ac38 (16 57.94 3 7.00 4 187.00){0.00 7.00 9.25 13.00 15.60 4}{15.60 18.00 24.40 30.00 31.20 5}{31.20 39.00 41.33 43.00 62.40 3}{62.40 0.00 0.00 0.00 78.00 0}{78.00 142.00 165.75 187.00 260.00 4}
COMM 4b-1: 48226e_4825ee_482727_48281b (4 375.00 6 20.00 4 633.00){0.00 20.00 35.00 50.00 234.40 2}{234.40 0.00 0.00 0.00 468.80 0}{468.80 586.00 609.50 633.00 703.20 2}{703.20 0.00 0.00 0.00 937.60 0}{937.60 0.00 0.00 0.00 1172.00 0}
COMM 4b-2: 48b1c9_48b44d_48b521_48b5da (4 305.00 2 12.00 0 532.00){0.00 12.00 46.00 80.00 212.80 2}{212.80 369.00 369.00 369.00 425.60 1}{425.60 532.00 532.00 532.00 638.40 1}{638.40 0.00 0.00 0.00 851.20 0}{851.20 0.00 0.00 0.00 1064.00 0}
LOOP0: iter: ( 3 )[ 1 -1 0 8 1 ] mem: ( 1 )[ 1 -1 0 8 1 ]
10 2 
12 5 1 5 
14 16 
18 3 1 3 

RANKS: 1 -1 0 4 1
EVENT57: 1090 47a13a_47a50f_47a67a_47a79b_45ed50
COMP 4c-0: 46a6a3_46aa03_46ab46_46ac38 (4 47.20 3 46.00 3 48.00){0.00 0.00 0.00 0.00 18.80 0}{18.80 0.00 0.00 0.00 37.60 0}{37.60 46.00 47.25 48.00 56.40 4}{56.40 0.00 0.00 0.00 75.20 0}{75.20 0.00 0.00 0.00 94.00 0}
COMM 4b-0: 46a6a3_46aa03_46ab46_46ac38 (4 1.00 0 1.00 0 1.00){0.00 0.00 0.00 0.00 0.40 0}{0.40 0.00 0.00 0.00 0.80 0}{0.80 1.00 1.00 1.00 1.20 4}{1.20 0.00 0.00 0.00 1.60 0}{1.60 0.00 0.00 0.00 2.00 0}
10 2 
12 32 
14 16 
1b 0 
2b 2147483647 

RANKS: 1 -1 0 4 1
EVENT58: 1148 48b1c9_48b44d_48b521_48b5da_45ed69
COMP 4c-0: 47a13a_47a50f_47a67a_47a79b_45ed50 (4 16.00 0 16.00 0 16.00){0.00 0.00 0.00 0.00 6.40 0}{6.40 0.00 0.00 0.00 12.80 0}{12.80 16.00 16.00 16.00 19.20 4}{19.20 0.00 0.00 0.00 25.60 0}{25.60 0.00 0.00 0.00 32.00 0}
COMM 4b-0: 47a13a_47a50f_47a67a_47a79b_45ed50 (4 4.20 3 3.00 1 6.00){0.00 0.00 0.00 0.00 1.60 0}{1.60 3.00 3.00 3.00 3.20 1}{3.20 4.00 4.00 4.00 4.80 2}{4.80 6.00 6.00 6.00 6.40 1}{6.40 0.00 0.00 0.00 8.00 0}
1c 9999 

RANKS: 1 -1 4 3 1
EVENT59: 1113 48226e_4825ee_482727_48281b_45ee3e
COMP 4c-0: 46a6a3_46aa03_46ab46_46ac38 (3 47.50 4 46.00 5 48.00){0.00 0.00 0.00 0.00 19.20 0}{19.20 0.00 0.00 0.00 38.40 0}{38.40 46.00 47.33 48.00 57.60 3}{57.60 0.00 0.00 0.00 76.80 0}{76.80 0.00 0.00 0.00 96.00 0}
COMM 4b-0: 46a6a3_46aa03_46ab46_46ac38 (3 5.75 6 3.00 5 8.00){0.00 3.00 3.00 3.00 3.20 1}{3.20 4.00 4.00 4.00 6.40 1}{6.40 8.00 8.00 8.00 9.60 1}{9.60 0.00 0.00 0.00 12.80 0}{12.80 0.00 0.00 0.00 16.00 0}
10 2 
12 32 
14 16 
1a 4 
1b 0 

RANKS: 1 -2 0 2 4 3 1
EVENT60: 1090 47a13a_47a50f_47a67a_47a79b_45ee9a
COMP 4c-0: 48226e_4825ee_482727_48281b_45ee3e (3 16.00 5 16.00 5 16.00){0.00 0.00 0.00 0.00 6.40 0}{6.40 0.00 0.00 0.00 12.80 0}{12.80 16.00 16.00 16.00 19.20 3}{19.20 0.00 0.00 0.00 25.60 0}{25.60 0.00 0.00 0.00 32.00 0}
COMP 4c-1: 48b1c9_48b44d_48b521_48b5da_45ed69 (3 16.00 0 16.00 0 16.00){0.00 0.00 0.00 0.00 6.40 0}{6.40 0.00 0.00 0.00 12.80 0}{12.80 16.00 16.00 16.00 19.20 3}{19.20 0.00 0.00 0.00 25.60 0}{25.60 0.00 0.00 0.00 32.00 0}
COMM 4b-0: 48226e_4825ee_482727_48281b_45ee3e (3 1.00 5 1.00 5 1.00){0.00 0.00 0.00 0.00 0.40 0}{0.40 0.00 0.00 0.00 0.80 0}{0.80 1.00 1.00 1.00 1.20 3}{1.20 0.00 0.00 0.00 1.60 0}{1.60 0.00 0.00 0.00 2.00 0}
COMM 4b-1: 48b1c9_48b44d_48b521_48b5da_45ed69 (3 1.00 0 1.00 0 1.00){0.00 0.00 0.00 0.00 0.40 0}{0.40 0.00 0.00 0.00 0.80 0}{0.80 1.00 1.00 1.00 1.20 3}{1.20 0.00 0.00 0.00 1.60 0}{1.60 0.00 0.00 0.00 2.00 0}
10 2 
12 68 
14 16 
1b 0 
2b 2147483647 

RANKS: 1 -2 0 2 4 3 1
EVENT61: 1148 48b1c9_48b44d_48b521_48b5da_45eeaf
COMP 4c-0: 47a13a_47a50f_47a67a_47a79b_45ee9a (6 16.14 0 16.00 1 17.00){0.00 0.00 0.00 0.00 6.40 0}{6.40 0.00 0.00 0.00 12.80 0}{12.80 16.00 16.17 17.00 19.20 6}{19.20 0.00 0.00 0.00 25.60 0}{25.60 0.00 0.00 0.00 32.00 0}
COMM 4b-0: 47a13a_47a50f_47a67a_47a79b_45ee9a (6 119.14 6 24.00 0 187.00){0.00 24.00 46.00 68.00 74.80 2}{74.80 81.00 107.50 134.00 149.60 2}{149.60 153.00 170.00 187.00 224.40 2}{224.40 0.00 0.00 0.00 299.20 0}{299.20 0.00 0.00 0.00 374.00 0}
1c 9999 

RANKS: 1 -1 7 1 0
EVENT62: 1113 48226e_4825ee_482727_48281b_45ee3e
COMP 4c-0: 46a6a3_46aa03_46ab46_46ac38 (1 46.00 7 46.00 7 46.00){0.00 0.00 0.00 0.00 18.40 0}{18.40 0.00 0.00 0.00 36.80 0}{36.80 46.00 46.00 46.00 55.20 1}{55.20 0.00 0.00 0.00 73.60 0}{73.60 0.00 0.00 0.00 92.00 0}
COMM 4b-0: 46a6a3_46aa03_46ab46_46ac38 (1 4.00 7 4.00 7 4.00){0.00 0.00 0.00 0.00 1.60 0}{1.60 0.00 0.00 0.00 3.20 0}{3.20 4.00 4.00 4.00 4.80 1}{4.80 0.00 0.00 0.00 6.40 0}{6.40 0.00 0.00 0.00 8.00 0}
10 2 
12 32 
14 16 
1a 4 
1b 0 

RANKS: 1 -2 1 2 4 3 1
EVENT63: 1113 48226e_4825ee_482727_48281b_45efaf
COMP 4c-0: 48226e_4825ee_482727_48281b_45ee3e (1 17.00 7 17.00 7 17.00){0.00 0.00 0.00 0.00 6.80 0}{6.80 0.00 0.00 0.00 13.60 0}{13.60 17.00 17.00 17.00 20.40 1}{20.40 0.00 0.00 0.00 27.20 0}{27.20 0.00 0.00 0.00 34.00 0}
COMP 4c-1: 48b1c9_48b44d_48b521_48b5da_45ed69 (1 17.00 3 17.00 3 17.00){0.00 0.00 0.00 0.00 6.80 0}{6.80 0.00 0.00 0.00 13.60 0}{13.60 17.00 17.00 17.00 20.40 1}{20.40 0.00 0.00 0.00 27.20 0}{27.20 0.00 0.00 0.00 34.00 0}
COMP 4c-2: 48b1c9_48b44d_48b521_48b5da_45eeaf (4 17.00 1 17.00 1 17.00){0.00 0.00 0.00 0.00 6.80 0}{6.80 0.00 0.00 0.00 13.60 0}{13.60 17.00 17.00 17.00 20.40 4}{20.40 0.00 0.00 0.00 27.20 0}{27.20 0.00 0.00 0.00 34.00 0}
COMM 4b-0: 48226e_4825ee_482727_48281b_45ee3e (1 5.00 7 5.00 7 5.00){0.00 0.00 0.00 0.00 2.00 0}{2.00 0.00 0.00 0.00 4.00 0}{4.00 5.00 5.00 5.00 6.00 1}{6.00 0.00 0.00 0.00 8.00 0}{8.00 0.00 0.00 0.00 10.00 0}
COMM 4b-1: 48b1c9_48b44d_48b521_48b5da_45ed69 (1 3.00 3 3.00 3 3.00){0.00 0.00 0.00 0.00 1.20 0}{1.20 0.00 0.00 0.00 2.40 0}{2.40 3.00 3.00 3.00 3.60 1}{3.60 0.00 0.00 0.00 4.80 0}{4.80 0.00 0.00 0.00 6.00 0}
COMM 4b-2: 48b1c9_48b44d_48b521_48b5da_45eeaf (4 3.00 1 3.00 1 3.00){0.00 0.00 0.00 0.00 1.20 0}{1.20 0.00 0.00 0.00 2.40 0}{2.40 3.00 3.00 3.00 3.60 4}{3.60 0.00 0.00 0.00 4.80 0}{4.80 0.00 0.00 0.00 6.00 0}
10 2 
12 68 
14 16 
1a 7 
1b 0 

RANKS: 1 -1 0 8 1
EVENT64: 1004 46a6a3_46aa03_46ab46_46ac38_466922
COMP 4c-0: 48226e_4825ee_482727_48281b_45efaf (6 25.29 7 24.00 1 26.00){0.00 0.00 0.00 0.00 10.40 0}{10.40 0.00 0.00 0.00 20.80 0}{20.80 24.00 25.17 26.00 31.20 6}{31.20 0.00 0.00 0.00 41.60 0}{41.60 0.00 0.00 0.00 52.00 0}
COMP 4c-1: 48b1c9_48b44d_48b521_48b5da_45eeaf (2 25.67 4 25.00 0 26.00){0.00 0.00 0.00 0.00 10.40 0}{10.40 0.00 0.00 0.00 20.80 0}{20.80 25.00 25.50 26.00 31.20 2}{31.20 0.00 0.00 0.00 41.60 0}{41.60 0.00 0.00 0.00 52.00 0}
COMM 4b-0: 48226e_4825ee_482727_48281b_45efaf (6 95.86 1 8.00 7 227.00){0.00 0.00 0.00 0.00 3.20 0}{3.20 0.00 0.00 0.00 6.40 0}{6.40 8.00 8.00 8.00 16.00 1}{16.00 70.00 107.00 177.00 188.00 4}{188.00 227.00 227.00 227.00 266.00 1}
COMM 4b-1: 48b1c9_48b44d_48b521_48b5da_45eeaf (2 33.67 0 15.00 4 71.00){0.00 0.00 0.00 0.00 6.00 0}{6.00 0.00 0.00 0.00 12.00 0}{12.00 15.00 15.00 15.00 24.00 1}{24.00 0.00 0.00 0.00 30.00 0}{30.00 71.00 71.00 71.00 112.00 1}
10 2 
12 1 
14 16 
18 3 

RANKS: 1 -2 0 2 4 3 1
EVENT65: 1090 47a13a_47a50f_47a67a_47a79b
COMP 4c-0: 46a6a3_46aa03_46ab46_46ac38_466922 (6 46.57 0 46.00 1 47.00){0.00 0.00 0.00 0.00 18.40 0}{18.40 0.00 0.00 0.00 36.80 0}{36.80 46.00 46.67 47.00 55.20 6}{55.20 0.00 0.00 0.00 73.60 0}{73.60 0.00 0.00 0.00 92.00 0}
COMM 4b-0: 46a6a3_46aa03_46ab46_46ac38_466922 (6 1.86 0 1.00 1 3.00){0.00 0.00 0.00 0.00 0.40 0}{0.40 0.00 0.00 0.00 0.80 0}{0.80 1.00 1.00 1.00 1.60 3}{1.60 0.00 0.00 0.00 2.00 0}{2.00 3.00 3.00 3.00 4.00 3}
10 2 
12 64 
14 16 
1b 0 
2b 2147483647 

RANKS: 1 -2 0 2 4 3 1
EVENT66: 1148 48b1c9_48b44d_48b521_48b5da
COMP 4c-0: 47a13a_47a50f_47a67a_47a79b (6 15.00 0 15.00 0 15.00){0.00 0.00 0.00 0.00 6.00 0}{6.00 0.00 0.00 0.00 12.00 0}{12.00 15.00 15.00 15.00 18.00 6}{18.00 0.00 0.00 0.00 24.00 0}{24.00 0.00 0.00 0.00 30.00 0}
COMM 4b-0: 47a13a_47a50f_47a67a_47a79b (6 78.43 5 3.00 0 237.00){0.00 3.00 15.00 35.00 94.80 5}{94.80 0.00 0.00 0.00 189.60 0}{189.60 237.00 237.00 237.00 284.40 1}{284.40 0.00 0.00 0.00 379.20 0}{379.20 0.00 0.00 0.00 474.00 0}
1c 9999 

RANKS: 1 -2 1 2 4 3 1
EVENT67: 1113 48226e_4825ee_482727_48281b
COMP 4c-0: 46a6a3_46aa03_46ab46_46ac38_466922 (2 47.00 3 47.00 3 47.00){0.00 0.00 0.00 0.00 18.80 0}{18.80 0.00 0.00 0.00 37.60 0}{37.60 47.00 47.00 47.00 56.40 2}{56.40 0.00 0.00 0.00 75.20 0}{75.20 0.00 0.00 0.00 94.00 0}
COMP 4c-1: 48b1c9_48b44d_48b521_48b5da (4 16.00 1 16.00 1 16.00){0.00 0.00 0.00 0.00 6.40 0}{6.40 0.00 0.00 0.00 12.80 0}{12.80 16.00 16.00 16.00 19.20 4}{19.20 0.00 0.00 0.00 25.60 0}{25.60 0.00 0.00 0.00 32.00 0}
COMM 4b-0: 46a6a3_46aa03_46ab46_46ac38_466922 (2 6.00 3 6.00 3 6.00){0.00 0.00 0.00 0.00 2.40 0}{2.40 0.00 0.00 0.00 4.80 0}{4.80 6.00 6.00 6.00 7.20 2}{7.20 0.00 0.00 0.00 9.60 0}{9.60 0.00 0.00 0.00 12.00 0}
COMM 4b-1: 48b1c9_48b44d_48b521_48b5da (4 4.20 5 3.00 1 6.00){0.00 0.00 0.00 0.00 2.40 0}{2.40 3.00 3.00 3.00 4.80 3}{4.80 6.00 6.00 6.00 7.20 1}{7.20 0.00 0.00 0.00 9.60 0}{9.60 0.00 0.00 0.00 12.00 0}
10 2 
12 64 
14 16 
1a 7 
1b 0 

RANKS: 1 -1 0 8 1
EVENT68: 1004 46a6a3_46aa03_46ab46_46ac38_466cff
COMP 4c-0: 48226e_4825ee_482727_48281b (6 33.43 3 32.00 1 34.00){0.00 0.00 0.00 0.00 13.60 0}{13.60 0.00 0.00 0.00 27.20 0}{27.20 32.00 33.33 34.00 40.80 6}{40.80 0.00 0.00 0.00 54.40 0}{54.40 0.00 0.00 0.00 68.00 0}
COMP 4c-1: 48b1c9_48b44d_48b521_48b5da (2 34.00 0 34.00 0 34.00){0.00 0.00 0.00 0.00 13.60 0}{13.60 0.00 0.00 0.00 27.20 0}{27.20 34.00 34.00 34.00 40.80 2}{40.80 0.00 0.00 0.00 54.40 0}{54.40 0.00 0.00 0.00 68.00 0}
COMM 4b-0: 48226e_4825ee_482727_48281b (6 112.29 1 8.00 7 229.00){0.00 0.00 0.00 0.00 3.20 0}{3.20 0.00 0.00 0.00 6.40 0}{6.40 8.00 8.00 8.00 16.00 1}{16.00 122.00 135.25 168.00 228.00 4}{228.00 229.00 229.00 229.00 230.00 1}
COMM 4b-1: 48b1c9_48b44d_48b521_48b5da (2 72.67 0 53.00 4 112.00){0.00 0.00 0.00 0.00 21.20 0}{21.20 0.00 0.00 0.00 42.40 0}{42.40 53.00 53.00 53.00 84.80 1}{84.80 0.00 0.00 0.00 106.00 0}{106.00 112.00 112.00 112.00 118.00 1}
10 2 
12 1 
14 16 
18 3 

RANKS: 1 -1 0 2 3
EVENT69: 1090 47a13a_47a50f_47a67a_47a79b_45f188
COMP 4c-0: 46a6a3_46aa03_46ab46_46ac38_466cff (2 72.00 0 72.00 0 72.00){0.00 0.00 0.00 0.00 28.80 0}{28.80 0.00 0.00 0.00 57.60 0}{57.60 72.00 72.00 72.00 86.40 2}{86.40 0.00 0.00 0.00 115.20 0}{115.20 0.00 0.00 0.00 144.00 0}
COMM 4b-0: 46a6a3_46aa03_46ab46_46ac38_466cff (2 2.00 0 2.00 0 2.00){0.00 0.00 0.00 0.00 0.80 0}{0.80 0.00 0.00 0.00 1.60 0}{1.60 2.00 2.00 2.00 2.40 2}{2.40 0.00 0.00 0.00 3.20 0}{3.20 0.00 0.00 0.00 4.00 0}
10 2 
12 64 
14 16 
1b 0 
2b 2147483647 

RANKS: 1 -1 0 2 3
EVENT70: 1148 48b1c9_48b44d_48b521_48b5da_45f19d
COMP 4c-0: 47a13a_47a50f_47a67a_47a79b_45f188 (2 16.00 0 16.00 0 16.00){0.00 0.00 0.00 0.00 6.40 0}{6.40 0.00 0.00 0.00 12.80 0}{12.80 16.00 16.00 16.00 19.20 2}{19.20 0.00 0.00 0.00 25.60 0}{25.60 0.00 0.00 0.00 32.00 0}
COMM 4b-0: 47a13a_47a50f_47a67a_47a79b_45f188 (2 4.00 0 4.00 0 4.00){0.00 0.00 0.00 0.00 1.60 0}{1.60 0.00 0.00 0.00 3.20 0}{3.20 4.00 4.00 4.00 4.80 2}{4.80 0.00 0.00 0.00 6.40 0}{6.40 0.00 0.00 0.00 8.00 0}
1c 9999 

RANKS: 1 -1 4 2 3
EVENT71: 1113 48226e_4825ee_482727_48281b_45f24a
COMP 4c-0: 46a6a3_46aa03_46ab46_46ac38_466cff (2 71.00 7 71.00 7 71.00){0.00 0.00 0.00 0.00 28.40 0}{28.40 0.00 0.00 0.00 56.80 0}{56.80 71.00 71.00 71.00 85.20 2}{85.20 0.00 0.00 0.00 113.60 0}{113.60 0.00 0.00 0.00 142.00 0}
COMM 4b-0: 46a6a3_46aa03_46ab46_46ac38_466cff (2 3.67 4 3.00 7 4.00){0.00 0.00 0.00 0.00 1.60 0}{1.60 3.00 3.00 3.00 3.20 1}{3.20 4.00 4.00 4.00 4.80 1}{4.80 0.00 0.00 0.00 6.40 0}{6.40 0.00 0.00 0.00 8.00 0}
10 2 
12 64 
14 16 
1a 4 
1b 0 

RANKS: 1 -1 0 8 1
EVENT72: 1004 46a6a3_46aa03_46ab46_46ac38
COMP 4c-0: 46a6a3_46aa03_46ab46_46ac38_466cff (4 59.20 5 58.00 1 60.00){0.00 0.00 0.00 0.00 24.00 0}{24.00 0.00 0.00 0.00 48.00 0}{48.00 58.00 59.00 60.00 72.00 4}{72.00 0.00 0.00 0.00 96.00 0}{96.00 0.00 0.00 0.00 120.00 0}
COMP 4c-1: 48226e_4825ee_482727_48281b_45f24a (2 47.00 7 47.00 7 47.00){0.00 0.00 0.00 0.00 18.80 0}{18.80 0.00 0.00 0.00 37.60 0}{37.60 47.00 47.00 47.00 56.40 2}{56.40 0.00 0.00 0.00 75.20 0}{75.20 0.00 0.00 0.00 94.00 0}
COMP 4c-2: 48b1c9_48b44d_48b521_48b5da_45f19d (2 50.00 0 50.00 0 50.00){0.00 0.00 0.00 0.00 20.00 0}{20.00 0.00 0.00 0.00 40.00 0}{40.00 50.00 50.00 50.00 60.00 2}{60.00 0.00 0.00 0.00 80.00 0}{80.00 0.00 0.00 0.00 100.00 0}
COMM 4b-0: 46a6a3_46aa03_46ab46_46ac38_466cff (4 154.00 1 135.00 5 167.00){0.00 0.00 0.00 0.00 54.00 0}{54.00 0.00 0.00 0.00 108.00 0}{108.00 135.00 135.00 135.00 162.00 1}{162.00 166.00 166.67 167.00 216.00 3}{216.00 0.00 0.00 0.00 270.00 0}
COMM 4b-1: 48226e_4825ee_482727_48281b_45f24a (2 35.67 7 15.00 4 77.00){0.00 0.00 0.00 0.00 6.00 0}{6.00 0.00 0.00 0.00 12.00 0}{12.00 15.00 15.00 15.00 24.00 1}{24.00 0.00 0.00 0.00 30.00 0}{30.00 77.00 77.00 77.00 124.00 1}
COMM 4b-2: 48b1c9_48b44d_48b521_48b5da_45f19d (2 60.33 3 35.00 0 73.00){0.00 0.00 0.00 0.00 29.20 0}{29.20 35.00 35.00 35.00 58.40 1}{58.40 73.00 73.00 73.00 87.60 1}{87.60 0.00 0.00 0.00 116.80 0}{116.80 0.00 0.00 0.00 146.00 0}
10 2 
12 1 
14 16 
18 3 

RANKS: 1 -1 0 8 1
EVENT73: 1045 473003_473077_4730dd_473138
COMP 4c-0: 46a6a3_46aa03_46ab46_46ac38 (8 2841.11 0 576.00 4 3641.00){0.00 0.00 0.00 0.00 230.40 0}{230.40 0.00 0.00 0.00 460.80 0}{460.80 576.00 576.00 576.00 921.60 1}{921.60 0.00 0.00 0.00 1152.00 0}{1152.00 3355.00 3488.29 3641.00 5558.00 7}

