RANKS: 1 -1 0 4 1
EVENT0: 1084 47929c_47935b_4793f1_47944c
33 2 
34 0 

RANKS: 1 -1 0 4 1
EVENT1: 1011 46d479_46d7a8_46d8c3_46d9af
COMP 4c-0: 46d479_46d7a8_46d8c3_46d9af (32 15.79 1 14.00 0 16.00){0.00 0.00 0.00 0.00 6.00 0}{6.00 0.00 0.00 0.00 12.00 0}{12.00 14.00 15.81 16.00 18.00 32}{18.00 0.00 0.00 0.00 24.00 0}{24.00 0.00 0.00 0.00 30.00 0}
COMP 4c-1: 47929c_47935b_4793f1_47944c (4 54.80 1 24.00 0 101.00){0.00 24.00 24.00 24.00 40.40 3}{40.40 0.00 0.00 0.00 80.80 0}{80.80 101.00 101.00 101.00 121.20 1}{121.20 0.00 0.00 0.00 161.60 0}{161.60 0.00 0.00 0.00 202.00 0}
COMM 4b-0: 46d479_46d7a8_46d8c3_46d9af (32 14.15 3 2.00 3 144.00){0.00 0.00 0.00 0.00 1.60 0}{1.60 2.00 2.93 3.00 3.20 14}{3.20 4.00 4.86 6.00 6.40 7}{6.40 7.00 7.00 7.00 8.00 1}{8.00 9.00 38.10 144.00 168.00 10}
COMM 4b-1: 47929c_47935b_4793f1_47944c (4 159.00 0 18.00 3 262.00){0.00 0.00 0.00 0.00 7.20 0}{7.20 0.00 0.00 0.00 14.40 0}{14.40 18.00 18.00 18.00 28.80 1}{28.80 0.00 0.00 0.00 36.00 0}{36.00 248.00 253.00 262.00 462.00 3}
LOOP0: iter: ( 9 )[ 1 -1 0 4 1 ] mem: ( 1 )[ 1 -1 0 4 1 ]
10 2 
12 1 1 1 1 1 5 1 1 1 
14 14 14 14 16 16 16 14 14 14 
19 0 

RANKS: 1 -1 2 1 0
EVENT2: 1113 4821ca_48254a_482683_482777
COMP 4c-0: 46d479_46d7a8_46d8c3_46d9af (1 152266.00 2 152266.00 2 152266.00){0.00 0.00 0.00 0.00 60906.40 0}{60906.40 0.00 0.00 0.00 121812.80 0}{121812.80 152266.00 152266.00 152266.00 182719.20 1}{182719.20 0.00 0.00 0.00 243625.60 0}{243625.60 0.00 0.00 0.00 304532.00 0}
COMM 4b-0: 46d479_46d7a8_46d8c3_46d9af (1 934.00 2 934.00 2 934.00){0.00 0.00 0.00 0.00 373.60 0}{373.60 0.00 0.00 0.00 747.20 0}{747.20 934.00 934.00 934.00 1120.80 1}{1120.80 0.00 0.00 0.00 1494.40 0}{1494.40 0.00 0.00 0.00 1868.00 0}
10 2 
12 20480 
14 16 
1a 1 
1b 0 

RANKS: 1 -1 1 2 1
EVENT3: 1090 47a096_47a46b_47a5d6_47a6f7
COMP 4c-0: 46d479_46d7a8_46d8c3_46d9af (1 152198.00 1 152198.00 1 152198.00){0.00 0.00 0.00 0.00 60879.20 0}{60879.20 0.00 0.00 0.00 121758.40 0}{121758.40 152198.00 152198.00 152198.00 182637.60 1}{182637.60 0.00 0.00 0.00 243516.80 0}{243516.80 0.00 0.00 0.00 304396.00 0}
COMP 4c-1: 4821ca_48254a_482683_482777 (1 15.00 2 15.00 2 15.00){0.00 0.00 0.00 0.00 6.00 0}{6.00 0.00 0.00 0.00 12.00 0}{12.00 15.00 15.00 15.00 18.00 1}{18.00 0.00 0.00 0.00 24.00 0}{24.00 0.00 0.00 0.00 30.00 0}
COMP 4c-2: 48b125_48b3a9_48b47d_48b536 (1 21405.00 2 21405.00 2 21405.00){0.00 0.00 0.00 0.00 8562.00 0}{8562.00 0.00 0.00 0.00 17124.00 0}{17124.00 21405.00 21405.00 21405.00 25686.00 1}{25686.00 0.00 0.00 0.00 34248.00 0}{34248.00 0.00 0.00 0.00 42810.00 0}
COMM 4b-0: 46d479_46d7a8_46d8c3_46d9af (1 7.00 1 7.00 1 7.00){0.00 0.00 0.00 0.00 2.80 0}{2.80 0.00 0.00 0.00 5.60 0}{5.60 7.00 7.00 7.00 8.40 1}{8.40 0.00 0.00 0.00 11.20 0}{11.20 0.00 0.00 0.00 14.00 0}
COMM 4b-1: 4821ca_48254a_482683_482777 (1 5.00 2 5.00 2 5.00){0.00 0.00 0.00 0.00 2.00 0}{2.00 0.00 0.00 0.00 4.00 0}{4.00 5.00 5.00 5.00 6.00 1}{6.00 0.00 0.00 0.00 8.00 0}{8.00 0.00 0.00 0.00 10.00 0}
COMM 4b-2: 48b125_48b3a9_48b47d_48b536 (1 4.00 2 4.00 2 4.00){0.00 0.00 0.00 0.00 1.60 0}{1.60 0.00 0.00 0.00 3.20 0}{3.20 4.00 4.00 4.00 4.80 1}{4.80 0.00 0.00 0.00 6.40 0}{6.40 0.00 0.00 0.00 8.00 0}
LOOP0: iter: ( 2 )[ 1 -1 2 1 0 ] mem: ( 2 )[ 1 -1 2 1 0 ]
10 2 
12 20480 
14 16 
1b 0 
2b 2147483647 

RANKS: 1 -1 1 2 1
EVENT4: 1148 48b125_48b3a9_48b47d_48b536
COMP 4c-0: 47a096_47a46b_47a5d6_47a6f7 (3 15.75 2 15.00 1 16.00){0.00 0.00 0.00 0.00 6.40 0}{6.40 0.00 0.00 0.00 12.80 0}{12.80 15.00 15.67 16.00 19.20 3}{19.20 0.00 0.00 0.00 25.60 0}{25.60 0.00 0.00 0.00 32.00 0}
COMM 4b-0: 47a096_47a46b_47a5d6_47a6f7 (3 328.25 1 230.00 2 538.00){0.00 0.00 0.00 0.00 92.00 0}{92.00 0.00 0.00 0.00 184.00 0}{184.00 230.00 230.00 230.00 276.00 1}{276.00 315.00 315.00 315.00 460.00 1}{460.00 538.00 538.00 538.00 616.00 1}
1c 9999 

RANKS: 1 -1 1 2 1
EVENT5: 1113 4821ca_48254a_482683_482777
COMP 4c-0: 4821ca_48254a_482683_482777 (2 29445.33 1 21435.00 2 45466.00){0.00 0.00 0.00 0.00 8574.00 0}{8574.00 0.00 0.00 0.00 17148.00 0}{17148.00 21435.00 21435.00 21435.00 34296.00 1}{34296.00 0.00 0.00 0.00 42870.00 0}{42870.00 45466.00 45466.00 45466.00 48062.00 1}
COMP 4c-1: 48b125_48b3a9_48b47d_48b536 (2 156.67 1 156.00 2 158.00){0.00 0.00 0.00 0.00 62.40 0}{62.40 0.00 0.00 0.00 124.80 0}{124.80 156.00 157.00 158.00 187.20 2}{187.20 0.00 0.00 0.00 249.60 0}{249.60 0.00 0.00 0.00 312.00 0}
COMM 4b-0: 4821ca_48254a_482683_482777 (2 119.00 1 119.00 1 119.00){0.00 0.00 0.00 0.00 47.60 0}{47.60 0.00 0.00 0.00 95.20 0}{95.20 119.00 119.00 119.00 142.80 2}{142.80 0.00 0.00 0.00 190.40 0}{190.40 0.00 0.00 0.00 238.00 0}
COMM 4b-1: 48b125_48b3a9_48b47d_48b536 (2 200.00 2 108.00 1 246.00){0.00 0.00 0.00 0.00 98.40 0}{98.40 108.00 108.00 108.00 196.80 1}{196.80 246.00 246.00 246.00 295.20 1}{295.20 0.00 0.00 0.00 393.60 0}{393.60 0.00 0.00 0.00 492.00 0}
LOOP0: iter: ( 2 )[ 1 -1 1 2 1 ] mem: ( 1 )[ 1 -1 1 2 1 ]
10 2 
12 20480 
14 16 
1a ( 3 2 )[ 1 -1 1 1 0 ]
1a ( 2 1 )[ 1 -1 2 1 0 ]
1b 0 

RANKS: 1 -1 1 3 1
EVENT6: 1090 47a096_47a46b_47a5d6_47a6f7
COMP 4c-0: 46d479_46d7a8_46d8c3_46d9af (1 152205.00 3 152205.00 3 152205.00){0.00 0.00 0.00 0.00 60882.00 0}{60882.00 0.00 0.00 0.00 121764.00 0}{121764.00 152205.00 152205.00 152205.00 182646.00 1}{182646.00 0.00 0.00 0.00 243528.00 0}{243528.00 0.00 0.00 0.00 304410.00 0}
COMP 4c-1: 4821ca_48254a_482683_482777 (5 14696.67 1 16.00 3 45396.00){0.00 0.00 0.00 0.00 6.40 0}{6.40 0.00 0.00 0.00 12.80 0}{12.80 16.00 16.00 16.00 32.00 2}{32.00 21363.00 21368.00 21373.00 42694.00 2}{42694.00 45396.00 45396.00 45396.00 48098.00 1}
COMP 4c-2: 48b125_48b3a9_48b47d_48b536 (2 37433.00 2 21413.00 1 45443.00){0.00 0.00 0.00 0.00 18177.20 0}{18177.20 21413.00 21413.00 21413.00 36354.40 1}{36354.40 45443.00 45443.00 45443.00 54531.60 1}{54531.60 0.00 0.00 0.00 72708.80 0}{72708.80 0.00 0.00 0.00 90886.00 0}
COMM 4b-0: 46d479_46d7a8_46d8c3_46d9af (1 6.00 3 6.00 3 6.00){0.00 0.00 0.00 0.00 2.40 0}{2.40 0.00 0.00 0.00 4.80 0}{4.80 6.00 6.00 6.00 7.20 1}{7.20 0.00 0.00 0.00 9.60 0}{9.60 0.00 0.00 0.00 12.00 0}
COMM 4b-1: 4821ca_48254a_482683_482777 (5 3.17 1 3.00 3 4.00){0.00 0.00 0.00 0.00 1.20 0}{1.20 0.00 0.00 0.00 2.40 0}{2.40 3.00 3.00 3.00 3.60 4}{3.60 4.00 4.00 4.00 4.80 1}{4.80 0.00 0.00 0.00 6.00 0}
COMM 4b-2: 48b125_48b3a9_48b47d_48b536 (2 3.67 2 3.00 1 4.00){0.00 0.00 0.00 0.00 1.60 0}{1.60 3.00 3.00 3.00 3.20 1}{3.20 4.00 4.00 4.00 4.80 1}{4.80 0.00 0.00 0.00 6.40 0}{6.40 0.00 0.00 0.00 8.00 0}
LOOP0: iter: ( 2 )[ 1 -1 1 2 1 ]( 4 )[ 1 -1 3 1 0 ] mem: ( 2 )[ 1 -1 1 2 1 ]( 3 )[ 1 -1 3 1 0 ]
10 2 
12 20480 
14 16 
1b 0 
2b 2147483647 

RANKS: 1 -1 1 3 1
EVENT7: 1148 48b125_48b3a9_48b47d_48b536
COMP 4c-0: 47a096_47a46b_47a5d6_47a6f7 (8 15.00 3 14.00 3 16.00){0.00 0.00 0.00 0.00 6.00 0}{6.00 0.00 0.00 0.00 12.00 0}{12.00 14.00 15.00 16.00 18.00 8}{18.00 0.00 0.00 0.00 24.00 0}{24.00 0.00 0.00 0.00 30.00 0}
COMM 4b-0: 47a096_47a46b_47a5d6_47a6f7 (8 325.22 1 101.00 2 655.00){0.00 0.00 0.00 0.00 40.40 0}{40.40 0.00 0.00 0.00 80.80 0}{80.80 101.00 131.00 161.00 161.60 2}{161.60 0.00 0.00 0.00 202.00 0}{202.00 235.00 427.33 655.00 914.00 6}
1c 9999 

RANKS: 1 -1 0 4 1
EVENT8: 1113 4821ca_48254a_482683_482777
COMP 4c-0: 46d479_46d7a8_46d8c3_46d9af (1 152260.00 0 152260.00 0 152260.00){0.00 0.00 0.00 0.00 60904.00 0}{60904.00 0.00 0.00 0.00 121808.00 0}{121808.00 152260.00 152260.00 152260.00 182712.00 1}{182712.00 0.00 0.00 0.00 243616.00 0}{243616.00 0.00 0.00 0.00 304520.00 0}
COMP 4c-1: 4821ca_48254a_482683_482777 (1 21442.00 1 21442.00 1 21442.00){0.00 0.00 0.00 0.00 8576.80 0}{8576.80 0.00 0.00 0.00 17153.60 0}{17153.60 21442.00 21442.00 21442.00 25730.40 1}{25730.40 0.00 0.00 0.00 34307.20 0}{34307.20 0.00 0.00 0.00 42884.00 0}
COMP 4c-2: 48b125_48b3a9_48b47d_48b536 (9 11090.30 3 155.00 0 45521.00){0.00 155.00 156.00 158.00 8591.20 6}{8591.20 0.00 0.00 0.00 17182.40 0}{17182.40 21478.00 21484.00 21490.00 34364.80 2}{34364.80 0.00 0.00 0.00 42956.00 0}{42956.00 45521.00 45521.00 45521.00 48086.00 1}
COMM 4b-0: 46d479_46d7a8_46d8c3_46d9af (1 788.00 0 788.00 0 788.00){0.00 0.00 0.00 0.00 315.20 0}{315.20 0.00 0.00 0.00 630.40 0}{630.40 788.00 788.00 788.00 945.60 1}{945.60 0.00 0.00 0.00 1260.80 0}{1260.80 0.00 0.00 0.00 1576.00 0}
COMM 4b-1: 4821ca_48254a_482683_482777 (1 112.00 1 112.00 1 112.00){0.00 0.00 0.00 0.00 44.80 0}{44.80 0.00 0.00 0.00 89.60 0}{89.60 112.00 112.00 112.00 134.40 1}{134.40 0.00 0.00 0.00 179.20 0}{179.20 0.00 0.00 0.00 224.00 0}
COMM 4b-2: 48b125_48b3a9_48b47d_48b536 (9 127.20 3 105.00 3 265.00){0.00 0.00 0.00 0.00 47.20 0}{47.20 0.00 0.00 0.00 94.40 0}{94.40 105.00 111.12 120.00 188.80 8}{188.80 0.00 0.00 0.00 236.00 0}{236.00 265.00 265.00 265.00 294.00 1}
LOOP0: iter: ( 4 )[ 1 -1 0 1 0 ]( 2 )[ 1 -1 1 1 0 ] mem: ( 3 )[ 1 -1 0 1 0 ]( 1 )[ 1 -1 1 1 0 ]
10 2 
12 20480 
14 16 
1a ( 1 2 )[ 1 -1 0 1 0 ]
1a ( 3 2 )[ 1 -1 1 2 2 ]
1a ( 2 )[ 1 -1 2 1 0 ]
1b 0 

RANKS: 1 -1 0 2 1
EVENT9: 1090 47a096_47a46b_47a5d6_47a6f7
COMP 4c-0: 4821ca_48254a_482683_482777 (5 14.83 0 14.00 1 16.00){0.00 0.00 0.00 0.00 6.00 0}{6.00 0.00 0.00 0.00 12.00 0}{12.00 14.00 14.80 16.00 18.00 5}{18.00 0.00 0.00 0.00 24.00 0}{24.00 0.00 0.00 0.00 30.00 0}
COMM 4b-0: 4821ca_48254a_482683_482777 (5 3.17 0 2.00 0 5.00){0.00 2.00 2.00 2.00 2.00 3}{2.00 3.00 3.00 3.00 4.00 1}{4.00 5.00 5.00 5.00 6.00 1}{6.00 0.00 0.00 0.00 8.00 0}{8.00 0.00 0.00 0.00 10.00 0}
10 2 
12 20480 
14 16 
1b 0 
2b 2147483647 

RANKS: 1 -1 0 2 1
EVENT10: 1148 48b125_48b3a9_48b47d_48b536
COMP 4c-0: 47a096_47a46b_47a5d6_47a6f7 (5 15.33 0 15.00 0 16.00){0.00 0.00 0.00 0.00 6.40 0}{6.40 0.00 0.00 0.00 12.80 0}{12.80 15.00 15.20 16.00 19.20 5}{19.20 0.00 0.00 0.00 25.60 0}{25.60 0.00 0.00 0.00 32.00 0}
COMM 4b-0: 47a096_47a46b_47a5d6_47a6f7 (5 190.17 1 103.00 0 243.00){0.00 0.00 0.00 0.00 97.20 0}{97.20 103.00 144.67 176.00 194.40 3}{194.40 221.00 232.00 243.00 291.60 2}{291.60 0.00 0.00 0.00 388.80 0}{388.80 0.00 0.00 0.00 486.00 0}
1c 9999 

RANKS: 1 -1 0 4 1
EVENT11: 1004 46a5ff_46a95f_46aaa2_46ab94
COMP 4c-0: 4821ca_48254a_482683_482777 (2 44551.67 2 44549.00 3 44553.00){0.00 0.00 0.00 0.00 17821.20 0}{17821.20 0.00 0.00 0.00 35642.40 0}{35642.40 44549.00 44551.00 44553.00 53463.60 2}{53463.60 0.00 0.00 0.00 71284.80 0}{71284.80 0.00 0.00 0.00 89106.00 0}
COMP 4c-1: 48b125_48b3a9_48b47d_48b536 (2 44602.67 1 44600.00 0 44604.00){0.00 0.00 0.00 0.00 17841.60 0}{17841.60 0.00 0.00 0.00 35683.20 0}{35683.20 44600.00 44602.00 44604.00 53524.80 2}{53524.80 0.00 0.00 0.00 71366.40 0}{71366.40 0.00 0.00 0.00 89208.00 0}
COMM 4b-0: 4821ca_48254a_482683_482777 (2 425.67 2 255.00 3 511.00){0.00 0.00 0.00 0.00 204.40 0}{204.40 255.00 255.00 255.00 408.80 1}{408.80 511.00 511.00 511.00 613.20 1}{613.20 0.00 0.00 0.00 817.60 0}{817.60 0.00 0.00 0.00 1022.00 0}
COMM 4b-1: 48b125_48b3a9_48b47d_48b536 (2 198.00 0 42.00 1 510.00){0.00 0.00 0.00 0.00 16.80 0}{16.80 0.00 0.00 0.00 33.60 0}{33.60 42.00 42.00 42.00 67.20 1}{67.20 0.00 0.00 0.00 84.00 0}{84.00 510.00 510.00 510.00 936.00 1}
10 2 
12 5 
14 16 
18 3 

RANKS: 1 -1 0 4 1
EVENT12: 1010 46cf90_46d1c5_46d269_46d2e5
COMP 4c-0: 46a5ff_46a95f_46aaa2_46ab94 (4 14.40 0 14.00 3 15.00){0.00 0.00 0.00 0.00 5.60 0}{5.60 0.00 0.00 0.00 11.20 0}{11.20 14.00 14.50 15.00 16.80 4}{16.80 0.00 0.00 0.00 22.40 0}{22.40 0.00 0.00 0.00 28.00 0}
COMM 4b-0: 46a5ff_46a95f_46aaa2_46ab94 (4 182.60 2 138.00 3 302.00){0.00 0.00 0.00 0.00 64.80 0}{64.80 0.00 0.00 0.00 129.60 0}{129.60 138.00 149.67 162.00 194.40 3}{194.40 0.00 0.00 0.00 259.20 0}{259.20 302.00 302.00 302.00 324.00 1}
10 2 

RANKS: 1 -1 1 3 1
EVENT13: 1102 47d709_47dace_47dc38_47dd57
COMP 4c-0: 46cf90_46d1c5_46d269_46d2e5 (3 3331.00 1 3331.00 1 3331.00){0.00 0.00 0.00 0.00 1332.40 0}{1332.40 0.00 0.00 0.00 2664.80 0}{2664.80 3331.00 3331.00 3331.00 3997.20 3}{3997.20 0.00 0.00 0.00 5329.60 0}{5329.60 0.00 0.00 0.00 6662.00 0}
COMP 4c-1: 47d709_47dace_47dc38_47dd57 (123 696.35 3 15.00 3 1399.00){0.00 0.00 0.00 0.00 6.00 0}{6.00 0.00 0.00 0.00 12.00 0}{12.00 15.00 16.97 17.00 24.00 62}{24.00 0.00 0.00 0.00 30.00 0}{30.00 1398.00 1398.03 1399.00 2766.00 61}
COMP 4c-2: 4821ca_48254a_482683_482777 (246 730.36 1 711.00 1 750.00){0.00 0.00 0.00 0.00 298.40 0}{298.40 0.00 0.00 0.00 596.80 0}{596.80 711.00 730.30 750.00 895.20 246}{895.20 0.00 0.00 0.00 1193.60 0}{1193.60 0.00 0.00 0.00 1492.00 0}
COMM 4b-0: 46cf90_46d1c5_46d269_46d2e5 (3 302.25 1 257.00 3 405.00){0.00 0.00 0.00 0.00 102.80 0}{102.80 0.00 0.00 0.00 205.60 0}{205.60 257.00 273.50 290.00 308.40 2}{308.40 405.00 405.00 405.00 411.20 1}{411.20 0.00 0.00 0.00 514.00 0}
COMM 4b-1: 47d709_47dace_47dc38_47dd57 (123 4.73 3 1.00 3 150.00){0.00 0.00 0.00 0.00 0.80 0}{0.80 1.00 1.00 1.00 1.60 8}{1.60 2.00 2.77 4.00 4.00 75}{4.00 5.00 5.59 8.00 12.00 39}{12.00 150.00 150.00 150.00 288.00 1}
COMM 4b-2: 4821ca_48254a_482683_482777 (246 24.84 1 2.00 2 2192.00){0.00 0.00 0.00 0.00 1.60 0}{1.60 2.00 4.17 8.00 8.00 196}{8.00 9.00 37.70 90.00 92.00 43}{92.00 93.00 250.00 976.00 1860.00 6}{1860.00 2192.00 2192.00 2192.00 2524.00 1}
LOOP0: iter: ( 124 )[ 1 -1 1 3 1 ] mem: ( 2 )[ 1 -1 1 2 1 ]( 1 )[ 1 -1 3 1 0 ]
10 2 
12 155 
14 16 
1b 0 
2b ( 3 3 3 3 3 3 3 3 3 3 3 3 3 3 3 3 3 3 3 3 3 3 3 3 3 3 3 3 3 3 3 3 3 3 3 3 3 3 3 3 3 3 3 3 3 3 3 3 3 3 3 3 3 3 3 3 3 3 3 3 3 3 2 2 2 2 2 2 2 2 2 2 2 2 2 2 2 2 2 2 2 2 2 2 2 2 2 2 2 2 2 2 2 2 2 2 2 2 2 2 2 2 2 2 2 2 2 2 2 2 2 2 2 2 2 2 2 2 2 2 2 2 2 2 )[ 1 -1 1 1 0 ]
2b ( 3 2 )[ 1 -1 3 1 0 ]
2b ( 2 2 2 2 2 2 2 2 2 2 2 2 2 2 2 2 2 2 2 2 2 2 2 2 2 2 2 2 2 2 2 2 2 2 2 2 2 2 2 2 2 2 2 2 2 2 2 2 2 2 2 2 2 2 2 2 2 2 2 2 2 2 1 1 1 1 1 1 1 1 1 1 1 1 1 1 1 1 1 1 1 1 1 1 1 1 1 1 1 1 1 1 1 1 1 1 1 1 1 1 1 1 1 1 1 1 1 1 1 1 1 1 1 1 1 1 1 1 1 1 1 1 1 1 )[ 1 -1 2 1 0 ]

RANKS: 1 -1 2 1 0
EVENT14: 1113 4821ca_48254a_482683_482777
COMP 4c-0: 47d709_47dace_47dc38_47dd57 (124 660.78 2 655.00 2 666.00){0.00 0.00 0.00 0.00 266.00 0}{266.00 0.00 0.00 0.00 532.00 0}{532.00 655.00 660.74 666.00 798.00 124}{798.00 0.00 0.00 0.00 1064.00 0}{1064.00 0.00 0.00 0.00 1330.00 0}
COMM 4b-0: 47d709_47dace_47dc38_47dd57 (124 4.77 2 3.00 2 97.00){0.00 0.00 0.00 0.00 2.40 0}{2.40 3.00 3.45 4.00 4.80 104}{4.80 6.00 6.47 7.00 9.60 17}{9.60 12.00 12.00 12.00 12.00 2}{12.00 97.00 97.00 97.00 182.00 1}
10 2 
12 155 
14 16 
1a 1 1 1 1 1 1 1 1 1 1 1 1 1 1 1 1 1 1 1 1 1 1 1 1 1 1 1 1 1 1 1 1 1 1 1 1 1 1 1 1 1 1 1 1 1 1 1 1 1 1 1 1 1 1 1 1 1 1 1 1 1 1 2 2 2 2 2 2 2 2 2 2 2 2 2 2 2 2 2 2 2 2 2 2 2 2 2 2 2 2 2 2 2 2 2 2 2 2 2 2 2 2 2 2 2 2 2 2 2 2 2 2 2 2 2 2 2 2 2 2 2 2 2 2 
1b 0 

RANKS: 1 -1 0 4 1
EVENT15: 1113 4821ca_48254a_482683_482777
COMP 4c-0: 46a5ff_46a95f_46aaa2_46ab94 (1 133461.00 2 133461.00 2 133461.00){0.00 0.00 0.00 0.00 53384.40 0}{53384.40 0.00 0.00 0.00 106768.80 0}{106768.80 133461.00 133461.00 133461.00 160153.20 1}{160153.20 0.00 0.00 0.00 213537.60 0}{213537.60 0.00 0.00 0.00 266922.00 0}
COMP 4c-1: 46cf90_46d1c5_46d269_46d2e5 (1 3981.00 0 3981.00 0 3981.00){0.00 0.00 0.00 0.00 1592.40 0}{1592.40 0.00 0.00 0.00 3184.80 0}{3184.80 3981.00 3981.00 3981.00 4777.20 1}{4777.20 0.00 0.00 0.00 6369.60 0}{6369.60 0.00 0.00 0.00 7962.00 0}
COMP 4c-2: 47d709_47dace_47dc38_47dd57 (125 671.48 1 655.00 3 2000.00){0.00 0.00 0.00 0.00 266.00 0}{266.00 0.00 0.00 0.00 532.00 0}{532.00 655.00 660.82 666.00 1064.00 124}{1064.00 0.00 0.00 0.00 1330.00 0}{1330.00 2000.00 2000.00 2000.00 2670.00 1}
COMP 4c-3: 4821ca_48254a_482683_482777 (247 707.86 0 15.00 2 5808.00){0.00 0.00 0.00 0.00 6.00 0}{6.00 0.00 0.00 0.00 12.00 0}{12.00 15.00 16.96 17.00 30.00 124}{30.00 1349.00 1373.96 1398.00 2766.00 122}{2766.00 5808.00 5808.00 5808.00 8850.00 1}
COMM 4b-0: 46a5ff_46a95f_46aaa2_46ab94 (1 117.00 2 117.00 2 117.00){0.00 0.00 0.00 0.00 46.80 0}{46.80 0.00 0.00 0.00 93.60 0}{93.60 117.00 117.00 117.00 140.40 1}{140.40 0.00 0.00 0.00 187.20 0}{187.20 0.00 0.00 0.00 234.00 0}
COMM 4b-1: 46cf90_46d1c5_46d269_46d2e5 (1 6.00 0 6.00 0 6.00){0.00 0.00 0.00 0.00 2.40 0}{2.40 0.00 0.00 0.00 4.80 0}{4.80 6.00 6.00 6.00 7.20 1}{7.20 0.00 0.00 0.00 9.60 0}{9.60 0.00 0.00 0.00 12.00 0}
COMM 4b-2: 47d709_47dace_47dc38_47dd57 (125 4.83 1 3.00 1 125.00){0.00 0.00 0.00 0.00 2.00 0}{2.00 3.00 3.39 4.00 4.00 114}{4.00 5.00 7.12 10.00 10.00 8}{10.00 15.00 17.50 20.00 30.00 2}{30.00 125.00 125.00 125.00 220.00 1}
COMM 4b-3: 4821ca_48254a_482683_482777 (247 6.05 0 2.00 3 174.00){0.00 0.00 0.00 0.00 1.20 0}{1.20 2.00 2.72 3.00 3.60 177}{3.60 4.00 4.00 4.00 4.80 30}{4.80 5.00 5.67 6.00 6.00 6}{6.00 7.00 25.35 174.00 238.00 34}
LOOP0: iter: ( 124 )[ 1 -1 0 2 3 ]( 2 )[ 1 -1 2 1 0 ] mem: ( 1 )[ 1 -1 0 2 3 ]( 5 )[ 1 -1 2 1 0 ]
10 2 
12 ( 155 )[ 2 -1 0 2 1 -1 3 1 0 ]
12 ( 20480 )[ 1 -1 2 1 0 ]
14 16 
1a ( 1 2 )[ 1 -1 0 1 0 ]
1a ( 2 2 2 2 2 2 2 2 2 2 2 2 2 2 2 2 2 2 2 2 2 2 2 2 2 2 2 2 2 2 2 2 2 2 2 2 2 2 2 2 2 2 2 2 2 2 2 2 2 2 2 2 2 2 2 2 2 2 2 2 2 2 3 3 3 3 3 3 3 3 3 3 3 3 3 3 3 3 3 3 3 3 3 3 3 3 3 3 3 3 3 3 3 3 3 3 3 3 3 3 3 3 3 3 3 3 3 3 3 3 3 3 3 3 3 3 3 3 3 3 3 3 3 3 )[ 1 -1 1 1 0 ]
1a ( 3 2 )[ 1 -1 3 1 0 ]
1a ( 1 )[ 1 -1 2 1 0 ]
1b 0 

RANKS: 1 -1 0 1 0
EVENT16: 1102 47d709_47dace_47dc38_47dd57
COMP 4c-0: 47d709_47dace_47dc38_47dd57 (123 672.71 0 15.00 0 1350.00){0.00 0.00 0.00 0.00 6.00 0}{6.00 0.00 0.00 0.00 12.00 0}{12.00 15.00 16.97 17.00 24.00 62}{24.00 0.00 0.00 0.00 30.00 0}{30.00 1349.00 1349.98 1350.00 2668.00 61}
COMP 4c-1: 4821ca_48254a_482683_482777 (1 709.00 0 709.00 0 709.00){0.00 0.00 0.00 0.00 283.60 0}{283.60 0.00 0.00 0.00 567.20 0}{567.20 709.00 709.00 709.00 850.80 1}{850.80 0.00 0.00 0.00 1134.40 0}{1134.40 0.00 0.00 0.00 1418.00 0}
COMM 4b-0: 47d709_47dace_47dc38_47dd57 (123 25.95 0 1.00 0 240.00){0.00 0.00 0.00 0.00 0.80 0}{0.80 1.00 1.00 1.00 1.60 1}{1.60 2.00 2.68 4.00 4.00 75}{4.00 5.00 35.16 112.00 116.00 38}{116.00 118.00 186.44 240.00 364.00 9}
COMM 4b-1: 4821ca_48254a_482683_482777 (1 3438.00 0 3438.00 0 3438.00){0.00 0.00 0.00 0.00 1375.20 0}{1375.20 0.00 0.00 0.00 2750.40 0}{2750.40 3438.00 3438.00 3438.00 4125.60 1}{4125.60 0.00 0.00 0.00 5500.80 0}{5500.80 0.00 0.00 0.00 6876.00 0}
LOOP0: iter: ( 124 )[ 1 -1 0 1 0 ] mem: ( 1 )[ 1 -1 0 1 0 ]
10 2 
12 155 
14 16 
1b 0 
2b 1 2 

RANKS: 1 -1 1 3 1
EVENT17: 1090 47a096_47a46b_47a5d6_47a6f7
COMP 4c-0: 46a5ff_46a95f_46aaa2_46ab94 (2 133394.33 1 133392.00 3 133399.00){0.00 0.00 0.00 0.00 53356.80 0}{53356.80 0.00 0.00 0.00 106713.60 0}{106713.60 133392.00 133395.50 133399.00 160070.40 2}{160070.40 0.00 0.00 0.00 213427.20 0}{213427.20 0.00 0.00 0.00 266784.00 0}
COMP 4c-1: 4821ca_48254a_482683_482777 (6 8566.43 2 15.00 3 21369.00){0.00 15.00 15.00 15.00 2293.20 2}{2293.20 0.00 0.00 0.00 4586.40 0}{4586.40 5731.00 5732.00 5733.00 9172.80 2}{9172.80 0.00 0.00 0.00 11466.00 0}{11466.00 21369.00 21369.00 21369.00 31272.00 2}
COMP 4c-2: 48b125_48b3a9_48b47d_48b536 (2 21413.00 2 21413.00 2 21413.00){0.00 0.00 0.00 0.00 8565.20 0}{8565.20 0.00 0.00 0.00 17130.40 0}{17130.40 21413.00 21413.00 21413.00 25695.60 2}{25695.60 0.00 0.00 0.00 34260.80 0}{34260.80 0.00 0.00 0.00 42826.00 0}
COMM 4b-0: 46a5ff_46a95f_46aaa2_46ab94 (2 3.00 1 3.00 1 3.00){0.00 0.00 0.00 0.00 1.20 0}{1.20 0.00 0.00 0.00 2.40 0}{2.40 3.00 3.00 3.00 3.60 2}{3.60 0.00 0.00 0.00 4.80 0}{4.80 0.00 0.00 0.00 6.00 0}
COMM 4b-1: 4821ca_48254a_482683_482777 (6 3.14 2 2.00 2 5.00){0.00 0.00 0.00 0.00 1.20 0}{1.20 2.00 2.00 2.00 2.40 1}{2.40 3.00 3.00 3.00 3.60 4}{3.60 0.00 0.00 0.00 4.80 0}{4.80 5.00 5.00 5.00 6.00 1}
COMM 4b-2: 48b125_48b3a9_48b47d_48b536 (2 3.00 2 3.00 2 3.00){0.00 0.00 0.00 0.00 1.20 0}{1.20 0.00 0.00 0.00 2.40 0}{2.40 3.00 3.00 3.00 3.60 2}{3.60 0.00 0.00 0.00 4.80 0}{4.80 0.00 0.00 0.00 6.00 0}
LOOP0: iter: ( 2 )[ 1 -1 1 3 1 ] mem: ( 6 )[ 1 -1 1 1 0 ]( 4 )[ 1 -1 3 1 0 ]( 2 )[ 1 -1 2 1 0 ]
LOOP1: iter: ( 2 )[ 1 -1 3 1 0 ] mem: ( 3 )[ 1 -1 3 1 0 ]
10 2 
12 20480 
14 16 
1b 0 
2b 2147483647 

RANKS: 1 -1 1 3 1
EVENT18: 1148 48b125_48b3a9_48b47d_48b536
COMP 4c-0: 47a096_47a46b_47a5d6_47a6f7 (10 15.00 1 15.00 1 15.00){0.00 0.00 0.00 0.00 6.00 0}{6.00 0.00 0.00 0.00 12.00 0}{12.00 15.00 15.00 15.00 18.00 10}{18.00 0.00 0.00 0.00 24.00 0}{24.00 0.00 0.00 0.00 30.00 0}
COMM 4b-0: 47a096_47a46b_47a5d6_47a6f7 (10 297.55 2 99.00 2 791.00){0.00 99.00 111.00 123.00 168.00 5}{168.00 280.00 298.50 317.00 336.00 2}{336.00 420.00 455.00 490.00 504.00 2}{504.00 0.00 0.00 0.00 672.00 0}{672.00 791.00 791.00 791.00 840.00 1}
1c 9999 

RANKS: 1 -1 0 4 1
EVENT19: 1113 4821ca_48254a_482683_482777
COMP 4c-0: 46a5ff_46a95f_46aaa2_46ab94 (1 133455.00 0 133455.00 0 133455.00){0.00 0.00 0.00 0.00 53382.00 0}{53382.00 0.00 0.00 0.00 106764.00 0}{106764.00 133455.00 133455.00 133455.00 160146.00 1}{160146.00 0.00 0.00 0.00 213528.00 0}{213528.00 0.00 0.00 0.00 266910.00 0}
COMP 4c-1: 47d709_47dace_47dc38_47dd57 (1 6446.00 0 6446.00 0 6446.00){0.00 0.00 0.00 0.00 2578.40 0}{2578.40 0.00 0.00 0.00 5156.80 0}{5156.80 6446.00 6446.00 6446.00 7735.20 1}{7735.20 0.00 0.00 0.00 10313.60 0}{10313.60 0.00 0.00 0.00 12892.00 0}
COMP 4c-2: 4821ca_48254a_482683_482777 (2 21442.00 1 21442.00 1 21442.00){0.00 0.00 0.00 0.00 8576.80 0}{8576.80 0.00 0.00 0.00 17153.60 0}{17153.60 21442.00 21442.00 21442.00 25730.40 2}{25730.40 0.00 0.00 0.00 34307.20 0}{34307.20 0.00 0.00 0.00 42884.00 0}
COMP 4c-3: 48b125_48b3a9_48b47d_48b536 (10 5972.73 1 155.00 0 21485.00){0.00 155.00 155.62 157.00 8594.00 8}{8594.00 0.00 0.00 0.00 17188.00 0}{17188.00 21485.00 21485.00 21485.00 25782.00 2}{25782.00 0.00 0.00 0.00 34376.00 0}{34376.00 0.00 0.00 0.00 42970.00 0}
COMM 4b-0: 46a5ff_46a95f_46aaa2_46ab94 (1 197.00 0 197.00 0 197.00){0.00 0.00 0.00 0.00 78.80 0}{78.80 0.00 0.00 0.00 157.60 0}{157.60 197.00 197.00 197.00 236.40 1}{236.40 0.00 0.00 0.00 315.20 0}{315.20 0.00 0.00 0.00 394.00 0}
COMM 4b-1: 47d709_47dace_47dc38_47dd57 (1 120.00 0 120.00 0 120.00){0.00 0.00 0.00 0.00 48.00 0}{48.00 0.00 0.00 0.00 96.00 0}{96.00 120.00 120.00 120.00 144.00 1}{144.00 0.00 0.00 0.00 192.00 0}{192.00 0.00 0.00 0.00 240.00 0}
COMM 4b-2: 4821ca_48254a_482683_482777 (2 113.33 1 113.00 1 114.00){0.00 0.00 0.00 0.00 45.20 0}{45.20 0.00 0.00 0.00 90.40 0}{90.40 113.00 113.50 114.00 135.60 2}{135.60 0.00 0.00 0.00 180.80 0}{180.80 0.00 0.00 0.00 226.00 0}
COMM 4b-3: 48b125_48b3a9_48b47d_48b536 (10 122.55 2 103.00 3 162.00){0.00 0.00 0.00 0.00 45.20 0}{45.20 0.00 0.00 0.00 90.40 0}{90.40 103.00 108.57 117.00 135.60 7}{135.60 156.00 158.33 162.00 180.80 3}{180.80 0.00 0.00 0.00 226.00 0}
LOOP0: iter: ( 2 )[ 1 -1 0 2 1 ] mem: ( 4 )[ 1 -1 0 1 0 ]( 1 )[ 1 -1 1 1 0 ]
LOOP1: iter: ( 2 )[ 1 -1 0 1 0 ] mem: ( 3 )[ 1 -1 0 1 0 ]
10 2 
12 20480 
14 16 
1a ( 1 2 )[ 1 -1 0 1 0 ]
1a ( 3 2 )[ 1 -1 1 2 2 ]
1a ( 2 )[ 1 -1 2 1 0 ]
1b 0 

RANKS: 1 -1 0 2 1
EVENT20: 1090 47a096_47a46b_47a5d6_47a6f7
COMP 4c-0: 4821ca_48254a_482683_482777 (6 15.14 0 14.00 1 16.00){0.00 0.00 0.00 0.00 6.00 0}{6.00 0.00 0.00 0.00 12.00 0}{12.00 14.00 15.17 16.00 18.00 6}{18.00 0.00 0.00 0.00 24.00 0}{24.00 0.00 0.00 0.00 30.00 0}
COMM 4b-0: 4821ca_48254a_482683_482777 (6 3.00 0 2.00 0 4.00){0.00 0.00 0.00 0.00 1.60 0}{1.60 2.00 2.60 3.00 3.20 5}{3.20 4.00 4.00 4.00 4.80 1}{4.80 0.00 0.00 0.00 6.40 0}{6.40 0.00 0.00 0.00 8.00 0}
10 2 
12 20480 
14 16 
1b 0 
2b 2147483647 

RANKS: 1 -1 0 2 1
EVENT21: 1148 48b125_48b3a9_48b47d_48b536
COMP 4c-0: 47a096_47a46b_47a5d6_47a6f7 (6 15.00 0 15.00 0 15.00){0.00 0.00 0.00 0.00 6.00 0}{6.00 0.00 0.00 0.00 12.00 0}{12.00 15.00 15.00 15.00 18.00 6}{18.00 0.00 0.00 0.00 24.00 0}{24.00 0.00 0.00 0.00 30.00 0}
COMM 4b-0: 47a096_47a46b_47a5d6_47a6f7 (6 126.71 0 98.00 0 190.00){0.00 0.00 0.00 0.00 39.20 0}{39.20 0.00 0.00 0.00 78.40 0}{78.40 98.00 99.00 101.00 117.60 3}{117.60 133.00 133.00 133.00 156.80 1}{156.80 169.00 179.50 190.00 196.00 2}
1c 9999 

RANKS: 1 -1 0 4 1
EVENT22: 1004 46a5ff_46a95f_46aaa2_46ab94
COMP 4c-0: 4821ca_48254a_482683_482777 (4 43002.40 2 41968.00 3 44552.00){0.00 0.00 0.00 0.00 16788.80 0}{16788.80 0.00 0.00 0.00 33577.60 0}{33577.60 41968.00 43260.00 44552.00 50366.40 4}{50366.40 0.00 0.00 0.00 67155.20 0}{67155.20 0.00 0.00 0.00 83944.00 0}
COMP 4c-1: 48b125_48b3a9_48b47d_48b536 (4 43053.40 1 42019.00 0 44603.00){0.00 0.00 0.00 0.00 16809.20 0}{16809.20 0.00 0.00 0.00 33618.40 0}{33618.40 42019.00 43311.00 44603.00 50427.60 4}{50427.60 0.00 0.00 0.00 67236.80 0}{67236.80 0.00 0.00 0.00 84046.00 0}
COMM 4b-0: 4821ca_48254a_482683_482777 (4 250.60 2 143.00 3 360.00){0.00 143.00 143.00 143.00 144.00 1}{144.00 187.00 195.00 203.00 288.00 2}{288.00 360.00 360.00 360.00 432.00 1}{432.00 0.00 0.00 0.00 576.00 0}{576.00 0.00 0.00 0.00 720.00 0}
COMM 4b-1: 48b125_48b3a9_48b47d_48b536 (4 138.20 0 25.00 1 407.00){0.00 0.00 0.00 0.00 10.00 0}{10.00 0.00 0.00 0.00 20.00 0}{20.00 25.00 26.00 27.00 50.00 2}{50.00 207.00 207.00 207.00 364.00 1}{364.00 407.00 407.00 407.00 450.00 1}
10 2 
12 1 5 
14 16 
18 1 3 

RANKS: 1 -1 0 4 1
EVENT23: 1010 46cf90_46d1c5_46d269_46d2e5
COMP 4c-0: 46a5ff_46a95f_46aaa2_46ab94 (4 21.40 3 20.00 3 23.00){0.00 0.00 0.00 0.00 8.40 0}{8.40 0.00 0.00 0.00 16.80 0}{16.80 20.00 21.50 23.00 25.20 4}{25.20 0.00 0.00 0.00 33.60 0}{33.60 0.00 0.00 0.00 42.00 0}
COMM 4b-0: 46a5ff_46a95f_46aaa2_46ab94 (4 98.80 1 13.00 0 129.00){0.00 13.00 13.00 13.00 51.60 1}{51.60 0.00 0.00 0.00 103.20 0}{103.20 110.00 117.33 129.00 154.80 3}{154.80 0.00 0.00 0.00 206.40 0}{206.40 0.00 0.00 0.00 258.00 0}
10 2 

RANKS: 1 -1 2 1 0
EVENT24: 1102 47d709_47dace_47dc38_47dd57
COMP 4c-0: 46cf90_46d1c5_46d269_46d2e5 (1 3326.00 2 3326.00 2 3326.00){0.00 0.00 0.00 0.00 1330.40 0}{1330.40 0.00 0.00 0.00 2660.80 0}{2660.80 3326.00 3326.00 3326.00 3991.20 1}{3991.20 0.00 0.00 0.00 5321.60 0}{5321.60 0.00 0.00 0.00 6652.00 0}
COMP 4c-1: 4821ca_48254a_482683_482777 (123 730.41 2 711.00 2 750.00){0.00 0.00 0.00 0.00 298.40 0}{298.40 0.00 0.00 0.00 596.80 0}{596.80 711.00 730.28 750.00 895.20 123}{895.20 0.00 0.00 0.00 1193.60 0}{1193.60 0.00 0.00 0.00 1492.00 0}
COMM 4b-0: 46cf90_46d1c5_46d269_46d2e5 (1 482.00 2 482.00 2 482.00){0.00 0.00 0.00 0.00 192.80 0}{192.80 0.00 0.00 0.00 385.60 0}{385.60 482.00 482.00 482.00 578.40 1}{578.40 0.00 0.00 0.00 771.20 0}{771.20 0.00 0.00 0.00 964.00 0}
COMM 4b-1: 4821ca_48254a_482683_482777 (123 34.30 2 2.00 2 1486.00){0.00 2.00 3.24 4.00 4.00 55}{4.00 5.00 5.89 8.00 8.00 19}{8.00 9.00 11.25 14.00 16.00 4}{16.00 0.00 0.00 0.00 20.00 0}{20.00 23.00 86.84 1486.00 2952.00 45}
LOOP0: iter: ( 124 )[ 1 -1 2 1 0 ] mem: ( 2 )[ 1 -1 2 1 0 ]
10 2 
12 155 
14 16 
1b 0 
2b 2 2 2 2 2 2 2 2 2 2 2 2 2 2 2 2 2 2 2 2 2 2 2 2 2 2 2 2 2 2 2 2 2 2 2 2 2 2 2 2 2 2 2 2 2 2 2 2 2 2 2 2 2 2 2 2 2 2 2 2 2 2 1 1 1 1 1 1 1 1 1 1 1 1 1 1 1 1 1 1 1 1 1 1 1 1 1 1 1 1 1 1 1 1 1 1 1 1 1 1 1 1 1 1 1 1 1 1 1 1 1 1 1 1 1 1 1 1 1 1 1 1 1 1 

RANKS: 1 -1 0 2 2
EVENT25: 1113 4821ca_48254a_482683_482777
COMP 4c-0: 46cf90_46d1c5_46d269_46d2e5 (1 3980.00 0 3980.00 0 3980.00){0.00 0.00 0.00 0.00 1592.00 0}{1592.00 0.00 0.00 0.00 3184.00 0}{3184.00 3980.00 3980.00 3980.00 4776.00 1}{4776.00 0.00 0.00 0.00 6368.00 0}{6368.00 0.00 0.00 0.00 7960.00 0}
COMP 4c-1: 47d709_47dace_47dc38_47dd57 (124 660.50 2 655.00 2 666.00){0.00 0.00 0.00 0.00 266.00 0}{266.00 0.00 0.00 0.00 532.00 0}{532.00 655.00 660.46 666.00 798.00 124}{798.00 0.00 0.00 0.00 1064.00 0}{1064.00 0.00 0.00 0.00 1330.00 0}
COMP 4c-2: 4821ca_48254a_482683_482777 (30627 702.43 0 15.00 0 1399.00){0.00 0.00 0.00 0.00 6.00 0}{6.00 0.00 0.00 0.00 12.00 0}{12.00 15.00 17.26 18.00 24.00 15438}{24.00 0.00 0.00 0.00 30.00 0}{30.00 1398.00 1398.87 1399.00 2766.00 15189}
COMP 4c-3: 48b125_48b3a9_48b47d_48b536 (248 45997.79 0 45984.00 0 46003.00){0.00 0.00 0.00 0.00 18393.60 0}{18393.60 0.00 0.00 0.00 36787.20 0}{36787.20 45984.00 45997.84 46003.00 55180.80 248}{55180.80 0.00 0.00 0.00 73574.40 0}{73574.40 0.00 0.00 0.00 91968.00 0}
COMM 4b-0: 46cf90_46d1c5_46d269_46d2e5 (1 9.00 0 9.00 0 9.00){0.00 0.00 0.00 0.00 3.60 0}{3.60 0.00 0.00 0.00 7.20 0}{7.20 9.00 9.00 9.00 10.80 1}{10.80 0.00 0.00 0.00 14.40 0}{14.40 0.00 0.00 0.00 18.00 0}
COMM 4b-1: 47d709_47dace_47dc38_47dd57 (124 3.65 2 3.00 2 12.00){0.00 0.00 0.00 0.00 2.00 0}{2.00 3.00 3.51 4.00 4.00 120}{4.00 5.00 6.00 7.00 8.00 3}{8.00 0.00 0.00 0.00 10.00 0}{10.00 12.00 12.00 12.00 14.00 1}
COMM 4b-2: 4821ca_48254a_482683_482777 (30627 3.37 0 2.00 0 62.00){0.00 0.00 0.00 0.00 1.60 0}{1.60 2.00 2.00 2.00 2.40 2087}{2.40 2.71 3.11 4.00 4.00 27312}{4.00 4.00 11.38 30.00 32.00 1216}{32.00 33.00 43.75 62.00 92.00 12}
COMM 4b-3: 48b125_48b3a9_48b47d_48b536 (248 11.47 0 10.00 0 27.00){0.00 0.00 0.00 0.00 4.40 0}{4.40 0.00 0.00 0.00 8.80 0}{8.80 10.00 10.65 13.00 13.20 205}{13.20 14.00 15.10 17.00 22.00 42}{22.00 27.00 27.00 27.00 32.00 1}
LOOP0: iter: ( 249 )[ 1 -1 0 1 0 ] mem: ( 5 )[ 1 -1 0 1 0 ]
LOOP1: iter: ( 124 )[ 1 -1 0 1 0 ] mem: ( 1 )[ 1 -1 0 1 0 ]
10 2 
12 155 
14 16 
1a ( 1 2 )[ 1 -1 0 1 0 ]
1a ( 1 1 1 1 1 1 1 1 1 1 1 1 1 1 1 1 1 1 1 1 1 1 1 1 1 1 1 1 1 1 1 1 1 1 1 1 1 1 1 1 1 1 1 1 1 1 1 1 1 1 1 1 1 1 1 1 1 1 1 1 1 1 2 2 2 2 2 2 2 2 2 2 2 2 2 2 2 2 2 2 2 2 2 2 2 2 2 2 2 2 2 2 2 2 2 2 2 2 2 2 2 2 2 2 2 2 2 2 2 2 2 2 2 2 2 2 2 2 2 2 2 2 2 2 )[ 1 -1 2 1 0 ]
1b 0 

RANKS: 2 -1 0 2 1 -1 3 1 0
EVENT26: 1102 47d709_47dace_47dc38_47dd57
COMP 4c-0: 46cf90_46d1c5_46d269_46d2e5 (2 3326.00 1 3326.00 1 3326.00){0.00 0.00 0.00 0.00 1330.40 0}{1330.40 0.00 0.00 0.00 2660.80 0}{2660.80 3326.00 3326.00 3326.00 3991.20 2}{3991.20 0.00 0.00 0.00 5321.60 0}{5321.60 0.00 0.00 0.00 6652.00 0}
COMP 4c-1: 47d709_47dace_47dc38_47dd57 (61254 690.49 0 15.00 3 1399.00){0.00 0.00 0.00 0.00 6.00 0}{6.00 0.00 0.00 0.00 12.00 0}{12.00 15.00 17.56 18.00 24.00 30876}{24.00 0.00 0.00 0.00 30.00 0}{30.00 1349.00 1374.47 1399.00 2668.00 30378}
COMP 4c-2: 4821ca_48254a_482683_482777 (31124 1085.24 1 708.00 3 45299.00){0.00 0.00 0.00 0.00 284.00 0}{284.00 0.00 0.00 0.00 568.00 0}{568.00 708.00 730.14 750.00 1136.00 30876}{1136.00 0.00 0.00 0.00 1420.00 0}{1420.00 45283.00 45297.63 45299.00 89178.00 248}
COMP 4c-3: 48b125_48b3a9_48b47d_48b536 (248 45344.19 1 45330.00 1 45345.00){0.00 0.00 0.00 0.00 18132.00 0}{18132.00 0.00 0.00 0.00 36264.00 0}{36264.00 45330.00 45344.25 45345.00 54396.00 248}{54396.00 0.00 0.00 0.00 72528.00 0}{72528.00 0.00 0.00 0.00 90660.00 0}
COMM 4b-0: 46cf90_46d1c5_46d269_46d2e5 (2 514.00 1 387.00 3 768.00){0.00 0.00 0.00 0.00 154.80 0}{154.80 0.00 0.00 0.00 309.60 0}{309.60 387.00 387.00 387.00 464.40 1}{464.40 0.00 0.00 0.00 619.20 0}{619.20 768.00 768.00 768.00 774.00 1}
COMM 4b-1: 47d709_47dace_47dc38_47dd57 (61254 21.26 0 1.00 3 344.00){0.00 1.00 13.13 138.00 138.00 57974}{138.00 139.00 164.69 269.00 270.00 3273}{270.00 275.00 275.00 275.00 280.00 1}{280.00 290.00 295.00 299.00 312.00 3}{312.00 329.00 334.67 344.00 376.00 3}
COMM 4b-2: 4821ca_48254a_482683_482777 (31124 85.17 1 2.00 0 10997.00){0.00 2.00 27.57 1245.00 1286.80 30598}{1286.80 1298.00 1942.52 2552.00 2573.60 75}{2573.60 2579.18 2994.42 6399.00 6434.00 396}{6434.00 6504.00 8353.76 10273.00 10274.00 49}{10274.00 10310.00 10572.50 10997.00 11622.00 6}
COMM 4b-3: 48b125_48b3a9_48b47d_48b536 (248 948.04 1 15.00 1 1905.00){0.00 15.00 155.46 318.00 318.80 13}{318.80 340.00 531.43 637.00 637.60 42}{637.60 642.00 822.46 952.00 956.40 79}{956.40 957.00 1217.78 1556.00 1594.00 101}{1594.00 1614.00 1765.62 1905.00 1914.00 13}
LOOP0: iter: ( 124 )[ 1 -1 0 1 0 ]( 249 )[ 1 -1 1 2 2 ] mem: ( 1 )[ 1 -1 0 1 0 ]( 7 )[ 1 -1 1 1 0 ]( 5 )[ 1 -1 3 1 0 ]
LOOP1: iter: ( 124 )[ 1 -1 1 2 2 ] mem: ( 2 )[ 1 -1 1 1 0 ]( 1 )[ 1 -1 3 1 0 ]
10 2 
12 155 
14 16 
1b 0 
2b ( 1 2 )[ 1 -1 0 1 0 ]
2b ( 3 3 3 3 3 3 3 3 3 3 3 3 3 3 3 3 3 3 3 3 3 3 3 3 3 3 3 3 3 3 3 3 3 3 3 3 3 3 3 3 3 3 3 3 3 3 3 3 3 3 3 3 3 3 3 3 3 3 3 3 3 3 2 2 2 2 2 2 2 2 2 2 2 2 2 2 2 2 2 2 2 2 2 2 2 2 2 2 2 2 2 2 2 2 2 2 2 2 2 2 2 2 2 2 2 2 2 2 2 2 2 2 2 2 2 2 2 2 2 2 2 2 2 2 )[ 1 -1 1 1 0 ]
2b ( 3 2 )[ 1 -1 3 1 0 ]

RANKS: 1 -1 0 4 1
EVENT27: 1113 4821ca_48254a_482683_482777
COMP 4c-0: 47d709_47dace_47dc38_47dd57 (31374 717.14 1 655.00 0 6447.00){0.00 655.00 671.13 2000.00 2578.40 31125}{2578.40 0.00 0.00 0.00 5156.80 0}{5156.80 6446.00 6446.10 6447.00 7735.20 249}{7735.20 0.00 0.00 0.00 10313.60 0}{10313.60 0.00 0.00 0.00 12892.00 0}
COMP 4c-1: 4821ca_48254a_482683_482777 (30628 678.27 3 15.00 2 5807.00){0.00 0.00 0.00 0.00 6.00 0}{6.00 0.00 0.00 0.00 12.00 0}{12.00 15.00 17.12 18.00 30.00 15438}{30.00 1349.00 1349.97 1351.00 2668.00 15189}{2668.00 5807.00 5807.00 5807.00 8946.00 1}
COMP 4c-2: 48b125_48b3a9_48b47d_48b536 (249 21485.05 0 21485.00 0 21486.00){0.00 0.00 0.00 0.00 8594.00 0}{8594.00 0.00 0.00 0.00 17188.00 0}{17188.00 21485.00 21485.05 21486.00 25782.00 249}{25782.00 0.00 0.00 0.00 34376.00 0}{34376.00 0.00 0.00 0.00 42970.00 0}
COMM 4b-0: 47d709_47dace_47dc38_47dd57 (31374 4.51 1 2.00 0 166.00){0.00 2.00 3.60 28.00 45.60 31123}{45.60 74.00 74.00 74.00 91.20 1}{91.20 111.00 116.80 136.00 136.80 249}{136.80 166.00 166.00 166.00 182.40 1}{182.40 0.00 0.00 0.00 228.00 0}
COMM 4b-1: 4821ca_48254a_482683_482777 (30628 3.58 3 2.00 2 114.00){0.00 2.00 3.22 6.00 6.00 29121}{6.00 6.19 10.34 28.00 28.00 1499}{28.00 29.00 29.75 31.00 32.00 4}{32.00 34.00 34.50 35.00 38.00 2}{38.00 87.00 100.50 114.00 136.00 2}
COMM 4b-2: 48b125_48b3a9_48b47d_48b536 (249 118.88 0 109.00 0 558.00){0.00 0.00 0.00 0.00 44.80 0}{44.80 0.00 0.00 0.00 89.60 0}{89.60 109.00 114.16 173.00 179.20 243}{179.20 192.00 198.67 210.00 224.00 3}{224.00 306.00 423.67 558.00 892.00 3}
LOOP0: iter: ( 2 )[ 1 -1 0 1 0 ]( 124 )[ 1 -1 3 1 0 ] mem: ( 3 )[ 1 -1 0 1 0 ]( 1 )[ 1 -1 3 1 0 ]
10 2 
12 ( 20480 )[ 1 -1 0 2 2 ]
12 ( 155 )[ 1 -1 1 2 2 ]
14 16 
1a ( 1 2 )[ 1 -1 0 1 0 ]
1a ( 2 2 2 2 2 2 2 2 2 2 2 2 2 2 2 2 2 2 2 2 2 2 2 2 2 2 2 2 2 2 2 2 2 2 2 2 2 2 2 2 2 2 2 2 2 2 2 2 2 2 2 2 2 2 2 2 2 2 2 2 2 2 3 3 3 3 3 3 3 3 3 3 3 3 3 3 3 3 3 3 3 3 3 3 3 3 3 3 3 3 3 3 3 3 3 3 3 3 3 3 3 3 3 3 3 3 3 3 3 3 3 3 3 3 3 3 3 3 3 3 3 3 3 3 )[ 1 -1 1 1 0 ]
1a ( 3 2 )[ 1 -1 3 1 0 ]
1a ( 1 )[ 1 -1 2 1 0 ]
1b 0 

RANKS: 1 -1 0 4 1
EVENT28: 1090 47a096_47a46b_47a5d6_47a6f7
COMP 4c-0: 4821ca_48254a_482683_482777 (1493 5481.44 0 14.00 3 21369.00){0.00 0.00 0.00 0.00 5.60 0}{5.60 0.00 0.00 0.00 11.20 0}{11.20 14.00 15.89 25.00 28.00 597}{28.00 28.06 4418.68 5733.00 11434.00 647}{11434.00 21369.00 21369.00 21369.00 31304.00 249}
COMP 4c-1: 48b125_48b3a9_48b47d_48b536 (248 21413.00 2 21413.00 2 21413.00){0.00 0.00 0.00 0.00 8565.20 0}{8565.20 0.00 0.00 0.00 17130.40 0}{17130.40 21413.00 21413.00 21413.00 25695.60 248}{25695.60 0.00 0.00 0.00 34260.80 0}{34260.80 0.00 0.00 0.00 42826.00 0}
COMM 4b-0: 4821ca_48254a_482683_482777 (1493 3.04 0 1.00 2 12.00){0.00 1.00 1.00 1.00 1.20 6}{1.20 2.00 2.63 3.00 3.60 1079}{3.60 4.00 4.07 6.00 6.00 398}{6.00 7.00 7.78 8.00 10.00 9}{10.00 12.00 12.00 12.00 14.00 1}
COMM 4b-1: 48b125_48b3a9_48b47d_48b536 (248 3.22 2 2.00 2 8.00){0.00 0.00 0.00 0.00 1.20 0}{1.20 2.00 2.91 3.00 3.60 211}{3.60 4.00 4.00 4.00 4.80 24}{4.80 5.00 5.50 6.00 6.00 2}{6.00 7.00 7.09 8.00 8.00 11}
LOOP0: iter: ( 2 )[ 1 -1 3 1 0 ]( 248 )[ 1 -1 2 1 0 ] mem: ( 3 )[ 1 -1 3 1 0 ]( 5 )[ 1 -1 2 1 0 ]
LOOP1: iter: ( 2 )[ 1 -1 2 1 0 ] mem: ( 2 )[ 1 -1 2 1 0 ]
10 2 
12 20480 
14 16 
1b 0 
2b 2147483647 

RANKS: 1 -1 0 4 1
EVENT29: 1148 48b125_48b3a9_48b47d_48b536
COMP 4c-0: 47a096_47a46b_47a5d6_47a6f7 (1741 14.61 0 14.00 0 15.00){0.00 0.00 0.00 0.00 6.00 0}{6.00 0.00 0.00 0.00 12.00 0}{12.00 14.00 14.61 15.00 18.00 1741}{18.00 0.00 0.00 0.00 24.00 0}{24.00 0.00 0.00 0.00 30.00 0}
COMM 4b-0: 47a096_47a46b_47a5d6_47a6f7 (1741 740.01 0 95.00 3 11841.00){0.00 0.00 0.00 0.00 66.40 0}{66.40 95.00 127.12 323.00 332.00 840}{332.00 333.00 457.23 719.00 1042.00 629}{1042.00 1638.00 2754.75 4334.82 4929.29 233}{4929.29 6299.08 6479.31 11841.00 18752.71 39}
1c 9999 

RANKS: 1 -1 2 1 0
EVENT30: 1113 4821ca_48254a_482683_482777
COMP 4c-0: 47d709_47dace_47dc38_47dd57 (30504 663.94 2 656.00 2 669.00){0.00 0.00 0.00 0.00 266.00 0}{266.00 0.00 0.00 0.00 532.00 0}{532.00 656.00 663.94 669.00 798.00 30504}{798.00 0.00 0.00 0.00 1064.00 0}{1064.00 0.00 0.00 0.00 1330.00 0}
COMP 4c-1: 48b125_48b3a9_48b47d_48b536 (248 157.84 2 157.00 2 158.00){0.00 0.00 0.00 0.00 62.80 0}{62.80 0.00 0.00 0.00 125.60 0}{125.60 157.00 157.85 158.00 188.40 248}{188.40 0.00 0.00 0.00 251.20 0}{251.20 0.00 0.00 0.00 314.00 0}
COMM 4b-0: 47d709_47dace_47dc38_47dd57 (30504 4.16 2 3.00 2 71.00){0.00 3.00 3.47 6.00 6.40 27152}{6.40 7.00 9.25 12.00 12.80 3126}{12.80 13.00 13.67 16.00 16.00 170}{16.00 17.00 21.70 27.00 28.00 54}{28.00 44.00 57.50 71.00 114.00 2}
COMM 4b-1: 48b125_48b3a9_48b47d_48b536 (248 108.04 2 103.00 2 195.00){0.00 0.00 0.00 0.00 42.00 0}{42.00 0.00 0.00 0.00 84.00 0}{84.00 103.00 106.14 126.00 126.00 235}{126.00 127.00 138.17 159.00 168.00 12}{168.00 195.00 195.00 195.00 210.00 1}
LOOP0: iter: ( 124 )[ 1 -1 2 1 0 ] mem: ( 2 )[ 1 -1 2 1 0 ]
10 2 
12 20480 155 155 155 155 155 155 155 155 155 155 155 155 155 155 155 155 155 155 155 155 155 155 155 155 155 155 155 155 155 155 155 155 155 155 155 155 155 155 155 155 155 155 155 155 155 155 155 155 155 155 155 155 155 155 155 155 155 155 155 155 155 155 155 155 155 155 155 155 155 155 155 155 155 155 155 155 155 155 155 155 155 155 155 155 155 155 155 155 155 155 155 155 155 155 155 155 155 155 155 155 155 155 155 155 155 155 155 155 155 155 155 155 155 155 155 155 155 155 155 155 155 155 155 
14 16 
1a 2 1 1 1 1 1 1 1 1 1 1 1 1 1 1 1 1 1 1 1 1 1 1 1 1 1 1 1 1 1 1 1 1 1 1 1 1 1 1 1 1 1 1 1 1 1 1 1 1 1 1 1 1 1 1 1 1 1 1 1 1 1 1 2 2 2 2 2 2 2 2 2 2 2 2 2 2 2 2 2 2 2 2 2 2 2 2 2 2 2 2 2 2 2 2 2 2 2 2 2 2 2 2 2 2 2 2 2 2 2 2 2 2 2 2 2 2 2 2 2 2 2 2 2 
1b 0 

RANKS: 1 -1 2 1 0
EVENT31: 1102 47d709_47dace_47dc38_47dd57
COMP 4c-0: 4821ca_48254a_482683_482777 (30752 1087.53 2 707.00 2 45280.00){0.00 707.00 726.79 747.00 18112.00 30504}{18112.00 0.00 0.00 0.00 36224.00 0}{36224.00 45279.00 45279.42 45280.00 54336.00 248}{54336.00 0.00 0.00 0.00 72448.00 0}{72448.00 0.00 0.00 0.00 90560.00 0}
COMM 4b-0: 4821ca_48254a_482683_482777 (30752 35.75 2 2.00 2 8087.00){0.00 2.00 13.11 55.00 55.60 29370}{55.60 56.00 76.87 111.00 111.20 816}{111.20 115.00 155.80 215.00 222.40 59}{222.40 237.00 250.60 267.00 278.00 5}{278.00 280.00 1276.96 8087.00 12600.00 502}
10 2 
12 155 
14 16 
1b 0 
2b 2 2 2 2 2 2 2 2 2 2 2 2 2 2 2 2 2 2 2 2 2 2 2 2 2 2 2 2 2 2 2 2 2 2 2 2 2 2 2 2 2 2 2 2 2 2 2 2 2 2 2 2 2 2 2 2 2 2 2 2 2 2 1 1 1 1 1 1 1 1 1 1 1 1 1 1 1 1 1 1 1 1 1 1 1 1 1 1 1 1 1 1 1 1 1 1 1 1 1 1 1 1 1 1 1 1 1 1 1 1 1 1 1 1 1 1 1 1 1 1 1 1 1 1 

RANKS: 1 -1 0 4 1
EVENT32: 1113 4821ca_48254a_482683_482777
COMP 4c-0: 47d709_47dace_47dc38_47dd57 (248 658.94 2 656.00 2 660.00){0.00 0.00 0.00 0.00 263.60 0}{263.60 0.00 0.00 0.00 527.20 0}{527.20 656.00 658.94 660.00 790.80 248}{790.80 0.00 0.00 0.00 1054.40 0}{1054.40 0.00 0.00 0.00 1318.00 0}
COMP 4c-1: 4821ca_48254a_482683_482777 (620 11054.37 0 15.00 1 21442.00){0.00 0.00 0.00 0.00 6.00 0}{6.00 0.00 0.00 0.00 12.00 0}{12.00 15.00 17.26 18.00 30.00 62}{30.00 1398.00 1398.98 1399.00 2766.00 61}{2766.00 5804.00 13638.51 21442.00 40116.00 497}
COMP 4c-2: 48b125_48b3a9_48b47d_48b536 (748 277.63 1 155.00 0 46003.00){0.00 155.00 155.21 156.00 18401.20 747}{18401.20 0.00 0.00 0.00 36802.40 0}{36802.40 46003.00 46003.00 46003.00 55203.60 1}{55203.60 0.00 0.00 0.00 73604.80 0}{73604.80 0.00 0.00 0.00 92006.00 0}
COMM 4b-0: 47d709_47dace_47dc38_47dd57 (248 3.65 2 3.00 2 10.00){0.00 0.00 0.00 0.00 1.20 0}{1.20 0.00 0.00 0.00 2.40 0}{2.40 3.00 3.00 3.00 3.60 147}{3.60 4.00 4.00 4.00 6.00 87}{6.00 7.00 8.36 10.00 14.00 14}
COMM 4b-1: 4821ca_48254a_482683_482777 (620 98.74 0 2.00 1 806.00){0.00 2.00 3.22 22.00 36.00 123}{36.00 111.00 117.19 147.00 186.00 489}{186.00 224.00 224.00 224.00 262.00 1}{262.00 299.00 313.00 332.00 336.00 4}{336.00 663.00 712.67 806.00 1276.00 3}
COMM 4b-2: 48b125_48b3a9_48b47d_48b536 (748 151.56 0 14.00 3 328.00){0.00 0.00 0.00 0.00 11.20 0}{11.20 14.00 14.00 14.00 28.00 1}{28.00 104.00 118.64 170.00 180.00 526}{180.00 190.50 230.73 231.20 238.00 220}{238.00 328.00 328.00 328.00 418.00 1}
LOOP0: iter: ( 124 )[ 1 -1 0 1 0 ]( 2 )[ 1 -1 1 2 1 ] mem: ( 1 )[ 1 -1 0 3 1 ]
10 2 
12 ( 155 )[ 1 -1 0 1 0 ]
12 ( 20480 )[ 1 -1 1 2 2 ]
12 ( 155 20480 )[ 1 -1 2 1 0 ]
14 16 
1a ( 1 2 )[ 1 -1 0 1 0 ]
1a ( 3 2 )[ 1 -1 1 2 2 ]
1a ( 2 1 )[ 1 -1 2 1 0 ]
1b 0 

RANKS: 1 -1 1 2 1
EVENT33: 1090 47a096_47a46b_47a5d6_47a6f7
COMP 4c-0: 4821ca_48254a_482683_482777 (250 16.05 1 16.00 2 29.00){0.00 0.00 0.00 0.00 6.40 0}{6.40 0.00 0.00 0.00 12.80 0}{12.80 16.00 16.00 16.00 19.20 249}{19.20 0.00 0.00 0.00 25.60 0}{25.60 29.00 29.00 29.00 32.00 1}
COMP 4c-1: 48b125_48b3a9_48b47d_48b536 (1 21413.00 2 21413.00 2 21413.00){0.00 0.00 0.00 0.00 8565.20 0}{8565.20 0.00 0.00 0.00 17130.40 0}{17130.40 21413.00 21413.00 21413.00 25695.60 1}{25695.60 0.00 0.00 0.00 34260.80 0}{34260.80 0.00 0.00 0.00 42826.00 0}
COMM 4b-0: 4821ca_48254a_482683_482777 (250 2.48 1 2.00 1 4.00){0.00 0.00 0.00 0.00 0.80 0}{0.80 0.00 0.00 0.00 1.60 0}{1.60 2.00 2.00 2.00 2.40 139}{2.40 3.00 3.00 3.00 3.20 101}{3.20 4.00 4.00 4.00 4.00 10}
COMM 4b-1: 48b125_48b3a9_48b47d_48b536 (1 3.00 2 3.00 2 3.00){0.00 0.00 0.00 0.00 1.20 0}{1.20 0.00 0.00 0.00 2.40 0}{2.40 3.00 3.00 3.00 3.60 1}{3.60 0.00 0.00 0.00 4.80 0}{4.80 0.00 0.00 0.00 6.00 0}
LOOP0: iter: ( 2 )[ 1 -1 2 1 0 ] mem: ( 2 )[ 1 -1 2 1 0 ]
10 2 
12 20480 
14 16 
1b 0 
2b 2147483647 

RANKS: 1 -1 1 2 1
EVENT34: 1148 48b125_48b3a9_48b47d_48b536
COMP 4c-0: 47a096_47a46b_47a5d6_47a6f7 (251 14.98 1 14.00 1 15.00){0.00 0.00 0.00 0.00 6.00 0}{6.00 0.00 0.00 0.00 12.00 0}{12.00 14.00 14.98 15.00 18.00 251}{18.00 0.00 0.00 0.00 24.00 0}{24.00 0.00 0.00 0.00 30.00 0}
COMM 4b-0: 47a096_47a46b_47a5d6_47a6f7 (251 109.15 1 96.00 2 830.00){0.00 0.00 0.00 0.00 80.00 0}{80.00 96.00 102.39 120.00 120.00 223}{120.00 121.00 132.48 152.00 160.00 23}{160.00 162.00 174.00 191.00 200.00 4}{200.00 830.00 830.00 830.00 1460.00 1}
1c 9999 

RANKS: 1 -1 2 1 0
EVENT35: 1113 4821ca_48254a_482683_482777
COMP 4c-0: 47d709_47dace_47dc38_47dd57 (123 663.86 2 657.00 2 669.00){0.00 0.00 0.00 0.00 266.00 0}{266.00 0.00 0.00 0.00 532.00 0}{532.00 657.00 663.85 669.00 798.00 123}{798.00 0.00 0.00 0.00 1064.00 0}{1064.00 0.00 0.00 0.00 1330.00 0}
COMP 4c-1: 48b125_48b3a9_48b47d_48b536 (1 158.00 2 158.00 2 158.00){0.00 0.00 0.00 0.00 63.20 0}{63.20 0.00 0.00 0.00 126.40 0}{126.40 158.00 158.00 158.00 189.60 1}{189.60 0.00 0.00 0.00 252.80 0}{252.80 0.00 0.00 0.00 316.00 0}
COMM 4b-0: 47d709_47dace_47dc38_47dd57 (123 3.87 2 3.00 2 14.00){0.00 3.00 3.00 3.00 3.20 53}{3.20 4.00 4.00 4.00 6.40 65}{6.40 8.00 8.00 8.00 9.60 1}{9.60 10.00 10.33 11.00 12.80 3}{12.80 14.00 14.00 14.00 16.00 1}
COMM 4b-1: 48b125_48b3a9_48b47d_48b536 (1 104.00 2 104.00 2 104.00){0.00 0.00 0.00 0.00 41.60 0}{41.60 0.00 0.00 0.00 83.20 0}{83.20 104.00 104.00 104.00 124.80 1}{124.80 0.00 0.00 0.00 166.40 0}{166.40 0.00 0.00 0.00 208.00 0}
LOOP0: iter: ( 124 )[ 1 -1 2 1 0 ] mem: ( 2 )[ 1 -1 2 1 0 ]
10 2 
12 20480 155 155 155 155 155 155 155 155 155 155 155 155 155 155 155 155 155 155 155 155 155 155 155 155 155 155 155 155 155 155 155 155 155 155 155 155 155 155 155 155 155 155 155 155 155 155 155 155 155 155 155 155 155 155 155 155 155 155 155 155 155 155 155 155 155 155 155 155 155 155 155 155 155 155 155 155 155 155 155 155 155 155 155 155 155 155 155 155 155 155 155 155 155 155 155 155 155 155 155 155 155 155 155 155 155 155 155 155 155 155 155 155 155 155 155 155 155 155 155 155 155 155 155 
14 16 
1a 2 1 1 1 1 1 1 1 1 1 1 1 1 1 1 1 1 1 1 1 1 1 1 1 1 1 1 1 1 1 1 1 1 1 1 1 1 1 1 1 1 1 1 1 1 1 1 1 1 1 1 1 1 1 1 1 1 1 1 1 1 1 1 2 2 2 2 2 2 2 2 2 2 2 2 2 2 2 2 2 2 2 2 2 2 2 2 2 2 2 2 2 2 2 2 2 2 2 2 2 2 2 2 2 2 2 2 2 2 2 2 2 2 2 2 2 2 2 2 2 2 2 2 2 
1b 0 

RANKS: 1 -1 0 4 1
EVENT36: 1102 47d709_47dace_47dc38_47dd57
COMP 4c-0: 47d709_47dace_47dc38_47dd57 (246 687.97 0 15.00 3 1399.00){0.00 0.00 0.00 0.00 6.00 0}{6.00 0.00 0.00 0.00 12.00 0}{12.00 15.00 17.95 18.00 24.00 124}{24.00 0.00 0.00 0.00 30.00 0}{30.00 1350.00 1374.49 1399.00 2670.00 122}
COMP 4c-1: 4821ca_48254a_482683_482777 (249 1084.76 2 707.00 3 45299.00){0.00 0.00 0.00 0.00 284.00 0}{284.00 0.00 0.00 0.00 568.00 0}{568.00 707.00 728.35 750.00 1136.00 247}{1136.00 0.00 0.00 0.00 1420.00 0}{1420.00 45279.00 45289.00 45299.00 89178.00 2}
COMP 4c-2: 48b125_48b3a9_48b47d_48b536 (1 45345.00 1 45345.00 1 45345.00){0.00 0.00 0.00 0.00 18138.00 0}{18138.00 0.00 0.00 0.00 36276.00 0}{36276.00 45345.00 45345.00 45345.00 54414.00 1}{54414.00 0.00 0.00 0.00 72552.00 0}{72552.00 0.00 0.00 0.00 90690.00 0}
COMM 4b-0: 47d709_47dace_47dc38_47dd57 (246 13.58 0 1.00 0 87.00){0.00 0.00 0.00 0.00 0.80 0}{0.80 1.00 1.00 1.00 1.60 4}{1.60 2.00 2.14 3.00 3.20 94}{3.20 3.76 3.79 4.00 4.00 53}{4.00 5.00 31.01 87.00 118.00 95}
COMM 4b-1: 4821ca_48254a_482683_482777 (249 81.54 2 2.00 0 4479.00){0.00 2.00 19.53 706.00 1791.60 246}{1791.60 2664.00 2664.00 2664.00 3583.20 1}{3583.20 3958.00 4218.50 4479.00 5374.80 2}{5374.80 0.00 0.00 0.00 7166.40 0}{7166.40 0.00 0.00 0.00 8958.00 0}
COMM 4b-2: 48b125_48b3a9_48b47d_48b536 (1 779.00 1 779.00 1 779.00){0.00 0.00 0.00 0.00 311.60 0}{311.60 0.00 0.00 0.00 623.20 0}{623.20 779.00 779.00 779.00 934.80 1}{934.80 0.00 0.00 0.00 1246.40 0}{1246.40 0.00 0.00 0.00 1558.00 0}
LOOP0: iter: ( 124 )[ 2 -1 0 2 1 -1 3 1 0 ] mem: ( 1 )[ 1 -1 0 2 3 ]( 2 )[ 1 -1 1 1 0 ]
10 2 
12 155 
14 16 
1b 0 
2b ( 1 2 )[ 1 -1 0 1 0 ]
2b ( 3 3 3 3 3 3 3 3 3 3 3 3 3 3 3 3 3 3 3 3 3 3 3 3 3 3 3 3 3 3 3 3 3 3 3 3 3 3 3 3 3 3 3 3 3 3 3 3 3 3 3 3 3 3 3 3 3 3 3 3 3 3 2 2 2 2 2 2 2 2 2 2 2 2 2 2 2 2 2 2 2 2 2 2 2 2 2 2 2 2 2 2 2 2 2 2 2 2 2 2 2 2 2 2 2 2 2 2 2 2 2 2 2 2 2 2 2 2 2 2 2 2 2 2 )[ 1 -1 1 1 0 ]
2b ( 3 2 )[ 1 -1 3 1 0 ]
2b ( 2 2 2 2 2 2 2 2 2 2 2 2 2 2 2 2 2 2 2 2 2 2 2 2 2 2 2 2 2 2 2 2 2 2 2 2 2 2 2 2 2 2 2 2 2 2 2 2 2 2 2 2 2 2 2 2 2 2 2 2 2 2 1 1 1 1 1 1 1 1 1 1 1 1 1 1 1 1 1 1 1 1 1 1 1 1 1 1 1 1 1 1 1 1 1 1 1 1 1 1 1 1 1 1 1 1 1 1 1 1 1 1 1 1 1 1 1 1 1 1 1 1 1 1 )[ 1 -1 2 1 0 ]

RANKS: 1 -1 1 3 1
EVENT37: 1113 4821ca_48254a_482683_482777
COMP 4c-0: 47d709_47dace_47dc38_47dd57 (126 671.53 1 656.00 3 2000.00){0.00 0.00 0.00 0.00 266.00 0}{266.00 0.00 0.00 0.00 532.00 0}{532.00 656.00 660.95 666.00 1064.00 125}{1064.00 0.00 0.00 0.00 1330.00 0}{1330.00 2000.00 2000.00 2000.00 2670.00 1}
COMP 4c-1: 4821ca_48254a_482683_482777 (123 672.76 3 15.00 3 1350.00){0.00 0.00 0.00 0.00 6.00 0}{6.00 0.00 0.00 0.00 12.00 0}{12.00 15.00 17.06 18.00 24.00 62}{24.00 0.00 0.00 0.00 30.00 0}{30.00 1349.00 1349.98 1350.00 2668.00 61}
COMM 4b-0: 47d709_47dace_47dc38_47dd57 (126 3.63 1 3.00 1 11.00){0.00 3.00 3.00 3.00 3.20 65}{3.20 4.00 4.00 4.00 6.40 58}{6.40 7.00 7.50 8.00 9.60 2}{9.60 11.00 11.00 11.00 12.80 1}{12.80 0.00 0.00 0.00 16.00 0}
COMM 4b-1: 4821ca_48254a_482683_482777 (123 3.68 3 2.00 3 19.00){0.00 2.00 2.00 2.00 2.40 8}{2.40 3.00 3.19 4.00 4.80 94}{4.80 5.00 5.75 9.00 9.60 20}{9.60 0.00 0.00 0.00 12.00 0}{12.00 19.00 19.00 19.00 26.00 1}
LOOP0: iter: ( 124 )[ 1 -1 3 1 0 ] mem: ( 1 )[ 1 -1 3 1 0 ]
10 2 
12 155 
14 16 
1a ( 2 2 2 2 2 2 2 2 2 2 2 2 2 2 2 2 2 2 2 2 2 2 2 2 2 2 2 2 2 2 2 2 2 2 2 2 2 2 2 2 2 2 2 2 2 2 2 2 2 2 2 2 2 2 2 2 2 2 2 2 2 2 3 3 3 3 3 3 3 3 3 3 3 3 3 3 3 3 3 3 3 3 3 3 3 3 3 3 3 3 3 3 3 3 3 3 3 3 3 3 3 3 3 3 3 3 3 3 3 3 3 3 3 3 3 3 3 3 3 3 3 3 3 3 )[ 1 -1 1 1 0 ]
1a ( 3 2 )[ 1 -1 3 1 0 ]
1a ( 2 )[ 1 -1 2 1 0 ]
1b 0 

RANKS: 1 -1 0 4 1
EVENT38: 1004 46a5ff_46a95f_46aaa2_46ab94
COMP 4c-0: 47d709_47dace_47dc38_47dd57 (1 6115.00 0 6115.00 0 6115.00){0.00 0.00 0.00 0.00 2446.00 0}{2446.00 0.00 0.00 0.00 4892.00 0}{4892.00 6115.00 6115.00 6115.00 7338.00 1}{7338.00 0.00 0.00 0.00 9784.00 0}{9784.00 0.00 0.00 0.00 12230.00 0}
COMP 4c-1: 4821ca_48254a_482683_482777 (3 5475.00 2 5473.00 1 5476.00){0.00 0.00 0.00 0.00 2190.40 0}{2190.40 0.00 0.00 0.00 4380.80 0}{4380.80 5473.00 5474.67 5476.00 6571.20 3}{6571.20 0.00 0.00 0.00 8761.60 0}{8761.60 0.00 0.00 0.00 10952.00 0}
COMM 4b-0: 47d709_47dace_47dc38_47dd57 (1 16.00 0 16.00 0 16.00){0.00 0.00 0.00 0.00 6.40 0}{6.40 0.00 0.00 0.00 12.80 0}{12.80 16.00 16.00 16.00 19.20 1}{19.20 0.00 0.00 0.00 25.60 0}{25.60 0.00 0.00 0.00 32.00 0}
COMM 4b-1: 4821ca_48254a_482683_482777 (3 324.25 1 222.00 3 576.00){0.00 0.00 0.00 0.00 88.80 0}{88.80 0.00 0.00 0.00 177.60 0}{177.60 222.00 249.50 277.00 355.20 2}{355.20 0.00 0.00 0.00 444.00 0}{444.00 576.00 576.00 576.00 708.00 1}
10 2 
12 5 
14 16 
18 3 

RANKS: 1 -1 2 1 0
EVENT39: 1113 4821ca_48254a_482683_482777
COMP 4c-0: 46a5ff_46a95f_46aaa2_46ab94 (1 2926.00 2 2926.00 2 2926.00){0.00 0.00 0.00 0.00 1170.40 0}{1170.40 0.00 0.00 0.00 2340.80 0}{2340.80 2926.00 2926.00 2926.00 3511.20 1}{3511.20 0.00 0.00 0.00 4681.60 0}{4681.60 0.00 0.00 0.00 5852.00 0}
COMM 4b-0: 46a5ff_46a95f_46aaa2_46ab94 (1 152.00 2 152.00 2 152.00){0.00 0.00 0.00 0.00 60.80 0}{60.80 0.00 0.00 0.00 121.60 0}{121.60 152.00 152.00 152.00 182.40 1}{182.40 0.00 0.00 0.00 243.20 0}{243.20 0.00 0.00 0.00 304.00 0}
10 2 
12 20480 
14 16 
1a 1 
1b 0 

RANKS: 1 -1 1 3 1
EVENT40: 1090 47a096_47a46b_47a5d6_47a6f7
COMP 4c-0: 46a5ff_46a95f_46aaa2_46ab94 (2 2852.00 1 2852.00 1 2852.00){0.00 0.00 0.00 0.00 1140.80 0}{1140.80 0.00 0.00 0.00 2281.60 0}{2281.60 2852.00 2852.00 2852.00 3422.40 2}{3422.40 0.00 0.00 0.00 4563.20 0}{4563.20 0.00 0.00 0.00 5704.00 0}
COMP 4c-1: 4821ca_48254a_482683_482777 (2 14251.00 2 15.00 3 21369.00){0.00 15.00 15.00 15.00 8547.60 1}{8547.60 0.00 0.00 0.00 17095.20 0}{17095.20 21369.00 21369.00 21369.00 25642.80 1}{25642.80 0.00 0.00 0.00 34190.40 0}{34190.40 0.00 0.00 0.00 42738.00 0}
COMP 4c-2: 48b125_48b3a9_48b47d_48b536 (1 21413.00 2 21413.00 2 21413.00){0.00 0.00 0.00 0.00 8565.20 0}{8565.20 0.00 0.00 0.00 17130.40 0}{17130.40 21413.00 21413.00 21413.00 25695.60 1}{25695.60 0.00 0.00 0.00 34260.80 0}{34260.80 0.00 0.00 0.00 42826.00 0}
COMM 4b-0: 46a5ff_46a95f_46aaa2_46ab94 (2 3.00 1 3.00 1 3.00){0.00 0.00 0.00 0.00 1.20 0}{1.20 0.00 0.00 0.00 2.40 0}{2.40 3.00 3.00 3.00 3.60 2}{3.60 0.00 0.00 0.00 4.80 0}{4.80 0.00 0.00 0.00 6.00 0}
COMM 4b-1: 4821ca_48254a_482683_482777 (2 3.33 2 2.00 3 4.00){0.00 0.00 0.00 0.00 1.60 0}{1.60 2.00 2.00 2.00 3.20 1}{3.20 4.00 4.00 4.00 4.80 1}{4.80 0.00 0.00 0.00 6.40 0}{6.40 0.00 0.00 0.00 8.00 0}
COMM 4b-2: 48b125_48b3a9_48b47d_48b536 (1 3.00 2 3.00 2 3.00){0.00 0.00 0.00 0.00 1.20 0}{1.20 0.00 0.00 0.00 2.40 0}{2.40 3.00 3.00 3.00 3.60 1}{3.60 0.00 0.00 0.00 4.80 0}{4.80 0.00 0.00 0.00 6.00 0}
LOOP0: iter: ( 2 )[ 1 -1 2 2 1 ] mem: ( 3 )[ 1 -1 3 1 0 ]( 2 )[ 1 -1 2 1 0 ]
10 2 
12 20480 
14 16 
1b 0 
2b 2147483647 

RANKS: 1 -1 1 3 1
EVENT41: 1148 48b125_48b3a9_48b47d_48b536
COMP 4c-0: 47a096_47a46b_47a5d6_47a6f7 (5 14.50 1 14.00 3 15.00){0.00 0.00 0.00 0.00 5.60 0}{5.60 0.00 0.00 0.00 11.20 0}{11.20 14.00 14.60 15.00 16.80 5}{16.80 0.00 0.00 0.00 22.40 0}{22.40 0.00 0.00 0.00 28.00 0}
COMM 4b-0: 47a096_47a46b_47a5d6_47a6f7 (5 188.83 3 101.00 2 528.00){0.00 0.00 0.00 0.00 54.40 0}{54.40 101.00 104.00 107.00 108.80 2}{108.80 125.00 130.50 136.00 217.60 2}{217.60 0.00 0.00 0.00 272.00 0}{272.00 528.00 528.00 528.00 784.00 1}
1c 9999 

RANKS: 1 -1 0 4 1
EVENT42: 1113 4821ca_48254a_482683_482777
COMP 4c-0: 46a5ff_46a95f_46aaa2_46ab94 (1 2926.00 0 2926.00 0 2926.00){0.00 0.00 0.00 0.00 1170.40 0}{1170.40 0.00 0.00 0.00 2340.80 0}{2340.80 2926.00 2926.00 2926.00 3511.20 1}{3511.20 0.00 0.00 0.00 4681.60 0}{4681.60 0.00 0.00 0.00 5852.00 0}
COMP 4c-1: 4821ca_48254a_482683_482777 (1 21442.00 1 21442.00 1 21442.00){0.00 0.00 0.00 0.00 8576.80 0}{8576.80 0.00 0.00 0.00 17153.60 0}{17153.60 21442.00 21442.00 21442.00 25730.40 1}{25730.40 0.00 0.00 0.00 34307.20 0}{34307.20 0.00 0.00 0.00 42884.00 0}
COMP 4c-2: 48b125_48b3a9_48b47d_48b536 (5 7265.33 1 155.00 0 21485.00){0.00 155.00 155.50 157.00 8594.00 4}{8594.00 0.00 0.00 0.00 17188.00 0}{17188.00 21485.00 21485.00 21485.00 25782.00 1}{25782.00 0.00 0.00 0.00 34376.00 0}{34376.00 0.00 0.00 0.00 42970.00 0}
COMM 4b-0: 46a5ff_46a95f_46aaa2_46ab94 (1 118.00 0 118.00 0 118.00){0.00 0.00 0.00 0.00 47.20 0}{47.20 0.00 0.00 0.00 94.40 0}{94.40 118.00 118.00 118.00 141.60 1}{141.60 0.00 0.00 0.00 188.80 0}{188.80 0.00 0.00 0.00 236.00 0}
COMM 4b-1: 4821ca_48254a_482683_482777 (1 208.00 1 208.00 1 208.00){0.00 0.00 0.00 0.00 83.20 0}{83.20 0.00 0.00 0.00 166.40 0}{166.40 208.00 208.00 208.00 249.60 1}{249.60 0.00 0.00 0.00 332.80 0}{332.80 0.00 0.00 0.00 416.00 0}
COMM 4b-2: 48b125_48b3a9_48b47d_48b536 (5 115.00 3 103.00 2 135.00){0.00 0.00 0.00 0.00 47.20 0}{47.20 0.00 0.00 0.00 94.40 0}{94.40 103.00 114.40 135.00 141.60 5}{141.60 0.00 0.00 0.00 188.80 0}{188.80 0.00 0.00 0.00 236.00 0}
LOOP0: iter: ( 2 )[ 1 -1 0 2 1 ] mem: ( 3 )[ 1 -1 0 1 0 ]( 1 )[ 1 -1 1 1 0 ]
10 2 
12 20480 
14 16 
1a ( 1 2 )[ 1 -1 0 1 0 ]
1a ( 3 2 )[ 1 -1 1 2 2 ]
1a ( 2 )[ 1 -1 2 1 0 ]
1b 0 

RANKS: 1 -1 0 2 1
EVENT43: 1090 47a096_47a46b_47a5d6_47a6f7
COMP 4c-0: 4821ca_48254a_482683_482777 (3 14.50 0 14.00 1 16.00){0.00 0.00 0.00 0.00 5.60 0}{5.60 0.00 0.00 0.00 11.20 0}{11.20 14.00 14.67 16.00 16.80 3}{16.80 0.00 0.00 0.00 22.40 0}{22.40 0.00 0.00 0.00 28.00 0}
COMM 4b-0: 4821ca_48254a_482683_482777 (3 2.50 0 2.00 0 4.00){0.00 0.00 0.00 0.00 0.80 0}{0.80 0.00 0.00 0.00 1.60 0}{1.60 2.00 2.00 2.00 2.40 2}{2.40 0.00 0.00 0.00 3.20 0}{3.20 4.00 4.00 4.00 4.00 1}
10 2 
12 20480 
14 16 
1b 0 
2b 2147483647 

RANKS: 1 -1 0 2 1
EVENT44: 1148 48b125_48b3a9_48b47d_48b536
COMP 4c-0: 47a096_47a46b_47a5d6_47a6f7 (3 14.25 0 14.00 1 15.00){0.00 0.00 0.00 0.00 5.60 0}{5.60 0.00 0.00 0.00 11.20 0}{11.20 14.00 14.33 15.00 16.80 3}{16.80 0.00 0.00 0.00 22.40 0}{22.40 0.00 0.00 0.00 28.00 0}
COMM 4b-0: 47a096_47a46b_47a5d6_47a6f7 (3 126.75 0 97.00 0 155.00){0.00 0.00 0.00 0.00 62.00 0}{62.00 97.00 98.50 100.00 124.00 2}{124.00 155.00 155.00 155.00 186.00 1}{186.00 0.00 0.00 0.00 248.00 0}{248.00 0.00 0.00 0.00 310.00 0}
1c 9999 

RANKS: 1 -1 0 4 1
EVENT45: 1004 46a5ff_46a95f_46aaa2_46ab94
COMP 4c-0: 46a5ff_46a95f_46aaa2_46ab94 (8 10063.00 0 15.00 0 22623.00){0.00 0.00 0.00 0.00 6.00 0}{6.00 0.00 0.00 0.00 12.00 0}{12.00 15.00 15.00 15.00 24.00 4}{24.00 0.00 0.00 0.00 30.00 0}{30.00 22623.00 22623.00 22623.00 45216.00 4}
COMP 4c-1: 4821ca_48254a_482683_482777 (2 44550.67 2 44548.00 3 44552.00){0.00 0.00 0.00 0.00 17820.80 0}{17820.80 0.00 0.00 0.00 35641.60 0}{35641.60 44548.00 44550.00 44552.00 53462.40 2}{53462.40 0.00 0.00 0.00 71283.20 0}{71283.20 0.00 0.00 0.00 89104.00 0}
COMP 4c-2: 48b125_48b3a9_48b47d_48b536 (2 44602.33 1 44599.00 0 44604.00){0.00 0.00 0.00 0.00 17841.60 0}{17841.60 0.00 0.00 0.00 35683.20 0}{35683.20 44599.00 44601.50 44604.00 53524.80 2}{53524.80 0.00 0.00 0.00 71366.40 0}{71366.40 0.00 0.00 0.00 89208.00 0}
COMM 4b-0: 46a5ff_46a95f_46aaa2_46ab94 (8 25.78 0 7.00 3 70.00){0.00 0.00 0.00 0.00 2.80 0}{2.80 0.00 0.00 0.00 5.60 0}{5.60 7.00 7.50 8.00 8.40 2}{8.40 10.00 10.00 10.00 14.00 1}{14.00 15.00 40.00 70.00 126.00 5}
COMM 4b-1: 4821ca_48254a_482683_482777 (2 795.33 2 38.00 3 1174.00){0.00 38.00 38.00 38.00 469.60 1}{469.60 0.00 0.00 0.00 939.20 0}{939.20 1174.00 1174.00 1174.00 1408.80 1}{1408.80 0.00 0.00 0.00 1878.40 0}{1878.40 0.00 0.00 0.00 2348.00 0}
COMM 4b-2: 48b125_48b3a9_48b47d_48b536 (2 823.33 0 637.00 1 1196.00){0.00 0.00 0.00 0.00 254.80 0}{254.80 0.00 0.00 0.00 509.60 0}{509.60 637.00 637.00 637.00 764.40 1}{764.40 0.00 0.00 0.00 1019.20 0}{1019.20 1196.00 1196.00 1196.00 1274.00 1}
LOOP0: iter: ( 3 )[ 1 -1 0 4 1 ] mem: ( 1 )[ 1 -1 0 4 1 ]
10 2 
12 5 1 5 
14 16 
18 3 1 3 

RANKS: 1 -1 0 2 1
EVENT46: 1090 47a096_47a46b_47a5d6_47a6f7_45ed00
COMP 4c-0: 46a5ff_46a95f_46aaa2_46ab94 (2 64.67 1 64.00 0 65.00){0.00 0.00 0.00 0.00 26.00 0}{26.00 0.00 0.00 0.00 52.00 0}{52.00 64.00 64.50 65.00 78.00 2}{78.00 0.00 0.00 0.00 104.00 0}{104.00 0.00 0.00 0.00 130.00 0}
COMM 4b-0: 46a5ff_46a95f_46aaa2_46ab94 (2 2.33 1 1.00 0 3.00){0.00 1.00 1.00 1.00 1.20 1}{1.20 0.00 0.00 0.00 2.40 0}{2.40 3.00 3.00 3.00 3.60 1}{3.60 0.00 0.00 0.00 4.80 0}{4.80 0.00 0.00 0.00 6.00 0}
10 2 
12 64 
14 16 
1b 0 
2b 2147483647 

RANKS: 1 -1 0 2 1
EVENT47: 1148 48b125_48b3a9_48b47d_48b536_45ed19
COMP 4c-0: 47a096_47a46b_47a5d6_47a6f7_45ed00 (2 16.00 0 16.00 0 16.00){0.00 0.00 0.00 0.00 6.40 0}{6.40 0.00 0.00 0.00 12.80 0}{12.80 16.00 16.00 16.00 19.20 2}{19.20 0.00 0.00 0.00 25.60 0}{25.60 0.00 0.00 0.00 32.00 0}
COMM 4b-0: 47a096_47a46b_47a5d6_47a6f7_45ed00 (2 4.00 0 4.00 0 4.00){0.00 0.00 0.00 0.00 1.60 0}{1.60 0.00 0.00 0.00 3.20 0}{3.20 4.00 4.00 4.00 4.80 2}{4.80 0.00 0.00 0.00 6.40 0}{6.40 0.00 0.00 0.00 8.00 0}
1c 9999 

RANKS: 1 -1 2 1 0
EVENT48: 1113 4821ca_48254a_482683_482777_45edee
COMP 4c-0: 46a5ff_46a95f_46aaa2_46ab94 (1 63.00 2 63.00 2 63.00){0.00 0.00 0.00 0.00 25.20 0}{25.20 0.00 0.00 0.00 50.40 0}{50.40 63.00 63.00 63.00 75.60 1}{75.60 0.00 0.00 0.00 100.80 0}{100.80 0.00 0.00 0.00 126.00 0}
COMM 4b-0: 46a5ff_46a95f_46aaa2_46ab94 (1 5.00 2 5.00 2 5.00){0.00 0.00 0.00 0.00 2.00 0}{2.00 0.00 0.00 0.00 4.00 0}{4.00 5.00 5.00 5.00 6.00 1}{6.00 0.00 0.00 0.00 8.00 0}{8.00 0.00 0.00 0.00 10.00 0}
10 2 
12 64 
14 16 
1a 2 
1b 0 

RANKS: 1 -1 0 2 2
EVENT49: 1090 47a096_47a46b_47a5d6_47a6f7_45ee4a
COMP 4c-0: 4821ca_48254a_482683_482777_45edee (1 16.00 2 16.00 2 16.00){0.00 0.00 0.00 0.00 6.40 0}{6.40 0.00 0.00 0.00 12.80 0}{12.80 16.00 16.00 16.00 19.20 1}{19.20 0.00 0.00 0.00 25.60 0}{25.60 0.00 0.00 0.00 32.00 0}
COMP 4c-1: 48b125_48b3a9_48b47d_48b536_45ed19 (1 17.00 0 17.00 0 17.00){0.00 0.00 0.00 0.00 6.80 0}{6.80 0.00 0.00 0.00 13.60 0}{13.60 17.00 17.00 17.00 20.40 1}{20.40 0.00 0.00 0.00 27.20 0}{27.20 0.00 0.00 0.00 34.00 0}
COMM 4b-0: 4821ca_48254a_482683_482777_45edee (1 3.00 2 3.00 2 3.00){0.00 0.00 0.00 0.00 1.20 0}{1.20 0.00 0.00 0.00 2.40 0}{2.40 3.00 3.00 3.00 3.60 1}{3.60 0.00 0.00 0.00 4.80 0}{4.80 0.00 0.00 0.00 6.00 0}
COMM 4b-1: 48b125_48b3a9_48b47d_48b536_45ed19 (1 1.00 0 1.00 0 1.00){0.00 0.00 0.00 0.00 0.40 0}{0.40 0.00 0.00 0.00 0.80 0}{0.80 1.00 1.00 1.00 1.20 1}{1.20 0.00 0.00 0.00 1.60 0}{1.60 0.00 0.00 0.00 2.00 0}
10 2 
12 68 
14 16 
1b 0 
2b 2147483647 

RANKS: 1 -1 0 2 2
EVENT50: 1148 48b125_48b3a9_48b47d_48b536_45ee5f
COMP 4c-0: 47a096_47a46b_47a5d6_47a6f7_45ee4a (2 16.00 0 16.00 0 16.00){0.00 0.00 0.00 0.00 6.40 0}{6.40 0.00 0.00 0.00 12.80 0}{12.80 16.00 16.00 16.00 19.20 2}{19.20 0.00 0.00 0.00 25.60 0}{25.60 0.00 0.00 0.00 32.00 0}
COMM 4b-0: 47a096_47a46b_47a5d6_47a6f7_45ee4a (2 26.67 2 4.00 0 38.00){0.00 4.00 4.00 4.00 15.20 1}{15.20 0.00 0.00 0.00 30.40 0}{30.40 38.00 38.00 38.00 45.60 1}{45.60 0.00 0.00 0.00 60.80 0}{60.80 0.00 0.00 0.00 76.00 0}
1c 9999 

RANKS: 1 -1 3 1 0
EVENT51: 1113 4821ca_48254a_482683_482777_45edee
COMP 4c-0: 46a5ff_46a95f_46aaa2_46ab94 (1 63.00 3 63.00 3 63.00){0.00 0.00 0.00 0.00 25.20 0}{25.20 0.00 0.00 0.00 50.40 0}{50.40 63.00 63.00 63.00 75.60 1}{75.60 0.00 0.00 0.00 100.80 0}{100.80 0.00 0.00 0.00 126.00 0}
COMM 4b-0: 46a5ff_46a95f_46aaa2_46ab94 (1 5.00 3 5.00 3 5.00){0.00 0.00 0.00 0.00 2.00 0}{2.00 0.00 0.00 0.00 4.00 0}{4.00 5.00 5.00 5.00 6.00 1}{6.00 0.00 0.00 0.00 8.00 0}{8.00 0.00 0.00 0.00 10.00 0}
10 2 
12 64 
14 16 
1a 2 
1b 0 

RANKS: 1 -1 1 2 2
EVENT52: 1113 4821ca_48254a_482683_482777_45ef5f
COMP 4c-0: 4821ca_48254a_482683_482777_45edee (1 17.00 3 17.00 3 17.00){0.00 0.00 0.00 0.00 6.80 0}{6.80 0.00 0.00 0.00 13.60 0}{13.60 17.00 17.00 17.00 20.40 1}{20.40 0.00 0.00 0.00 27.20 0}{27.20 0.00 0.00 0.00 34.00 0}
COMP 4c-1: 48b125_48b3a9_48b47d_48b536_45ed19 (1 17.00 1 17.00 1 17.00){0.00 0.00 0.00 0.00 6.80 0}{6.80 0.00 0.00 0.00 13.60 0}{13.60 17.00 17.00 17.00 20.40 1}{20.40 0.00 0.00 0.00 27.20 0}{27.20 0.00 0.00 0.00 34.00 0}
COMM 4b-0: 4821ca_48254a_482683_482777_45edee (1 3.00 3 3.00 3 3.00){0.00 0.00 0.00 0.00 1.20 0}{1.20 0.00 0.00 0.00 2.40 0}{2.40 3.00 3.00 3.00 3.60 1}{3.60 0.00 0.00 0.00 4.80 0}{4.80 0.00 0.00 0.00 6.00 0}
COMM 4b-1: 48b125_48b3a9_48b47d_48b536_45ed19 (1 8.00 1 8.00 1 8.00){0.00 0.00 0.00 0.00 3.20 0}{3.20 0.00 0.00 0.00 6.40 0}{6.40 8.00 8.00 8.00 9.60 1}{9.60 0.00 0.00 0.00 12.80 0}{12.80 0.00 0.00 0.00 16.00 0}
10 2 
12 68 
14 16 
1a 3 
1b 0 

RANKS: 1 -1 0 4 1
EVENT53: 1004 46a5ff_46a95f_46aaa2_46ab94_466891
COMP 4c-0: 4821ca_48254a_482683_482777_45ef5f (2 32.67 3 32.00 1 33.00){0.00 0.00 0.00 0.00 13.20 0}{13.20 0.00 0.00 0.00 26.40 0}{26.40 32.00 32.50 33.00 39.60 2}{39.60 0.00 0.00 0.00 52.80 0}{52.80 0.00 0.00 0.00 66.00 0}
COMP 4c-1: 48b125_48b3a9_48b47d_48b536_45ee5f (2 34.33 2 33.00 0 35.00){0.00 0.00 0.00 0.00 14.00 0}{14.00 0.00 0.00 0.00 28.00 0}{28.00 33.00 34.00 35.00 42.00 2}{42.00 0.00 0.00 0.00 56.00 0}{56.00 0.00 0.00 0.00 70.00 0}
COMM 4b-0: 4821ca_48254a_482683_482777_45ef5f (2 103.67 1 14.00 3 283.00){0.00 0.00 0.00 0.00 5.60 0}{5.60 0.00 0.00 0.00 11.20 0}{11.20 14.00 14.00 14.00 22.40 1}{22.40 0.00 0.00 0.00 28.00 0}{28.00 283.00 283.00 283.00 538.00 1}
COMM 4b-1: 48b125_48b3a9_48b47d_48b536_45ee5f (2 131.00 2 81.00 0 156.00){0.00 0.00 0.00 0.00 62.40 0}{62.40 81.00 81.00 81.00 124.80 1}{124.80 156.00 156.00 156.00 187.20 1}{187.20 0.00 0.00 0.00 249.60 0}{249.60 0.00 0.00 0.00 312.00 0}
10 2 
12 1 
14 16 
18 3 

RANKS: 1 -1 0 2 2
EVENT54: 1090 47a096_47a46b_47a5d6_47a6f7
COMP 4c-0: 46a5ff_46a95f_46aaa2_46ab94_466891 (2 67.00 0 67.00 0 67.00){0.00 0.00 0.00 0.00 26.80 0}{26.80 0.00 0.00 0.00 53.60 0}{53.60 67.00 67.00 67.00 80.40 2}{80.40 0.00 0.00 0.00 107.20 0}{107.20 0.00 0.00 0.00 134.00 0}
COMM 4b-0: 46a5ff_46a95f_46aaa2_46ab94_466891 (2 1.67 2 1.00 0 2.00){0.00 0.00 0.00 0.00 0.80 0}{0.80 1.00 1.00 1.00 1.60 1}{1.60 2.00 2.00 2.00 2.40 1}{2.40 0.00 0.00 0.00 3.20 0}{3.20 0.00 0.00 0.00 4.00 0}
10 2 
12 64 
14 16 
1b 0 
2b 2147483647 

RANKS: 1 -1 0 2 2
EVENT55: 1148 48b125_48b3a9_48b47d_48b536
COMP 4c-0: 47a096_47a46b_47a5d6_47a6f7 (2 15.00 0 15.00 0 15.00){0.00 0.00 0.00 0.00 6.00 0}{6.00 0.00 0.00 0.00 12.00 0}{12.00 15.00 15.00 15.00 18.00 2}{18.00 0.00 0.00 0.00 24.00 0}{24.00 0.00 0.00 0.00 30.00 0}
COMM 4b-0: 47a096_47a46b_47a5d6_47a6f7 (2 57.67 2 3.00 0 85.00){0.00 3.00 3.00 3.00 34.00 1}{34.00 0.00 0.00 0.00 68.00 0}{68.00 85.00 85.00 85.00 102.00 1}{102.00 0.00 0.00 0.00 136.00 0}{136.00 0.00 0.00 0.00 170.00 0}
1c 9999 

RANKS: 1 -1 1 2 2
EVENT56: 1113 4821ca_48254a_482683_482777
COMP 4c-0: 46a5ff_46a95f_46aaa2_46ab94_466891 (2 67.00 1 67.00 1 67.00){0.00 0.00 0.00 0.00 26.80 0}{26.80 0.00 0.00 0.00 53.60 0}{53.60 67.00 67.00 67.00 80.40 2}{80.40 0.00 0.00 0.00 107.20 0}{107.20 0.00 0.00 0.00 134.00 0}
COMM 4b-0: 46a5ff_46a95f_46aaa2_46ab94_466891 (2 5.00 3 3.00 1 6.00){0.00 0.00 0.00 0.00 2.40 0}{2.40 3.00 3.00 3.00 4.80 1}{4.80 6.00 6.00 6.00 7.20 1}{7.20 0.00 0.00 0.00 9.60 0}{9.60 0.00 0.00 0.00 12.00 0}
10 2 
12 64 
14 16 
1a 3 
1b 0 

RANKS: 1 -1 0 4 1
EVENT57: 1004 46a5ff_46a95f_46aaa2_46ab94_466c64
COMP 4c-0: 4821ca_48254a_482683_482777 (2 50.00 1 50.00 1 50.00){0.00 0.00 0.00 0.00 20.00 0}{20.00 0.00 0.00 0.00 40.00 0}{40.00 50.00 50.00 50.00 60.00 2}{60.00 0.00 0.00 0.00 80.00 0}{80.00 0.00 0.00 0.00 100.00 0}
COMP 4c-1: 48b125_48b3a9_48b47d_48b536 (2 51.00 0 51.00 0 51.00){0.00 0.00 0.00 0.00 20.40 0}{20.40 0.00 0.00 0.00 40.80 0}{40.80 51.00 51.00 51.00 61.20 2}{61.20 0.00 0.00 0.00 81.60 0}{81.60 0.00 0.00 0.00 102.00 0}
COMM 4b-0: 4821ca_48254a_482683_482777 (2 48.00 1 7.00 3 130.00){0.00 0.00 0.00 0.00 2.80 0}{2.80 0.00 0.00 0.00 5.60 0}{5.60 7.00 7.00 7.00 11.20 1}{11.20 0.00 0.00 0.00 14.00 0}{14.00 130.00 130.00 130.00 246.00 1}
COMM 4b-1: 48b125_48b3a9_48b47d_48b536 (2 29.00 0 11.00 2 65.00){0.00 0.00 0.00 0.00 4.40 0}{4.40 0.00 0.00 0.00 8.80 0}{8.80 11.00 11.00 11.00 17.60 1}{17.60 0.00 0.00 0.00 22.00 0}{22.00 65.00 65.00 65.00 108.00 1}
10 2 
12 1 
14 16 
18 3 

RANKS: 1 -1 0 2 1
EVENT58: 1090 47a096_47a46b_47a5d6_47a6f7_45f138
COMP 4c-0: 46a5ff_46a95f_46aaa2_46ab94_466c64 (2 70.00 0 70.00 0 70.00){0.00 0.00 0.00 0.00 28.00 0}{28.00 0.00 0.00 0.00 56.00 0}{56.00 70.00 70.00 70.00 84.00 2}{84.00 0.00 0.00 0.00 112.00 0}{112.00 0.00 0.00 0.00 140.00 0}
COMM 4b-0: 46a5ff_46a95f_46aaa2_46ab94_466c64 (2 2.00 0 2.00 0 2.00){0.00 0.00 0.00 0.00 0.80 0}{0.80 0.00 0.00 0.00 1.60 0}{1.60 2.00 2.00 2.00 2.40 2}{2.40 0.00 0.00 0.00 3.20 0}{3.20 0.00 0.00 0.00 4.00 0}
10 2 
12 64 
14 16 
1b 0 
2b 2147483647 

RANKS: 1 -1 0 2 1
EVENT59: 1148 48b125_48b3a9_48b47d_48b536_45f14d
COMP 4c-0: 47a096_47a46b_47a5d6_47a6f7_45f138 (2 16.00 0 16.00 0 16.00){0.00 0.00 0.00 0.00 6.40 0}{6.40 0.00 0.00 0.00 12.80 0}{12.80 16.00 16.00 16.00 19.20 2}{19.20 0.00 0.00 0.00 25.60 0}{25.60 0.00 0.00 0.00 32.00 0}
COMM 4b-0: 47a096_47a46b_47a5d6_47a6f7_45f138 (2 3.00 0 3.00 0 3.00){0.00 0.00 0.00 0.00 1.20 0}{1.20 0.00 0.00 0.00 2.40 0}{2.40 3.00 3.00 3.00 3.60 2}{3.60 0.00 0.00 0.00 4.80 0}{4.80 0.00 0.00 0.00 6.00 0}
1c 9999 

RANKS: 1 -1 2 2 1
EVENT60: 1113 4821ca_48254a_482683_482777_45f1fa
COMP 4c-0: 46a5ff_46a95f_46aaa2_46ab94_466c64 (2 69.00 3 69.00 3 69.00){0.00 0.00 0.00 0.00 27.60 0}{27.60 0.00 0.00 0.00 55.20 0}{55.20 69.00 69.00 69.00 82.80 2}{82.80 0.00 0.00 0.00 110.40 0}{110.40 0.00 0.00 0.00 138.00 0}
COMM 4b-0: 46a5ff_46a95f_46aaa2_46ab94_466c64 (2 3.67 2 3.00 3 4.00){0.00 0.00 0.00 0.00 1.60 0}{1.60 3.00 3.00 3.00 3.20 1}{3.20 4.00 4.00 4.00 4.80 1}{4.80 0.00 0.00 0.00 6.40 0}{6.40 0.00 0.00 0.00 8.00 0}
10 2 
12 64 
14 16 
1a 2 
1b 0 

RANKS: 1 -1 0 4 1
EVENT61: 1004 46a5ff_46a95f_46aaa2_46ab94
COMP 4c-0: 4821ca_48254a_482683_482777_45f1fa (2 47.00 3 47.00 3 47.00){0.00 0.00 0.00 0.00 18.80 0}{18.80 0.00 0.00 0.00 37.60 0}{37.60 47.00 47.00 47.00 56.40 2}{56.40 0.00 0.00 0.00 75.20 0}{75.20 0.00 0.00 0.00 94.00 0}
COMP 4c-1: 48b125_48b3a9_48b47d_48b536_45f14d (2 50.00 0 50.00 0 50.00){0.00 0.00 0.00 0.00 20.00 0}{20.00 0.00 0.00 0.00 40.00 0}{40.00 50.00 50.00 50.00 60.00 2}{60.00 0.00 0.00 0.00 80.00 0}{80.00 0.00 0.00 0.00 100.00 0}
COMM 4b-0: 4821ca_48254a_482683_482777_45f1fa (2 34.67 3 25.00 2 54.00){0.00 0.00 0.00 0.00 10.00 0}{10.00 0.00 0.00 0.00 20.00 0}{20.00 25.00 25.00 25.00 40.00 1}{40.00 0.00 0.00 0.00 50.00 0}{50.00 54.00 54.00 54.00 58.00 1}
COMM 4b-1: 48b125_48b3a9_48b47d_48b536_45f14d (2 23.67 1 7.00 0 32.00){0.00 7.00 7.00 7.00 12.80 1}{12.80 0.00 0.00 0.00 25.60 0}{25.60 32.00 32.00 32.00 38.40 1}{38.40 0.00 0.00 0.00 51.20 0}{51.20 0.00 0.00 0.00 64.00 0}
10 2 
12 1 
14 16 
18 3 

RANKS: 1 -1 0 4 1
EVENT62: 1045 472f5f_472fd3_473039_473094
COMP 4c-0: 46a5ff_46a95f_46aaa2_46ab94 (4 2230.20 0 574.00 3 3464.00){0.00 0.00 0.00 0.00 229.60 0}{229.60 0.00 0.00 0.00 459.20 0}{459.20 574.00 574.00 574.00 918.40 1}{918.40 0.00 0.00 0.00 1148.00 0}{1148.00 3133.00 3334.33 3464.00 5664.00 3}

