RANKS: 1 -1 0 4 1
EVENT0: 1084 479854_479913_4799a9_479a04
33 2 
34 0 

RANKS: 1 -1 0 4 1
EVENT1: 1011 46da31_46dd60_46de7b_46df67
COMP 4c-0: 46da31_46dd60_46de7b_46df67 (32 15.79 1 14.00 0 16.00){0.00 0.00 0.00 0.00 6.00 0}{6.00 0.00 0.00 0.00 12.00 0}{12.00 14.00 15.81 16.00 18.00 32}{18.00 0.00 0.00 0.00 24.00 0}{24.00 0.00 0.00 0.00 30.00 0}
COMP 4c-1: 479854_479913_4799a9_479a04 (4 55.20 1 24.00 0 102.00){0.00 24.00 24.00 24.00 40.80 3}{40.80 0.00 0.00 0.00 81.60 0}{81.60 102.00 102.00 102.00 122.40 1}{122.40 0.00 0.00 0.00 163.20 0}{163.20 0.00 0.00 0.00 204.00 0}
COMM 4b-0: 46da31_46dd60_46de7b_46df67 (32 13.18 0 2.00 0 68.00){0.00 0.00 0.00 0.00 1.20 0}{1.20 2.00 2.00 2.00 2.40 5}{2.40 3.00 3.00 3.00 3.60 12}{3.60 4.00 4.50 6.00 6.00 4}{6.00 11.00 33.45 68.00 130.00 11}
COMM 4b-1: 479854_479913_4799a9_479a04 (4 292.60 0 27.00 2 587.00){0.00 0.00 0.00 0.00 10.80 0}{10.80 0.00 0.00 0.00 21.60 0}{21.60 27.00 27.00 27.00 43.20 1}{43.20 0.00 0.00 0.00 54.00 0}{54.00 409.00 469.67 587.00 764.00 3}
LOOP0: iter: ( 9 )[ 1 -1 0 4 1 ] mem: ( 1 )[ 1 -1 0 4 1 ]
10 2 
12 1 1 1 1 1 5 1 1 1 
14 14 14 14 16 16 16 14 14 14 
19 0 

RANKS: 1 -1 2 1 0
EVENT2: 1113 482782_482b02_482c3b_482d2f
COMP 4c-0: 46da31_46dd60_46de7b_46df67 (1 2577455.00 2 2577455.00 2 2577455.00){0.00 0.00 0.00 0.00 1030982.00 0}{1030982.00 0.00 0.00 0.00 2061964.00 0}{2061964.00 2577455.00 2577455.00 2577455.00 3092946.00 1}{3092946.00 0.00 0.00 0.00 4123928.00 0}{4123928.00 0.00 0.00 0.00 5154910.00 0}
COMM 4b-0: 46da31_46dd60_46de7b_46df67 (1 976.00 2 976.00 2 976.00){0.00 0.00 0.00 0.00 390.40 0}{390.40 0.00 0.00 0.00 780.80 0}{780.80 976.00 976.00 976.00 1171.20 1}{1171.20 0.00 0.00 0.00 1561.60 0}{1561.60 0.00 0.00 0.00 1952.00 0}
10 2 
12 131220 
14 16 
1a 1 
1b 0 

RANKS: 1 -1 1 2 1
EVENT3: 1090 47a64e_47aa23_47ab8e_47acaf
COMP 4c-0: 46da31_46dd60_46de7b_46df67 (1 2577020.00 1 2577020.00 1 2577020.00){0.00 0.00 0.00 0.00 1030808.00 0}{1030808.00 0.00 0.00 0.00 2061616.00 0}{2061616.00 2577020.00 2577020.00 2577020.00 3092424.00 1}{3092424.00 0.00 0.00 0.00 4123232.00 0}{4123232.00 0.00 0.00 0.00 5154040.00 0}
COMP 4c-1: 482782_482b02_482c3b_482d2f (1 15.00 2 15.00 2 15.00){0.00 0.00 0.00 0.00 6.00 0}{6.00 0.00 0.00 0.00 12.00 0}{12.00 15.00 15.00 15.00 18.00 1}{18.00 0.00 0.00 0.00 24.00 0}{24.00 0.00 0.00 0.00 30.00 0}
COMP 4c-2: 48b6dd_48b961_48ba35_48baee (1 414482.00 2 414482.00 2 414482.00){0.00 0.00 0.00 0.00 165792.80 0}{165792.80 0.00 0.00 0.00 331585.60 0}{331585.60 414482.00 414482.00 414482.00 497378.40 1}{497378.40 0.00 0.00 0.00 663171.20 0}{663171.20 0.00 0.00 0.00 828964.00 0}
COMM 4b-0: 46da31_46dd60_46de7b_46df67 (1 6.00 1 6.00 1 6.00){0.00 0.00 0.00 0.00 2.40 0}{2.40 0.00 0.00 0.00 4.80 0}{4.80 6.00 6.00 6.00 7.20 1}{7.20 0.00 0.00 0.00 9.60 0}{9.60 0.00 0.00 0.00 12.00 0}
COMM 4b-1: 482782_482b02_482c3b_482d2f (1 4.00 2 4.00 2 4.00){0.00 0.00 0.00 0.00 1.60 0}{1.60 0.00 0.00 0.00 3.20 0}{3.20 4.00 4.00 4.00 4.80 1}{4.80 0.00 0.00 0.00 6.40 0}{6.40 0.00 0.00 0.00 8.00 0}
COMM 4b-2: 48b6dd_48b961_48ba35_48baee (1 3.00 2 3.00 2 3.00){0.00 0.00 0.00 0.00 1.20 0}{1.20 0.00 0.00 0.00 2.40 0}{2.40 3.00 3.00 3.00 3.60 1}{3.60 0.00 0.00 0.00 4.80 0}{4.80 0.00 0.00 0.00 6.00 0}
LOOP0: iter: ( 2 )[ 1 -1 2 1 0 ] mem: ( 2 )[ 1 -1 2 1 0 ]
10 2 
12 131220 
14 16 
1b 0 
2b 2147483647 

RANKS: 1 -1 1 2 1
EVENT4: 1148 48b6dd_48b961_48ba35_48baee
COMP 4c-0: 47a64e_47aa23_47ab8e_47acaf (3 15.75 2 15.00 1 16.00){0.00 0.00 0.00 0.00 6.40 0}{6.40 0.00 0.00 0.00 12.80 0}{12.80 15.00 15.67 16.00 19.20 3}{19.20 0.00 0.00 0.00 25.60 0}{25.60 0.00 0.00 0.00 32.00 0}
COMM 4b-0: 47a64e_47aa23_47ab8e_47acaf (3 1640.50 2 975.00 2 1923.00){0.00 0.00 0.00 0.00 732.80 0}{732.80 975.00 975.00 975.00 1465.60 1}{1465.60 1832.00 1877.50 1923.00 2198.40 2}{2198.40 0.00 0.00 0.00 2931.20 0}{2931.20 0.00 0.00 0.00 3664.00 0}
1c 9999 

RANKS: 1 -1 1 2 1
EVENT5: 1113 482782_482b02_482c3b_482d2f
COMP 4c-0: 482782_482b02_482c3b_482d2f (2 566533.33 1 414686.00 2 870228.00){0.00 0.00 0.00 0.00 165874.40 0}{165874.40 0.00 0.00 0.00 331748.80 0}{331748.80 414686.00 414686.00 414686.00 663497.60 1}{663497.60 0.00 0.00 0.00 829372.00 0}{829372.00 870228.00 870228.00 870228.00 911084.00 1}
COMP 4c-1: 48b6dd_48b961_48ba35_48baee (2 911.67 1 911.00 2 913.00){0.00 0.00 0.00 0.00 364.40 0}{364.40 0.00 0.00 0.00 728.80 0}{728.80 911.00 912.00 913.00 1093.20 2}{1093.20 0.00 0.00 0.00 1457.60 0}{1457.60 0.00 0.00 0.00 1822.00 0}
COMM 4b-0: 482782_482b02_482c3b_482d2f (2 571.00 1 571.00 1 571.00){0.00 0.00 0.00 0.00 228.40 0}{228.40 0.00 0.00 0.00 456.80 0}{456.80 571.00 571.00 571.00 685.20 2}{685.20 0.00 0.00 0.00 913.60 0}{913.60 0.00 0.00 0.00 1142.00 0}
COMM 4b-1: 48b6dd_48b961_48ba35_48baee (2 800.67 2 558.00 1 922.00){0.00 0.00 0.00 0.00 368.80 0}{368.80 558.00 558.00 558.00 737.60 1}{737.60 922.00 922.00 922.00 1106.40 1}{1106.40 0.00 0.00 0.00 1475.20 0}{1475.20 0.00 0.00 0.00 1844.00 0}
LOOP0: iter: ( 2 )[ 1 -1 1 2 1 ] mem: ( 1 )[ 1 -1 1 2 1 ]
10 2 
12 131220 
14 16 
1a ( 3 2 )[ 1 -1 1 1 0 ]
1a ( 2 1 )[ 1 -1 2 1 0 ]
1b 0 

RANKS: 1 -1 1 3 1
EVENT6: 1090 47a64e_47aa23_47ab8e_47acaf
COMP 4c-0: 46da31_46dd60_46de7b_46df67 (1 2577059.00 3 2577059.00 3 2577059.00){0.00 0.00 0.00 0.00 1030823.60 0}{1030823.60 0.00 0.00 0.00 2061647.20 0}{2061647.20 2577059.00 2577059.00 2577059.00 3092470.80 1}{3092470.80 0.00 0.00 0.00 4123294.40 0}{4123294.40 0.00 0.00 0.00 5154118.00 0}
COMP 4c-1: 482782_482b02_482c3b_482d2f (5 277718.33 1 16.00 3 869757.00){0.00 0.00 0.00 0.00 6.40 0}{6.40 0.00 0.00 0.00 12.80 0}{12.80 16.00 16.00 16.00 32.00 2}{32.00 382280.00 398252.50 414225.00 764528.00 2}{764528.00 869757.00 869757.00 869757.00 974986.00 1}
COMP 4c-2: 48b6dd_48b961_48ba35_48baee (2 707560.33 2 382559.00 1 870061.00){0.00 0.00 0.00 0.00 348024.40 0}{348024.40 382559.00 382559.00 382559.00 696048.80 1}{696048.80 870061.00 870061.00 870061.00 1044073.20 1}{1044073.20 0.00 0.00 0.00 1392097.60 0}{1392097.60 0.00 0.00 0.00 1740122.00 0}
COMM 4b-0: 46da31_46dd60_46de7b_46df67 (1 6.00 3 6.00 3 6.00){0.00 0.00 0.00 0.00 2.40 0}{2.40 0.00 0.00 0.00 4.80 0}{4.80 6.00 6.00 6.00 7.20 1}{7.20 0.00 0.00 0.00 9.60 0}{9.60 0.00 0.00 0.00 12.00 0}
COMM 4b-1: 482782_482b02_482c3b_482d2f (5 2.67 1 2.00 3 4.00){0.00 0.00 0.00 0.00 0.80 0}{0.80 0.00 0.00 0.00 1.60 0}{1.60 2.00 2.00 2.00 2.40 2}{2.40 3.00 3.00 3.00 3.20 2}{3.20 4.00 4.00 4.00 4.00 1}
COMM 4b-2: 48b6dd_48b961_48ba35_48baee (2 3.00 1 3.00 1 3.00){0.00 0.00 0.00 0.00 1.20 0}{1.20 0.00 0.00 0.00 2.40 0}{2.40 3.00 3.00 3.00 3.60 2}{3.60 0.00 0.00 0.00 4.80 0}{4.80 0.00 0.00 0.00 6.00 0}
LOOP0: iter: ( 2 )[ 1 -1 1 2 1 ]( 4 )[ 1 -1 3 1 0 ] mem: ( 2 )[ 1 -1 1 2 1 ]( 3 )[ 1 -1 3 1 0 ]
10 2 
12 131220 
14 16 
1b 0 
2b 2147483647 

RANKS: 1 -1 1 3 1
EVENT7: 1148 48b6dd_48b961_48ba35_48baee
COMP 4c-0: 47a64e_47aa23_47ab8e_47acaf (8 15.00 3 14.00 3 16.00){0.00 0.00 0.00 0.00 6.00 0}{6.00 0.00 0.00 0.00 12.00 0}{12.00 14.00 15.00 16.00 18.00 8}{18.00 0.00 0.00 0.00 24.00 0}{24.00 0.00 0.00 0.00 30.00 0}
COMM 4b-0: 47a64e_47aa23_47ab8e_47acaf (8 1165.56 2 561.00 3 1439.00){0.00 0.00 0.00 0.00 476.80 0}{476.80 561.00 561.00 561.00 953.60 1}{953.60 1026.00 1172.00 1348.00 1430.40 5}{1430.40 1438.00 1438.50 1439.00 1907.20 2}{1907.20 0.00 0.00 0.00 2384.00 0}
1c 9999 

RANKS: 1 -1 0 4 1
EVENT8: 1113 482782_482b02_482c3b_482d2f
COMP 4c-0: 46da31_46dd60_46de7b_46df67 (1 2577416.00 0 2577416.00 0 2577416.00){0.00 0.00 0.00 0.00 1030966.40 0}{1030966.40 0.00 0.00 0.00 2061932.80 0}{2061932.80 2577416.00 2577416.00 2577416.00 3092899.20 1}{3092899.20 0.00 0.00 0.00 4123865.60 0}{4123865.60 0.00 0.00 0.00 5154832.00 0}
COMP 4c-1: 482782_482b02_482c3b_482d2f (1 382738.00 1 382738.00 1 382738.00){0.00 0.00 0.00 0.00 153095.20 0}{153095.20 0.00 0.00 0.00 306190.40 0}{306190.40 382738.00 382738.00 382738.00 459285.60 1}{459285.60 0.00 0.00 0.00 612380.80 0}{612380.80 0.00 0.00 0.00 765476.00 0}
COMP 4c-2: 48b6dd_48b961_48ba35_48baee (9 208891.70 3 910.00 0 870539.00){0.00 910.00 911.00 913.00 165977.60 6}{165977.60 0.00 0.00 0.00 331955.20 0}{331955.20 383024.00 398984.00 414944.00 663910.40 2}{663910.40 0.00 0.00 0.00 829888.00 0}{829888.00 870539.00 870539.00 870539.00 911190.00 1}
COMM 4b-0: 46da31_46dd60_46de7b_46df67 (1 966.00 0 966.00 0 966.00){0.00 0.00 0.00 0.00 386.40 0}{386.40 0.00 0.00 0.00 772.80 0}{772.80 966.00 966.00 966.00 1159.20 1}{1159.20 0.00 0.00 0.00 1545.60 0}{1545.60 0.00 0.00 0.00 1932.00 0}
COMM 4b-1: 482782_482b02_482c3b_482d2f (1 575.00 1 575.00 1 575.00){0.00 0.00 0.00 0.00 230.00 0}{230.00 0.00 0.00 0.00 460.00 0}{460.00 575.00 575.00 575.00 690.00 1}{690.00 0.00 0.00 0.00 920.00 0}{920.00 0.00 0.00 0.00 1150.00 0}
COMM 4b-2: 48b6dd_48b961_48ba35_48baee (9 712.20 2 556.00 0 1680.00){0.00 0.00 0.00 0.00 226.40 0}{226.40 0.00 0.00 0.00 452.80 0}{452.80 556.00 563.14 567.00 905.60 7}{905.60 934.00 934.00 934.00 1132.00 1}{1132.00 1680.00 1680.00 1680.00 2228.00 1}
LOOP0: iter: ( 4 )[ 1 -1 0 1 0 ]( 2 )[ 1 -1 1 1 0 ] mem: ( 3 )[ 1 -1 0 1 0 ]( 1 )[ 1 -1 1 1 0 ]
10 2 
12 131220 
14 16 
1a ( 1 2 )[ 1 -1 0 1 0 ]
1a ( 3 2 )[ 1 -1 1 2 2 ]
1a ( 2 )[ 1 -1 2 1 0 ]
1b 0 

RANKS: 1 -1 0 2 1
EVENT9: 1090 47a64e_47aa23_47ab8e_47acaf
COMP 4c-0: 482782_482b02_482c3b_482d2f (5 14.83 0 14.00 1 16.00){0.00 0.00 0.00 0.00 6.00 0}{6.00 0.00 0.00 0.00 12.00 0}{12.00 14.00 14.80 16.00 18.00 5}{18.00 0.00 0.00 0.00 24.00 0}{24.00 0.00 0.00 0.00 30.00 0}
COMM 4b-0: 482782_482b02_482c3b_482d2f (5 2.33 0 1.00 0 4.00){0.00 1.00 1.00 1.00 1.60 2}{1.60 2.00 2.00 2.00 3.20 2}{3.20 4.00 4.00 4.00 4.80 1}{4.80 0.00 0.00 0.00 6.40 0}{6.40 0.00 0.00 0.00 8.00 0}
10 2 
12 131220 
14 16 
1b 0 
2b 2147483647 

RANKS: 1 -1 0 2 1
EVENT10: 1148 48b6dd_48b961_48ba35_48baee
COMP 4c-0: 47a64e_47aa23_47ab8e_47acaf (5 15.33 0 15.00 0 16.00){0.00 0.00 0.00 0.00 6.40 0}{6.40 0.00 0.00 0.00 12.80 0}{12.80 15.00 15.20 16.00 19.20 5}{19.20 0.00 0.00 0.00 25.60 0}{25.60 0.00 0.00 0.00 32.00 0}
COMM 4b-0: 47a64e_47aa23_47ab8e_47acaf (5 1488.67 1 1200.00 0 1924.00){0.00 0.00 0.00 0.00 769.60 0}{769.60 1200.00 1271.00 1376.00 1539.20 4}{1539.20 1924.00 1924.00 1924.00 2308.80 1}{2308.80 0.00 0.00 0.00 3078.40 0}{3078.40 0.00 0.00 0.00 3848.00 0}
1c 9999 

RANKS: 1 -1 0 4 1
EVENT11: 1004 46abb7_46af17_46b05a_46b14c
COMP 4c-0: 482782_482b02_482c3b_482d2f (2 796631.67 2 796629.00 3 796633.00){0.00 0.00 0.00 0.00 318653.20 0}{318653.20 0.00 0.00 0.00 637306.40 0}{637306.40 796629.00 796631.00 796633.00 955959.60 2}{955959.60 0.00 0.00 0.00 1274612.80 0}{1274612.80 0.00 0.00 0.00 1593266.00 0}
COMP 4c-1: 48b6dd_48b961_48ba35_48baee (2 796951.67 1 796949.00 0 796953.00){0.00 0.00 0.00 0.00 318781.20 0}{318781.20 0.00 0.00 0.00 637562.40 0}{637562.40 796949.00 796951.00 796953.00 956343.60 2}{956343.60 0.00 0.00 0.00 1275124.80 0}{1275124.80 0.00 0.00 0.00 1593906.00 0}
COMM 4b-0: 482782_482b02_482c3b_482d2f (2 641.00 3 608.00 2 707.00){0.00 0.00 0.00 0.00 243.20 0}{243.20 0.00 0.00 0.00 486.40 0}{486.40 608.00 657.50 707.00 729.60 2}{729.60 0.00 0.00 0.00 972.80 0}{972.80 0.00 0.00 0.00 1216.00 0}
COMM 4b-1: 48b6dd_48b961_48ba35_48baee (2 158.67 1 38.00 0 219.00){0.00 38.00 38.00 38.00 87.60 1}{87.60 0.00 0.00 0.00 175.20 0}{175.20 219.00 219.00 219.00 262.80 1}{262.80 0.00 0.00 0.00 350.40 0}{350.40 0.00 0.00 0.00 438.00 0}
10 2 
12 5 
14 16 
18 3 

RANKS: 1 -1 0 4 1
EVENT12: 1010 46d548_46d77d_46d821_46d89d
COMP 4c-0: 46abb7_46af17_46b05a_46b14c (4 14.40 0 14.00 3 15.00){0.00 0.00 0.00 0.00 5.60 0}{5.60 0.00 0.00 0.00 11.20 0}{11.20 14.00 14.50 15.00 16.80 4}{16.80 0.00 0.00 0.00 22.40 0}{22.40 0.00 0.00 0.00 28.00 0}
COMM 4b-0: 46abb7_46af17_46b05a_46b14c (4 118.80 0 30.00 3 268.00){0.00 0.00 0.00 0.00 12.00 0}{12.00 0.00 0.00 0.00 24.00 0}{24.00 30.00 30.00 30.00 60.00 1}{60.00 129.00 133.00 137.00 198.00 2}{198.00 268.00 268.00 268.00 338.00 1}
10 2 

RANKS: 1 -1 1 3 1
EVENT13: 1102 47dcc1_47e086_47e1f0_47e30f
COMP 4c-0: 46d548_46d77d_46d821_46d89d (3 49007.00 1 49007.00 1 49007.00){0.00 0.00 0.00 0.00 19602.80 0}{19602.80 0.00 0.00 0.00 39205.60 0}{39205.60 49007.00 49007.00 49007.00 58808.40 3}{58808.40 0.00 0.00 0.00 78411.20 0}{78411.20 0.00 0.00 0.00 98014.00 0}
COMP 4c-1: 47dcc1_47e086_47e1f0_47e30f (319 4568.36 3 16.00 3 9176.00){0.00 0.00 0.00 0.00 6.40 0}{6.40 0.00 0.00 0.00 12.80 0}{12.80 16.00 17.98 18.00 25.60 160}{25.60 0.00 0.00 0.00 32.00 0}{32.00 9175.00 9175.99 9176.00 18318.00 159}
COMP 4c-2: 482782_482b02_482c3b_482d2f (638 4729.28 1 4601.00 1 4858.00){0.00 0.00 0.00 0.00 1942.00 0}{1942.00 0.00 0.00 0.00 3884.00 0}{3884.00 4601.00 4729.08 4858.00 5826.00 638}{5826.00 0.00 0.00 0.00 7768.00 0}{7768.00 0.00 0.00 0.00 9710.00 0}
COMM 4b-0: 46d548_46d77d_46d821_46d89d (3 1703.00 1 1372.00 3 2611.00){0.00 0.00 0.00 0.00 548.80 0}{548.80 0.00 0.00 0.00 1097.60 0}{1097.60 1372.00 1414.50 1457.00 1646.40 2}{1646.40 0.00 0.00 0.00 2195.20 0}{2195.20 2611.00 2611.00 2611.00 2744.00 1}
COMM 4b-1: 47dcc1_47e086_47e1f0_47e30f (319 15.80 3 1.00 3 146.00){0.00 1.00 1.92 2.00 2.40 64}{2.40 3.00 3.00 3.00 3.60 26}{3.60 4.00 4.00 4.00 4.80 51}{4.80 5.00 5.20 6.00 6.00 10}{6.00 8.00 27.36 146.00 222.00 168}
COMM 4b-2: 482782_482b02_482c3b_482d2f (638 19.92 1 2.00 2 6447.00){0.00 0.00 0.00 0.00 1.60 0}{1.60 2.00 3.90 6.00 6.40 496}{6.40 7.00 8.61 12.00 14.00 95}{14.00 15.65 76.59 2562.00 5110.00 46}{5110.00 6447.00 6447.00 6447.00 7784.00 1}
LOOP0: iter: ( 320 )[ 1 -1 1 3 1 ] mem: ( 2 )[ 1 -1 1 2 1 ]( 1 )[ 1 -1 3 1 0 ]
10 2 
12 400 
14 16 
1b 0 
2b ( 3 3 3 3 3 3 3 3 3 3 3 3 3 3 3 3 3 3 3 3 3 3 3 3 3 3 3 3 3 3 3 3 3 3 3 3 3 3 3 3 3 3 3 3 3 3 3 3 3 3 3 3 3 3 3 3 3 3 3 3 3 3 3 3 3 3 3 3 3 3 3 3 3 3 3 3 3 3 3 3 3 3 3 3 3 3 3 3 3 3 3 3 3 3 3 3 3 3 3 3 3 3 3 3 3 3 3 3 3 3 3 3 3 3 3 3 3 3 3 3 3 3 3 3 3 3 3 3 3 3 3 3 3 3 3 3 3 3 3 3 3 3 3 3 3 3 3 3 3 3 3 3 3 3 3 3 3 3 3 3 2 2 2 2 2 2 2 2 2 2 2 2 2 2 2 2 2 2 2 2 2 2 2 2 2 2 2 2 2 2 2 2 2 2 2 2 2 2 2 2 2 2 2 2 2 2 2 2 2 2 2 2 2 2 2 2 2 2 2 2 2 2 2 2 2 2 2 2 2 2 2 2 2 2 2 2 2 2 2 2 2 2 2 2 2 2 2 2 2 2 2 2 2 2 2 2 2 2 2 2 2 2 2 2 2 2 2 2 2 2 2 2 2 2 2 2 2 2 2 2 2 2 2 2 2 2 2 2 2 2 2 2 2 2 2 2 2 2 2 2 2 2 2 2 2 2 2 2 2 2 2 2 2 2 2 2 2 2 2 2 )[ 1 -1 1 1 0 ]
2b ( 3 2 )[ 1 -1 3 1 0 ]
2b ( 2 2 2 2 2 2 2 2 2 2 2 2 2 2 2 2 2 2 2 2 2 2 2 2 2 2 2 2 2 2 2 2 2 2 2 2 2 2 2 2 2 2 2 2 2 2 2 2 2 2 2 2 2 2 2 2 2 2 2 2 2 2 2 2 2 2 2 2 2 2 2 2 2 2 2 2 2 2 2 2 2 2 2 2 2 2 2 2 2 2 2 2 2 2 2 2 2 2 2 2 2 2 2 2 2 2 2 2 2 2 2 2 2 2 2 2 2 2 2 2 2 2 2 2 2 2 2 2 2 2 2 2 2 2 2 2 2 2 2 2 2 2 2 2 2 2 2 2 2 2 2 2 2 2 2 2 2 2 2 2 1 1 1 1 1 1 1 1 1 1 1 1 1 1 1 1 1 1 1 1 1 1 1 1 1 1 1 1 1 1 1 1 1 1 1 1 1 1 1 1 1 1 1 1 1 1 1 1 1 1 1 1 1 1 1 1 1 1 1 1 1 1 1 1 1 1 1 1 1 1 1 1 1 1 1 1 1 1 1 1 1 1 1 1 1 1 1 1 1 1 1 1 1 1 1 1 1 1 1 1 1 1 1 1 1 1 1 1 1 1 1 1 1 1 1 1 1 1 1 1 1 1 1 1 1 1 1 1 1 1 1 1 1 1 1 1 1 1 1 1 1 1 1 1 1 1 1 1 1 1 1 1 1 1 1 1 1 1 1 1 )[ 1 -1 2 1 0 ]

RANKS: 1 -1 2 1 0
EVENT14: 1113 482782_482b02_482c3b_482d2f
COMP 4c-0: 47dcc1_47e086_47e1f0_47e30f (320 4303.84 2 4271.00 2 4336.00){0.00 0.00 0.00 0.00 1734.40 0}{1734.40 0.00 0.00 0.00 3468.80 0}{3468.80 4271.00 4303.74 4336.00 5203.20 320}{5203.20 0.00 0.00 0.00 6937.60 0}{6937.60 0.00 0.00 0.00 8672.00 0}
COMM 4b-0: 47dcc1_47e086_47e1f0_47e30f (320 4.18 2 3.00 2 165.00){0.00 0.00 0.00 0.00 2.80 0}{2.80 3.00 3.34 4.00 5.60 311}{5.60 7.00 7.00 7.00 11.20 1}{11.20 12.00 12.33 13.00 14.00 3}{14.00 16.00 50.20 165.00 316.00 5}
10 2 
12 400 
14 16 
1a 1 1 1 1 1 1 1 1 1 1 1 1 1 1 1 1 1 1 1 1 1 1 1 1 1 1 1 1 1 1 1 1 1 1 1 1 1 1 1 1 1 1 1 1 1 1 1 1 1 1 1 1 1 1 1 1 1 1 1 1 1 1 1 1 1 1 1 1 1 1 1 1 1 1 1 1 1 1 1 1 1 1 1 1 1 1 1 1 1 1 1 1 1 1 1 1 1 1 1 1 1 1 1 1 1 1 1 1 1 1 1 1 1 1 1 1 1 1 1 1 1 1 1 1 1 1 1 1 1 1 1 1 1 1 1 1 1 1 1 1 1 1 1 1 1 1 1 1 1 1 1 1 1 1 1 1 1 1 1 1 2 2 2 2 2 2 2 2 2 2 2 2 2 2 2 2 2 2 2 2 2 2 2 2 2 2 2 2 2 2 2 2 2 2 2 2 2 2 2 2 2 2 2 2 2 2 2 2 2 2 2 2 2 2 2 2 2 2 2 2 2 2 2 2 2 2 2 2 2 2 2 2 2 2 2 2 2 2 2 2 2 2 2 2 2 2 2 2 2 2 2 2 2 2 2 2 2 2 2 2 2 2 2 2 2 2 2 2 2 2 2 2 2 2 2 2 2 2 2 2 2 2 2 2 2 2 2 2 2 2 2 2 2 2 2 2 2 2 2 2 2 2 2 2 2 2 2 2 2 2 2 2 2 2 2 2 2 2 2 2 
1b 0 

RANKS: 1 -1 0 4 1
EVENT15: 1113 482782_482b02_482c3b_482d2f
COMP 4c-0: 46abb7_46af17_46b05a_46b14c (1 2264150.00 2 2264150.00 2 2264150.00){0.00 0.00 0.00 0.00 905660.00 0}{905660.00 0.00 0.00 0.00 1811320.00 0}{1811320.00 2264150.00 2264150.00 2264150.00 2716980.00 1}{2716980.00 0.00 0.00 0.00 3622640.00 0}{3622640.00 0.00 0.00 0.00 4528300.00 0}
COMP 4c-1: 46d548_46d77d_46d821_46d89d (1 53327.00 0 53327.00 0 53327.00){0.00 0.00 0.00 0.00 21330.80 0}{21330.80 0.00 0.00 0.00 42661.60 0}{42661.60 53327.00 53327.00 53327.00 63992.40 1}{63992.40 0.00 0.00 0.00 85323.20 0}{85323.20 0.00 0.00 0.00 106654.00 0}
COMP 4c-2: 47dcc1_47e086_47e1f0_47e30f (321 4331.38 1 4271.00 3 13174.00){0.00 0.00 0.00 0.00 1734.40 0}{1734.40 0.00 0.00 0.00 3468.80 0}{3468.80 4271.00 4303.73 4336.00 6937.60 320}{6937.60 0.00 0.00 0.00 8672.00 0}{8672.00 13174.00 13174.00 13174.00 17676.00 1}
COMP 4c-3: 482782_482b02_482c3b_482d2f (639 4637.69 0 16.00 2 95584.00){0.00 0.00 0.00 0.00 6.40 0}{6.40 0.00 0.00 0.00 12.80 0}{12.80 16.00 17.96 18.00 32.00 320}{32.00 8854.00 9015.02 9176.00 18318.00 318}{18318.00 95584.00 95584.00 95584.00 172850.00 1}
COMM 4b-0: 46abb7_46af17_46b05a_46b14c (1 569.00 2 569.00 2 569.00){0.00 0.00 0.00 0.00 227.60 0}{227.60 0.00 0.00 0.00 455.20 0}{455.20 569.00 569.00 569.00 682.80 1}{682.80 0.00 0.00 0.00 910.40 0}{910.40 0.00 0.00 0.00 1138.00 0}
COMM 4b-1: 46d548_46d77d_46d821_46d89d (1 10.00 0 10.00 0 10.00){0.00 0.00 0.00 0.00 4.00 0}{4.00 0.00 0.00 0.00 8.00 0}{8.00 10.00 10.00 10.00 12.00 1}{12.00 0.00 0.00 0.00 16.00 0}{16.00 0.00 0.00 0.00 20.00 0}
COMM 4b-2: 47dcc1_47e086_47e1f0_47e30f (321 4.23 1 3.00 1 181.00){0.00 3.00 3.00 3.00 3.20 232}{3.20 4.00 4.00 4.00 6.40 78}{6.40 8.00 8.00 8.00 12.80 2}{12.80 13.00 15.33 16.00 16.00 6}{16.00 29.00 79.67 181.00 346.00 3}
COMM 4b-3: 482782_482b02_482c3b_482d2f (639 4.97 0 1.00 2 570.00){0.00 1.00 1.99 2.00 2.40 279}{2.40 3.00 3.00 3.00 3.60 303}{3.60 4.00 4.00 4.00 6.00 40}{6.00 18.00 61.56 181.00 340.00 16}{340.00 570.00 570.00 570.00 800.00 1}
LOOP0: iter: ( 320 )[ 1 -1 0 2 3 ]( 2 )[ 1 -1 2 1 0 ] mem: ( 1 )[ 1 -1 0 2 3 ]( 5 )[ 1 -1 2 1 0 ]
10 2 
12 ( 400 )[ 2 -1 0 2 1 -1 3 1 0 ]
12 ( 131220 )[ 1 -1 2 1 0 ]
14 16 
1a ( 1 2 )[ 1 -1 0 1 0 ]
1a ( 2 2 2 2 2 2 2 2 2 2 2 2 2 2 2 2 2 2 2 2 2 2 2 2 2 2 2 2 2 2 2 2 2 2 2 2 2 2 2 2 2 2 2 2 2 2 2 2 2 2 2 2 2 2 2 2 2 2 2 2 2 2 2 2 2 2 2 2 2 2 2 2 2 2 2 2 2 2 2 2 2 2 2 2 2 2 2 2 2 2 2 2 2 2 2 2 2 2 2 2 2 2 2 2 2 2 2 2 2 2 2 2 2 2 2 2 2 2 2 2 2 2 2 2 2 2 2 2 2 2 2 2 2 2 2 2 2 2 2 2 2 2 2 2 2 2 2 2 2 2 2 2 2 2 2 2 2 2 2 2 3 3 3 3 3 3 3 3 3 3 3 3 3 3 3 3 3 3 3 3 3 3 3 3 3 3 3 3 3 3 3 3 3 3 3 3 3 3 3 3 3 3 3 3 3 3 3 3 3 3 3 3 3 3 3 3 3 3 3 3 3 3 3 3 3 3 3 3 3 3 3 3 3 3 3 3 3 3 3 3 3 3 3 3 3 3 3 3 3 3 3 3 3 3 3 3 3 3 3 3 3 3 3 3 3 3 3 3 3 3 3 3 3 3 3 3 3 3 3 3 3 3 3 3 3 3 3 3 3 3 3 3 3 3 3 3 3 3 3 3 3 3 3 3 3 3 3 3 3 3 3 3 3 3 3 3 3 3 3 3 )[ 1 -1 1 1 0 ]
1a ( 3 2 )[ 1 -1 3 1 0 ]
1a ( 1 )[ 1 -1 2 1 0 ]
1b 0 

RANKS: 1 -1 0 1 0
EVENT16: 1102 47dcc1_47e086_47e1f0_47e30f
COMP 4c-0: 47dcc1_47e086_47e1f0_47e30f (319 4408.82 0 16.00 0 8855.00){0.00 0.00 0.00 0.00 6.40 0}{6.40 0.00 0.00 0.00 12.80 0}{12.80 16.00 17.99 18.00 25.60 160}{25.60 0.00 0.00 0.00 32.00 0}{32.00 8854.00 8854.89 8855.00 17676.00 159}
COMP 4c-1: 482782_482b02_482c3b_482d2f (1 4599.00 0 4599.00 0 4599.00){0.00 0.00 0.00 0.00 1839.60 0}{1839.60 0.00 0.00 0.00 3679.20 0}{3679.20 4599.00 4599.00 4599.00 5518.80 1}{5518.80 0.00 0.00 0.00 7358.40 0}{7358.40 0.00 0.00 0.00 9198.00 0}
COMM 4b-0: 47dcc1_47e086_47e1f0_47e30f (319 9.25 0 1.00 0 322.00){0.00 0.00 0.00 0.00 0.80 0}{0.80 1.00 1.00 1.00 1.60 68}{1.60 2.00 2.06 4.00 4.00 95}{4.00 5.00 7.51 12.00 12.00 79}{12.00 13.00 27.27 322.00 632.00 77}
COMM 4b-1: 482782_482b02_482c3b_482d2f (1 9092.00 0 9092.00 0 9092.00){0.00 0.00 0.00 0.00 3636.80 0}{3636.80 0.00 0.00 0.00 7273.60 0}{7273.60 9092.00 9092.00 9092.00 10910.40 1}{10910.40 0.00 0.00 0.00 14547.20 0}{14547.20 0.00 0.00 0.00 18184.00 0}
LOOP0: iter: ( 320 )[ 1 -1 0 1 0 ] mem: ( 1 )[ 1 -1 0 1 0 ]
10 2 
12 400 
14 16 
1b 0 
2b 1 2 

RANKS: 1 -1 1 3 1
EVENT17: 1090 47a64e_47aa23_47ab8e_47acaf
COMP 4c-0: 46abb7_46af17_46b05a_46b14c (2 2263726.33 1 2263713.00 3 2263753.00){0.00 0.00 0.00 0.00 905485.20 0}{905485.20 0.00 0.00 0.00 1810970.40 0}{1810970.40 2263713.00 2263733.00 2263753.00 2716455.60 2}{2716455.60 0.00 0.00 0.00 3621940.80 0}{3621940.80 0.00 0.00 0.00 4527426.00 0}
COMP 4c-1: 482782_482b02_482c3b_482d2f (6 149987.14 2 15.00 3 382276.00){0.00 15.00 15.00 15.00 38044.00 2}{38044.00 0.00 0.00 0.00 76088.00 0}{76088.00 95108.00 95109.00 95110.00 152176.00 2}{152176.00 0.00 0.00 0.00 190220.00 0}{190220.00 382276.00 382276.00 382276.00 574332.00 2}
COMP 4c-2: 48b6dd_48b961_48ba35_48baee (2 382559.00 2 382559.00 2 382559.00){0.00 0.00 0.00 0.00 153023.60 0}{153023.60 0.00 0.00 0.00 306047.20 0}{306047.20 382559.00 382559.00 382559.00 459070.80 2}{459070.80 0.00 0.00 0.00 612094.40 0}{612094.40 0.00 0.00 0.00 765118.00 0}
COMM 4b-0: 46abb7_46af17_46b05a_46b14c (2 3.33 1 3.00 3 4.00){0.00 0.00 0.00 0.00 1.20 0}{1.20 0.00 0.00 0.00 2.40 0}{2.40 3.00 3.00 3.00 3.60 1}{3.60 4.00 4.00 4.00 4.80 1}{4.80 0.00 0.00 0.00 6.00 0}
COMM 4b-1: 482782_482b02_482c3b_482d2f (6 2.71 2 2.00 1 3.00){0.00 0.00 0.00 0.00 1.20 0}{1.20 2.00 2.00 2.00 2.40 2}{2.40 3.00 3.00 3.00 3.60 4}{3.60 0.00 0.00 0.00 4.80 0}{4.80 0.00 0.00 0.00 6.00 0}
COMM 4b-2: 48b6dd_48b961_48ba35_48baee (2 3.67 2 3.00 2 4.00){0.00 0.00 0.00 0.00 1.60 0}{1.60 3.00 3.00 3.00 3.20 1}{3.20 4.00 4.00 4.00 4.80 1}{4.80 0.00 0.00 0.00 6.40 0}{6.40 0.00 0.00 0.00 8.00 0}
LOOP0: iter: ( 2 )[ 1 -1 1 3 1 ] mem: ( 6 )[ 1 -1 1 1 0 ]( 4 )[ 1 -1 3 1 0 ]( 2 )[ 1 -1 2 1 0 ]
LOOP1: iter: ( 2 )[ 1 -1 3 1 0 ] mem: ( 3 )[ 1 -1 3 1 0 ]
10 2 
12 131220 
14 16 
1b 0 
2b 2147483647 

RANKS: 1 -1 1 3 1
EVENT18: 1148 48b6dd_48b961_48ba35_48baee
COMP 4c-0: 47a64e_47aa23_47ab8e_47acaf (10 15.00 1 15.00 1 15.00){0.00 0.00 0.00 0.00 6.00 0}{6.00 0.00 0.00 0.00 12.00 0}{12.00 15.00 15.00 15.00 18.00 10}{18.00 0.00 0.00 0.00 24.00 0}{24.00 0.00 0.00 0.00 30.00 0}
COMM 4b-0: 47a64e_47aa23_47ab8e_47acaf (10 1554.27 2 559.00 3 4274.00){0.00 559.00 561.00 564.00 744.80 3}{744.80 876.00 1189.00 1347.00 1489.60 3}{1489.60 1862.00 1903.67 1933.00 2979.20 3}{2979.20 0.00 0.00 0.00 3724.00 0}{3724.00 4274.00 4274.00 4274.00 4824.00 1}
1c 9999 

RANKS: 1 -1 0 4 1
EVENT19: 1113 482782_482b02_482c3b_482d2f
COMP 4c-0: 46abb7_46af17_46b05a_46b14c (1 2264110.00 0 2264110.00 0 2264110.00){0.00 0.00 0.00 0.00 905644.00 0}{905644.00 0.00 0.00 0.00 1811288.00 0}{1811288.00 2264110.00 2264110.00 2264110.00 2716932.00 1}{2716932.00 0.00 0.00 0.00 3622576.00 0}{3622576.00 0.00 0.00 0.00 4528220.00 0}
COMP 4c-1: 47dcc1_47e086_47e1f0_47e30f (1 99838.00 0 99838.00 0 99838.00){0.00 0.00 0.00 0.00 39935.20 0}{39935.20 0.00 0.00 0.00 79870.40 0}{79870.40 99838.00 99838.00 99838.00 119805.60 1}{119805.60 0.00 0.00 0.00 159740.80 0}{159740.80 0.00 0.00 0.00 199676.00 0}
COMP 4c-2: 482782_482b02_482c3b_482d2f (2 382738.00 1 382738.00 1 382738.00){0.00 0.00 0.00 0.00 153095.20 0}{153095.20 0.00 0.00 0.00 306190.40 0}{306190.40 382738.00 382738.00 382738.00 459285.60 2}{459285.60 0.00 0.00 0.00 612380.80 0}{612380.80 0.00 0.00 0.00 765476.00 0}
COMP 4c-3: 48b6dd_48b961_48ba35_48baee (10 105122.27 1 910.00 0 383020.00){0.00 910.00 910.62 912.00 153208.00 8}{153208.00 0.00 0.00 0.00 306416.00 0}{306416.00 383020.00 383020.00 383020.00 459624.00 2}{459624.00 0.00 0.00 0.00 612832.00 0}{612832.00 0.00 0.00 0.00 766040.00 0}
COMM 4b-0: 46abb7_46af17_46b05a_46b14c (1 727.00 0 727.00 0 727.00){0.00 0.00 0.00 0.00 290.80 0}{290.80 0.00 0.00 0.00 581.60 0}{581.60 727.00 727.00 727.00 872.40 1}{872.40 0.00 0.00 0.00 1163.20 0}{1163.20 0.00 0.00 0.00 1454.00 0}
COMM 4b-1: 47dcc1_47e086_47e1f0_47e30f (1 563.00 0 563.00 0 563.00){0.00 0.00 0.00 0.00 225.20 0}{225.20 0.00 0.00 0.00 450.40 0}{450.40 563.00 563.00 563.00 675.60 1}{675.60 0.00 0.00 0.00 900.80 0}{900.80 0.00 0.00 0.00 1126.00 0}
COMM 4b-2: 482782_482b02_482c3b_482d2f (2 573.67 1 572.00 1 577.00){0.00 0.00 0.00 0.00 228.80 0}{228.80 0.00 0.00 0.00 457.60 0}{457.60 572.00 574.50 577.00 686.40 2}{686.40 0.00 0.00 0.00 915.20 0}{915.20 0.00 0.00 0.00 1144.00 0}
COMM 4b-3: 48b6dd_48b961_48ba35_48baee (10 566.36 2 554.00 0 629.00){0.00 0.00 0.00 0.00 226.00 0}{226.00 0.00 0.00 0.00 452.00 0}{452.00 554.00 566.50 629.00 678.00 10}{678.00 0.00 0.00 0.00 904.00 0}{904.00 0.00 0.00 0.00 1130.00 0}
LOOP0: iter: ( 2 )[ 1 -1 0 2 1 ] mem: ( 4 )[ 1 -1 0 1 0 ]( 1 )[ 1 -1 1 1 0 ]
LOOP1: iter: ( 2 )[ 1 -1 0 1 0 ] mem: ( 3 )[ 1 -1 0 1 0 ]
10 2 
12 131220 
14 16 
1a ( 1 2 )[ 1 -1 0 1 0 ]
1a ( 3 2 )[ 1 -1 1 2 2 ]
1a ( 2 )[ 1 -1 2 1 0 ]
1b 0 

RANKS: 1 -1 0 2 1
EVENT20: 1090 47a64e_47aa23_47ab8e_47acaf
COMP 4c-0: 482782_482b02_482c3b_482d2f (6 15.14 0 14.00 1 16.00){0.00 0.00 0.00 0.00 6.00 0}{6.00 0.00 0.00 0.00 12.00 0}{12.00 14.00 15.17 16.00 18.00 6}{18.00 0.00 0.00 0.00 24.00 0}{24.00 0.00 0.00 0.00 30.00 0}
COMM 4b-0: 482782_482b02_482c3b_482d2f (6 2.14 0 2.00 0 3.00){0.00 0.00 0.00 0.00 0.80 0}{0.80 0.00 0.00 0.00 1.60 0}{1.60 2.00 2.00 2.00 2.40 5}{2.40 3.00 3.00 3.00 3.20 1}{3.20 0.00 0.00 0.00 4.00 0}
10 2 
12 131220 
14 16 
1b 0 
2b 2147483647 

RANKS: 1 -1 0 2 1
EVENT21: 1148 48b6dd_48b961_48ba35_48baee
COMP 4c-0: 47a64e_47aa23_47ab8e_47acaf (6 15.00 0 15.00 0 15.00){0.00 0.00 0.00 0.00 6.00 0}{6.00 0.00 0.00 0.00 12.00 0}{12.00 15.00 15.00 15.00 18.00 6}{18.00 0.00 0.00 0.00 24.00 0}{24.00 0.00 0.00 0.00 30.00 0}
COMM 4b-0: 47a64e_47aa23_47ab8e_47acaf (6 1176.43 1 1024.00 0 1335.00){0.00 0.00 0.00 0.00 534.00 0}{534.00 1024.00 1027.00 1030.00 1068.00 2}{1068.00 1084.00 1211.50 1335.00 1602.00 4}{1602.00 0.00 0.00 0.00 2136.00 0}{2136.00 0.00 0.00 0.00 2670.00 0}
1c 9999 

RANKS: 1 -1 0 4 1
EVENT22: 1004 46abb7_46af17_46b05a_46b14c
COMP 4c-0: 482782_482b02_482c3b_482d2f (4 770141.20 2 752479.00 3 796632.00){0.00 0.00 0.00 0.00 300993.20 0}{300993.20 0.00 0.00 0.00 601986.40 0}{601986.40 752479.00 774555.75 796632.00 902979.60 4}{902979.60 0.00 0.00 0.00 1203972.80 0}{1203972.80 0.00 0.00 0.00 1504966.00 0}
COMP 4c-1: 48b6dd_48b961_48ba35_48baee (4 770461.00 1 752799.00 0 796952.00){0.00 0.00 0.00 0.00 301121.20 0}{301121.20 0.00 0.00 0.00 602242.40 0}{602242.40 752799.00 774875.50 796952.00 903363.60 4}{903363.60 0.00 0.00 0.00 1204484.80 0}{1204484.80 0.00 0.00 0.00 1505606.00 0}
COMM 4b-0: 482782_482b02_482c3b_482d2f (4 618.00 2 248.00 3 827.00){0.00 248.00 248.00 248.00 330.80 1}{330.80 445.00 445.00 445.00 661.60 1}{661.60 743.00 785.00 827.00 992.40 2}{992.40 0.00 0.00 0.00 1323.20 0}{1323.20 0.00 0.00 0.00 1654.00 0}
COMM 4b-1: 48b6dd_48b961_48ba35_48baee (4 286.00 0 24.00 1 729.00){0.00 0.00 0.00 0.00 10.00 0}{10.00 0.00 0.00 0.00 20.00 0}{20.00 24.00 24.50 25.00 40.00 2}{40.00 0.00 0.00 0.00 50.00 0}{50.00 627.00 678.00 729.00 1204.00 2}
10 2 
12 1 5 
14 16 
18 1 3 

RANKS: 1 -1 0 4 1
EVENT23: 1010 46d548_46d77d_46d821_46d89d
COMP 4c-0: 46abb7_46af17_46b05a_46b14c (4 21.40 3 20.00 3 23.00){0.00 0.00 0.00 0.00 8.40 0}{8.40 0.00 0.00 0.00 16.80 0}{16.80 20.00 21.50 23.00 25.20 4}{25.20 0.00 0.00 0.00 33.60 0}{33.60 0.00 0.00 0.00 42.00 0}
COMM 4b-0: 46abb7_46af17_46b05a_46b14c (4 17.20 1 6.00 3 31.00){0.00 6.00 6.00 6.00 7.60 1}{7.60 11.00 11.00 11.00 15.20 1}{15.20 19.00 19.00 19.00 22.80 1}{22.80 0.00 0.00 0.00 30.40 0}{30.40 31.00 31.00 31.00 38.00 1}
10 2 

RANKS: 1 -1 2 1 0
EVENT24: 1102 47dcc1_47e086_47e1f0_47e30f
COMP 4c-0: 46d548_46d77d_46d821_46d89d (1 49003.00 2 49003.00 2 49003.00){0.00 0.00 0.00 0.00 19601.20 0}{19601.20 0.00 0.00 0.00 39202.40 0}{39202.40 49003.00 49003.00 49003.00 58803.60 1}{58803.60 0.00 0.00 0.00 78404.80 0}{78404.80 0.00 0.00 0.00 98006.00 0}
COMP 4c-1: 482782_482b02_482c3b_482d2f (319 4729.47 2 4600.00 2 4858.00){0.00 0.00 0.00 0.00 1941.60 0}{1941.60 0.00 0.00 0.00 3883.20 0}{3883.20 4600.00 4729.08 4858.00 5824.80 319}{5824.80 0.00 0.00 0.00 7766.40 0}{7766.40 0.00 0.00 0.00 9708.00 0}
COMM 4b-0: 46d548_46d77d_46d821_46d89d (1 1827.00 2 1827.00 2 1827.00){0.00 0.00 0.00 0.00 730.80 0}{730.80 0.00 0.00 0.00 1461.60 0}{1461.60 1827.00 1827.00 1827.00 2192.40 1}{2192.40 0.00 0.00 0.00 2923.20 0}{2923.20 0.00 0.00 0.00 3654.00 0}
COMM 4b-1: 482782_482b02_482c3b_482d2f (319 26.11 2 2.00 2 6843.00){0.00 2.00 2.00 2.00 2.40 2}{2.40 3.00 3.80 6.00 6.00 252}{6.00 7.00 8.48 10.00 10.00 62}{10.00 11.00 11.00 11.00 12.00 2}{12.00 6843.00 6843.00 6843.00 13674.00 1}
LOOP0: iter: ( 320 )[ 1 -1 2 1 0 ] mem: ( 2 )[ 1 -1 2 1 0 ]
10 2 
12 400 
14 16 
1b 0 
2b 2 2 2 2 2 2 2 2 2 2 2 2 2 2 2 2 2 2 2 2 2 2 2 2 2 2 2 2 2 2 2 2 2 2 2 2 2 2 2 2 2 2 2 2 2 2 2 2 2 2 2 2 2 2 2 2 2 2 2 2 2 2 2 2 2 2 2 2 2 2 2 2 2 2 2 2 2 2 2 2 2 2 2 2 2 2 2 2 2 2 2 2 2 2 2 2 2 2 2 2 2 2 2 2 2 2 2 2 2 2 2 2 2 2 2 2 2 2 2 2 2 2 2 2 2 2 2 2 2 2 2 2 2 2 2 2 2 2 2 2 2 2 2 2 2 2 2 2 2 2 2 2 2 2 2 2 2 2 2 2 1 1 1 1 1 1 1 1 1 1 1 1 1 1 1 1 1 1 1 1 1 1 1 1 1 1 1 1 1 1 1 1 1 1 1 1 1 1 1 1 1 1 1 1 1 1 1 1 1 1 1 1 1 1 1 1 1 1 1 1 1 1 1 1 1 1 1 1 1 1 1 1 1 1 1 1 1 1 1 1 1 1 1 1 1 1 1 1 1 1 1 1 1 1 1 1 1 1 1 1 1 1 1 1 1 1 1 1 1 1 1 1 1 1 1 1 1 1 1 1 1 1 1 1 1 1 1 1 1 1 1 1 1 1 1 1 1 1 1 1 1 1 1 1 1 1 1 1 1 1 1 1 1 1 1 1 1 1 1 1 

RANKS: 1 -1 0 2 2
EVENT25: 1113 482782_482b02_482c3b_482d2f
COMP 4c-0: 46d548_46d77d_46d821_46d89d (1 53326.00 0 53326.00 0 53326.00){0.00 0.00 0.00 0.00 21330.40 0}{21330.40 0.00 0.00 0.00 42660.80 0}{42660.80 53326.00 53326.00 53326.00 63991.20 1}{63991.20 0.00 0.00 0.00 85321.60 0}{85321.60 0.00 0.00 0.00 106652.00 0}
COMP 4c-1: 47dcc1_47e086_47e1f0_47e30f (320 4303.84 2 4271.00 2 4336.00){0.00 0.00 0.00 0.00 1734.40 0}{1734.40 0.00 0.00 0.00 3468.80 0}{3468.80 4271.00 4303.74 4336.00 5203.20 320}{5203.20 0.00 0.00 0.00 6937.60 0}{6937.60 0.00 0.00 0.00 8672.00 0}
COMP 4c-2: 482782_482b02_482c3b_482d2f (79431 4582.59 0 15.00 0 9177.00){0.00 0.00 0.00 0.00 6.40 0}{6.40 0.00 0.00 0.00 12.80 0}{12.80 15.00 18.00 19.00 25.60 39840}{25.60 0.00 0.00 0.00 32.00 0}{32.00 9175.00 9176.01 9177.00 18320.00 39591}
COMP 4c-3: 48b6dd_48b961_48ba35_48baee (248 806123.96 0 806111.00 0 806129.00){0.00 0.00 0.00 0.00 322444.40 0}{322444.40 0.00 0.00 0.00 644888.80 0}{644888.80 806111.00 806124.01 806129.00 967333.20 248}{967333.20 0.00 0.00 0.00 1289777.60 0}{1289777.60 0.00 0.00 0.00 1612222.00 0}
COMM 4b-0: 46d548_46d77d_46d821_46d89d (1 11.00 0 11.00 0 11.00){0.00 0.00 0.00 0.00 4.40 0}{4.40 0.00 0.00 0.00 8.80 0}{8.80 11.00 11.00 11.00 13.20 1}{13.20 0.00 0.00 0.00 17.60 0}{17.60 0.00 0.00 0.00 22.00 0}
COMM 4b-1: 47dcc1_47e086_47e1f0_47e30f (320 3.56 2 3.00 2 17.00){0.00 3.00 3.00 3.00 3.20 227}{3.20 4.00 4.00 4.00 6.40 84}{6.40 8.00 11.00 12.00 12.80 4}{12.80 13.00 14.50 15.00 16.00 4}{16.00 17.00 17.00 17.00 18.00 1}
COMM 4b-2: 482782_482b02_482c3b_482d2f (79431 3.02 0 1.00 0 34.00){0.00 1.00 1.00 1.00 1.20 181}{1.20 1.99 2.00 2.00 2.40 31517}{2.40 2.48 2.92 3.27 3.60 37612}{3.60 4.00 4.00 5.00 6.00 8829}{6.00 9.00 24.04 34.00 46.00 1292}
COMM 4b-3: 48b6dd_48b961_48ba35_48baee (248 10.38 0 9.00 0 28.00){0.00 0.00 0.00 0.00 4.00 0}{4.00 0.00 0.00 0.00 8.00 0}{8.00 9.00 10.31 11.00 16.00 247}{16.00 0.00 0.00 0.00 20.00 0}{20.00 28.00 28.00 28.00 36.00 1}
LOOP0: iter: ( 249 )[ 1 -1 0 1 0 ] mem: ( 5 )[ 1 -1 0 1 0 ]
LOOP1: iter: ( 320 )[ 1 -1 0 1 0 ] mem: ( 1 )[ 1 -1 0 1 0 ]
10 2 
12 400 
14 16 
1a ( 1 2 )[ 1 -1 0 1 0 ]
1a ( 1 1 1 1 1 1 1 1 1 1 1 1 1 1 1 1 1 1 1 1 1 1 1 1 1 1 1 1 1 1 1 1 1 1 1 1 1 1 1 1 1 1 1 1 1 1 1 1 1 1 1 1 1 1 1 1 1 1 1 1 1 1 1 1 1 1 1 1 1 1 1 1 1 1 1 1 1 1 1 1 1 1 1 1 1 1 1 1 1 1 1 1 1 1 1 1 1 1 1 1 1 1 1 1 1 1 1 1 1 1 1 1 1 1 1 1 1 1 1 1 1 1 1 1 1 1 1 1 1 1 1 1 1 1 1 1 1 1 1 1 1 1 1 1 1 1 1 1 1 1 1 1 1 1 1 1 1 1 1 1 2 2 2 2 2 2 2 2 2 2 2 2 2 2 2 2 2 2 2 2 2 2 2 2 2 2 2 2 2 2 2 2 2 2 2 2 2 2 2 2 2 2 2 2 2 2 2 2 2 2 2 2 2 2 2 2 2 2 2 2 2 2 2 2 2 2 2 2 2 2 2 2 2 2 2 2 2 2 2 2 2 2 2 2 2 2 2 2 2 2 2 2 2 2 2 2 2 2 2 2 2 2 2 2 2 2 2 2 2 2 2 2 2 2 2 2 2 2 2 2 2 2 2 2 2 2 2 2 2 2 2 2 2 2 2 2 2 2 2 2 2 2 2 2 2 2 2 2 2 2 2 2 2 2 2 2 2 2 2 2 )[ 1 -1 2 1 0 ]
1b 0 

RANKS: 2 -1 0 2 1 -1 3 1 0
EVENT26: 1102 47dcc1_47e086_47e1f0_47e30f
COMP 4c-0: 46d548_46d77d_46d821_46d89d (2 49003.00 1 49003.00 1 49003.00){0.00 0.00 0.00 0.00 19601.20 0}{19601.20 0.00 0.00 0.00 39202.40 0}{39202.40 49003.00 49003.00 49003.00 58803.60 2}{58803.60 0.00 0.00 0.00 78404.80 0}{78404.80 0.00 0.00 0.00 98006.00 0}
COMP 4c-1: 47dcc1_47e086_47e1f0_47e30f (158862 4502.75 0 16.00 3 9177.00){0.00 0.00 0.00 0.00 6.40 0}{6.40 0.00 0.00 0.00 12.80 0}{12.80 16.00 18.37 19.00 25.60 79680}{25.60 0.00 0.00 0.00 32.00 0}{32.00 8854.00 9015.38 9177.00 17676.00 79182}
COMP 4c-2: 482782_482b02_482c3b_482d2f (79928 7201.08 0 4599.00 3 801487.00){0.00 0.00 0.00 0.00 1839.60 0}{1839.60 0.00 0.00 0.00 3679.20 0}{3679.20 4599.00 4728.94 4859.00 7358.40 79680}{7358.40 0.00 0.00 0.00 9198.00 0}{9198.00 801472.00 801485.21 801487.00 1593776.00 248}
COMP 4c-3: 48b6dd_48b961_48ba35_48baee (248 801801.69 1 801787.00 1 801803.00){0.00 0.00 0.00 0.00 320714.80 0}{320714.80 0.00 0.00 0.00 641429.60 0}{641429.60 801787.00 801801.75 801803.00 962144.40 248}{962144.40 0.00 0.00 0.00 1282859.20 0}{1282859.20 0.00 0.00 0.00 1603574.00 0}
COMM 4b-0: 46d548_46d77d_46d821_46d89d (2 2197.00 1 1720.00 3 3151.00){0.00 0.00 0.00 0.00 688.00 0}{688.00 0.00 0.00 0.00 1376.00 0}{1376.00 1720.00 1720.00 1720.00 2064.00 1}{2064.00 0.00 0.00 0.00 2752.00 0}{2752.00 3151.00 3151.00 3151.00 3440.00 1}
COMM 4b-1: 47dcc1_47e086_47e1f0_47e30f (158862 12.92 0 1.00 3 2194.00){0.00 1.00 12.74 74.00 74.00 158715}{74.00 75.00 177.30 306.00 330.00 141}{330.00 342.00 350.00 357.00 372.00 3}{372.00 879.00 950.50 1022.00 1672.00 2}{1672.00 2194.00 2194.00 2194.00 2716.00 1}
COMM 4b-2: 482782_482b02_482c3b_482d2f (79928 52.99 1 2.00 0 12699.00){0.00 2.00 23.91 3005.98 3848.00 79678}{3848.00 4231.00 4231.00 4231.00 7696.00 1}{7696.00 8662.00 9289.38 11133.00 11544.00 248}{11544.00 12699.00 12699.00 12699.00 15392.00 1}{15392.00 0.00 0.00 0.00 19240.00 0}
COMM 4b-3: 48b6dd_48b961_48ba35_48baee (248 1977.71 1 16.00 1 2538.00){0.00 16.00 16.00 16.00 802.40 1}{802.40 0.00 0.00 0.00 1604.80 0}{1604.80 1637.00 1983.29 2344.00 2407.20 246}{2407.20 2538.00 2538.00 2538.00 3209.60 1}{3209.60 0.00 0.00 0.00 4012.00 0}
LOOP0: iter: ( 320 )[ 1 -1 0 1 0 ]( 249 )[ 1 -1 1 2 2 ] mem: ( 1 )[ 1 -1 0 1 0 ]( 7 )[ 1 -1 1 1 0 ]( 5 )[ 1 -1 3 1 0 ]
LOOP1: iter: ( 320 )[ 1 -1 1 2 2 ] mem: ( 2 )[ 1 -1 1 1 0 ]( 1 )[ 1 -1 3 1 0 ]
10 2 
12 400 
14 16 
1b 0 
2b ( 1 2 )[ 1 -1 0 1 0 ]
2b ( 3 3 3 3 3 3 3 3 3 3 3 3 3 3 3 3 3 3 3 3 3 3 3 3 3 3 3 3 3 3 3 3 3 3 3 3 3 3 3 3 3 3 3 3 3 3 3 3 3 3 3 3 3 3 3 3 3 3 3 3 3 3 3 3 3 3 3 3 3 3 3 3 3 3 3 3 3 3 3 3 3 3 3 3 3 3 3 3 3 3 3 3 3 3 3 3 3 3 3 3 3 3 3 3 3 3 3 3 3 3 3 3 3 3 3 3 3 3 3 3 3 3 3 3 3 3 3 3 3 3 3 3 3 3 3 3 3 3 3 3 3 3 3 3 3 3 3 3 3 3 3 3 3 3 3 3 3 3 3 3 2 2 2 2 2 2 2 2 2 2 2 2 2 2 2 2 2 2 2 2 2 2 2 2 2 2 2 2 2 2 2 2 2 2 2 2 2 2 2 2 2 2 2 2 2 2 2 2 2 2 2 2 2 2 2 2 2 2 2 2 2 2 2 2 2 2 2 2 2 2 2 2 2 2 2 2 2 2 2 2 2 2 2 2 2 2 2 2 2 2 2 2 2 2 2 2 2 2 2 2 2 2 2 2 2 2 2 2 2 2 2 2 2 2 2 2 2 2 2 2 2 2 2 2 2 2 2 2 2 2 2 2 2 2 2 2 2 2 2 2 2 2 2 2 2 2 2 2 2 2 2 2 2 2 2 2 2 2 2 2 )[ 1 -1 1 1 0 ]
2b ( 3 2 )[ 1 -1 3 1 0 ]

RANKS: 1 -1 0 4 1
EVENT27: 1113 482782_482b02_482c3b_482d2f
COMP 4c-0: 47dcc1_47e086_47e1f0_47e30f (80178 4628.83 1 4271.00 0 99838.00){0.00 4271.00 4331.04 13175.00 39935.20 79929}{39935.20 0.00 0.00 0.00 79870.40 0}{79870.40 99837.00 99838.00 99838.00 119805.60 249}{119805.60 0.00 0.00 0.00 159740.80 0}{159740.80 0.00 0.00 0.00 199676.00 0}
COMP 4c-1: 482782_482b02_482c3b_482d2f (79432 4423.68 3 16.00 2 95584.00){0.00 0.00 0.00 0.00 6.40 0}{6.40 0.00 0.00 0.00 12.80 0}{12.80 16.00 18.00 19.00 32.00 39840}{32.00 8854.00 8854.88 8855.00 17676.00 39591}{17676.00 95584.00 95584.00 95584.00 173492.00 1}
COMP 4c-2: 48b6dd_48b961_48ba35_48baee (249 383020.02 0 383020.00 0 383021.00){0.00 0.00 0.00 0.00 153208.00 0}{153208.00 0.00 0.00 0.00 306416.00 0}{306416.00 383020.00 383020.02 383021.00 459624.00 249}{459624.00 0.00 0.00 0.00 612832.00 0}{612832.00 0.00 0.00 0.00 766040.00 0}
COMM 4b-0: 47dcc1_47e086_47e1f0_47e30f (80178 5.29 1 2.00 0 576.00){0.00 2.00 3.54 39.00 225.60 79929}{225.60 0.00 0.00 0.00 451.20 0}{451.20 563.00 564.13 576.00 676.80 249}{676.80 0.00 0.00 0.00 902.40 0}{902.40 0.00 0.00 0.00 1128.00 0}
COMM 4b-1: 482782_482b02_482c3b_482d2f (79432 3.02 3 1.00 2 566.00){0.00 1.00 1.00 1.00 1.60 39}{1.60 2.00 2.55 3.00 3.20 72047}{3.20 4.00 4.00 4.00 4.00 6039}{4.00 5.00 23.87 44.00 44.00 1306}{44.00 566.00 566.00 566.00 1088.00 1}
COMM 4b-2: 48b6dd_48b961_48ba35_48baee (249 564.35 0 562.00 0 577.00){0.00 0.00 0.00 0.00 226.00 0}{226.00 0.00 0.00 0.00 452.00 0}{452.00 562.00 564.35 577.00 678.00 249}{678.00 0.00 0.00 0.00 904.00 0}{904.00 0.00 0.00 0.00 1130.00 0}
LOOP0: iter: ( 2 )[ 1 -1 0 1 0 ]( 320 )[ 1 -1 3 1 0 ] mem: ( 3 )[ 1 -1 0 1 0 ]( 1 )[ 1 -1 3 1 0 ]
10 2 
12 ( 131220 )[ 1 -1 0 2 2 ]
12 ( 400 )[ 1 -1 1 2 2 ]
14 16 
1a ( 1 2 )[ 1 -1 0 1 0 ]
1a ( 2 2 2 2 2 2 2 2 2 2 2 2 2 2 2 2 2 2 2 2 2 2 2 2 2 2 2 2 2 2 2 2 2 2 2 2 2 2 2 2 2 2 2 2 2 2 2 2 2 2 2 2 2 2 2 2 2 2 2 2 2 2 2 2 2 2 2 2 2 2 2 2 2 2 2 2 2 2 2 2 2 2 2 2 2 2 2 2 2 2 2 2 2 2 2 2 2 2 2 2 2 2 2 2 2 2 2 2 2 2 2 2 2 2 2 2 2 2 2 2 2 2 2 2 2 2 2 2 2 2 2 2 2 2 2 2 2 2 2 2 2 2 2 2 2 2 2 2 2 2 2 2 2 2 2 2 2 2 2 2 3 3 3 3 3 3 3 3 3 3 3 3 3 3 3 3 3 3 3 3 3 3 3 3 3 3 3 3 3 3 3 3 3 3 3 3 3 3 3 3 3 3 3 3 3 3 3 3 3 3 3 3 3 3 3 3 3 3 3 3 3 3 3 3 3 3 3 3 3 3 3 3 3 3 3 3 3 3 3 3 3 3 3 3 3 3 3 3 3 3 3 3 3 3 3 3 3 3 3 3 3 3 3 3 3 3 3 3 3 3 3 3 3 3 3 3 3 3 3 3 3 3 3 3 3 3 3 3 3 3 3 3 3 3 3 3 3 3 3 3 3 3 3 3 3 3 3 3 3 3 3 3 3 3 3 3 3 3 3 3 )[ 1 -1 1 1 0 ]
1a ( 3 2 )[ 1 -1 3 1 0 ]
1a ( 1 )[ 1 -1 2 1 0 ]
1b 0 

RANKS: 1 -1 0 4 1
EVENT28: 1090 47a64e_47aa23_47ab8e_47acaf
COMP 4c-0: 482782_482b02_482c3b_482d2f (1493 95425.75 0 14.00 3 382277.00){0.00 0.00 0.00 0.00 5.60 0}{5.60 0.00 0.00 0.00 11.20 0}{11.20 14.00 14.75 27.00 28.00 501}{28.00 28.94 63757.65 95111.00 190188.00 743}{190188.00 382276.00 382276.02 382277.00 574366.00 249}
COMP 4c-1: 48b6dd_48b961_48ba35_48baee (248 382558.25 2 382558.00 2 382559.00){0.00 0.00 0.00 0.00 153023.60 0}{153023.60 0.00 0.00 0.00 306047.20 0}{306047.20 382558.00 382558.25 382559.00 459070.80 248}{459070.80 0.00 0.00 0.00 612094.40 0}{612094.40 0.00 0.00 0.00 765118.00 0}
COMM 4b-0: 482782_482b02_482c3b_482d2f (1493 2.56 0 1.00 0 21.00){0.00 0.00 0.00 0.00 0.80 0}{0.80 1.00 1.00 1.00 1.60 34}{1.60 2.00 2.00 2.00 2.40 698}{2.40 3.00 3.08 4.00 4.00 758}{4.00 13.00 18.00 21.00 38.00 3}
COMM 4b-1: 48b6dd_48b961_48ba35_48baee (248 2.86 2 2.00 2 4.00){0.00 0.00 0.00 0.00 0.80 0}{0.80 0.00 0.00 0.00 1.60 0}{1.60 2.00 2.00 2.00 2.40 41}{2.40 3.00 3.00 3.00 3.20 200}{3.20 4.00 4.00 4.00 4.00 7}
LOOP0: iter: ( 2 )[ 1 -1 3 1 0 ]( 248 )[ 1 -1 2 1 0 ] mem: ( 3 )[ 1 -1 3 1 0 ]( 5 )[ 1 -1 2 1 0 ]
LOOP1: iter: ( 2 )[ 1 -1 2 1 0 ] mem: ( 2 )[ 1 -1 2 1 0 ]
10 2 
12 131220 
14 16 
1b 0 
2b 2147483647 

RANKS: 1 -1 0 4 1
EVENT29: 1148 48b6dd_48b961_48ba35_48baee
COMP 4c-0: 47a64e_47aa23_47ab8e_47acaf (1741 14.57 0 14.00 0 15.00){0.00 0.00 0.00 0.00 6.00 0}{6.00 0.00 0.00 0.00 12.00 0}{12.00 14.00 14.57 15.00 18.00 1741}{18.00 0.00 0.00 0.00 24.00 0}{24.00 0.00 0.00 0.00 30.00 0}
COMM 4b-0: 47a64e_47aa23_47ab8e_47acaf (1741 2045.15 0 1073.00 1 6293.00){0.00 0.00 0.00 0.00 1067.20 0}{1067.20 1073.00 1371.51 1971.00 2134.40 1250}{2134.40 2224.00 2515.43 2517.87 2668.00 237}{2668.00 2849.00 2946.50 3044.00 3058.00 2}{3058.00 4124.00 4939.97 6293.00 9528.00 252}
1c 9999 

RANKS: 1 -1 2 1 0
EVENT30: 1113 482782_482b02_482c3b_482d2f
COMP 4c-0: 47dcc1_47e086_47e1f0_47e30f (79112 4307.09 2 4274.00 2 4340.00){0.00 0.00 0.00 0.00 1734.40 0}{1734.40 0.00 0.00 0.00 3468.80 0}{3468.80 4274.00 4307.09 4340.00 5203.20 79112}{5203.20 0.00 0.00 0.00 6937.60 0}{6937.60 0.00 0.00 0.00 8672.00 0}
COMP 4c-1: 48b6dd_48b961_48ba35_48baee (248 913.55 2 912.00 2 914.00){0.00 0.00 0.00 0.00 364.80 0}{364.80 0.00 0.00 0.00 729.60 0}{729.60 912.00 913.56 914.00 1094.40 248}{1094.40 0.00 0.00 0.00 1459.20 0}{1459.20 0.00 0.00 0.00 1824.00 0}
COMM 4b-0: 47dcc1_47e086_47e1f0_47e30f (79112 3.66 2 2.00 2 44.00){0.00 2.00 3.34 5.00 6.40 76809}{6.40 7.00 13.89 20.00 20.00 2259}{20.00 21.00 22.26 28.00 30.00 39}{30.00 31.00 31.00 31.00 32.00 1}{32.00 43.00 43.25 44.00 56.00 4}
COMM 4b-1: 48b6dd_48b961_48ba35_48baee (248 554.49 2 553.00 2 567.00){0.00 0.00 0.00 0.00 221.60 0}{221.60 0.00 0.00 0.00 443.20 0}{443.20 553.00 554.49 567.00 664.80 248}{664.80 0.00 0.00 0.00 886.40 0}{886.40 0.00 0.00 0.00 1108.00 0}
LOOP0: iter: ( 320 )[ 1 -1 2 1 0 ] mem: ( 2 )[ 1 -1 2 1 0 ]
10 2 
12 131220 400 400 400 400 400 400 400 400 400 400 400 400 400 400 400 400 400 400 400 400 400 400 400 400 400 400 400 400 400 400 400 400 400 400 400 400 400 400 400 400 400 400 400 400 400 400 400 400 400 400 400 400 400 400 400 400 400 400 400 400 400 400 400 400 400 400 400 400 400 400 400 400 400 400 400 400 400 400 400 400 400 400 400 400 400 400 400 400 400 400 400 400 400 400 400 400 400 400 400 400 400 400 400 400 400 400 400 400 400 400 400 400 400 400 400 400 400 400 400 400 400 400 400 400 400 400 400 400 400 400 400 400 400 400 400 400 400 400 400 400 400 400 400 400 400 400 400 400 400 400 400 400 400 400 400 400 400 400 400 400 400 400 400 400 400 400 400 400 400 400 400 400 400 400 400 400 400 400 400 400 400 400 400 400 400 400 400 400 400 400 400 400 400 400 400 400 400 400 400 400 400 400 400 400 400 400 400 400 400 400 400 400 400 400 400 400 400 400 400 400 400 400 400 400 400 400 400 400 400 400 400 400 400 400 400 400 400 400 400 400 400 400 400 400 400 400 400 400 400 400 400 400 400 400 400 400 400 400 400 400 400 400 400 400 400 400 400 400 400 400 400 400 400 400 400 400 400 400 400 400 400 400 400 400 400 400 400 400 400 400 400 400 400 400 400 400 400 400 400 400 400 400 400 400 400 400 400 400 400 400 400 400 400 400 400 400 400 400 400 
14 16 
1a 2 1 1 1 1 1 1 1 1 1 1 1 1 1 1 1 1 1 1 1 1 1 1 1 1 1 1 1 1 1 1 1 1 1 1 1 1 1 1 1 1 1 1 1 1 1 1 1 1 1 1 1 1 1 1 1 1 1 1 1 1 1 1 1 1 1 1 1 1 1 1 1 1 1 1 1 1 1 1 1 1 1 1 1 1 1 1 1 1 1 1 1 1 1 1 1 1 1 1 1 1 1 1 1 1 1 1 1 1 1 1 1 1 1 1 1 1 1 1 1 1 1 1 1 1 1 1 1 1 1 1 1 1 1 1 1 1 1 1 1 1 1 1 1 1 1 1 1 1 1 1 1 1 1 1 1 1 1 1 1 1 2 2 2 2 2 2 2 2 2 2 2 2 2 2 2 2 2 2 2 2 2 2 2 2 2 2 2 2 2 2 2 2 2 2 2 2 2 2 2 2 2 2 2 2 2 2 2 2 2 2 2 2 2 2 2 2 2 2 2 2 2 2 2 2 2 2 2 2 2 2 2 2 2 2 2 2 2 2 2 2 2 2 2 2 2 2 2 2 2 2 2 2 2 2 2 2 2 2 2 2 2 2 2 2 2 2 2 2 2 2 2 2 2 2 2 2 2 2 2 2 2 2 2 2 2 2 2 2 2 2 2 2 2 2 2 2 2 2 2 2 2 2 2 2 2 2 2 2 2 2 2 2 2 2 2 2 2 2 2 
1b 0 

RANKS: 1 -1 2 1 0
EVENT31: 1102 47dcc1_47e086_47e1f0_47e30f
COMP 4c-0: 482782_482b02_482c3b_482d2f (79360 7225.22 2 4597.00 2 801468.00){0.00 4597.00 4725.40 4855.00 320587.20 79112}{320587.20 0.00 0.00 0.00 641174.40 0}{641174.40 801467.00 801467.34 801468.00 961761.60 248}{961761.60 0.00 0.00 0.00 1282348.80 0}{1282348.80 0.00 0.00 0.00 1602936.00 0}
COMM 4b-0: 482782_482b02_482c3b_482d2f (79360 28.18 2 2.00 2 8800.00){0.00 2.00 4.75 134.00 776.00 78864}{776.00 0.00 0.00 0.00 1552.00 0}{1552.00 1889.00 2146.78 2511.00 3880.00 249}{3880.00 4866.00 5351.60 5904.00 7928.00 246}{7928.00 8800.00 8800.00 8800.00 9672.00 1}
10 2 
12 400 
14 16 
1b 0 
2b 2 2 2 2 2 2 2 2 2 2 2 2 2 2 2 2 2 2 2 2 2 2 2 2 2 2 2 2 2 2 2 2 2 2 2 2 2 2 2 2 2 2 2 2 2 2 2 2 2 2 2 2 2 2 2 2 2 2 2 2 2 2 2 2 2 2 2 2 2 2 2 2 2 2 2 2 2 2 2 2 2 2 2 2 2 2 2 2 2 2 2 2 2 2 2 2 2 2 2 2 2 2 2 2 2 2 2 2 2 2 2 2 2 2 2 2 2 2 2 2 2 2 2 2 2 2 2 2 2 2 2 2 2 2 2 2 2 2 2 2 2 2 2 2 2 2 2 2 2 2 2 2 2 2 2 2 2 2 2 2 1 1 1 1 1 1 1 1 1 1 1 1 1 1 1 1 1 1 1 1 1 1 1 1 1 1 1 1 1 1 1 1 1 1 1 1 1 1 1 1 1 1 1 1 1 1 1 1 1 1 1 1 1 1 1 1 1 1 1 1 1 1 1 1 1 1 1 1 1 1 1 1 1 1 1 1 1 1 1 1 1 1 1 1 1 1 1 1 1 1 1 1 1 1 1 1 1 1 1 1 1 1 1 1 1 1 1 1 1 1 1 1 1 1 1 1 1 1 1 1 1 1 1 1 1 1 1 1 1 1 1 1 1 1 1 1 1 1 1 1 1 1 1 1 1 1 1 1 1 1 1 1 1 1 1 1 1 1 1 1 

RANKS: 1 -1 0 4 1
EVENT32: 1113 482782_482b02_482c3b_482d2f
COMP 4c-0: 47dcc1_47e086_47e1f0_47e30f (248 4275.00 2 4274.00 2 4276.00){0.00 0.00 0.00 0.00 1710.00 0}{1710.00 0.00 0.00 0.00 3420.00 0}{3420.00 4274.00 4275.00 4276.00 5130.00 248}{5130.00 0.00 0.00 0.00 6840.00 0}{6840.00 0.00 0.00 0.00 8550.00 0}
COMP 4c-1: 482782_482b02_482c3b_482d2f (816 147451.27 0 15.00 1 382738.00){0.00 0.00 0.00 0.00 6.00 0}{6.00 0.00 0.00 0.00 12.00 0}{12.00 15.00 17.98 18.00 30.00 160}{30.00 9176.00 9176.00 9176.00 18322.00 159}{18322.00 95580.00 239448.32 382738.00 747154.00 497}
COMP 4c-2: 48b6dd_48b961_48ba35_48baee (748 3060.20 1 910.00 0 806129.00){0.00 910.00 910.08 911.00 322451.60 747}{322451.60 0.00 0.00 0.00 644903.20 0}{644903.20 806129.00 806129.00 806129.00 967354.80 1}{967354.80 0.00 0.00 0.00 1289806.40 0}{1289806.40 0.00 0.00 0.00 1612258.00 0}
COMM 4b-0: 47dcc1_47e086_47e1f0_47e30f (248 3.47 2 3.00 2 11.00){0.00 0.00 0.00 0.00 1.20 0}{1.20 0.00 0.00 0.00 2.40 0}{2.40 3.00 3.00 3.00 3.60 139}{3.60 4.00 4.00 4.00 6.00 108}{6.00 11.00 11.00 11.00 16.00 1}
COMM 4b-1: 482782_482b02_482c3b_482d2f (816 347.90 0 1.00 1 637.00){0.00 1.00 1.99 2.00 2.40 143}{2.40 3.00 3.00 3.00 3.20 134}{3.20 4.00 4.00 4.00 4.00 37}{4.00 22.00 24.20 26.00 48.00 5}{48.00 565.00 569.97 637.00 1084.00 497}
COMM 4b-2: 48b6dd_48b961_48ba35_48baee (748 558.49 0 10.00 1 584.00){0.00 0.00 0.00 0.00 4.00 0}{4.00 0.00 0.00 0.00 8.00 0}{8.00 10.00 10.00 10.00 16.00 1}{16.00 0.00 0.00 0.00 20.00 0}{20.00 554.00 559.96 584.00 1088.00 747}
LOOP0: iter: ( 320 )[ 1 -1 0 1 0 ]( 2 )[ 1 -1 1 2 1 ] mem: ( 1 )[ 1 -1 0 3 1 ]
10 2 
12 ( 400 )[ 1 -1 0 1 0 ]
12 ( 131220 )[ 1 -1 1 2 2 ]
12 ( 400 131220 )[ 1 -1 2 1 0 ]
14 16 
1a ( 1 2 )[ 1 -1 0 1 0 ]
1a ( 3 2 )[ 1 -1 1 2 2 ]
1a ( 2 1 )[ 1 -1 2 1 0 ]
1b 0 

RANKS: 1 -1 1 2 1
EVENT33: 1090 47a64e_47aa23_47ab8e_47acaf
COMP 4c-0: 482782_482b02_482c3b_482d2f (250 16.06 1 16.00 2 31.00){0.00 0.00 0.00 0.00 6.40 0}{6.40 0.00 0.00 0.00 12.80 0}{12.80 16.00 16.00 16.00 19.20 249}{19.20 0.00 0.00 0.00 25.60 0}{25.60 31.00 31.00 31.00 32.00 1}
COMP 4c-1: 48b6dd_48b961_48ba35_48baee (1 382558.00 2 382558.00 2 382558.00){0.00 0.00 0.00 0.00 153023.20 0}{153023.20 0.00 0.00 0.00 306046.40 0}{306046.40 382558.00 382558.00 382558.00 459069.60 1}{459069.60 0.00 0.00 0.00 612092.80 0}{612092.80 0.00 0.00 0.00 765116.00 0}
COMM 4b-0: 482782_482b02_482c3b_482d2f (250 1.92 1 1.00 1 3.00){0.00 1.00 1.00 1.00 1.20 27}{1.20 2.00 2.00 2.00 2.40 217}{2.40 3.00 3.00 3.00 3.60 6}{3.60 0.00 0.00 0.00 4.80 0}{4.80 0.00 0.00 0.00 6.00 0}
COMM 4b-1: 48b6dd_48b961_48ba35_48baee (1 3.00 2 3.00 2 3.00){0.00 0.00 0.00 0.00 1.20 0}{1.20 0.00 0.00 0.00 2.40 0}{2.40 3.00 3.00 3.00 3.60 1}{3.60 0.00 0.00 0.00 4.80 0}{4.80 0.00 0.00 0.00 6.00 0}
LOOP0: iter: ( 2 )[ 1 -1 2 1 0 ] mem: ( 2 )[ 1 -1 2 1 0 ]
10 2 
12 131220 
14 16 
1b 0 
2b 2147483647 

RANKS: 1 -1 1 2 1
EVENT34: 1148 48b6dd_48b961_48ba35_48baee
COMP 4c-0: 47a64e_47aa23_47ab8e_47acaf (251 14.99 1 14.00 1 15.00){0.00 0.00 0.00 0.00 6.00 0}{6.00 0.00 0.00 0.00 12.00 0}{12.00 14.00 14.99 15.00 18.00 251}{18.00 0.00 0.00 0.00 24.00 0}{24.00 0.00 0.00 0.00 30.00 0}
COMM 4b-0: 47a64e_47aa23_47ab8e_47acaf (251 1037.19 1 993.00 2 1716.00){0.00 0.00 0.00 0.00 412.00 0}{412.00 0.00 0.00 0.00 824.00 0}{824.00 993.00 1034.51 1140.00 1236.00 250}{1236.00 0.00 0.00 0.00 1648.00 0}{1648.00 1716.00 1716.00 1716.00 2060.00 1}
1c 9999 

RANKS: 1 -1 2 1 0
EVENT35: 1113 482782_482b02_482c3b_482d2f
COMP 4c-0: 47dcc1_47e086_47e1f0_47e30f (319 4307.18 2 4275.00 2 4339.00){0.00 0.00 0.00 0.00 1734.00 0}{1734.00 0.00 0.00 0.00 3468.00 0}{3468.00 4275.00 4307.09 4339.00 5202.00 319}{5202.00 0.00 0.00 0.00 6936.00 0}{6936.00 0.00 0.00 0.00 8670.00 0}
COMP 4c-1: 48b6dd_48b961_48ba35_48baee (1 914.00 2 914.00 2 914.00){0.00 0.00 0.00 0.00 365.60 0}{365.60 0.00 0.00 0.00 731.20 0}{731.20 914.00 914.00 914.00 1096.80 1}{1096.80 0.00 0.00 0.00 1462.40 0}{1462.40 0.00 0.00 0.00 1828.00 0}
COMM 4b-0: 47dcc1_47e086_47e1f0_47e30f (319 3.69 2 3.00 2 20.00){0.00 0.00 0.00 0.00 2.80 0}{2.80 3.00 3.35 4.00 5.60 310}{5.60 7.00 7.00 7.00 11.20 1}{11.20 12.00 12.67 13.00 14.00 3}{14.00 15.00 18.00 20.00 22.00 5}
COMM 4b-1: 48b6dd_48b961_48ba35_48baee (1 555.00 2 555.00 2 555.00){0.00 0.00 0.00 0.00 222.00 0}{222.00 0.00 0.00 0.00 444.00 0}{444.00 555.00 555.00 555.00 666.00 1}{666.00 0.00 0.00 0.00 888.00 0}{888.00 0.00 0.00 0.00 1110.00 0}
LOOP0: iter: ( 320 )[ 1 -1 2 1 0 ] mem: ( 2 )[ 1 -1 2 1 0 ]
10 2 
12 131220 400 400 400 400 400 400 400 400 400 400 400 400 400 400 400 400 400 400 400 400 400 400 400 400 400 400 400 400 400 400 400 400 400 400 400 400 400 400 400 400 400 400 400 400 400 400 400 400 400 400 400 400 400 400 400 400 400 400 400 400 400 400 400 400 400 400 400 400 400 400 400 400 400 400 400 400 400 400 400 400 400 400 400 400 400 400 400 400 400 400 400 400 400 400 400 400 400 400 400 400 400 400 400 400 400 400 400 400 400 400 400 400 400 400 400 400 400 400 400 400 400 400 400 400 400 400 400 400 400 400 400 400 400 400 400 400 400 400 400 400 400 400 400 400 400 400 400 400 400 400 400 400 400 400 400 400 400 400 400 400 400 400 400 400 400 400 400 400 400 400 400 400 400 400 400 400 400 400 400 400 400 400 400 400 400 400 400 400 400 400 400 400 400 400 400 400 400 400 400 400 400 400 400 400 400 400 400 400 400 400 400 400 400 400 400 400 400 400 400 400 400 400 400 400 400 400 400 400 400 400 400 400 400 400 400 400 400 400 400 400 400 400 400 400 400 400 400 400 400 400 400 400 400 400 400 400 400 400 400 400 400 400 400 400 400 400 400 400 400 400 400 400 400 400 400 400 400 400 400 400 400 400 400 400 400 400 400 400 400 400 400 400 400 400 400 400 400 400 400 400 400 400 400 400 400 400 400 400 400 400 400 400 400 400 400 400 400 400 400 
14 16 
1a 2 1 1 1 1 1 1 1 1 1 1 1 1 1 1 1 1 1 1 1 1 1 1 1 1 1 1 1 1 1 1 1 1 1 1 1 1 1 1 1 1 1 1 1 1 1 1 1 1 1 1 1 1 1 1 1 1 1 1 1 1 1 1 1 1 1 1 1 1 1 1 1 1 1 1 1 1 1 1 1 1 1 1 1 1 1 1 1 1 1 1 1 1 1 1 1 1 1 1 1 1 1 1 1 1 1 1 1 1 1 1 1 1 1 1 1 1 1 1 1 1 1 1 1 1 1 1 1 1 1 1 1 1 1 1 1 1 1 1 1 1 1 1 1 1 1 1 1 1 1 1 1 1 1 1 1 1 1 1 1 1 2 2 2 2 2 2 2 2 2 2 2 2 2 2 2 2 2 2 2 2 2 2 2 2 2 2 2 2 2 2 2 2 2 2 2 2 2 2 2 2 2 2 2 2 2 2 2 2 2 2 2 2 2 2 2 2 2 2 2 2 2 2 2 2 2 2 2 2 2 2 2 2 2 2 2 2 2 2 2 2 2 2 2 2 2 2 2 2 2 2 2 2 2 2 2 2 2 2 2 2 2 2 2 2 2 2 2 2 2 2 2 2 2 2 2 2 2 2 2 2 2 2 2 2 2 2 2 2 2 2 2 2 2 2 2 2 2 2 2 2 2 2 2 2 2 2 2 2 2 2 2 2 2 2 2 2 2 2 2 
1b 0 

RANKS: 1 -1 0 4 1
EVENT36: 1102 47dcc1_47e086_47e1f0_47e30f
COMP 4c-0: 47dcc1_47e086_47e1f0_47e30f (638 4495.76 0 16.00 3 9176.00){0.00 0.00 0.00 0.00 6.40 0}{6.40 0.00 0.00 0.00 12.80 0}{12.80 16.00 18.27 19.00 25.60 320}{25.60 0.00 0.00 0.00 32.00 0}{32.00 8854.00 9015.50 9176.00 17676.00 318}
COMP 4c-1: 482782_482b02_482c3b_482d2f (641 7209.34 2 4597.00 3 801487.00){0.00 0.00 0.00 0.00 1840.00 0}{1840.00 0.00 0.00 0.00 3680.00 0}{3680.00 4597.00 4727.45 4859.00 7360.00 639}{7360.00 0.00 0.00 0.00 9200.00 0}{9200.00 801467.00 801477.00 801487.00 1593774.00 2}
COMP 4c-2: 48b6dd_48b961_48ba35_48baee (1 801803.00 1 801803.00 1 801803.00){0.00 0.00 0.00 0.00 320721.20 0}{320721.20 0.00 0.00 0.00 641442.40 0}{641442.40 801803.00 801803.00 801803.00 962163.60 1}{962163.60 0.00 0.00 0.00 1282884.80 0}{1282884.80 0.00 0.00 0.00 1603606.00 0}
COMM 4b-0: 47dcc1_47e086_47e1f0_47e30f (638 12.55 3 1.00 0 79.00){0.00 1.00 3.12 4.00 4.00 265}{4.00 5.00 8.03 14.00 14.00 116}{14.00 15.00 23.86 38.00 44.00 253}{44.00 45.00 49.00 51.00 58.00 3}{58.00 79.00 79.00 79.00 100.00 1}
COMM 4b-1: 482782_482b02_482c3b_482d2f (641 55.10 1 2.00 0 9208.00){0.00 2.00 12.33 2484.00 3683.20 638}{3683.20 3832.00 4546.50 5261.00 7366.40 2}{7366.40 9208.00 9208.00 9208.00 11049.60 1}{11049.60 0.00 0.00 0.00 14732.80 0}{14732.80 0.00 0.00 0.00 18416.00 0}
COMM 4b-2: 48b6dd_48b961_48ba35_48baee (1 2207.00 1 2207.00 1 2207.00){0.00 0.00 0.00 0.00 882.80 0}{882.80 0.00 0.00 0.00 1765.60 0}{1765.60 2207.00 2207.00 2207.00 2648.40 1}{2648.40 0.00 0.00 0.00 3531.20 0}{3531.20 0.00 0.00 0.00 4414.00 0}
LOOP0: iter: ( 320 )[ 2 -1 0 2 1 -1 3 1 0 ] mem: ( 1 )[ 1 -1 0 2 3 ]( 2 )[ 1 -1 1 1 0 ]
10 2 
12 400 
14 16 
1b 0 
2b ( 1 2 )[ 1 -1 0 1 0 ]
2b ( 3 3 3 3 3 3 3 3 3 3 3 3 3 3 3 3 3 3 3 3 3 3 3 3 3 3 3 3 3 3 3 3 3 3 3 3 3 3 3 3 3 3 3 3 3 3 3 3 3 3 3 3 3 3 3 3 3 3 3 3 3 3 3 3 3 3 3 3 3 3 3 3 3 3 3 3 3 3 3 3 3 3 3 3 3 3 3 3 3 3 3 3 3 3 3 3 3 3 3 3 3 3 3 3 3 3 3 3 3 3 3 3 3 3 3 3 3 3 3 3 3 3 3 3 3 3 3 3 3 3 3 3 3 3 3 3 3 3 3 3 3 3 3 3 3 3 3 3 3 3 3 3 3 3 3 3 3 3 3 3 2 2 2 2 2 2 2 2 2 2 2 2 2 2 2 2 2 2 2 2 2 2 2 2 2 2 2 2 2 2 2 2 2 2 2 2 2 2 2 2 2 2 2 2 2 2 2 2 2 2 2 2 2 2 2 2 2 2 2 2 2 2 2 2 2 2 2 2 2 2 2 2 2 2 2 2 2 2 2 2 2 2 2 2 2 2 2 2 2 2 2 2 2 2 2 2 2 2 2 2 2 2 2 2 2 2 2 2 2 2 2 2 2 2 2 2 2 2 2 2 2 2 2 2 2 2 2 2 2 2 2 2 2 2 2 2 2 2 2 2 2 2 2 2 2 2 2 2 2 2 2 2 2 2 2 2 2 2 2 2 )[ 1 -1 1 1 0 ]
2b ( 3 2 )[ 1 -1 3 1 0 ]
2b ( 2 2 2 2 2 2 2 2 2 2 2 2 2 2 2 2 2 2 2 2 2 2 2 2 2 2 2 2 2 2 2 2 2 2 2 2 2 2 2 2 2 2 2 2 2 2 2 2 2 2 2 2 2 2 2 2 2 2 2 2 2 2 2 2 2 2 2 2 2 2 2 2 2 2 2 2 2 2 2 2 2 2 2 2 2 2 2 2 2 2 2 2 2 2 2 2 2 2 2 2 2 2 2 2 2 2 2 2 2 2 2 2 2 2 2 2 2 2 2 2 2 2 2 2 2 2 2 2 2 2 2 2 2 2 2 2 2 2 2 2 2 2 2 2 2 2 2 2 2 2 2 2 2 2 2 2 2 2 2 2 1 1 1 1 1 1 1 1 1 1 1 1 1 1 1 1 1 1 1 1 1 1 1 1 1 1 1 1 1 1 1 1 1 1 1 1 1 1 1 1 1 1 1 1 1 1 1 1 1 1 1 1 1 1 1 1 1 1 1 1 1 1 1 1 1 1 1 1 1 1 1 1 1 1 1 1 1 1 1 1 1 1 1 1 1 1 1 1 1 1 1 1 1 1 1 1 1 1 1 1 1 1 1 1 1 1 1 1 1 1 1 1 1 1 1 1 1 1 1 1 1 1 1 1 1 1 1 1 1 1 1 1 1 1 1 1 1 1 1 1 1 1 1 1 1 1 1 1 1 1 1 1 1 1 1 1 1 1 1 1 )[ 1 -1 2 1 0 ]

RANKS: 1 -1 1 3 1
EVENT37: 1113 482782_482b02_482c3b_482d2f
COMP 4c-0: 47dcc1_47e086_47e1f0_47e30f (322 4330.49 1 4271.00 3 13174.00){0.00 0.00 0.00 0.00 1734.00 0}{1734.00 0.00 0.00 0.00 3468.00 0}{3468.00 4271.00 4302.93 4336.00 6936.00 321}{6936.00 0.00 0.00 0.00 8670.00 0}{8670.00 13174.00 13174.00 13174.00 17678.00 1}
COMP 4c-1: 482782_482b02_482c3b_482d2f (319 4408.87 3 16.00 3 8855.00){0.00 0.00 0.00 0.00 6.40 0}{6.40 0.00 0.00 0.00 12.80 0}{12.80 16.00 17.99 18.00 25.60 160}{25.60 0.00 0.00 0.00 32.00 0}{32.00 8854.00 8854.99 8855.00 17676.00 159}
COMM 4b-0: 47dcc1_47e086_47e1f0_47e30f (322 3.58 1 2.00 1 17.00){0.00 2.00 2.00 2.00 2.80 2}{2.80 3.00 3.20 4.00 5.60 309}{5.60 7.00 7.00 7.00 8.40 1}{8.40 11.00 11.00 11.00 11.20 1}{11.20 12.00 15.22 17.00 18.00 9}
COMM 4b-1: 482782_482b02_482c3b_482d2f (319 3.01 3 2.00 3 26.00){0.00 0.00 0.00 0.00 1.60 0}{1.60 2.00 2.00 2.00 2.40 132}{2.40 3.00 3.00 3.00 3.20 156}{3.20 4.00 4.00 4.00 4.00 25}{4.00 10.00 21.67 26.00 42.00 6}
LOOP0: iter: ( 320 )[ 1 -1 3 1 0 ] mem: ( 1 )[ 1 -1 3 1 0 ]
10 2 
12 400 
14 16 
1a ( 2 2 2 2 2 2 2 2 2 2 2 2 2 2 2 2 2 2 2 2 2 2 2 2 2 2 2 2 2 2 2 2 2 2 2 2 2 2 2 2 2 2 2 2 2 2 2 2 2 2 2 2 2 2 2 2 2 2 2 2 2 2 2 2 2 2 2 2 2 2 2 2 2 2 2 2 2 2 2 2 2 2 2 2 2 2 2 2 2 2 2 2 2 2 2 2 2 2 2 2 2 2 2 2 2 2 2 2 2 2 2 2 2 2 2 2 2 2 2 2 2 2 2 2 2 2 2 2 2 2 2 2 2 2 2 2 2 2 2 2 2 2 2 2 2 2 2 2 2 2 2 2 2 2 2 2 2 2 2 2 3 3 3 3 3 3 3 3 3 3 3 3 3 3 3 3 3 3 3 3 3 3 3 3 3 3 3 3 3 3 3 3 3 3 3 3 3 3 3 3 3 3 3 3 3 3 3 3 3 3 3 3 3 3 3 3 3 3 3 3 3 3 3 3 3 3 3 3 3 3 3 3 3 3 3 3 3 3 3 3 3 3 3 3 3 3 3 3 3 3 3 3 3 3 3 3 3 3 3 3 3 3 3 3 3 3 3 3 3 3 3 3 3 3 3 3 3 3 3 3 3 3 3 3 3 3 3 3 3 3 3 3 3 3 3 3 3 3 3 3 3 3 3 3 3 3 3 3 3 3 3 3 3 3 3 3 3 3 3 3 )[ 1 -1 1 1 0 ]
1a ( 3 2 )[ 1 -1 3 1 0 ]
1a ( 2 )[ 1 -1 2 1 0 ]
1b 0 

RANKS: 1 -1 0 4 1
EVENT38: 1004 46abb7_46af17_46b05a_46b14c
COMP 4c-0: 47dcc1_47e086_47e1f0_47e30f (1 97690.00 0 97690.00 0 97690.00){0.00 0.00 0.00 0.00 39076.00 0}{39076.00 0.00 0.00 0.00 78152.00 0}{78152.00 97690.00 97690.00 97690.00 117228.00 1}{117228.00 0.00 0.00 0.00 156304.00 0}{156304.00 0.00 0.00 0.00 195380.00 0}
COMP 4c-1: 482782_482b02_482c3b_482d2f (3 93435.50 2 93433.00 1 93437.00){0.00 0.00 0.00 0.00 37374.80 0}{37374.80 0.00 0.00 0.00 74749.60 0}{74749.60 93433.00 93435.00 93437.00 112124.40 3}{112124.40 0.00 0.00 0.00 149499.20 0}{149499.20 0.00 0.00 0.00 186874.00 0}
COMM 4b-0: 47dcc1_47e086_47e1f0_47e30f (1 23.00 0 23.00 0 23.00){0.00 0.00 0.00 0.00 9.20 0}{9.20 0.00 0.00 0.00 18.40 0}{18.40 23.00 23.00 23.00 27.60 1}{27.60 0.00 0.00 0.00 36.80 0}{36.80 0.00 0.00 0.00 46.00 0}
COMM 4b-1: 482782_482b02_482c3b_482d2f (3 2518.00 2 1242.00 3 5098.00){0.00 0.00 0.00 0.00 746.40 0}{746.40 1242.00 1242.00 1242.00 1492.80 1}{1492.80 1866.00 1866.00 1866.00 2985.60 1}{2985.60 0.00 0.00 0.00 3732.00 0}{3732.00 5098.00 5098.00 5098.00 6464.00 1}
10 2 
12 5 
14 16 
18 3 

RANKS: 1 -1 0 2 2
EVENT39: 1113 482782_482b02_482c3b_482d2f
COMP 4c-0: 46abb7_46af17_46b05a_46b14c (2 46312.00 0 46312.00 0 46312.00){0.00 0.00 0.00 0.00 18524.80 0}{18524.80 0.00 0.00 0.00 37049.60 0}{37049.60 46312.00 46312.00 46312.00 55574.40 2}{55574.40 0.00 0.00 0.00 74099.20 0}{74099.20 0.00 0.00 0.00 92624.00 0}
COMP 4c-1: 48b6dd_48b961_48ba35_48baee (1 383020.00 0 383020.00 0 383020.00){0.00 0.00 0.00 0.00 153208.00 0}{153208.00 0.00 0.00 0.00 306416.00 0}{306416.00 383020.00 383020.00 383020.00 459624.00 1}{459624.00 0.00 0.00 0.00 612832.00 0}{612832.00 0.00 0.00 0.00 766040.00 0}
COMM 4b-0: 46abb7_46af17_46b05a_46b14c (2 566.67 0 565.00 2 570.00){0.00 0.00 0.00 0.00 226.00 0}{226.00 0.00 0.00 0.00 452.00 0}{452.00 565.00 567.50 570.00 678.00 2}{678.00 0.00 0.00 0.00 904.00 0}{904.00 0.00 0.00 0.00 1130.00 0}
COMM 4b-1: 48b6dd_48b961_48ba35_48baee (1 703.00 0 703.00 0 703.00){0.00 0.00 0.00 0.00 281.20 0}{281.20 0.00 0.00 0.00 562.40 0}{562.40 703.00 703.00 703.00 843.60 1}{843.60 0.00 0.00 0.00 1124.80 0}{1124.80 0.00 0.00 0.00 1406.00 0}
LOOP0: iter: ( 2 )[ 1 -1 0 1 0 ] mem: ( 3 )[ 1 -1 0 1 0 ]
10 2 
12 131220 
14 16 
1a ( 1 2 )[ 1 -1 0 1 0 ]
1a ( 1 )[ 1 -1 2 1 0 ]
1b 0 

RANKS: 1 -1 0 4 1
EVENT40: 1090 47a64e_47aa23_47ab8e_47acaf
COMP 4c-0: 46abb7_46af17_46b05a_46b14c (2 45838.00 1 45838.00 1 45838.00){0.00 0.00 0.00 0.00 18335.20 0}{18335.20 0.00 0.00 0.00 36670.40 0}{36670.40 45838.00 45838.00 45838.00 55005.60 2}{55005.60 0.00 0.00 0.00 73340.80 0}{73340.80 0.00 0.00 0.00 91676.00 0}
COMP 4c-1: 482782_482b02_482c3b_482d2f (4 76466.60 0 14.00 3 382276.00){0.00 0.00 0.00 0.00 5.60 0}{5.60 0.00 0.00 0.00 11.20 0}{11.20 14.00 14.33 15.00 22.40 3}{22.40 0.00 0.00 0.00 28.00 0}{28.00 382276.00 382276.00 382276.00 764524.00 1}
COMP 4c-2: 48b6dd_48b961_48ba35_48baee (1 382559.00 2 382559.00 2 382559.00){0.00 0.00 0.00 0.00 153023.60 0}{153023.60 0.00 0.00 0.00 306047.20 0}{306047.20 382559.00 382559.00 382559.00 459070.80 1}{459070.80 0.00 0.00 0.00 612094.40 0}{612094.40 0.00 0.00 0.00 765118.00 0}
COMM 4b-0: 46abb7_46af17_46b05a_46b14c (2 2.33 1 2.00 3 3.00){0.00 0.00 0.00 0.00 0.80 0}{0.80 0.00 0.00 0.00 1.60 0}{1.60 2.00 2.00 2.00 2.40 1}{2.40 3.00 3.00 3.00 3.20 1}{3.20 0.00 0.00 0.00 4.00 0}
COMM 4b-1: 482782_482b02_482c3b_482d2f (4 2.60 0 2.00 0 3.00){0.00 0.00 0.00 0.00 1.20 0}{1.20 2.00 2.00 2.00 2.40 2}{2.40 3.00 3.00 3.00 3.60 2}{3.60 0.00 0.00 0.00 4.80 0}{4.80 0.00 0.00 0.00 6.00 0}
COMM 4b-2: 48b6dd_48b961_48ba35_48baee (1 3.00 2 3.00 2 3.00){0.00 0.00 0.00 0.00 1.20 0}{1.20 0.00 0.00 0.00 2.40 0}{2.40 3.00 3.00 3.00 3.60 1}{3.60 0.00 0.00 0.00 4.80 0}{4.80 0.00 0.00 0.00 6.00 0}
LOOP0: iter: ( 2 )[ 1 -1 2 2 1 ] mem: ( 3 )[ 1 -1 3 1 0 ]( 2 )[ 1 -1 2 1 0 ]
10 2 
12 131220 
14 16 
1b 0 
2b 2147483647 

RANKS: 1 -1 0 4 1
EVENT41: 1148 48b6dd_48b961_48ba35_48baee
COMP 4c-0: 47a64e_47aa23_47ab8e_47acaf (7 14.38 0 14.00 1 15.00){0.00 0.00 0.00 0.00 5.60 0}{5.60 0.00 0.00 0.00 11.20 0}{11.20 14.00 14.43 15.00 16.80 7}{16.80 0.00 0.00 0.00 22.40 0}{22.40 0.00 0.00 0.00 28.00 0}
COMM 4b-0: 47a64e_47aa23_47ab8e_47acaf (7 996.88 2 559.00 0 1331.00){0.00 0.00 0.00 0.00 532.40 0}{532.40 559.00 583.00 623.00 1064.80 3}{1064.80 1112.00 1223.75 1331.00 1597.20 4}{1597.20 0.00 0.00 0.00 2129.60 0}{2129.60 0.00 0.00 0.00 2662.00 0}
1c 9999 

RANKS: 1 -1 2 2 1
EVENT42: 1113 482782_482b02_482c3b_482d2f
COMP 4c-0: 48b6dd_48b961_48ba35_48baee (3 910.50 3 910.00 2 912.00){0.00 0.00 0.00 0.00 364.00 0}{364.00 0.00 0.00 0.00 728.00 0}{728.00 910.00 910.67 912.00 1092.00 3}{1092.00 0.00 0.00 0.00 1456.00 0}{1456.00 0.00 0.00 0.00 1820.00 0}
COMM 4b-0: 48b6dd_48b961_48ba35_48baee (3 561.25 2 554.00 3 564.00){0.00 0.00 0.00 0.00 225.60 0}{225.60 0.00 0.00 0.00 451.20 0}{451.20 554.00 560.33 564.00 676.80 3}{676.80 0.00 0.00 0.00 902.40 0}{902.40 0.00 0.00 0.00 1128.00 0}
10 2 
12 131220 
14 16 
1a ( 3 2 )[ 1 -1 3 1 0 ]
1a ( 2 )[ 1 -1 2 1 0 ]
1b 0 

RANKS: 2 -1 0 2 2 -1 3 1 0
EVENT43: 1004 46abb7_46af17_46b05a_46b14c
COMP 4c-0: 46abb7_46af17_46b05a_46b14c (6 166414.29 0 15.00 0 388280.00){0.00 0.00 0.00 0.00 6.00 0}{6.00 0.00 0.00 0.00 12.00 0}{12.00 15.00 15.00 15.00 24.00 3}{24.00 0.00 0.00 0.00 30.00 0}{30.00 388280.00 388280.00 388280.00 776530.00 3}
COMP 4c-1: 482782_482b02_482c3b_482d2f (2 796631.67 2 796629.00 3 796633.00){0.00 0.00 0.00 0.00 318653.20 0}{318653.20 0.00 0.00 0.00 637306.40 0}{637306.40 796629.00 796631.00 796633.00 955959.60 2}{955959.60 0.00 0.00 0.00 1274612.80 0}{1274612.80 0.00 0.00 0.00 1593266.00 0}
COMP 4c-2: 48b6dd_48b961_48ba35_48baee (1 796953.00 0 796953.00 0 796953.00){0.00 0.00 0.00 0.00 318781.20 0}{318781.20 0.00 0.00 0.00 637562.40 0}{637562.40 796953.00 796953.00 796953.00 956343.60 1}{956343.60 0.00 0.00 0.00 1275124.80 0}{1275124.80 0.00 0.00 0.00 1593906.00 0}
COMM 4b-0: 46abb7_46af17_46b05a_46b14c (6 34.29 2 6.00 3 57.00){0.00 6.00 6.00 6.00 14.80 1}{14.80 24.00 24.00 24.00 29.60 1}{29.60 37.00 38.67 41.00 44.40 3}{44.40 57.00 57.00 57.00 59.20 1}{59.20 0.00 0.00 0.00 74.00 0}
COMM 4b-1: 482782_482b02_482c3b_482d2f (2 620.33 2 383.00 3 739.00){0.00 0.00 0.00 0.00 295.60 0}{295.60 383.00 383.00 383.00 591.20 1}{591.20 739.00 739.00 739.00 886.80 1}{886.80 0.00 0.00 0.00 1182.40 0}{1182.40 0.00 0.00 0.00 1478.00 0}
COMM 4b-2: 48b6dd_48b961_48ba35_48baee (1 24.00 0 24.00 0 24.00){0.00 0.00 0.00 0.00 9.60 0}{9.60 0.00 0.00 0.00 19.20 0}{19.20 24.00 24.00 24.00 28.80 1}{28.80 0.00 0.00 0.00 38.40 0}{38.40 0.00 0.00 0.00 48.00 0}
LOOP0: iter: ( 3 )[ 2 -1 0 2 2 -1 3 1 0 ] mem: ( 1 )[ 2 -1 0 2 2 -1 3 1 0 ]
10 2 
12 5 1 5 
14 16 
18 3 1 3 

RANKS: 1 -1 1 3 1
EVENT44: 1113 482782_482b02_482c3b_482d2f
COMP 4c-0: 46abb7_46af17_46b05a_46b14c (2 314.00 3 314.00 3 314.00){0.00 0.00 0.00 0.00 125.60 0}{125.60 0.00 0.00 0.00 251.20 0}{251.20 314.00 314.00 314.00 376.80 2}{376.80 0.00 0.00 0.00 502.40 0}{502.40 0.00 0.00 0.00 628.00 0}
COMP 4c-1: 482782_482b02_482c3b_482d2f (2 255164.00 3 16.00 1 382738.00){0.00 16.00 16.00 16.00 153095.20 1}{153095.20 0.00 0.00 0.00 306190.40 0}{306190.40 382738.00 382738.00 382738.00 459285.60 1}{459285.60 0.00 0.00 0.00 612380.80 0}{612380.80 0.00 0.00 0.00 765476.00 0}
COMP 4c-2: 48b6dd_48b961_48ba35_48baee (1 910.00 1 910.00 1 910.00){0.00 0.00 0.00 0.00 364.00 0}{364.00 0.00 0.00 0.00 728.00 0}{728.00 910.00 910.00 910.00 1092.00 1}{1092.00 0.00 0.00 0.00 1456.00 0}{1456.00 0.00 0.00 0.00 1820.00 0}
COMM 4b-0: 46abb7_46af17_46b05a_46b14c (2 4.67 2 4.00 3 5.00){0.00 0.00 0.00 0.00 2.00 0}{2.00 4.00 4.00 4.00 4.00 1}{4.00 5.00 5.00 5.00 6.00 1}{6.00 0.00 0.00 0.00 8.00 0}{8.00 0.00 0.00 0.00 10.00 0}
COMM 4b-1: 482782_482b02_482c3b_482d2f (2 500.00 3 2.00 1 749.00){0.00 2.00 2.00 2.00 299.60 1}{299.60 0.00 0.00 0.00 599.20 0}{599.20 749.00 749.00 749.00 898.80 1}{898.80 0.00 0.00 0.00 1198.40 0}{1198.40 0.00 0.00 0.00 1498.00 0}
COMM 4b-2: 48b6dd_48b961_48ba35_48baee (1 556.00 1 556.00 1 556.00){0.00 0.00 0.00 0.00 222.40 0}{222.40 0.00 0.00 0.00 444.80 0}{444.80 556.00 556.00 556.00 667.20 1}{667.20 0.00 0.00 0.00 889.60 0}{889.60 0.00 0.00 0.00 1112.00 0}
LOOP0: iter: ( 2 )[ 1 -1 1 2 2 ] mem: ( 1 )[ 1 -1 1 2 2 ]
10 2 
12 ( 131220 )[ 1 -1 1 1 0 ]
12 ( 162 166 )[ 1 -1 3 1 0 ]
12 ( 162 )[ 1 -1 2 1 0 ]
14 16 
1a ( 3 2 )[ 1 -1 1 1 0 ]
1a ( 2 3 )[ 1 -1 3 1 0 ]
1a ( 2 )[ 1 -1 2 1 0 ]
1b 0 

RANKS: 1 -1 0 2 1
EVENT45: 1090 47a64e_47aa23_47ab8e_47acaf
COMP 4c-0: 46abb7_46af17_46b05a_46b14c (1 316.00 0 316.00 0 316.00){0.00 0.00 0.00 0.00 126.40 0}{126.40 0.00 0.00 0.00 252.80 0}{252.80 316.00 316.00 316.00 379.20 1}{379.20 0.00 0.00 0.00 505.60 0}{505.60 0.00 0.00 0.00 632.00 0}
COMP 4c-1: 482782_482b02_482c3b_482d2f (1 16.00 1 16.00 1 16.00){0.00 0.00 0.00 0.00 6.40 0}{6.40 0.00 0.00 0.00 12.80 0}{12.80 16.00 16.00 16.00 19.20 1}{19.20 0.00 0.00 0.00 25.60 0}{25.60 0.00 0.00 0.00 32.00 0}
COMP 4c-2: 48b6dd_48b961_48ba35_48baee (1 16.00 0 16.00 0 16.00){0.00 0.00 0.00 0.00 6.40 0}{6.40 0.00 0.00 0.00 12.80 0}{12.80 16.00 16.00 16.00 19.20 1}{19.20 0.00 0.00 0.00 25.60 0}{25.60 0.00 0.00 0.00 32.00 0}
COMM 4b-0: 46abb7_46af17_46b05a_46b14c (1 2.00 0 2.00 0 2.00){0.00 0.00 0.00 0.00 0.80 0}{0.80 0.00 0.00 0.00 1.60 0}{1.60 2.00 2.00 2.00 2.40 1}{2.40 0.00 0.00 0.00 3.20 0}{3.20 0.00 0.00 0.00 4.00 0}
COMM 4b-1: 482782_482b02_482c3b_482d2f (1 2.00 1 2.00 1 2.00){0.00 0.00 0.00 0.00 0.80 0}{0.80 0.00 0.00 0.00 1.60 0}{1.60 2.00 2.00 2.00 2.40 1}{2.40 0.00 0.00 0.00 3.20 0}{3.20 0.00 0.00 0.00 4.00 0}
COMM 4b-2: 48b6dd_48b961_48ba35_48baee (1 1.00 0 1.00 0 1.00){0.00 0.00 0.00 0.00 0.40 0}{0.40 0.00 0.00 0.00 0.80 0}{0.80 1.00 1.00 1.00 1.20 1}{1.20 0.00 0.00 0.00 1.60 0}{1.60 0.00 0.00 0.00 2.00 0}
LOOP0: iter: ( 2 )[ 1 -1 0 1 0 ] mem: ( 2 )[ 1 -1 0 1 0 ]
10 2 
12 ( 162 166 )[ 1 -1 0 1 0 ]
12 ( 131220 )[ 1 -1 1 1 0 ]
14 16 
1b 0 
2b 2147483647 

RANKS: 1 -1 0 2 1
EVENT46: 1148 48b6dd_48b961_48ba35_48baee
COMP 4c-0: 47a64e_47aa23_47ab8e_47acaf (3 15.00 0 15.00 0 15.00){0.00 0.00 0.00 0.00 6.00 0}{6.00 0.00 0.00 0.00 12.00 0}{12.00 15.00 15.00 15.00 18.00 3}{18.00 0.00 0.00 0.00 24.00 0}{24.00 0.00 0.00 0.00 30.00 0}
COMM 4b-0: 47a64e_47aa23_47ab8e_47acaf (3 261.25 0 2.00 1 1035.00){0.00 0.00 0.00 0.00 1.60 0}{1.60 2.00 2.00 2.00 3.20 1}{3.20 4.00 4.00 4.00 6.40 1}{6.40 0.00 0.00 0.00 8.00 0}{8.00 1035.00 1035.00 1035.00 2062.00 1}
1c 9999 

RANKS: 2 -1 0 2 1 -1 3 1 0
EVENT47: 1004 46abb7_46af17_46b05a_46b14c
COMP 4c-0: 46abb7_46af17_46b05a_46b14c (2 129436.67 1 15.00 1 388280.00){0.00 0.00 0.00 0.00 6.00 0}{6.00 0.00 0.00 0.00 12.00 0}{12.00 15.00 15.00 15.00 24.00 1}{24.00 0.00 0.00 0.00 30.00 0}{30.00 388280.00 388280.00 388280.00 776530.00 1}
COMP 4c-1: 482782_482b02_482c3b_482d2f (1 128.00 3 128.00 3 128.00){0.00 0.00 0.00 0.00 51.20 0}{51.20 0.00 0.00 0.00 102.40 0}{102.40 128.00 128.00 128.00 153.60 1}{153.60 0.00 0.00 0.00 204.80 0}{204.80 0.00 0.00 0.00 256.00 0}
COMP 4c-2: 48b6dd_48b961_48ba35_48baee (2 265739.33 0 135.00 1 796948.00){0.00 0.00 0.00 0.00 54.00 0}{54.00 0.00 0.00 0.00 108.00 0}{108.00 135.00 135.00 135.00 216.00 1}{216.00 0.00 0.00 0.00 270.00 0}{270.00 796948.00 796948.00 796948.00 1593626.00 1}
COMM 4b-0: 46abb7_46af17_46b05a_46b14c (2 29.67 1 29.00 1 31.00){0.00 0.00 0.00 0.00 11.60 0}{11.60 0.00 0.00 0.00 23.20 0}{23.20 29.00 30.00 31.00 34.80 2}{34.80 0.00 0.00 0.00 46.40 0}{46.40 0.00 0.00 0.00 58.00 0}
COMM 4b-1: 482782_482b02_482c3b_482d2f (1 71.00 3 71.00 3 71.00){0.00 0.00 0.00 0.00 28.40 0}{28.40 0.00 0.00 0.00 56.80 0}{56.80 71.00 71.00 71.00 85.20 1}{85.20 0.00 0.00 0.00 113.60 0}{113.60 0.00 0.00 0.00 142.00 0}
COMM 4b-2: 48b6dd_48b961_48ba35_48baee (2 162.00 0 6.00 1 474.00){0.00 0.00 0.00 0.00 2.40 0}{2.40 0.00 0.00 0.00 4.80 0}{4.80 6.00 6.00 6.00 9.60 1}{9.60 0.00 0.00 0.00 12.00 0}{12.00 474.00 474.00 474.00 936.00 1}
LOOP0: iter: ( 3 )[ 1 -1 1 1 0 ] mem: ( 1 )[ 1 -1 1 1 0 ]
10 2 
12 ( 1 )[ 1 -1 0 2 3 ]
12 ( 5 1 5 )[ 1 -1 1 1 0 ]
14 16 
18 ( 3 )[ 1 -1 0 2 3 ]
18 ( 3 1 3 )[ 1 -1 1 1 0 ]

RANKS: 1 -1 0 3 1
EVENT48: 1090 47a64e_47aa23_47ab8e_47acaf
COMP 4c-0: 46abb7_46af17_46b05a_46b14c (3 343.00 1 316.00 0 352.00){0.00 0.00 0.00 0.00 140.80 0}{140.80 0.00 0.00 0.00 281.60 0}{281.60 316.00 340.00 352.00 422.40 3}{422.40 0.00 0.00 0.00 563.20 0}{563.20 0.00 0.00 0.00 704.00 0}
COMP 4c-1: 482782_482b02_482c3b_482d2f (1 15.00 2 15.00 2 15.00){0.00 0.00 0.00 0.00 6.00 0}{6.00 0.00 0.00 0.00 12.00 0}{12.00 15.00 15.00 15.00 18.00 1}{18.00 0.00 0.00 0.00 24.00 0}{24.00 0.00 0.00 0.00 30.00 0}
COMM 4b-0: 46abb7_46af17_46b05a_46b14c (3 1.25 0 1.00 2 2.00){0.00 0.00 0.00 0.00 0.40 0}{0.40 0.00 0.00 0.00 0.80 0}{0.80 1.00 1.00 1.00 1.20 2}{1.20 0.00 0.00 0.00 1.60 0}{1.60 2.00 2.00 2.00 2.00 1}
COMM 4b-1: 482782_482b02_482c3b_482d2f (1 2.00 2 2.00 2 2.00){0.00 0.00 0.00 0.00 0.80 0}{0.80 0.00 0.00 0.00 1.60 0}{1.60 2.00 2.00 2.00 2.40 1}{2.40 0.00 0.00 0.00 3.20 0}{3.20 0.00 0.00 0.00 4.00 0}
LOOP0: iter: ( 2 )[ 1 -1 2 1 0 ] mem: ( 3 )[ 1 -1 2 1 0 ]
10 2 
12 ( 162 )[ 1 -1 0 2 1 ]
12 ( 166 162 )[ 1 -1 2 1 0 ]
14 16 
1b 0 
2b 2147483647 

RANKS: 1 -1 0 3 1
EVENT49: 1148 48b6dd_48b961_48ba35_48baee
COMP 4c-0: 47a64e_47aa23_47ab8e_47acaf (4 15.00 0 15.00 0 15.00){0.00 0.00 0.00 0.00 6.00 0}{6.00 0.00 0.00 0.00 12.00 0}{12.00 15.00 15.00 15.00 18.00 4}{18.00 0.00 0.00 0.00 24.00 0}{24.00 0.00 0.00 0.00 30.00 0}
COMM 4b-0: 47a64e_47aa23_47ab8e_47acaf (4 3.20 0 3.00 2 4.00){0.00 0.00 0.00 0.00 1.20 0}{1.20 0.00 0.00 0.00 2.40 0}{2.40 3.00 3.00 3.00 3.60 3}{3.60 4.00 4.00 4.00 4.80 1}{4.80 0.00 0.00 0.00 6.00 0}
1c 9999 

RANKS: 1 -1 1 2 2
EVENT50: 1113 482782_482b02_482c3b_482d2f
COMP 4c-0: 46abb7_46af17_46b05a_46b14c (2 354.00 1 354.00 1 354.00){0.00 0.00 0.00 0.00 141.60 0}{141.60 0.00 0.00 0.00 283.20 0}{283.20 354.00 354.00 354.00 424.80 2}{424.80 0.00 0.00 0.00 566.40 0}{566.40 0.00 0.00 0.00 708.00 0}
COMP 4c-1: 48b6dd_48b961_48ba35_48baee (1 17.00 1 17.00 1 17.00){0.00 0.00 0.00 0.00 6.80 0}{6.80 0.00 0.00 0.00 13.60 0}{13.60 17.00 17.00 17.00 20.40 1}{20.40 0.00 0.00 0.00 27.20 0}{27.20 0.00 0.00 0.00 34.00 0}
COMM 4b-0: 46abb7_46af17_46b05a_46b14c (2 3.00 1 3.00 1 3.00){0.00 0.00 0.00 0.00 1.20 0}{1.20 0.00 0.00 0.00 2.40 0}{2.40 3.00 3.00 3.00 3.60 2}{3.60 0.00 0.00 0.00 4.80 0}{4.80 0.00 0.00 0.00 6.00 0}
COMM 4b-1: 48b6dd_48b961_48ba35_48baee (1 4.00 1 4.00 1 4.00){0.00 0.00 0.00 0.00 1.60 0}{1.60 0.00 0.00 0.00 3.20 0}{3.20 4.00 4.00 4.00 4.80 1}{4.80 0.00 0.00 0.00 6.40 0}{6.40 0.00 0.00 0.00 8.00 0}
LOOP0: iter: ( 2 )[ 1 -1 1 1 0 ] mem: ( 2 )[ 1 -1 1 1 0 ]
10 2 
12 ( 166 162 )[ 1 -1 1 1 0 ]
12 ( 162 )[ 1 -1 3 1 0 ]
14 16 
1a 3 
1b 0 

RANKS: 1 -1 0 4 1
EVENT51: 1004 46abb7_46af17_46b05a_46b14c
COMP 4c-0: 482782_482b02_482c3b_482d2f (3 186.00 1 130.00 1 242.00){0.00 0.00 0.00 0.00 52.00 0}{52.00 0.00 0.00 0.00 104.00 0}{104.00 130.00 130.00 130.00 156.00 1}{156.00 0.00 0.00 0.00 208.00 0}{208.00 242.00 242.00 242.00 260.00 2}
COMP 4c-1: 48b6dd_48b961_48ba35_48baee (3 216.75 2 129.00 0 246.00){0.00 0.00 0.00 0.00 98.40 0}{98.40 129.00 129.00 129.00 196.80 1}{196.80 246.00 246.00 246.00 295.20 2}{295.20 0.00 0.00 0.00 393.60 0}{393.60 0.00 0.00 0.00 492.00 0}
COMM 4b-0: 482782_482b02_482c3b_482d2f (3 47.75 1 41.00 3 58.00){0.00 0.00 0.00 0.00 18.40 0}{18.40 0.00 0.00 0.00 36.80 0}{36.80 41.00 43.50 46.00 55.20 2}{55.20 58.00 58.00 58.00 73.60 1}{73.60 0.00 0.00 0.00 92.00 0}
COMM 4b-1: 48b6dd_48b961_48ba35_48baee (3 30.00 2 7.00 0 38.00){0.00 7.00 7.00 7.00 15.20 1}{15.20 0.00 0.00 0.00 30.40 0}{30.40 37.00 37.50 38.00 45.60 2}{45.60 0.00 0.00 0.00 60.80 0}{60.80 0.00 0.00 0.00 76.00 0}
10 2 
12 1 
14 16 
18 3 

RANKS: 1 -1 0 2 1
EVENT52: 1090 47a64e_47aa23_47ab8e_47acaf_45f5d4
COMP 4c-0: 46abb7_46af17_46b05a_46b14c (2 367.00 0 366.00 1 369.00){0.00 0.00 0.00 0.00 146.40 0}{146.40 0.00 0.00 0.00 292.80 0}{292.80 366.00 367.50 369.00 439.20 2}{439.20 0.00 0.00 0.00 585.60 0}{585.60 0.00 0.00 0.00 732.00 0}
COMM 4b-0: 46abb7_46af17_46b05a_46b14c (2 1.00 0 1.00 0 1.00){0.00 0.00 0.00 0.00 0.40 0}{0.40 0.00 0.00 0.00 0.80 0}{0.80 1.00 1.00 1.00 1.20 2}{1.20 0.00 0.00 0.00 1.60 0}{1.60 0.00 0.00 0.00 2.00 0}
10 2 
12 162 
14 16 
1b 0 
2b 2147483647 

RANKS: 1 -1 0 2 1
EVENT53: 1148 48b6dd_48b961_48ba35_48baee_45f5e9
COMP 4c-0: 47a64e_47aa23_47ab8e_47acaf_45f5d4 (2 16.00 0 16.00 0 16.00){0.00 0.00 0.00 0.00 6.40 0}{6.40 0.00 0.00 0.00 12.80 0}{12.80 16.00 16.00 16.00 19.20 2}{19.20 0.00 0.00 0.00 25.60 0}{25.60 0.00 0.00 0.00 32.00 0}
COMM 4b-0: 47a64e_47aa23_47ab8e_47acaf_45f5d4 (2 3.00 0 3.00 0 3.00){0.00 0.00 0.00 0.00 1.20 0}{1.20 0.00 0.00 0.00 2.40 0}{2.40 3.00 3.00 3.00 3.60 2}{3.60 0.00 0.00 0.00 4.80 0}{4.80 0.00 0.00 0.00 6.00 0}
1c 9999 

RANKS: 1 -1 2 2 1
EVENT54: 1113 482782_482b02_482c3b_482d2f_45f698
COMP 4c-0: 46abb7_46af17_46b05a_46b14c (2 365.33 3 364.00 2 368.00){0.00 0.00 0.00 0.00 145.60 0}{145.60 0.00 0.00 0.00 291.20 0}{291.20 364.00 366.00 368.00 436.80 2}{436.80 0.00 0.00 0.00 582.40 0}{582.40 0.00 0.00 0.00 728.00 0}
COMM 4b-0: 46abb7_46af17_46b05a_46b14c (2 3.00 3 3.00 3 3.00){0.00 0.00 0.00 0.00 1.20 0}{1.20 0.00 0.00 0.00 2.40 0}{2.40 3.00 3.00 3.00 3.60 2}{3.60 0.00 0.00 0.00 4.80 0}{4.80 0.00 0.00 0.00 6.00 0}
10 2 
12 162 
14 16 
1a 2 
1b 0 

RANKS: 1 -1 0 4 1
EVENT55: 1004 46abb7_46af17_46b05a_46b14c
COMP 4c-0: 482782_482b02_482c3b_482d2f_45f698 (2 239.00 3 239.00 3 239.00){0.00 0.00 0.00 0.00 95.60 0}{95.60 0.00 0.00 0.00 191.20 0}{191.20 239.00 239.00 239.00 286.80 2}{286.80 0.00 0.00 0.00 382.40 0}{382.40 0.00 0.00 0.00 478.00 0}
COMP 4c-1: 48b6dd_48b961_48ba35_48baee_45f5e9 (2 246.00 0 246.00 0 246.00){0.00 0.00 0.00 0.00 98.40 0}{98.40 0.00 0.00 0.00 196.80 0}{196.80 246.00 246.00 246.00 295.20 2}{295.20 0.00 0.00 0.00 393.60 0}{393.60 0.00 0.00 0.00 492.00 0}
COMM 4b-0: 482782_482b02_482c3b_482d2f_45f698 (2 47.67 2 45.00 3 49.00){0.00 0.00 0.00 0.00 19.60 0}{19.60 0.00 0.00 0.00 39.20 0}{39.20 45.00 47.00 49.00 58.80 2}{58.80 0.00 0.00 0.00 78.40 0}{78.40 0.00 0.00 0.00 98.00 0}
COMM 4b-1: 48b6dd_48b961_48ba35_48baee_45f5e9 (2 22.00 1 6.00 0 30.00){0.00 6.00 6.00 6.00 12.00 1}{12.00 0.00 0.00 0.00 24.00 0}{24.00 30.00 30.00 30.00 36.00 1}{36.00 0.00 0.00 0.00 48.00 0}{48.00 0.00 0.00 0.00 60.00 0}
10 2 
12 1 
14 16 
18 3 

RANKS: 1 -1 0 4 1
EVENT56: 1045 473517_47358b_4735f1_47364c
COMP 4c-0: 46abb7_46af17_46b05a_46b14c (4 12174.00 0 597.00 1 19955.00){0.00 0.00 0.00 0.00 238.80 0}{238.80 0.00 0.00 0.00 477.60 0}{477.60 597.00 597.00 597.00 955.20 1}{955.20 0.00 0.00 0.00 1194.00 0}{1194.00 19818.00 19892.00 19955.00 38612.00 3}

