RANKS: 1 -1 0 4 1
EVENT0: 1084 47924c_47930b_4793a1_4793fc
33 2 
34 0 

RANKS: 1 -1 0 4 1
EVENT1: 1011 46d429_46d758_46d873_46d95f
COMP 4b-0: 46d429_46d758_46d873_46d95f (32 10.03 1 9.00 0 14.00){0.00 0.00 0.00 0.00 4.80 0}{4.80 9.00 9.38 9.46 9.60 21}{9.60 10.00 11.09 14.00 14.40 11}{14.40 0.00 0.00 0.00 19.20 0}{19.20 0.00 0.00 0.00 24.00 0}
COMP 4b-1: 47924c_47930b_4793a1_4793fc (4 185.00 2 65.00 0 356.00){0.00 65.00 71.00 74.00 142.40 3}{142.40 0.00 0.00 0.00 284.80 0}{284.80 356.00 356.00 356.00 427.20 1}{427.20 0.00 0.00 0.00 569.60 0}{569.60 0.00 0.00 0.00 712.00 0}
COMP 4c-0: 46d429_46d758_46d873_46d95f (32 27.48 0 26.00 0 28.00){0.00 0.00 0.00 0.00 10.40 0}{10.40 0.00 0.00 0.00 20.80 0}{20.80 26.00 27.53 28.00 31.20 32}{31.20 0.00 0.00 0.00 41.60 0}{41.60 0.00 0.00 0.00 52.00 0}
COMP 4c-1: 47924c_47930b_4793a1_4793fc (4 64.80 1 34.00 0 111.00){0.00 34.00 34.00 34.00 44.40 3}{44.40 0.00 0.00 0.00 88.80 0}{88.80 111.00 111.00 111.00 133.20 1}{133.20 0.00 0.00 0.00 177.60 0}{177.60 0.00 0.00 0.00 222.00 0}
COMM 4b-0: 46d429_46d758_46d873_46d95f (32 16.21 2 1.00 1 116.00){0.00 1.00 1.00 1.00 1.60 1}{1.60 2.00 2.43 3.00 3.20 21}{3.20 4.00 4.00 4.00 6.40 4}{6.40 0.00 0.00 0.00 8.00 0}{8.00 28.00 77.17 116.00 122.00 6}
COMM 4b-1: 47924c_47930b_4793a1_4793fc (4 96.80 0 17.00 2 411.00){0.00 0.00 0.00 0.00 6.80 0}{6.80 0.00 0.00 0.00 13.60 0}{13.60 17.00 17.00 17.00 20.40 2}{20.40 22.00 22.00 22.00 34.00 1}{34.00 411.00 411.00 411.00 788.00 1}
LOOP0: iter: ( 9 )[ 1 -1 0 4 1 ] mem: ( 1 )[ 1 -1 0 4 1 ]
10 2 
12 1 1 1 1 1 5 1 1 1 
14 14 14 14 16 16 16 14 14 14 
19 0 

RANKS: 1 -1 2 1 0
EVENT2: 1113 48217a_4824fa_482633_482727
COMP 4b-0: 46d429_46d758_46d873_46d95f (1 34768.00 2 34768.00 2 34768.00){0.00 0.00 0.00 0.00 13907.20 0}{13907.20 0.00 0.00 0.00 27814.40 0}{27814.40 34768.00 34768.00 34768.00 41721.60 1}{41721.60 0.00 0.00 0.00 55628.80 0}{55628.80 0.00 0.00 0.00 69536.00 0}
COMP 4c-0: 46d429_46d758_46d873_46d95f (1 152278.00 2 152278.00 2 152278.00){0.00 0.00 0.00 0.00 60911.20 0}{60911.20 0.00 0.00 0.00 121822.40 0}{121822.40 152278.00 152278.00 152278.00 182733.60 1}{182733.60 0.00 0.00 0.00 243644.80 0}{243644.80 0.00 0.00 0.00 304556.00 0}
COMM 4b-0: 46d429_46d758_46d873_46d95f (1 811.00 2 811.00 2 811.00){0.00 0.00 0.00 0.00 324.40 0}{324.40 0.00 0.00 0.00 648.80 0}{648.80 811.00 811.00 811.00 973.20 1}{973.20 0.00 0.00 0.00 1297.60 0}{1297.60 0.00 0.00 0.00 1622.00 0}
10 2 
12 20480 
14 16 
1a 1 
1b 0 

RANKS: 1 -1 1 2 1
EVENT3: 1090 47a046_47a41b_47a586_47a6a7
COMP 4b-0: 46d429_46d758_46d873_46d95f (1 34794.00 1 34794.00 1 34794.00){0.00 0.00 0.00 0.00 13917.60 0}{13917.60 0.00 0.00 0.00 27835.20 0}{27835.20 34794.00 34794.00 34794.00 41752.80 1}{41752.80 0.00 0.00 0.00 55670.40 0}{55670.40 0.00 0.00 0.00 69588.00 0}
COMP 4b-1: 48217a_4824fa_482633_482727 (1 31.00 2 31.00 2 31.00){0.00 0.00 0.00 0.00 12.40 0}{12.40 0.00 0.00 0.00 24.80 0}{24.80 31.00 31.00 31.00 37.20 1}{37.20 0.00 0.00 0.00 49.60 0}{49.60 0.00 0.00 0.00 62.00 0}
COMP 4b-2: 48b0d5_48b359_48b42d_48b4e6 (1 5793.00 2 5793.00 2 5793.00){0.00 0.00 0.00 0.00 2317.20 0}{2317.20 0.00 0.00 0.00 4634.40 0}{4634.40 5793.00 5793.00 5793.00 6951.60 1}{6951.60 0.00 0.00 0.00 9268.80 0}{9268.80 0.00 0.00 0.00 11586.00 0}
COMP 4c-0: 46d429_46d758_46d873_46d95f (1 152210.00 1 152210.00 1 152210.00){0.00 0.00 0.00 0.00 60884.00 0}{60884.00 0.00 0.00 0.00 121768.00 0}{121768.00 152210.00 152210.00 152210.00 182652.00 1}{182652.00 0.00 0.00 0.00 243536.00 0}{243536.00 0.00 0.00 0.00 304420.00 0}
COMP 4c-1: 48217a_4824fa_482633_482727 (1 27.00 2 27.00 2 27.00){0.00 0.00 0.00 0.00 10.80 0}{10.80 0.00 0.00 0.00 21.60 0}{21.60 27.00 27.00 27.00 32.40 1}{32.40 0.00 0.00 0.00 43.20 0}{43.20 0.00 0.00 0.00 54.00 0}
COMP 4c-2: 48b0d5_48b359_48b42d_48b4e6 (1 21416.00 2 21416.00 2 21416.00){0.00 0.00 0.00 0.00 8566.40 0}{8566.40 0.00 0.00 0.00 17132.80 0}{17132.80 21416.00 21416.00 21416.00 25699.20 1}{25699.20 0.00 0.00 0.00 34265.60 0}{34265.60 0.00 0.00 0.00 42832.00 0}
COMM 4b-0: 46d429_46d758_46d873_46d95f (1 5.00 1 5.00 1 5.00){0.00 0.00 0.00 0.00 2.00 0}{2.00 0.00 0.00 0.00 4.00 0}{4.00 5.00 5.00 5.00 6.00 1}{6.00 0.00 0.00 0.00 8.00 0}{8.00 0.00 0.00 0.00 10.00 0}
COMM 4b-1: 48217a_4824fa_482633_482727 (1 8.00 2 8.00 2 8.00){0.00 0.00 0.00 0.00 3.20 0}{3.20 0.00 0.00 0.00 6.40 0}{6.40 8.00 8.00 8.00 9.60 1}{9.60 0.00 0.00 0.00 12.80 0}{12.80 0.00 0.00 0.00 16.00 0}
COMM 4b-2: 48b0d5_48b359_48b42d_48b4e6 (1 2.00 2 2.00 2 2.00){0.00 0.00 0.00 0.00 0.80 0}{0.80 0.00 0.00 0.00 1.60 0}{1.60 2.00 2.00 2.00 2.40 1}{2.40 0.00 0.00 0.00 3.20 0}{3.20 0.00 0.00 0.00 4.00 0}
LOOP0: iter: ( 2 )[ 1 -1 2 1 0 ] mem: ( 2 )[ 1 -1 2 1 0 ]
10 2 
12 20480 
14 16 
1b 0 
2b 2147483647 

RANKS: 1 -1 1 2 1
EVENT4: 1148 48b0d5_48b359_48b42d_48b4e6
COMP 4b-0: 47a046_47a41b_47a586_47a6a7 (3 17.00 2 13.00 2 19.00){0.00 0.00 0.00 0.00 7.20 0}{7.20 13.00 13.00 13.00 14.40 1}{14.40 18.00 18.50 19.00 21.60 2}{21.60 0.00 0.00 0.00 28.80 0}{28.80 0.00 0.00 0.00 36.00 0}
COMP 4c-0: 47a046_47a41b_47a586_47a6a7 (3 26.75 2 26.00 1 27.00){0.00 0.00 0.00 0.00 10.80 0}{10.80 0.00 0.00 0.00 21.60 0}{21.60 26.00 26.67 27.00 32.40 3}{32.40 0.00 0.00 0.00 43.20 0}{43.20 0.00 0.00 0.00 54.00 0}
COMM 4b-0: 47a046_47a41b_47a586_47a6a7 (3 197.25 2 102.00 2 237.00){0.00 0.00 0.00 0.00 90.00 0}{90.00 102.00 102.00 102.00 180.00 1}{180.00 225.00 231.00 237.00 270.00 2}{270.00 0.00 0.00 0.00 360.00 0}{360.00 0.00 0.00 0.00 450.00 0}
1c 9999 

RANKS: 1 -1 1 2 1
EVENT5: 1113 48217a_4824fa_482633_482727
COMP 4b-0: 48217a_4824fa_482633_482727 (2 7595.67 1 5936.00 2 10915.00){0.00 0.00 0.00 0.00 2374.40 0}{2374.40 0.00 0.00 0.00 4748.80 0}{4748.80 5936.00 5936.00 5936.00 7123.20 1}{7123.20 0.00 0.00 0.00 9497.60 0}{9497.60 10915.00 10915.00 10915.00 11872.00 1}
COMP 4b-1: 48b0d5_48b359_48b42d_48b4e6 (2 115.33 2 112.00 1 117.00){0.00 0.00 0.00 0.00 46.80 0}{46.80 0.00 0.00 0.00 93.60 0}{93.60 112.00 114.50 117.00 140.40 2}{140.40 0.00 0.00 0.00 187.20 0}{187.20 0.00 0.00 0.00 234.00 0}
COMP 4c-0: 48217a_4824fa_482633_482727 (2 29456.33 1 21446.00 2 45477.00){0.00 0.00 0.00 0.00 8578.40 0}{8578.40 0.00 0.00 0.00 17156.80 0}{17156.80 21446.00 21446.00 21446.00 34313.60 1}{34313.60 0.00 0.00 0.00 42892.00 0}{42892.00 45477.00 45477.00 45477.00 48062.00 1}
COMP 4c-1: 48b0d5_48b359_48b42d_48b4e6 (2 167.67 1 167.00 2 169.00){0.00 0.00 0.00 0.00 66.80 0}{66.80 0.00 0.00 0.00 133.60 0}{133.60 167.00 168.00 169.00 200.40 2}{200.40 0.00 0.00 0.00 267.20 0}{267.20 0.00 0.00 0.00 334.00 0}
COMM 4b-0: 48217a_4824fa_482633_482727 (2 287.33 1 259.00 2 344.00){0.00 0.00 0.00 0.00 103.60 0}{103.60 0.00 0.00 0.00 207.20 0}{207.20 259.00 259.00 259.00 310.80 1}{310.80 344.00 344.00 344.00 414.40 1}{414.40 0.00 0.00 0.00 518.00 0}
COMM 4b-1: 48b0d5_48b359_48b42d_48b4e6 (2 203.33 2 106.00 1 252.00){0.00 0.00 0.00 0.00 100.80 0}{100.80 106.00 106.00 106.00 201.60 1}{201.60 252.00 252.00 252.00 302.40 1}{302.40 0.00 0.00 0.00 403.20 0}{403.20 0.00 0.00 0.00 504.00 0}
LOOP0: iter: ( 2 )[ 1 -1 1 2 1 ] mem: ( 1 )[ 1 -1 1 2 1 ]
10 2 
12 20480 
14 16 
1a ( 3 2 )[ 1 -1 1 1 0 ]
1a ( 2 1 )[ 1 -1 2 1 0 ]
1b 0 

RANKS: 1 -1 1 3 1
EVENT6: 1090 47a046_47a41b_47a586_47a6a7
COMP 4b-0: 46d429_46d758_46d873_46d95f (1 34958.00 3 34958.00 3 34958.00){0.00 0.00 0.00 0.00 13983.20 0}{13983.20 0.00 0.00 0.00 27966.40 0}{27966.40 34958.00 34958.00 34958.00 41949.60 1}{41949.60 0.00 0.00 0.00 55932.80 0}{55932.80 0.00 0.00 0.00 69916.00 0}
COMP 4b-1: 48217a_4824fa_482633_482727 (5 3653.17 1 11.00 3 11004.00){0.00 0.00 0.00 0.00 4.40 0}{4.40 0.00 0.00 0.00 8.80 0}{8.80 11.00 11.50 12.00 22.00 2}{22.00 5027.00 5440.50 5854.00 10032.00 2}{10032.00 11004.00 11004.00 11004.00 11976.00 1}
COMP 4b-2: 48b0d5_48b359_48b42d_48b4e6 (2 8940.00 2 5046.00 1 10887.00){0.00 0.00 0.00 0.00 4354.80 0}{4354.80 5046.00 5046.00 5046.00 8709.60 1}{8709.60 10887.00 10887.00 10887.00 13064.40 1}{13064.40 0.00 0.00 0.00 17419.20 0}{17419.20 0.00 0.00 0.00 21774.00 0}
COMP 4c-0: 46d429_46d758_46d873_46d95f (1 152216.00 3 152216.00 3 152216.00){0.00 0.00 0.00 0.00 60886.40 0}{60886.40 0.00 0.00 0.00 121772.80 0}{121772.80 152216.00 152216.00 152216.00 182659.20 1}{182659.20 0.00 0.00 0.00 243545.60 0}{243545.60 0.00 0.00 0.00 304432.00 0}
COMP 4c-1: 48217a_4824fa_482633_482727 (5 14707.83 1 27.00 3 45407.00){0.00 0.00 0.00 0.00 10.80 0}{10.80 0.00 0.00 0.00 21.60 0}{21.60 27.00 27.00 27.00 54.00 2}{54.00 21374.00 21379.50 21385.00 42694.00 2}{42694.00 45407.00 45407.00 45407.00 48120.00 1}
COMP 4c-2: 48b0d5_48b359_48b42d_48b4e6 (2 37444.00 2 21424.00 1 45454.00){0.00 0.00 0.00 0.00 18181.60 0}{18181.60 21424.00 21424.00 21424.00 36363.20 1}{36363.20 45454.00 45454.00 45454.00 54544.80 1}{54544.80 0.00 0.00 0.00 72726.40 0}{72726.40 0.00 0.00 0.00 90908.00 0}
COMM 4b-0: 46d429_46d758_46d873_46d95f (1 4.00 3 4.00 3 4.00){0.00 0.00 0.00 0.00 1.60 0}{1.60 0.00 0.00 0.00 3.20 0}{3.20 4.00 4.00 4.00 4.80 1}{4.80 0.00 0.00 0.00 6.40 0}{6.40 0.00 0.00 0.00 8.00 0}
COMM 4b-1: 48217a_4824fa_482633_482727 (5 2.33 1 2.00 3 3.00){0.00 0.00 0.00 0.00 0.80 0}{0.80 0.00 0.00 0.00 1.60 0}{1.60 2.00 2.00 2.00 2.40 3}{2.40 3.00 3.00 3.00 3.20 2}{3.20 0.00 0.00 0.00 4.00 0}
COMM 4b-2: 48b0d5_48b359_48b42d_48b4e6 (2 2.67 2 2.00 1 3.00){0.00 0.00 0.00 0.00 1.20 0}{1.20 2.00 2.00 2.00 2.40 1}{2.40 3.00 3.00 3.00 3.60 1}{3.60 0.00 0.00 0.00 4.80 0}{4.80 0.00 0.00 0.00 6.00 0}
LOOP0: iter: ( 2 )[ 1 -1 1 2 1 ]( 4 )[ 1 -1 3 1 0 ] mem: ( 2 )[ 1 -1 1 2 1 ]( 3 )[ 1 -1 3 1 0 ]
10 2 
12 20480 
14 16 
1b 0 
2b 2147483647 

RANKS: 1 -1 1 3 1
EVENT7: 1148 48b0d5_48b359_48b42d_48b4e6
COMP 4b-0: 47a046_47a41b_47a586_47a6a7 (8 10.33 1 9.00 3 16.00){0.00 0.00 0.00 0.00 4.40 0}{4.40 0.00 0.00 0.00 8.80 0}{8.80 9.00 9.43 11.00 13.20 7}{13.20 16.00 16.00 16.00 17.60 1}{17.60 0.00 0.00 0.00 22.00 0}
COMP 4c-0: 47a046_47a41b_47a586_47a6a7 (8 25.89 3 25.00 3 27.00){0.00 0.00 0.00 0.00 10.40 0}{10.40 0.00 0.00 0.00 20.80 0}{20.80 25.00 25.88 27.00 31.20 8}{31.20 0.00 0.00 0.00 41.60 0}{41.60 0.00 0.00 0.00 52.00 0}
COMM 4b-0: 47a046_47a41b_47a586_47a6a7 (8 137.44 2 99.00 3 232.00){0.00 0.00 0.00 0.00 45.60 0}{45.60 0.00 0.00 0.00 91.20 0}{91.20 99.00 105.00 114.00 136.80 5}{136.80 170.00 183.00 196.00 228.00 2}{228.00 232.00 232.00 232.00 236.00 1}
1c 9999 

RANKS: 1 -1 0 4 1
EVENT8: 1113 48217a_4824fa_482633_482727
COMP 4b-0: 46d429_46d758_46d873_46d95f (1 34917.00 0 34917.00 0 34917.00){0.00 0.00 0.00 0.00 13966.80 0}{13966.80 0.00 0.00 0.00 27933.60 0}{27933.60 34917.00 34917.00 34917.00 41900.40 1}{41900.40 0.00 0.00 0.00 55867.20 0}{55867.20 0.00 0.00 0.00 69834.00 0}
COMP 4b-1: 48217a_4824fa_482633_482727 (1 5015.00 1 5015.00 1 5015.00){0.00 0.00 0.00 0.00 2006.00 0}{2006.00 0.00 0.00 0.00 4012.00 0}{4012.00 5015.00 5015.00 5015.00 6018.00 1}{6018.00 0.00 0.00 0.00 8024.00 0}{8024.00 0.00 0.00 0.00 10030.00 0}
COMP 4b-2: 48b0d5_48b359_48b42d_48b4e6 (9 2853.60 3 108.00 0 11016.00){0.00 108.00 124.83 150.00 2337.20 6}{2337.20 0.00 0.00 0.00 4674.40 0}{4674.40 5085.00 5464.00 5843.00 7011.60 2}{7011.60 0.00 0.00 0.00 9348.80 0}{9348.80 11016.00 11016.00 11016.00 11686.00 1}
COMP 4c-0: 46d429_46d758_46d873_46d95f (1 152271.00 0 152271.00 0 152271.00){0.00 0.00 0.00 0.00 60908.40 0}{60908.40 0.00 0.00 0.00 121816.80 0}{121816.80 152271.00 152271.00 152271.00 182725.20 1}{182725.20 0.00 0.00 0.00 243633.60 0}{243633.60 0.00 0.00 0.00 304542.00 0}
COMP 4c-1: 48217a_4824fa_482633_482727 (1 21452.00 1 21452.00 1 21452.00){0.00 0.00 0.00 0.00 8580.80 0}{8580.80 0.00 0.00 0.00 17161.60 0}{17161.60 21452.00 21452.00 21452.00 25742.40 1}{25742.40 0.00 0.00 0.00 34323.20 0}{34323.20 0.00 0.00 0.00 42904.00 0}
COMP 4c-2: 48b0d5_48b359_48b42d_48b4e6 (9 11101.60 3 166.00 0 45533.00){0.00 166.00 167.17 169.00 8595.60 6}{8595.60 0.00 0.00 0.00 17191.20 0}{17191.20 21489.00 21495.50 21502.00 34382.40 2}{34382.40 0.00 0.00 0.00 42978.00 0}{42978.00 45533.00 45533.00 45533.00 48088.00 1}
COMM 4b-0: 46d429_46d758_46d873_46d95f (1 506.00 0 506.00 0 506.00){0.00 0.00 0.00 0.00 202.40 0}{202.40 0.00 0.00 0.00 404.80 0}{404.80 506.00 506.00 506.00 607.20 1}{607.20 0.00 0.00 0.00 809.60 0}{809.60 0.00 0.00 0.00 1012.00 0}
COMM 4b-1: 48217a_4824fa_482633_482727 (1 314.00 1 314.00 1 314.00){0.00 0.00 0.00 0.00 125.60 0}{125.60 0.00 0.00 0.00 251.20 0}{251.20 314.00 314.00 314.00 376.80 1}{376.80 0.00 0.00 0.00 502.40 0}{502.40 0.00 0.00 0.00 628.00 0}
COMM 4b-2: 48b0d5_48b359_48b42d_48b4e6 (9 166.50 2 103.00 0 279.00){0.00 103.00 105.40 108.00 111.60 5}{111.60 115.00 155.50 196.00 223.20 2}{223.20 269.00 274.00 279.00 334.80 2}{334.80 0.00 0.00 0.00 446.40 0}{446.40 0.00 0.00 0.00 558.00 0}
LOOP0: iter: ( 4 )[ 1 -1 0 1 0 ]( 2 )[ 1 -1 1 1 0 ] mem: ( 3 )[ 1 -1 0 1 0 ]( 1 )[ 1 -1 1 1 0 ]
10 2 
12 20480 
14 16 
1a ( 1 2 )[ 1 -1 0 1 0 ]
1a ( 3 2 )[ 1 -1 1 2 2 ]
1a ( 2 )[ 1 -1 2 1 0 ]
1b 0 

RANKS: 1 -1 0 2 1
EVENT9: 1090 47a046_47a41b_47a586_47a6a7
COMP 4b-0: 48217a_4824fa_482633_482727 (5 12.50 0 10.00 0 17.00){0.00 0.00 0.00 0.00 6.80 0}{6.80 10.00 10.25 11.00 13.60 4}{13.60 17.00 17.00 17.00 20.40 1}{20.40 0.00 0.00 0.00 27.20 0}{27.20 0.00 0.00 0.00 34.00 0}
COMP 4c-0: 48217a_4824fa_482633_482727 (5 26.17 0 25.00 0 27.00){0.00 0.00 0.00 0.00 10.80 0}{10.80 0.00 0.00 0.00 21.60 0}{21.60 25.00 26.00 27.00 32.40 5}{32.40 0.00 0.00 0.00 43.20 0}{43.20 0.00 0.00 0.00 54.00 0}
COMM 4b-0: 48217a_4824fa_482633_482727 (5 2.67 0 2.00 0 4.00){0.00 0.00 0.00 0.00 1.60 0}{1.60 2.00 2.00 2.00 3.20 4}{3.20 4.00 4.00 4.00 4.80 1}{4.80 0.00 0.00 0.00 6.40 0}{6.40 0.00 0.00 0.00 8.00 0}
10 2 
12 20480 
14 16 
1b 0 
2b 2147483647 

RANKS: 1 -1 0 2 1
EVENT10: 1148 48b0d5_48b359_48b42d_48b4e6
COMP 4b-0: 47a046_47a41b_47a586_47a6a7 (5 11.83 0 9.00 0 15.00){0.00 0.00 0.00 0.00 6.00 0}{6.00 9.00 9.00 9.00 12.00 3}{12.00 14.00 14.50 15.00 18.00 2}{18.00 0.00 0.00 0.00 24.00 0}{24.00 0.00 0.00 0.00 30.00 0}
COMP 4c-0: 47a046_47a41b_47a586_47a6a7 (5 26.00 0 25.00 0 27.00){0.00 0.00 0.00 0.00 10.80 0}{10.80 0.00 0.00 0.00 21.60 0}{21.60 25.00 25.80 27.00 32.40 5}{32.40 0.00 0.00 0.00 43.20 0}{43.20 0.00 0.00 0.00 54.00 0}
COMM 4b-0: 47a046_47a41b_47a586_47a6a7 (5 205.67 1 119.00 0 275.00){0.00 0.00 0.00 0.00 110.00 0}{110.00 119.00 171.00 215.00 220.00 4}{220.00 275.00 275.00 275.00 330.00 1}{330.00 0.00 0.00 0.00 440.00 0}{440.00 0.00 0.00 0.00 550.00 0}
1c 9999 

RANKS: 1 -1 0 4 1
EVENT11: 1004 46a5af_46a90f_46aa52_46ab44
COMP 4b-0: 48217a_4824fa_482633_482727 (2 10466.33 2 10323.00 3 10538.00){0.00 0.00 0.00 0.00 4215.20 0}{4215.20 0.00 0.00 0.00 8430.40 0}{8430.40 10323.00 10430.50 10538.00 12645.60 2}{12645.60 0.00 0.00 0.00 16860.80 0}{16860.80 0.00 0.00 0.00 21076.00 0}
COMP 4b-1: 48b0d5_48b359_48b42d_48b4e6 (2 10381.00 1 10365.00 0 10389.00){0.00 0.00 0.00 0.00 4155.60 0}{4155.60 0.00 0.00 0.00 8311.20 0}{8311.20 10365.00 10377.00 10389.00 12466.80 2}{12466.80 0.00 0.00 0.00 16622.40 0}{16622.40 0.00 0.00 0.00 20778.00 0}
COMP 4c-0: 48217a_4824fa_482633_482727 (2 44563.00 2 44559.00 3 44565.00){0.00 0.00 0.00 0.00 17826.00 0}{17826.00 0.00 0.00 0.00 35652.00 0}{35652.00 44559.00 44562.00 44565.00 53478.00 2}{53478.00 0.00 0.00 0.00 71304.00 0}{71304.00 0.00 0.00 0.00 89130.00 0}
COMP 4c-1: 48b0d5_48b359_48b42d_48b4e6 (2 44614.33 1 44611.00 0 44616.00){0.00 0.00 0.00 0.00 17846.40 0}{17846.40 0.00 0.00 0.00 35692.80 0}{35692.80 44611.00 44613.50 44616.00 53539.20 2}{53539.20 0.00 0.00 0.00 71385.60 0}{71385.60 0.00 0.00 0.00 89232.00 0}
COMM 4b-0: 48217a_4824fa_482633_482727 (2 118.33 3 39.00 2 277.00){0.00 0.00 0.00 0.00 15.60 0}{15.60 0.00 0.00 0.00 31.20 0}{31.20 39.00 39.00 39.00 62.40 1}{62.40 0.00 0.00 0.00 78.00 0}{78.00 277.00 277.00 277.00 476.00 1}
COMM 4b-1: 48b0d5_48b359_48b42d_48b4e6 (2 213.33 0 192.00 1 256.00){0.00 0.00 0.00 0.00 76.80 0}{76.80 0.00 0.00 0.00 153.60 0}{153.60 192.00 192.00 192.00 230.40 1}{230.40 256.00 256.00 256.00 307.20 1}{307.20 0.00 0.00 0.00 384.00 0}
10 2 
12 5 
14 16 
18 3 

RANKS: 1 -1 0 4 1
EVENT12: 1010 46cf40_46d175_46d219_46d295
COMP 4b-0: 46a5af_46a90f_46aa52_46ab44 (4 12.20 0 12.00 2 13.00){0.00 0.00 0.00 0.00 4.80 0}{4.80 0.00 0.00 0.00 9.60 0}{9.60 12.00 12.25 13.00 14.40 4}{14.40 0.00 0.00 0.00 19.20 0}{19.20 0.00 0.00 0.00 24.00 0}
COMP 4c-0: 46a5af_46a90f_46aa52_46ab44 (4 25.40 0 25.00 3 26.00){0.00 0.00 0.00 0.00 10.00 0}{10.00 0.00 0.00 0.00 20.00 0}{20.00 25.00 25.50 26.00 30.00 4}{30.00 0.00 0.00 0.00 40.00 0}{40.00 0.00 0.00 0.00 50.00 0}
COMM 4b-0: 46a5af_46a90f_46aa52_46ab44 (4 131.40 0 29.00 3 299.00){0.00 0.00 0.00 0.00 11.60 0}{11.60 0.00 0.00 0.00 23.20 0}{23.20 29.00 29.00 29.00 58.00 1}{58.00 150.00 150.00 150.00 242.00 2}{242.00 299.00 299.00 299.00 356.00 1}
10 2 

RANKS: 1 -1 1 3 1
EVENT13: 1102 47d6b9_47da7e_47dbe8_47dd07
COMP 4b-0: 46cf40_46d175_46d219_46d295 (3 568.25 3 567.00 1 569.00){0.00 0.00 0.00 0.00 227.60 0}{227.60 0.00 0.00 0.00 455.20 0}{455.20 567.00 568.00 569.00 682.80 3}{682.80 0.00 0.00 0.00 910.40 0}{910.40 0.00 0.00 0.00 1138.00 0}
COMP 4b-1: 47d6b9_47da7e_47dbe8_47dd07 (123 176.32 3 9.00 3 515.00){0.00 0.00 0.00 0.00 3.60 0}{3.60 0.00 0.00 0.00 7.20 0}{7.20 9.00 10.32 13.00 14.40 62}{14.40 0.00 0.00 0.00 18.00 0}{18.00 342.00 347.79 515.00 674.00 61}
COMP 4b-2: 48217a_4824fa_482633_482727 (246 153.58 1 147.00 1 171.00){0.00 0.00 0.00 0.00 62.00 0}{62.00 0.00 0.00 0.00 124.00 0}{124.00 147.00 153.57 171.00 186.00 246}{186.00 0.00 0.00 0.00 248.00 0}{248.00 0.00 0.00 0.00 310.00 0}
COMP 4c-0: 46cf40_46d175_46d219_46d295 (3 3342.00 1 3342.00 1 3342.00){0.00 0.00 0.00 0.00 1336.80 0}{1336.80 0.00 0.00 0.00 2673.60 0}{2673.60 3342.00 3342.00 3342.00 4010.40 3}{4010.40 0.00 0.00 0.00 5347.20 0}{5347.20 0.00 0.00 0.00 6684.00 0}
COMP 4c-1: 47d6b9_47da7e_47dbe8_47dd07 (123 708.01 3 27.00 3 1410.00){0.00 0.00 0.00 0.00 10.80 0}{10.80 0.00 0.00 0.00 21.60 0}{21.60 27.00 28.34 29.00 43.20 62}{43.20 0.00 0.00 0.00 54.00 0}{54.00 1409.00 1409.98 1410.00 2764.00 61}
COMP 4c-2: 48217a_4824fa_482633_482727 (246 742.28 1 720.00 1 762.00){0.00 0.00 0.00 0.00 303.20 0}{303.20 0.00 0.00 0.00 606.40 0}{606.40 720.00 742.21 762.00 909.60 246}{909.60 0.00 0.00 0.00 1212.80 0}{1212.80 0.00 0.00 0.00 1516.00 0}
COMM 4b-0: 46cf40_46d175_46d219_46d295 (3 106.25 1 57.00 3 205.00){0.00 0.00 0.00 0.00 22.80 0}{22.80 0.00 0.00 0.00 45.60 0}{45.60 57.00 57.00 57.00 91.20 1}{91.20 106.00 106.00 106.00 114.00 1}{114.00 205.00 205.00 205.00 296.00 1}
COMM 4b-1: 47d6b9_47da7e_47dbe8_47dd07 (123 4.31 3 1.00 3 114.00){0.00 0.00 0.00 0.00 0.80 0}{0.80 1.00 1.00 1.00 1.60 39}{1.60 2.00 2.00 2.00 2.00 23}{2.00 3.00 4.53 12.00 18.00 59}{18.00 67.00 90.50 114.00 116.00 2}
COMM 4b-2: 48217a_4824fa_482633_482727 (246 10.67 1 2.00 1 748.00){0.00 2.00 3.21 7.00 8.00 233}{8.00 10.00 11.25 13.00 16.00 4}{16.00 20.00 26.00 32.00 40.00 2}{40.00 41.00 54.00 62.00 78.00 3}{78.00 117.00 402.00 748.00 1418.00 4}
LOOP0: iter: ( 124 )[ 1 -1 1 3 1 ] mem: ( 2 )[ 1 -1 1 2 1 ]( 1 )[ 1 -1 3 1 0 ]
10 2 
12 155 
14 16 
1b 0 
2b ( 3 3 3 3 3 3 3 3 3 3 3 3 3 3 3 3 3 3 3 3 3 3 3 3 3 3 3 3 3 3 3 3 3 3 3 3 3 3 3 3 3 3 3 3 3 3 3 3 3 3 3 3 3 3 3 3 3 3 3 3 3 3 2 2 2 2 2 2 2 2 2 2 2 2 2 2 2 2 2 2 2 2 2 2 2 2 2 2 2 2 2 2 2 2 2 2 2 2 2 2 2 2 2 2 2 2 2 2 2 2 2 2 2 2 2 2 2 2 2 2 2 2 2 2 )[ 1 -1 1 1 0 ]
2b ( 3 2 )[ 1 -1 3 1 0 ]
2b ( 2 2 2 2 2 2 2 2 2 2 2 2 2 2 2 2 2 2 2 2 2 2 2 2 2 2 2 2 2 2 2 2 2 2 2 2 2 2 2 2 2 2 2 2 2 2 2 2 2 2 2 2 2 2 2 2 2 2 2 2 2 2 1 1 1 1 1 1 1 1 1 1 1 1 1 1 1 1 1 1 1 1 1 1 1 1 1 1 1 1 1 1 1 1 1 1 1 1 1 1 1 1 1 1 1 1 1 1 1 1 1 1 1 1 1 1 1 1 1 1 1 1 1 1 )[ 1 -1 2 1 0 ]

RANKS: 1 -1 2 1 0
EVENT14: 1113 48217a_4824fa_482633_482727
COMP 4b-0: 47d6b9_47da7e_47dbe8_47dd07 (124 194.11 2 187.00 2 208.00){0.00 0.00 0.00 0.00 80.80 0}{80.80 0.00 0.00 0.00 161.60 0}{161.60 187.00 194.05 208.00 242.40 124}{242.40 0.00 0.00 0.00 323.20 0}{323.20 0.00 0.00 0.00 404.00 0}
COMP 4c-0: 47d6b9_47da7e_47dbe8_47dd07 (124 671.86 2 666.00 2 677.00){0.00 0.00 0.00 0.00 270.80 0}{270.80 0.00 0.00 0.00 541.60 0}{541.60 666.00 671.81 677.00 812.40 124}{812.40 0.00 0.00 0.00 1083.20 0}{1083.20 0.00 0.00 0.00 1354.00 0}
COMM 4b-0: 47d6b9_47da7e_47dbe8_47dd07 (124 3.30 2 2.00 2 91.00){0.00 0.00 0.00 0.00 1.60 0}{1.60 2.00 2.43 3.00 3.20 120}{3.20 4.00 4.00 4.00 6.40 1}{6.40 0.00 0.00 0.00 8.00 0}{8.00 11.00 38.00 91.00 174.00 3}
10 2 
12 155 
14 16 
1a 1 1 1 1 1 1 1 1 1 1 1 1 1 1 1 1 1 1 1 1 1 1 1 1 1 1 1 1 1 1 1 1 1 1 1 1 1 1 1 1 1 1 1 1 1 1 1 1 1 1 1 1 1 1 1 1 1 1 1 1 1 1 2 2 2 2 2 2 2 2 2 2 2 2 2 2 2 2 2 2 2 2 2 2 2 2 2 2 2 2 2 2 2 2 2 2 2 2 2 2 2 2 2 2 2 2 2 2 2 2 2 2 2 2 2 2 2 2 2 2 2 2 2 2 
1b 0 

RANKS: 1 -1 0 4 1
EVENT15: 1113 48217a_4824fa_482633_482727
COMP 4b-0: 46a5af_46a90f_46aa52_46ab44 (1 28225.00 2 28225.00 2 28225.00){0.00 0.00 0.00 0.00 11290.00 0}{11290.00 0.00 0.00 0.00 22580.00 0}{22580.00 28225.00 28225.00 28225.00 33870.00 1}{33870.00 0.00 0.00 0.00 45160.00 0}{45160.00 0.00 0.00 0.00 56450.00 0}
COMP 4b-1: 46cf40_46d175_46d219_46d295 (1 748.00 0 748.00 0 748.00){0.00 0.00 0.00 0.00 299.20 0}{299.20 0.00 0.00 0.00 598.40 0}{598.40 748.00 748.00 748.00 897.60 1}{897.60 0.00 0.00 0.00 1196.80 0}{1196.80 0.00 0.00 0.00 1496.00 0}
COMP 4b-2: 47d6b9_47da7e_47dbe8_47dd07 (125 196.56 1 187.00 3 530.00){0.00 0.00 0.00 0.00 80.80 0}{80.80 0.00 0.00 0.00 161.60 0}{161.60 187.00 193.82 207.00 323.20 124}{323.20 0.00 0.00 0.00 404.00 0}{404.00 530.00 530.00 530.00 656.00 1}
COMP 4b-3: 48217a_4824fa_482633_482727 (247 173.38 0 8.00 2 1051.00){0.00 0.00 0.00 0.00 6.40 0}{6.40 8.00 9.86 12.00 12.80 122}{12.80 13.00 13.00 13.00 16.00 1}{16.00 18.00 331.08 362.00 708.00 123}{708.00 1051.00 1051.00 1051.00 1394.00 1}
COMP 4c-0: 46a5af_46a90f_46aa52_46ab44 (1 133472.00 2 133472.00 2 133472.00){0.00 0.00 0.00 0.00 53388.80 0}{53388.80 0.00 0.00 0.00 106777.60 0}{106777.60 133472.00 133472.00 133472.00 160166.40 1}{160166.40 0.00 0.00 0.00 213555.20 0}{213555.20 0.00 0.00 0.00 266944.00 0}
COMP 4c-1: 46cf40_46d175_46d219_46d295 (1 3991.00 0 3991.00 0 3991.00){0.00 0.00 0.00 0.00 1596.40 0}{1596.40 0.00 0.00 0.00 3192.80 0}{3192.80 3991.00 3991.00 3991.00 4789.20 1}{4789.20 0.00 0.00 0.00 6385.60 0}{6385.60 0.00 0.00 0.00 7982.00 0}
COMP 4c-2: 47d6b9_47da7e_47dbe8_47dd07 (125 682.07 1 666.00 3 2011.00){0.00 0.00 0.00 0.00 270.80 0}{270.80 0.00 0.00 0.00 541.60 0}{541.60 666.00 671.40 677.00 1083.20 124}{1083.20 0.00 0.00 0.00 1354.00 0}{1354.00 2011.00 2011.00 2011.00 2668.00 1}
COMP 4c-3: 48217a_4824fa_482633_482727 (247 719.53 3 26.00 2 5819.00){0.00 0.00 0.00 0.00 10.80 0}{10.80 0.00 0.00 0.00 21.60 0}{21.60 26.00 28.77 29.00 54.00 124}{54.00 1360.00 1385.48 1410.00 2764.00 122}{2764.00 5819.00 5819.00 5819.00 8874.00 1}
COMM 4b-0: 46a5af_46a90f_46aa52_46ab44 (1 113.00 2 113.00 2 113.00){0.00 0.00 0.00 0.00 45.20 0}{45.20 0.00 0.00 0.00 90.40 0}{90.40 113.00 113.00 113.00 135.60 1}{135.60 0.00 0.00 0.00 180.80 0}{180.80 0.00 0.00 0.00 226.00 0}
COMM 4b-1: 46cf40_46d175_46d219_46d295 (1 5.00 0 5.00 0 5.00){0.00 0.00 0.00 0.00 2.00 0}{2.00 0.00 0.00 0.00 4.00 0}{4.00 5.00 5.00 5.00 6.00 1}{6.00 0.00 0.00 0.00 8.00 0}{8.00 0.00 0.00 0.00 10.00 0}
COMM 4b-2: 47d6b9_47da7e_47dbe8_47dd07 (125 3.28 1 2.00 1 88.00){0.00 2.00 2.00 2.00 2.00 73}{2.00 3.00 3.00 3.00 4.00 47}{4.00 5.00 5.00 5.00 8.00 2}{8.00 0.00 0.00 0.00 10.00 0}{10.00 11.00 37.00 88.00 166.00 3}
COMM 4b-3: 48217a_4824fa_482633_482727 (247 4.26 0 1.00 2 113.00){0.00 0.00 0.00 0.00 0.80 0}{0.80 1.00 1.00 1.00 1.60 24}{1.60 2.00 2.00 2.00 2.40 148}{2.40 3.00 3.00 3.00 4.00 66}{4.00 14.00 59.67 113.00 184.00 9}
LOOP0: iter: ( 124 )[ 1 -1 0 2 3 ]( 2 )[ 1 -1 2 1 0 ] mem: ( 1 )[ 1 -1 0 2 3 ]( 5 )[ 1 -1 2 1 0 ]
10 2 
12 ( 155 )[ 2 -1 0 2 1 -1 3 1 0 ]
12 ( 20480 )[ 1 -1 2 1 0 ]
14 16 
1a ( 1 2 )[ 1 -1 0 1 0 ]
1a ( 2 2 2 2 2 2 2 2 2 2 2 2 2 2 2 2 2 2 2 2 2 2 2 2 2 2 2 2 2 2 2 2 2 2 2 2 2 2 2 2 2 2 2 2 2 2 2 2 2 2 2 2 2 2 2 2 2 2 2 2 2 2 3 3 3 3 3 3 3 3 3 3 3 3 3 3 3 3 3 3 3 3 3 3 3 3 3 3 3 3 3 3 3 3 3 3 3 3 3 3 3 3 3 3 3 3 3 3 3 3 3 3 3 3 3 3 3 3 3 3 3 3 3 3 )[ 1 -1 1 1 0 ]
1a ( 3 2 )[ 1 -1 3 1 0 ]
1a ( 1 )[ 1 -1 2 1 0 ]
1b 0 

RANKS: 1 -1 0 1 0
EVENT16: 1102 47d6b9_47da7e_47dbe8_47dd07
COMP 4b-0: 47d6b9_47da7e_47dbe8_47dd07 (123 165.10 0 10.00 0 344.00){0.00 0.00 0.00 0.00 4.00 0}{4.00 0.00 0.00 0.00 8.00 0}{8.00 10.00 10.87 13.00 16.00 62}{16.00 0.00 0.00 0.00 20.00 0}{20.00 322.00 324.39 344.00 658.00 61}
COMP 4b-1: 48217a_4824fa_482633_482727 (1 154.00 0 154.00 0 154.00){0.00 0.00 0.00 0.00 61.60 0}{61.60 0.00 0.00 0.00 123.20 0}{123.20 154.00 154.00 154.00 184.80 1}{184.80 0.00 0.00 0.00 246.40 0}{246.40 0.00 0.00 0.00 308.00 0}
COMP 4c-0: 47d6b9_47da7e_47dbe8_47dd07 (123 684.68 0 27.00 0 1362.00){0.00 0.00 0.00 0.00 10.80 0}{10.80 0.00 0.00 0.00 21.60 0}{21.60 27.00 28.97 29.00 43.20 62}{43.20 0.00 0.00 0.00 54.00 0}{54.00 1361.00 1361.92 1362.00 2668.00 61}
COMP 4c-1: 48217a_4824fa_482633_482727 (1 721.00 0 721.00 0 721.00){0.00 0.00 0.00 0.00 288.40 0}{288.40 0.00 0.00 0.00 576.80 0}{576.80 721.00 721.00 721.00 865.20 1}{865.20 0.00 0.00 0.00 1153.60 0}{1153.60 0.00 0.00 0.00 1442.00 0}
COMM 4b-0: 47d6b9_47da7e_47dbe8_47dd07 (123 6.30 0 1.00 0 233.00){0.00 1.00 1.00 1.00 1.60 40}{1.60 2.00 2.29 3.00 3.20 31}{3.20 4.00 4.00 4.00 4.00 8}{4.00 5.00 9.37 20.00 36.00 43}{36.00 233.00 233.00 233.00 430.00 1}
COMM 4b-1: 48217a_4824fa_482633_482727 (1 1183.00 0 1183.00 0 1183.00){0.00 0.00 0.00 0.00 473.20 0}{473.20 0.00 0.00 0.00 946.40 0}{946.40 1183.00 1183.00 1183.00 1419.60 1}{1419.60 0.00 0.00 0.00 1892.80 0}{1892.80 0.00 0.00 0.00 2366.00 0}
LOOP0: iter: ( 124 )[ 1 -1 0 1 0 ] mem: ( 1 )[ 1 -1 0 1 0 ]
10 2 
12 155 
14 16 
1b 0 
2b 1 2 

RANKS: 1 -1 1 3 1
EVENT17: 1090 47a046_47a41b_47a586_47a6a7
COMP 4b-0: 46a5af_46a90f_46aa52_46ab44 (2 28188.33 1 28186.00 3 28193.00){0.00 0.00 0.00 0.00 11274.40 0}{11274.40 0.00 0.00 0.00 22548.80 0}{22548.80 28186.00 28189.50 28193.00 33823.20 2}{33823.20 0.00 0.00 0.00 45097.60 0}{45097.60 0.00 0.00 0.00 56372.00 0}
COMP 4b-1: 48217a_4824fa_482633_482727 (6 1847.71 2 10.00 3 4975.00){0.00 10.00 10.00 10.00 396.40 2}{396.40 0.00 0.00 0.00 792.80 0}{792.80 986.00 988.50 991.00 1585.60 2}{1585.60 0.00 0.00 0.00 1982.00 0}{1982.00 4971.00 4973.00 4975.00 7968.00 2}
COMP 4b-2: 48b0d5_48b359_48b42d_48b4e6 (2 5027.67 2 5025.00 2 5033.00){0.00 0.00 0.00 0.00 2010.00 0}{2010.00 0.00 0.00 0.00 4020.00 0}{4020.00 5025.00 5029.00 5033.00 6030.00 2}{6030.00 0.00 0.00 0.00 8040.00 0}{8040.00 0.00 0.00 0.00 10050.00 0}
COMP 4c-0: 46a5af_46a90f_46aa52_46ab44 (2 133406.00 1 133404.00 3 133410.00){0.00 0.00 0.00 0.00 53361.60 0}{53361.60 0.00 0.00 0.00 106723.20 0}{106723.20 133404.00 133407.00 133410.00 160084.80 2}{160084.80 0.00 0.00 0.00 213446.40 0}{213446.40 0.00 0.00 0.00 266808.00 0}
COMP 4c-1: 48217a_4824fa_482633_482727 (6 8577.86 2 26.00 3 21380.00){0.00 26.00 26.00 26.00 2298.00 2}{2298.00 0.00 0.00 0.00 4596.00 0}{4596.00 5743.00 5744.00 5745.00 9192.00 2}{9192.00 0.00 0.00 0.00 11490.00 0}{11490.00 21380.00 21380.00 21380.00 31270.00 2}
COMP 4c-2: 48b0d5_48b359_48b42d_48b4e6 (2 21424.00 2 21424.00 2 21424.00){0.00 0.00 0.00 0.00 8569.60 0}{8569.60 0.00 0.00 0.00 17139.20 0}{17139.20 21424.00 21424.00 21424.00 25708.80 2}{25708.80 0.00 0.00 0.00 34278.40 0}{34278.40 0.00 0.00 0.00 42848.00 0}
COMM 4b-0: 46a5af_46a90f_46aa52_46ab44 (2 3.00 1 3.00 1 3.00){0.00 0.00 0.00 0.00 1.20 0}{1.20 0.00 0.00 0.00 2.40 0}{2.40 3.00 3.00 3.00 3.60 2}{3.60 0.00 0.00 0.00 4.80 0}{4.80 0.00 0.00 0.00 6.00 0}
COMM 4b-1: 48217a_4824fa_482633_482727 (6 2.57 3 2.00 1 3.00){0.00 0.00 0.00 0.00 1.20 0}{1.20 2.00 2.00 2.00 2.40 3}{2.40 3.00 3.00 3.00 3.60 3}{3.60 0.00 0.00 0.00 4.80 0}{4.80 0.00 0.00 0.00 6.00 0}
COMM 4b-2: 48b0d5_48b359_48b42d_48b4e6 (2 2.00 2 2.00 2 2.00){0.00 0.00 0.00 0.00 0.80 0}{0.80 0.00 0.00 0.00 1.60 0}{1.60 2.00 2.00 2.00 2.40 2}{2.40 0.00 0.00 0.00 3.20 0}{3.20 0.00 0.00 0.00 4.00 0}
LOOP0: iter: ( 2 )[ 1 -1 1 3 1 ] mem: ( 6 )[ 1 -1 1 1 0 ]( 4 )[ 1 -1 3 1 0 ]( 2 )[ 1 -1 2 1 0 ]
LOOP1: iter: ( 2 )[ 1 -1 3 1 0 ] mem: ( 3 )[ 1 -1 3 1 0 ]
10 2 
12 20480 
14 16 
1b 0 
2b 2147483647 

RANKS: 1 -1 1 3 1
EVENT18: 1148 48b0d5_48b359_48b42d_48b4e6
COMP 4b-0: 47a046_47a41b_47a586_47a6a7 (10 9.36 1 9.00 1 11.00){0.00 0.00 0.00 0.00 3.60 0}{3.60 0.00 0.00 0.00 7.20 0}{7.20 9.00 9.22 10.00 10.80 9}{10.80 11.00 11.00 11.00 14.40 1}{14.40 0.00 0.00 0.00 18.00 0}
COMP 4c-0: 47a046_47a41b_47a586_47a6a7 (10 25.91 3 25.00 1 26.00){0.00 0.00 0.00 0.00 10.40 0}{10.40 0.00 0.00 0.00 20.80 0}{20.80 25.00 25.90 26.00 31.20 10}{31.20 0.00 0.00 0.00 41.60 0}{41.60 0.00 0.00 0.00 52.00 0}
COMM 4b-0: 47a046_47a41b_47a586_47a6a7 (10 277.36 2 116.00 3 830.00){0.00 116.00 126.20 147.00 147.60 5}{147.60 151.00 151.00 151.00 295.20 1}{295.20 345.00 356.67 369.00 590.40 3}{590.40 0.00 0.00 0.00 738.00 0}{738.00 830.00 830.00 830.00 922.00 1}
1c 9999 

RANKS: 1 -1 0 4 1
EVENT19: 1113 48217a_4824fa_482633_482727
COMP 4b-0: 46a5af_46a90f_46aa52_46ab44 (1 28267.00 0 28267.00 0 28267.00){0.00 0.00 0.00 0.00 11306.80 0}{11306.80 0.00 0.00 0.00 22613.60 0}{22613.60 28267.00 28267.00 28267.00 33920.40 1}{33920.40 0.00 0.00 0.00 45227.20 0}{45227.20 0.00 0.00 0.00 56534.00 0}
COMP 4b-1: 47d6b9_47da7e_47dbe8_47dd07 (1 1256.00 0 1256.00 0 1256.00){0.00 0.00 0.00 0.00 502.40 0}{502.40 0.00 0.00 0.00 1004.80 0}{1004.80 1256.00 1256.00 1256.00 1507.20 1}{1507.20 0.00 0.00 0.00 2009.60 0}{2009.60 0.00 0.00 0.00 2512.00 0}
COMP 4b-2: 48217a_4824fa_482633_482727 (2 5009.67 1 5007.00 1 5011.00){0.00 0.00 0.00 0.00 2004.40 0}{2004.40 0.00 0.00 0.00 4008.80 0}{4008.80 5007.00 5009.00 5011.00 6013.20 2}{6013.20 0.00 0.00 0.00 8017.60 0}{8017.60 0.00 0.00 0.00 10022.00 0}
COMP 4b-3: 48b0d5_48b359_48b42d_48b4e6 (10 1452.82 2 87.00 0 5066.00){0.00 87.00 98.50 110.00 2026.40 8}{2026.40 0.00 0.00 0.00 4052.80 0}{4052.80 5061.00 5063.50 5066.00 6079.20 2}{6079.20 0.00 0.00 0.00 8105.60 0}{8105.60 0.00 0.00 0.00 10132.00 0}
COMP 4c-0: 46a5af_46a90f_46aa52_46ab44 (1 133465.00 0 133465.00 0 133465.00){0.00 0.00 0.00 0.00 53386.00 0}{53386.00 0.00 0.00 0.00 106772.00 0}{106772.00 133465.00 133465.00 133465.00 160158.00 1}{160158.00 0.00 0.00 0.00 213544.00 0}{213544.00 0.00 0.00 0.00 266930.00 0}
COMP 4c-1: 47d6b9_47da7e_47dbe8_47dd07 (1 6458.00 0 6458.00 0 6458.00){0.00 0.00 0.00 0.00 2583.20 0}{2583.20 0.00 0.00 0.00 5166.40 0}{5166.40 6458.00 6458.00 6458.00 7749.60 1}{7749.60 0.00 0.00 0.00 10332.80 0}{10332.80 0.00 0.00 0.00 12916.00 0}
COMP 4c-2: 48217a_4824fa_482633_482727 (2 21453.00 1 21453.00 1 21453.00){0.00 0.00 0.00 0.00 8581.20 0}{8581.20 0.00 0.00 0.00 17162.40 0}{17162.40 21453.00 21453.00 21453.00 25743.60 2}{25743.60 0.00 0.00 0.00 34324.80 0}{34324.80 0.00 0.00 0.00 42906.00 0}
COMP 4c-3: 48b0d5_48b359_48b42d_48b4e6 (10 5984.18 1 166.00 0 21497.00){0.00 166.00 166.88 169.00 8598.80 8}{8598.80 0.00 0.00 0.00 17197.60 0}{17197.60 21497.00 21497.00 21497.00 25796.40 2}{25796.40 0.00 0.00 0.00 34395.20 0}{34395.20 0.00 0.00 0.00 42994.00 0}
COMM 4b-0: 46a5af_46a90f_46aa52_46ab44 (1 111.00 0 111.00 0 111.00){0.00 0.00 0.00 0.00 44.40 0}{44.40 0.00 0.00 0.00 88.80 0}{88.80 111.00 111.00 111.00 133.20 1}{133.20 0.00 0.00 0.00 177.60 0}{177.60 0.00 0.00 0.00 222.00 0}
COMM 4b-1: 47d6b9_47da7e_47dbe8_47dd07 (1 110.00 0 110.00 0 110.00){0.00 0.00 0.00 0.00 44.00 0}{44.00 0.00 0.00 0.00 88.00 0}{88.00 110.00 110.00 110.00 132.00 1}{132.00 0.00 0.00 0.00 176.00 0}{176.00 0.00 0.00 0.00 220.00 0}
COMM 4b-2: 48217a_4824fa_482633_482727 (2 108.33 1 107.00 1 109.00){0.00 0.00 0.00 0.00 43.60 0}{43.60 0.00 0.00 0.00 87.20 0}{87.20 107.00 108.00 109.00 130.80 2}{130.80 0.00 0.00 0.00 174.40 0}{174.40 0.00 0.00 0.00 218.00 0}
COMM 4b-3: 48b0d5_48b359_48b42d_48b4e6 (10 104.73 1 101.00 1 110.00){0.00 0.00 0.00 0.00 43.20 0}{43.20 0.00 0.00 0.00 86.40 0}{86.40 101.00 104.40 110.00 129.60 10}{129.60 0.00 0.00 0.00 172.80 0}{172.80 0.00 0.00 0.00 216.00 0}
LOOP0: iter: ( 2 )[ 1 -1 0 2 1 ] mem: ( 4 )[ 1 -1 0 1 0 ]( 1 )[ 1 -1 1 1 0 ]
LOOP1: iter: ( 2 )[ 1 -1 0 1 0 ] mem: ( 3 )[ 1 -1 0 1 0 ]
10 2 
12 20480 
14 16 
1a ( 1 2 )[ 1 -1 0 1 0 ]
1a ( 3 2 )[ 1 -1 1 2 2 ]
1a ( 2 )[ 1 -1 2 1 0 ]
1b 0 

RANKS: 1 -1 0 2 1
EVENT20: 1090 47a046_47a41b_47a586_47a6a7
COMP 4b-0: 48217a_4824fa_482633_482727 (6 10.57 0 10.00 0 12.00){0.00 0.00 0.00 0.00 4.00 0}{4.00 0.00 0.00 0.00 8.00 0}{8.00 10.00 10.67 12.00 12.00 6}{12.00 0.00 0.00 0.00 16.00 0}{16.00 0.00 0.00 0.00 20.00 0}
COMP 4c-0: 48217a_4824fa_482633_482727 (6 26.14 0 25.00 1 27.00){0.00 0.00 0.00 0.00 10.40 0}{10.40 0.00 0.00 0.00 20.80 0}{20.80 25.00 26.17 27.00 31.20 6}{31.20 0.00 0.00 0.00 41.60 0}{41.60 0.00 0.00 0.00 52.00 0}
COMM 4b-0: 48217a_4824fa_482633_482727 (6 1.86 0 1.00 0 2.00){0.00 0.00 0.00 0.00 0.80 0}{0.80 1.00 1.00 1.00 1.60 1}{1.60 2.00 2.00 2.00 2.40 5}{2.40 0.00 0.00 0.00 3.20 0}{3.20 0.00 0.00 0.00 4.00 0}
10 2 
12 20480 
14 16 
1b 0 
2b 2147483647 

RANKS: 1 -1 0 2 1
EVENT21: 1148 48b0d5_48b359_48b42d_48b4e6
COMP 4b-0: 47a046_47a41b_47a586_47a6a7 (6 9.57 0 9.00 0 10.00){0.00 0.00 0.00 0.00 4.00 0}{4.00 0.00 0.00 0.00 8.00 0}{8.00 9.00 9.50 10.00 12.00 6}{12.00 0.00 0.00 0.00 16.00 0}{16.00 0.00 0.00 0.00 20.00 0}
COMP 4c-0: 47a046_47a41b_47a586_47a6a7 (6 26.00 0 26.00 0 26.00){0.00 0.00 0.00 0.00 10.40 0}{10.40 0.00 0.00 0.00 20.80 0}{20.80 26.00 26.00 26.00 31.20 6}{31.20 0.00 0.00 0.00 41.60 0}{41.60 0.00 0.00 0.00 52.00 0}
COMM 4b-0: 47a046_47a41b_47a586_47a6a7 (6 129.14 1 96.00 0 151.00){0.00 0.00 0.00 0.00 55.20 0}{55.20 96.00 96.50 97.00 110.40 2}{110.40 138.00 143.25 151.00 165.60 4}{165.60 0.00 0.00 0.00 220.80 0}{220.80 0.00 0.00 0.00 276.00 0}
1c 9999 

RANKS: 1 -1 0 4 1
EVENT22: 1004 46a5af_46a90f_46aa52_46ab44
COMP 4b-0: 48217a_4824fa_482633_482727 (4 10063.20 3 9907.00 2 10303.00){0.00 0.00 0.00 0.00 3962.80 0}{3962.80 0.00 0.00 0.00 7925.60 0}{7925.60 9907.00 10102.25 10303.00 11888.40 4}{11888.40 0.00 0.00 0.00 15851.20 0}{15851.20 0.00 0.00 0.00 19814.00 0}
COMP 4b-1: 48b0d5_48b359_48b42d_48b4e6 (4 10096.40 0 9944.00 0 10329.00){0.00 0.00 0.00 0.00 3977.60 0}{3977.60 0.00 0.00 0.00 7955.20 0}{7955.20 9944.00 10134.50 10329.00 11932.80 4}{11932.80 0.00 0.00 0.00 15910.40 0}{15910.40 0.00 0.00 0.00 19888.00 0}
COMP 4c-0: 48217a_4824fa_482633_482727 (4 43014.00 2 41979.00 3 44564.00){0.00 0.00 0.00 0.00 16793.60 0}{16793.60 0.00 0.00 0.00 33587.20 0}{33587.20 41979.00 43271.50 44564.00 50380.80 4}{50380.80 0.00 0.00 0.00 67174.40 0}{67174.40 0.00 0.00 0.00 83968.00 0}
COMP 4c-1: 48b0d5_48b359_48b42d_48b4e6 (4 43065.00 1 42030.00 0 44615.00){0.00 0.00 0.00 0.00 16814.00 0}{16814.00 0.00 0.00 0.00 33628.00 0}{33628.00 42030.00 43322.50 44615.00 50442.00 4}{50442.00 0.00 0.00 0.00 67256.00 0}{67256.00 0.00 0.00 0.00 84070.00 0}
COMM 4b-0: 48217a_4824fa_482633_482727 (4 82.20 2 67.00 3 97.00){0.00 0.00 0.00 0.00 33.60 0}{33.60 67.00 67.00 67.00 67.20 1}{67.20 79.00 86.67 97.00 100.80 3}{100.80 0.00 0.00 0.00 134.40 0}{134.40 0.00 0.00 0.00 168.00 0}
COMM 4b-1: 48b0d5_48b359_48b42d_48b4e6 (4 55.80 0 22.00 1 116.00){0.00 0.00 0.00 0.00 9.20 0}{9.20 0.00 0.00 0.00 18.40 0}{18.40 22.00 22.50 23.00 36.80 2}{36.80 0.00 0.00 0.00 46.00 0}{46.00 95.00 105.50 116.00 144.00 2}
10 2 
12 1 5 
14 16 
18 1 3 

RANKS: 1 -1 0 4 1
EVENT23: 1010 46cf40_46d175_46d219_46d295
COMP 4b-0: 46a5af_46a90f_46aa52_46ab44 (4 14.20 0 13.00 3 16.00){0.00 0.00 0.00 0.00 5.20 0}{5.20 0.00 0.00 0.00 10.40 0}{10.40 13.00 14.00 15.00 15.60 3}{15.60 16.00 16.00 16.00 20.80 1}{20.80 0.00 0.00 0.00 26.00 0}
COMP 4c-0: 46a5af_46a90f_46aa52_46ab44 (4 34.00 0 33.00 3 36.00){0.00 0.00 0.00 0.00 13.20 0}{13.20 0.00 0.00 0.00 26.40 0}{26.40 33.00 34.25 36.00 39.60 4}{39.60 0.00 0.00 0.00 52.80 0}{52.80 0.00 0.00 0.00 66.00 0}
COMM 4b-0: 46a5af_46a90f_46aa52_46ab44 (4 19.00 1 6.00 3 31.00){0.00 6.00 7.00 8.00 10.00 2}{10.00 0.00 0.00 0.00 20.00 0}{20.00 25.00 25.00 25.00 30.00 1}{30.00 31.00 31.00 31.00 40.00 1}{40.00 0.00 0.00 0.00 50.00 0}
10 2 

RANKS: 1 -1 2 1 0
EVENT24: 1102 47d6b9_47da7e_47dbe8_47dd07
COMP 4b-0: 46cf40_46d175_46d219_46d295 (1 546.00 2 546.00 2 546.00){0.00 0.00 0.00 0.00 218.40 0}{218.40 0.00 0.00 0.00 436.80 0}{436.80 546.00 546.00 546.00 655.20 1}{655.20 0.00 0.00 0.00 873.60 0}{873.60 0.00 0.00 0.00 1092.00 0}
COMP 4b-1: 48217a_4824fa_482633_482727 (123 154.65 2 147.00 2 282.00){0.00 0.00 0.00 0.00 62.00 0}{62.00 0.00 0.00 0.00 124.00 0}{124.00 147.00 153.60 168.00 186.00 122}{186.00 0.00 0.00 0.00 248.00 0}{248.00 282.00 282.00 282.00 310.00 1}
COMP 4c-0: 46cf40_46d175_46d219_46d295 (1 3337.00 2 3337.00 2 3337.00){0.00 0.00 0.00 0.00 1334.80 0}{1334.80 0.00 0.00 0.00 2669.60 0}{2669.60 3337.00 3337.00 3337.00 4004.40 1}{4004.40 0.00 0.00 0.00 5339.20 0}{5339.20 0.00 0.00 0.00 6674.00 0}
COMP 4c-1: 48217a_4824fa_482633_482727 (123 742.43 2 723.00 2 762.00){0.00 0.00 0.00 0.00 302.80 0}{302.80 0.00 0.00 0.00 605.60 0}{605.60 723.00 742.31 762.00 908.40 123}{908.40 0.00 0.00 0.00 1211.20 0}{1211.20 0.00 0.00 0.00 1514.00 0}
COMM 4b-0: 46cf40_46d175_46d219_46d295 (1 447.00 2 447.00 2 447.00){0.00 0.00 0.00 0.00 178.80 0}{178.80 0.00 0.00 0.00 357.60 0}{357.60 447.00 447.00 447.00 536.40 1}{536.40 0.00 0.00 0.00 715.20 0}{715.20 0.00 0.00 0.00 894.00 0}
COMM 4b-1: 48217a_4824fa_482633_482727 (123 7.37 2 2.00 2 423.00){0.00 2.00 3.16 6.00 9.60 119}{9.60 11.00 11.00 11.00 19.20 1}{19.20 24.00 24.00 24.00 48.00 1}{48.00 56.00 56.00 56.00 64.00 1}{64.00 423.00 423.00 423.00 782.00 1}
LOOP0: iter: ( 124 )[ 1 -1 2 1 0 ] mem: ( 2 )[ 1 -1 2 1 0 ]
10 2 
12 155 
14 16 
1b 0 
2b 2 2 2 2 2 2 2 2 2 2 2 2 2 2 2 2 2 2 2 2 2 2 2 2 2 2 2 2 2 2 2 2 2 2 2 2 2 2 2 2 2 2 2 2 2 2 2 2 2 2 2 2 2 2 2 2 2 2 2 2 2 2 1 1 1 1 1 1 1 1 1 1 1 1 1 1 1 1 1 1 1 1 1 1 1 1 1 1 1 1 1 1 1 1 1 1 1 1 1 1 1 1 1 1 1 1 1 1 1 1 1 1 1 1 1 1 1 1 1 1 1 1 1 1 

RANKS: 1 -1 0 2 2
EVENT25: 1113 48217a_4824fa_482633_482727
COMP 4b-0: 46cf40_46d175_46d219_46d295 (1 945.00 0 945.00 0 945.00){0.00 0.00 0.00 0.00 378.00 0}{378.00 0.00 0.00 0.00 756.00 0}{756.00 945.00 945.00 945.00 1134.00 1}{1134.00 0.00 0.00 0.00 1512.00 0}{1512.00 0.00 0.00 0.00 1890.00 0}
COMP 4b-1: 47d6b9_47da7e_47dbe8_47dd07 (124 194.98 2 187.00 2 339.00){0.00 0.00 0.00 0.00 80.40 0}{80.40 0.00 0.00 0.00 160.80 0}{160.80 187.00 193.76 208.00 241.20 123}{241.20 0.00 0.00 0.00 321.60 0}{321.60 339.00 339.00 339.00 402.00 1}
COMP 4b-2: 48217a_4824fa_482633_482727 (30627 176.42 0 8.00 0 518.00){0.00 0.00 0.00 0.00 3.20 0}{3.20 0.00 0.00 0.00 6.40 0}{6.40 8.00 10.19 12.00 12.80 15397}{12.80 13.00 14.12 16.00 16.00 8}{16.00 17.00 344.66 518.00 672.00 15222}
COMP 4b-3: 48b0d5_48b359_48b42d_48b4e6 (248 10699.35 0 10667.00 0 10927.00){0.00 0.00 0.00 0.00 4268.00 0}{4268.00 0.00 0.00 0.00 8536.00 0}{8536.00 10667.00 10699.46 10927.00 12804.00 248}{12804.00 0.00 0.00 0.00 17072.00 0}{17072.00 0.00 0.00 0.00 21340.00 0}
COMP 4c-0: 46cf40_46d175_46d219_46d295 (1 3991.00 0 3991.00 0 3991.00){0.00 0.00 0.00 0.00 1596.40 0}{1596.40 0.00 0.00 0.00 3192.80 0}{3192.80 3991.00 3991.00 3991.00 4789.20 1}{4789.20 0.00 0.00 0.00 6385.60 0}{6385.60 0.00 0.00 0.00 7982.00 0}
COMP 4c-1: 47d6b9_47da7e_47dbe8_47dd07 (124 671.52 2 666.00 2 677.00){0.00 0.00 0.00 0.00 270.40 0}{270.40 0.00 0.00 0.00 540.80 0}{540.80 666.00 671.48 677.00 811.20 124}{811.20 0.00 0.00 0.00 1081.60 0}{1081.60 0.00 0.00 0.00 1352.00 0}
COMP 4c-2: 48217a_4824fa_482633_482727 (30627 713.78 0 25.00 0 1411.00){0.00 0.00 0.00 0.00 10.40 0}{10.40 0.00 0.00 0.00 20.80 0}{20.80 25.00 28.86 29.00 41.60 15438}{41.60 0.00 0.00 0.00 52.00 0}{52.00 1409.00 1409.98 1411.00 2766.00 15189}
COMP 4c-3: 48b0d5_48b359_48b42d_48b4e6 (248 46012.48 0 45996.00 0 46018.00){0.00 0.00 0.00 0.00 18398.40 0}{18398.40 0.00 0.00 0.00 36796.80 0}{36796.80 45996.00 46012.55 46018.00 55195.20 248}{55195.20 0.00 0.00 0.00 73593.60 0}{73593.60 0.00 0.00 0.00 91992.00 0}
COMM 4b-0: 46cf40_46d175_46d219_46d295 (1 6.00 0 6.00 0 6.00){0.00 0.00 0.00 0.00 2.40 0}{2.40 0.00 0.00 0.00 4.80 0}{4.80 6.00 6.00 6.00 7.20 1}{7.20 0.00 0.00 0.00 9.60 0}{9.60 0.00 0.00 0.00 12.00 0}
COMM 4b-1: 47d6b9_47da7e_47dbe8_47dd07 (124 2.62 2 2.00 2 10.00){0.00 0.00 0.00 0.00 1.60 0}{1.60 2.00 2.46 3.00 3.20 120}{3.20 4.00 4.00 4.00 6.40 2}{6.40 0.00 0.00 0.00 8.00 0}{8.00 10.00 10.00 10.00 12.00 2}
COMM 4b-2: 48217a_4824fa_482633_482727 (30627 2.50 0 1.00 0 46.00){0.00 1.00 2.27 4.00 4.00 30096}{4.00 5.00 10.18 13.00 14.00 278}{14.00 15.00 21.18 23.00 24.00 249}{24.00 28.00 28.67 29.00 34.00 3}{34.00 46.00 46.00 46.00 58.00 1}
COMM 4b-3: 48b0d5_48b359_48b42d_48b4e6 (248 8.63 0 7.00 0 10.00){0.00 0.00 0.00 0.00 3.60 0}{3.60 7.00 7.00 7.00 7.20 1}{7.20 8.00 8.64 10.00 10.80 247}{10.80 0.00 0.00 0.00 14.40 0}{14.40 0.00 0.00 0.00 18.00 0}
LOOP0: iter: ( 249 )[ 1 -1 0 1 0 ] mem: ( 5 )[ 1 -1 0 1 0 ]
LOOP1: iter: ( 124 )[ 1 -1 0 1 0 ] mem: ( 1 )[ 1 -1 0 1 0 ]
10 2 
12 155 
14 16 
1a ( 1 2 )[ 1 -1 0 1 0 ]
1a ( 1 1 1 1 1 1 1 1 1 1 1 1 1 1 1 1 1 1 1 1 1 1 1 1 1 1 1 1 1 1 1 1 1 1 1 1 1 1 1 1 1 1 1 1 1 1 1 1 1 1 1 1 1 1 1 1 1 1 1 1 1 1 2 2 2 2 2 2 2 2 2 2 2 2 2 2 2 2 2 2 2 2 2 2 2 2 2 2 2 2 2 2 2 2 2 2 2 2 2 2 2 2 2 2 2 2 2 2 2 2 2 2 2 2 2 2 2 2 2 2 2 2 2 2 )[ 1 -1 2 1 0 ]
1b 0 

RANKS: 2 -1 0 2 1 -1 3 1 0
EVENT26: 1102 47d6b9_47da7e_47dbe8_47dd07
COMP 4b-0: 46cf40_46d175_46d219_46d295 (2 545.33 3 544.00 1 546.00){0.00 0.00 0.00 0.00 218.40 0}{218.40 0.00 0.00 0.00 436.80 0}{436.80 544.00 545.00 546.00 655.20 2}{655.20 0.00 0.00 0.00 873.60 0}{873.60 0.00 0.00 0.00 1092.00 0}
COMP 4b-1: 47d6b9_47da7e_47dbe8_47dd07 (61254 171.22 3 8.00 0 498.00){0.00 0.00 0.00 0.00 4.40 0}{4.40 8.00 8.00 8.00 8.80 1}{8.80 9.00 10.54 17.00 17.60 30794}{17.60 17.83 18.15 19.00 22.00 65}{22.00 23.00 334.35 498.00 628.00 30394}
COMP 4b-2: 48217a_4824fa_482633_482727 (31124 235.53 1 147.00 3 10671.00){0.00 0.00 0.00 0.00 119.20 0}{119.20 147.00 153.27 160.00 178.80 30836}{178.80 204.00 226.40 231.75 238.40 10}{238.40 269.00 292.20 345.00 392.00 30}{392.00 10430.00 10457.78 10671.00 20950.00 248}
COMP 4b-3: 48b0d5_48b359_48b42d_48b4e6 (248 10495.51 1 10466.00 1 10769.00){0.00 0.00 0.00 0.00 4186.40 0}{4186.40 0.00 0.00 0.00 8372.80 0}{8372.80 10466.00 10495.63 10769.00 12559.20 248}{12559.20 0.00 0.00 0.00 16745.60 0}{16745.60 0.00 0.00 0.00 20932.00 0}
COMP 4c-0: 46cf40_46d175_46d219_46d295 (2 3337.00 1 3337.00 1 3337.00){0.00 0.00 0.00 0.00 1334.80 0}{1334.80 0.00 0.00 0.00 2669.60 0}{2669.60 3337.00 3337.00 3337.00 4004.40 2}{4004.40 0.00 0.00 0.00 5339.20 0}{5339.20 0.00 0.00 0.00 6674.00 0}
COMP 4c-1: 47d6b9_47da7e_47dbe8_47dd07 (61254 702.04 3 25.00 3 1411.00){0.00 0.00 0.00 0.00 10.40 0}{10.40 0.00 0.00 0.00 20.80 0}{20.80 25.00 28.96 30.00 41.60 30876}{41.60 0.00 0.00 0.00 52.00 0}{52.00 1360.00 1386.17 1411.00 2670.00 30378}
COMP 4c-2: 48217a_4824fa_482633_482727 (31124 1097.20 0 721.00 3 45313.00){0.00 0.00 0.00 0.00 288.40 0}{288.40 0.00 0.00 0.00 576.80 0}{576.80 721.00 742.07 762.00 1153.60 30876}{1153.60 0.00 0.00 0.00 1442.00 0}{1442.00 45295.00 45311.92 45313.00 89184.00 248}
COMP 4c-3: 48b0d5_48b359_48b42d_48b4e6 (248 45357.96 1 45342.00 1 45359.00){0.00 0.00 0.00 0.00 18136.80 0}{18136.80 0.00 0.00 0.00 36273.60 0}{36273.60 45342.00 45358.02 45359.00 54410.40 248}{54410.40 0.00 0.00 0.00 72547.20 0}{72547.20 0.00 0.00 0.00 90684.00 0}
COMM 4b-0: 46cf40_46d175_46d219_46d295 (2 502.00 1 410.00 3 686.00){0.00 0.00 0.00 0.00 164.00 0}{164.00 0.00 0.00 0.00 328.00 0}{328.00 410.00 410.00 410.00 492.00 1}{492.00 0.00 0.00 0.00 656.00 0}{656.00 686.00 686.00 686.00 820.00 1}
COMM 4b-1: 47d6b9_47da7e_47dbe8_47dd07 (61254 7.19 0 1.00 3 239.00){0.00 0.00 0.00 0.00 0.80 0}{0.80 1.00 1.01 1.57 1.60 10345}{1.60 1.63 1.99 2.00 2.00 2213}{2.00 2.07 8.57 62.00 62.00 48626}{62.00 68.00 126.90 239.00 252.00 70}
COMM 4b-2: 48217a_4824fa_482633_482727 (31124 27.77 1 1.00 0 2471.00){0.00 1.00 15.43 263.52 497.60 30857}{497.60 0.00 0.00 0.00 995.20 0}{995.20 1148.00 1411.58 1484.00 1492.80 230}{1492.80 1496.00 1634.62 1900.00 1990.40 34}{1990.40 2008.00 2181.67 2471.00 2488.00 3}
COMM 4b-3: 48b0d5_48b359_48b42d_48b4e6 (248 300.74 1 14.00 1 531.00){0.00 14.00 21.00 42.00 110.00 7}{110.00 122.00 157.08 205.00 220.00 13}{220.00 239.00 292.89 328.00 330.00 181}{330.00 331.00 362.86 435.00 440.00 29}{440.00 444.00 493.61 531.00 550.00 18}
LOOP0: iter: ( 124 )[ 1 -1 0 1 0 ]( 249 )[ 1 -1 1 2 2 ] mem: ( 1 )[ 1 -1 0 1 0 ]( 7 )[ 1 -1 1 1 0 ]( 5 )[ 1 -1 3 1 0 ]
LOOP1: iter: ( 124 )[ 1 -1 1 2 2 ] mem: ( 2 )[ 1 -1 1 1 0 ]( 1 )[ 1 -1 3 1 0 ]
10 2 
12 155 
14 16 
1b 0 
2b ( 1 2 )[ 1 -1 0 1 0 ]
2b ( 3 3 3 3 3 3 3 3 3 3 3 3 3 3 3 3 3 3 3 3 3 3 3 3 3 3 3 3 3 3 3 3 3 3 3 3 3 3 3 3 3 3 3 3 3 3 3 3 3 3 3 3 3 3 3 3 3 3 3 3 3 3 2 2 2 2 2 2 2 2 2 2 2 2 2 2 2 2 2 2 2 2 2 2 2 2 2 2 2 2 2 2 2 2 2 2 2 2 2 2 2 2 2 2 2 2 2 2 2 2 2 2 2 2 2 2 2 2 2 2 2 2 2 2 )[ 1 -1 1 1 0 ]
2b ( 3 2 )[ 1 -1 3 1 0 ]

RANKS: 1 -1 0 4 1
EVENT27: 1113 48217a_4824fa_482633_482727
COMP 4b-0: 47d6b9_47da7e_47dbe8_47dd07 (31374 204.77 1 186.00 0 1330.00){0.00 186.00 193.93 356.00 502.00 30876}{502.00 511.00 513.55 536.00 1004.00 249}{1004.00 1224.00 1236.20 1330.00 1506.00 249}{1506.00 0.00 0.00 0.00 2008.00 0}{2008.00 0.00 0.00 0.00 2510.00 0}
COMP 4b-1: 48217a_4824fa_482633_482727 (30628 165.19 3 8.00 2 1052.00){0.00 0.00 0.00 0.00 6.40 0}{6.40 8.00 9.82 12.00 12.80 15389}{12.80 14.00 14.00 14.00 16.00 5}{16.00 17.00 322.16 588.00 628.00 15233}{628.00 1052.00 1052.00 1052.00 1476.00 1}
COMP 4b-2: 48b0d5_48b359_48b42d_48b4e6 (249 5047.84 0 5034.00 0 5159.00){0.00 0.00 0.00 0.00 2016.00 0}{2016.00 0.00 0.00 0.00 4032.00 0}{4032.00 5034.00 5047.88 5159.00 6048.00 249}{6048.00 0.00 0.00 0.00 8064.00 0}{8064.00 0.00 0.00 0.00 10080.00 0}
COMP 4c-0: 47d6b9_47da7e_47dbe8_47dd07 (31374 728.11 1 666.00 0 6459.00){0.00 666.00 682.09 2012.00 2583.20 31125}{2583.20 0.00 0.00 0.00 5166.40 0}{5166.40 6457.00 6457.98 6459.00 7749.60 249}{7749.60 0.00 0.00 0.00 10332.80 0}{10332.80 0.00 0.00 0.00 12916.00 0}
COMP 4c-1: 48217a_4824fa_482633_482727 (30628 690.07 3 26.00 2 5819.00){0.00 0.00 0.00 0.00 10.40 0}{10.40 0.00 0.00 0.00 20.80 0}{20.80 26.00 28.84 30.00 52.00 15438}{52.00 1360.00 1361.84 1362.00 2668.00 15189}{2668.00 5819.00 5819.00 5819.00 8970.00 1}
COMP 4c-2: 48b0d5_48b359_48b42d_48b4e6 (249 21496.87 0 21496.00 0 21497.00){0.00 0.00 0.00 0.00 8598.80 0}{8598.80 0.00 0.00 0.00 17197.60 0}{17197.60 21496.00 21496.87 21497.00 25796.40 249}{25796.40 0.00 0.00 0.00 34395.20 0}{34395.20 0.00 0.00 0.00 42994.00 0}
COMM 4b-0: 47d6b9_47da7e_47dbe8_47dd07 (31374 3.53 1 2.00 0 201.00){0.00 2.00 2.67 23.00 44.00 31125}{44.00 0.00 0.00 0.00 88.00 0}{88.00 108.00 109.99 126.00 132.00 247}{132.00 148.00 148.00 148.00 176.00 1}{176.00 201.00 201.00 201.00 220.00 1}
COMM 4b-1: 48217a_4824fa_482633_482727 (30628 2.48 3 1.00 2 112.00){0.00 1.00 1.94 2.00 2.40 19691}{2.40 3.00 3.00 4.00 4.00 10427}{4.00 6.00 12.31 17.00 26.00 506}{26.00 44.00 52.00 62.00 98.00 3}{98.00 112.00 112.00 112.00 126.00 1}
COMM 4b-2: 48b0d5_48b359_48b42d_48b4e6 (249 112.82 0 106.00 0 372.00){0.00 0.00 0.00 0.00 42.80 0}{42.80 0.00 0.00 0.00 85.60 0}{85.60 106.00 108.62 197.00 214.00 243}{214.00 251.00 266.00 280.00 346.00 5}{346.00 372.00 372.00 372.00 398.00 1}
LOOP0: iter: ( 2 )[ 1 -1 0 1 0 ]( 124 )[ 1 -1 3 1 0 ] mem: ( 3 )[ 1 -1 0 1 0 ]( 1 )[ 1 -1 3 1 0 ]
10 2 
12 ( 20480 )[ 1 -1 0 2 2 ]
12 ( 155 )[ 1 -1 1 2 2 ]
14 16 
1a ( 1 2 )[ 1 -1 0 1 0 ]
1a ( 2 2 2 2 2 2 2 2 2 2 2 2 2 2 2 2 2 2 2 2 2 2 2 2 2 2 2 2 2 2 2 2 2 2 2 2 2 2 2 2 2 2 2 2 2 2 2 2 2 2 2 2 2 2 2 2 2 2 2 2 2 2 3 3 3 3 3 3 3 3 3 3 3 3 3 3 3 3 3 3 3 3 3 3 3 3 3 3 3 3 3 3 3 3 3 3 3 3 3 3 3 3 3 3 3 3 3 3 3 3 3 3 3 3 3 3 3 3 3 3 3 3 3 3 )[ 1 -1 1 1 0 ]
1a ( 3 2 )[ 1 -1 3 1 0 ]
1a ( 1 )[ 1 -1 2 1 0 ]
1b 0 

RANKS: 1 -1 0 4 1
EVENT28: 1090 47a046_47a41b_47a586_47a6a7
COMP 4b-0: 48217a_4824fa_482633_482727 (1493 1167.77 0 9.00 3 5147.00){0.00 0.00 0.00 0.00 8.00 0}{8.00 9.00 9.98 12.00 16.00 498}{16.00 17.00 18.68 20.00 20.00 247}{20.00 35.00 994.63 1129.00 1946.00 499}{1946.00 4960.00 4974.86 5147.00 8348.00 249}
COMP 4b-1: 48b0d5_48b359_48b42d_48b4e6 (248 5025.89 2 5006.00 2 5230.00){0.00 0.00 0.00 0.00 2012.40 0}{2012.40 0.00 0.00 0.00 4024.80 0}{4024.80 5006.00 5025.87 5230.00 6037.20 248}{6037.20 0.00 0.00 0.00 8049.60 0}{8049.60 0.00 0.00 0.00 10062.00 0}
COMP 4c-0: 48217a_4824fa_482633_482727 (1493 5493.39 0 25.00 3 21380.00){0.00 0.00 0.00 0.00 10.40 0}{10.40 0.00 0.00 0.00 20.80 0}{20.80 25.00 30.75 42.00 52.00 746}{52.00 5743.00 5744.06 5745.00 11434.00 498}{11434.00 21379.00 21379.98 21380.00 31326.00 249}
COMP 4c-1: 48b0d5_48b359_48b42d_48b4e6 (248 21424.05 2 21424.00 2 21425.00){0.00 0.00 0.00 0.00 8569.60 0}{8569.60 0.00 0.00 0.00 17139.20 0}{17139.20 21424.00 21424.05 21425.00 25708.80 248}{25708.80 0.00 0.00 0.00 34278.40 0}{34278.40 0.00 0.00 0.00 42848.00 0}
COMM 4b-0: 48217a_4824fa_482633_482727 (1493 2.22 0 1.00 1 4.00){0.00 0.00 0.00 0.00 0.80 0}{0.80 1.00 1.00 1.00 1.60 129}{1.60 2.00 2.00 2.00 2.40 908}{2.40 3.00 3.00 3.00 3.20 453}{3.20 4.00 4.00 4.00 4.00 3}
COMM 4b-1: 48b0d5_48b359_48b42d_48b4e6 (248 2.37 2 2.00 2 3.00){0.00 0.00 0.00 0.00 0.80 0}{0.80 0.00 0.00 0.00 1.60 0}{1.60 2.00 2.00 2.00 2.40 155}{2.40 3.00 3.00 3.00 3.20 93}{3.20 0.00 0.00 0.00 4.00 0}
LOOP0: iter: ( 2 )[ 1 -1 3 1 0 ]( 248 )[ 1 -1 2 1 0 ] mem: ( 3 )[ 1 -1 3 1 0 ]( 5 )[ 1 -1 2 1 0 ]
LOOP1: iter: ( 2 )[ 1 -1 2 1 0 ] mem: ( 2 )[ 1 -1 2 1 0 ]
10 2 
12 20480 
14 16 
1b 0 
2b 2147483647 

RANKS: 1 -1 0 4 1
EVENT29: 1148 48b0d5_48b359_48b42d_48b4e6
COMP 4b-0: 47a046_47a41b_47a586_47a6a7 (1741 9.44 0 8.00 2 28.00){0.00 0.00 0.00 0.00 4.00 0}{4.00 8.00 8.00 8.00 8.00 16}{8.00 9.00 9.39 12.00 12.00 1716}{12.00 14.00 16.25 18.00 20.00 4}{20.00 24.00 26.20 28.00 28.00 5}
COMP 4c-0: 47a046_47a41b_47a586_47a6a7 (1741 25.77 0 25.00 2 27.00){0.00 0.00 0.00 0.00 10.40 0}{10.40 0.00 0.00 0.00 20.80 0}{20.80 25.00 25.77 27.00 31.20 1741}{31.20 0.00 0.00 0.00 41.60 0}{41.60 0.00 0.00 0.00 52.00 0}
COMM 4b-0: 47a046_47a41b_47a586_47a6a7 (1741 327.36 2 96.00 3 1664.00){0.00 96.00 139.37 229.00 260.00 1236}{260.00 266.00 297.25 352.00 396.00 8}{396.00 620.08 786.00 984.00 1048.00 488}{1048.00 1140.00 1140.00 1140.00 1232.00 1}{1232.00 1251.50 1347.00 1664.00 1974.00 8}
1c 9999 

RANKS: 1 -1 2 1 0
EVENT30: 1113 48217a_4824fa_482633_482727
COMP 4b-0: 47d6b9_47da7e_47dbe8_47dd07 (30504 197.22 2 190.00 2 365.00){0.00 0.00 0.00 0.00 80.80 0}{80.80 0.00 0.00 0.00 161.60 0}{161.60 190.00 197.04 240.00 242.40 30460}{242.40 243.00 289.86 323.00 323.20 14}{323.20 324.00 335.90 365.00 404.00 30}
COMP 4b-1: 48b0d5_48b359_48b42d_48b4e6 (248 86.68 2 85.00 2 106.00){0.00 0.00 0.00 0.00 34.80 0}{34.80 0.00 0.00 0.00 69.60 0}{69.60 85.00 86.60 101.00 104.40 247}{104.40 106.00 106.00 106.00 139.20 1}{139.20 0.00 0.00 0.00 174.00 0}
COMP 4c-0: 47d6b9_47da7e_47dbe8_47dd07 (30504 675.97 2 670.00 2 681.00){0.00 0.00 0.00 0.00 270.80 0}{270.80 0.00 0.00 0.00 541.60 0}{541.60 670.00 675.97 681.00 812.40 30504}{812.40 0.00 0.00 0.00 1083.20 0}{1083.20 0.00 0.00 0.00 1354.00 0}
COMP 4c-1: 48b0d5_48b359_48b42d_48b4e6 (248 169.63 2 169.00 2 170.00){0.00 0.00 0.00 0.00 67.60 0}{67.60 0.00 0.00 0.00 135.20 0}{135.20 169.00 169.64 170.00 202.80 248}{202.80 0.00 0.00 0.00 270.40 0}{270.40 0.00 0.00 0.00 338.00 0}
COMM 4b-0: 47d6b9_47da7e_47dbe8_47dd07 (30504 2.69 2 2.00 2 107.00){0.00 2.00 2.51 4.00 5.60 29741}{5.60 6.00 6.81 8.00 8.40 253}{8.40 9.00 10.13 11.00 11.20 267}{11.20 12.00 12.57 14.00 14.00 241}{14.00 20.00 63.50 107.00 200.00 2}
COMM 4b-1: 48b0d5_48b359_48b42d_48b4e6 (248 102.17 2 101.00 2 193.00){0.00 0.00 0.00 0.00 40.80 0}{40.80 0.00 0.00 0.00 81.60 0}{81.60 101.00 101.80 113.00 122.40 247}{122.40 0.00 0.00 0.00 163.20 0}{163.20 193.00 193.00 193.00 204.00 1}
LOOP0: iter: ( 124 )[ 1 -1 2 1 0 ] mem: ( 2 )[ 1 -1 2 1 0 ]
10 2 
12 20480 155 155 155 155 155 155 155 155 155 155 155 155 155 155 155 155 155 155 155 155 155 155 155 155 155 155 155 155 155 155 155 155 155 155 155 155 155 155 155 155 155 155 155 155 155 155 155 155 155 155 155 155 155 155 155 155 155 155 155 155 155 155 155 155 155 155 155 155 155 155 155 155 155 155 155 155 155 155 155 155 155 155 155 155 155 155 155 155 155 155 155 155 155 155 155 155 155 155 155 155 155 155 155 155 155 155 155 155 155 155 155 155 155 155 155 155 155 155 155 155 155 155 155 
14 16 
1a 2 1 1 1 1 1 1 1 1 1 1 1 1 1 1 1 1 1 1 1 1 1 1 1 1 1 1 1 1 1 1 1 1 1 1 1 1 1 1 1 1 1 1 1 1 1 1 1 1 1 1 1 1 1 1 1 1 1 1 1 1 1 1 2 2 2 2 2 2 2 2 2 2 2 2 2 2 2 2 2 2 2 2 2 2 2 2 2 2 2 2 2 2 2 2 2 2 2 2 2 2 2 2 2 2 2 2 2 2 2 2 2 2 2 2 2 2 2 2 2 2 2 2 2 
1b 0 

RANKS: 1 -1 2 1 0
EVENT31: 1102 47d6b9_47da7e_47dbe8_47dd07
COMP 4b-0: 48217a_4824fa_482633_482727 (30752 234.24 2 144.00 2 11030.00){0.00 144.00 150.85 297.00 4172.40 30504}{4172.40 0.00 0.00 0.00 8344.80 0}{8344.80 10419.00 10450.13 11030.00 12517.20 248}{12517.20 0.00 0.00 0.00 16689.60 0}{16689.60 0.00 0.00 0.00 20862.00 0}
COMP 4c-0: 48217a_4824fa_482633_482727 (30752 1098.73 2 718.00 2 45291.00){0.00 718.00 737.99 758.00 18116.00 30504}{18116.00 0.00 0.00 0.00 36232.00 0}{36232.00 45290.00 45290.92 45291.00 54348.00 248}{54348.00 0.00 0.00 0.00 72464.00 0}{72464.00 0.00 0.00 0.00 90580.00 0}
COMM 4b-0: 48217a_4824fa_482633_482727 (30752 10.82 2 1.00 2 974.00){0.00 1.00 3.38 109.00 126.00 30257}{126.00 141.00 293.47 351.00 378.00 15}{378.00 386.00 461.41 597.00 630.00 463}{630.00 658.00 695.75 783.00 936.00 16}{936.00 974.00 974.00 974.00 1012.00 1}
10 2 
12 155 
14 16 
1b 0 
2b 2 2 2 2 2 2 2 2 2 2 2 2 2 2 2 2 2 2 2 2 2 2 2 2 2 2 2 2 2 2 2 2 2 2 2 2 2 2 2 2 2 2 2 2 2 2 2 2 2 2 2 2 2 2 2 2 2 2 2 2 2 2 1 1 1 1 1 1 1 1 1 1 1 1 1 1 1 1 1 1 1 1 1 1 1 1 1 1 1 1 1 1 1 1 1 1 1 1 1 1 1 1 1 1 1 1 1 1 1 1 1 1 1 1 1 1 1 1 1 1 1 1 1 1 

RANKS: 1 -1 0 4 1
EVENT32: 1113 48217a_4824fa_482633_482727
COMP 4b-0: 47d6b9_47da7e_47dbe8_47dd07 (248 191.34 2 190.00 2 205.00){0.00 0.00 0.00 0.00 76.00 0}{76.00 0.00 0.00 0.00 152.00 0}{152.00 190.00 191.35 205.00 228.00 248}{228.00 0.00 0.00 0.00 304.00 0}{304.00 0.00 0.00 0.00 380.00 0}
COMP 4b-1: 48217a_4824fa_482633_482727 (620 2461.76 0 9.00 1 5283.00){0.00 0.00 0.00 0.00 3.60 0}{3.60 0.00 0.00 0.00 7.20 0}{7.20 9.00 10.27 11.00 18.00 62}{18.00 344.00 345.49 355.00 670.00 61}{670.00 1038.00 3032.25 5283.00 9312.00 497}
COMP 4b-2: 48b0d5_48b359_48b42d_48b4e6 (748 124.96 3 85.00 0 10892.00){0.00 85.00 96.13 120.00 4356.80 747}{4356.80 0.00 0.00 0.00 8713.60 0}{8713.60 10892.00 10892.00 10892.00 13070.40 1}{13070.40 0.00 0.00 0.00 17427.20 0}{17427.20 0.00 0.00 0.00 21784.00 0}
COMP 4c-0: 47d6b9_47da7e_47dbe8_47dd07 (248 671.00 2 671.00 2 672.00){0.00 0.00 0.00 0.00 268.40 0}{268.40 0.00 0.00 0.00 536.80 0}{536.80 671.00 671.00 672.00 805.20 248}{805.20 0.00 0.00 0.00 1073.60 0}{1073.60 0.00 0.00 0.00 1342.00 0}
COMP 4c-1: 48217a_4824fa_482633_482727 (620 11065.21 0 25.00 1 21453.00){0.00 0.00 0.00 0.00 10.00 0}{10.00 0.00 0.00 0.00 20.00 0}{20.00 25.00 28.94 29.00 50.00 62}{50.00 1409.00 1409.98 1410.00 2768.00 61}{2768.00 5815.00 13649.24 21453.00 40136.00 497}
COMP 4c-2: 48b0d5_48b359_48b42d_48b4e6 (748 288.56 1 166.00 0 46018.00){0.00 166.00 166.13 167.00 18407.20 747}{18407.20 0.00 0.00 0.00 36814.40 0}{36814.40 46018.00 46018.00 46018.00 55221.60 1}{55221.60 0.00 0.00 0.00 73628.80 0}{73628.80 0.00 0.00 0.00 92036.00 0}
COMM 4b-0: 47d6b9_47da7e_47dbe8_47dd07 (248 2.55 2 2.00 2 3.00){0.00 0.00 0.00 0.00 0.80 0}{0.80 0.00 0.00 0.00 1.60 0}{1.60 2.00 2.00 2.00 2.40 110}{2.40 3.00 3.00 3.00 3.20 138}{3.20 0.00 0.00 0.00 4.00 0}
COMM 4b-1: 48217a_4824fa_482633_482727 (620 90.37 0 1.00 1 240.00){0.00 1.00 2.24 3.00 6.00 121}{6.00 10.00 15.00 20.00 34.00 2}{34.00 108.00 111.62 175.00 182.00 494}{182.00 197.00 197.00 197.00 212.00 1}{212.00 238.00 239.00 240.00 268.00 2}
COMM 4b-2: 48b0d5_48b359_48b42d_48b4e6 (748 150.21 0 9.00 3 441.00){0.00 9.00 9.00 9.00 18.00 1}{18.00 101.00 106.09 176.00 184.00 500}{184.00 191.00 191.00 191.00 198.00 1}{198.00 221.00 239.78 264.00 284.00 244}{284.00 305.00 373.00 441.00 598.00 2}
LOOP0: iter: ( 124 )[ 1 -1 0 1 0 ]( 2 )[ 1 -1 1 2 1 ] mem: ( 1 )[ 1 -1 0 3 1 ]
10 2 
12 ( 155 )[ 1 -1 0 1 0 ]
12 ( 20480 )[ 1 -1 1 2 2 ]
12 ( 155 20480 )[ 1 -1 2 1 0 ]
14 16 
1a ( 1 2 )[ 1 -1 0 1 0 ]
1a ( 3 2 )[ 1 -1 1 2 2 ]
1a ( 2 1 )[ 1 -1 2 1 0 ]
1b 0 

RANKS: 1 -1 1 2 1
EVENT33: 1090 47a046_47a41b_47a586_47a6a7
COMP 4b-0: 48217a_4824fa_482633_482727 (250 11.33 1 10.00 1 24.00){0.00 0.00 0.00 0.00 4.40 0}{4.40 0.00 0.00 0.00 8.80 0}{8.80 10.00 11.23 13.00 13.20 247}{13.20 15.00 17.50 20.00 22.00 2}{22.00 24.00 24.00 24.00 26.00 1}
COMP 4b-1: 48b0d5_48b359_48b42d_48b4e6 (1 5011.00 2 5011.00 2 5011.00){0.00 0.00 0.00 0.00 2004.40 0}{2004.40 0.00 0.00 0.00 4008.80 0}{4008.80 5011.00 5011.00 5011.00 6013.20 1}{6013.20 0.00 0.00 0.00 8017.60 0}{8017.60 0.00 0.00 0.00 10022.00 0}
COMP 4c-0: 48217a_4824fa_482633_482727 (250 27.12 1 27.00 2 42.00){0.00 0.00 0.00 0.00 10.80 0}{10.80 0.00 0.00 0.00 21.60 0}{21.60 27.00 27.06 28.00 32.40 249}{32.40 42.00 42.00 42.00 43.20 1}{43.20 0.00 0.00 0.00 54.00 0}
COMP 4c-1: 48b0d5_48b359_48b42d_48b4e6 (1 21424.00 2 21424.00 2 21424.00){0.00 0.00 0.00 0.00 8569.60 0}{8569.60 0.00 0.00 0.00 17139.20 0}{17139.20 21424.00 21424.00 21424.00 25708.80 1}{25708.80 0.00 0.00 0.00 34278.40 0}{34278.40 0.00 0.00 0.00 42848.00 0}
COMM 4b-0: 48217a_4824fa_482633_482727 (250 2.08 1 1.00 1 3.00){0.00 0.00 0.00 0.00 0.80 0}{0.80 1.00 1.00 1.00 1.60 2}{1.60 2.00 2.00 2.00 2.40 226}{2.40 3.00 3.00 3.00 3.20 22}{3.20 0.00 0.00 0.00 4.00 0}
COMM 4b-1: 48b0d5_48b359_48b42d_48b4e6 (1 2.00 2 2.00 2 2.00){0.00 0.00 0.00 0.00 0.80 0}{0.80 0.00 0.00 0.00 1.60 0}{1.60 2.00 2.00 2.00 2.40 1}{2.40 0.00 0.00 0.00 3.20 0}{3.20 0.00 0.00 0.00 4.00 0}
LOOP0: iter: ( 2 )[ 1 -1 2 1 0 ] mem: ( 2 )[ 1 -1 2 1 0 ]
10 2 
12 20480 
14 16 
1b 0 
2b 2147483647 

RANKS: 1 -1 1 2 1
EVENT34: 1148 48b0d5_48b359_48b42d_48b4e6
COMP 4b-0: 47a046_47a41b_47a586_47a6a7 (251 9.06 1 8.00 1 11.00){0.00 0.00 0.00 0.00 3.60 0}{3.60 0.00 0.00 0.00 7.20 0}{7.20 8.00 9.05 10.00 10.80 250}{10.80 11.00 11.00 11.00 14.40 1}{14.40 0.00 0.00 0.00 18.00 0}
COMP 4c-0: 47a046_47a41b_47a586_47a6a7 (251 25.58 1 25.00 1 26.00){0.00 0.00 0.00 0.00 10.40 0}{10.40 0.00 0.00 0.00 20.80 0}{20.80 25.00 25.57 26.00 31.20 251}{31.20 0.00 0.00 0.00 41.60 0}{41.60 0.00 0.00 0.00 52.00 0}
COMM 4b-0: 47a046_47a41b_47a586_47a6a7 (251 96.74 1 95.00 2 135.00){0.00 0.00 0.00 0.00 38.80 0}{38.80 0.00 0.00 0.00 77.60 0}{77.60 95.00 96.58 106.00 116.40 250}{116.40 135.00 135.00 135.00 155.20 1}{155.20 0.00 0.00 0.00 194.00 0}
1c 9999 

RANKS: 1 -1 2 1 0
EVENT35: 1113 48217a_4824fa_482633_482727
COMP 4b-0: 47d6b9_47da7e_47dbe8_47dd07 (123 197.02 2 190.00 2 206.00){0.00 0.00 0.00 0.00 80.80 0}{80.80 0.00 0.00 0.00 161.60 0}{161.60 190.00 196.98 206.00 242.40 123}{242.40 0.00 0.00 0.00 323.20 0}{323.20 0.00 0.00 0.00 404.00 0}
COMP 4b-1: 48b0d5_48b359_48b42d_48b4e6 (1 96.00 2 96.00 2 96.00){0.00 0.00 0.00 0.00 38.40 0}{38.40 0.00 0.00 0.00 76.80 0}{76.80 96.00 96.00 96.00 115.20 1}{115.20 0.00 0.00 0.00 153.60 0}{153.60 0.00 0.00 0.00 192.00 0}
COMP 4c-0: 47d6b9_47da7e_47dbe8_47dd07 (123 676.00 2 670.00 2 681.00){0.00 0.00 0.00 0.00 270.80 0}{270.80 0.00 0.00 0.00 541.60 0}{541.60 670.00 675.99 681.00 812.40 123}{812.40 0.00 0.00 0.00 1083.20 0}{1083.20 0.00 0.00 0.00 1354.00 0}
COMP 4c-1: 48b0d5_48b359_48b42d_48b4e6 (1 170.00 2 170.00 2 170.00){0.00 0.00 0.00 0.00 68.00 0}{68.00 0.00 0.00 0.00 136.00 0}{136.00 170.00 170.00 170.00 204.00 1}{204.00 0.00 0.00 0.00 272.00 0}{272.00 0.00 0.00 0.00 340.00 0}
COMM 4b-0: 47d6b9_47da7e_47dbe8_47dd07 (123 2.65 2 2.00 2 12.00){0.00 2.00 2.00 2.00 2.80 67}{2.80 3.00 3.00 3.00 5.60 53}{5.60 7.00 7.00 7.00 8.40 1}{8.40 10.00 10.00 10.00 11.20 1}{11.20 12.00 12.00 12.00 14.00 1}
COMM 4b-1: 48b0d5_48b359_48b42d_48b4e6 (1 103.00 2 103.00 2 103.00){0.00 0.00 0.00 0.00 41.20 0}{41.20 0.00 0.00 0.00 82.40 0}{82.40 103.00 103.00 103.00 123.60 1}{123.60 0.00 0.00 0.00 164.80 0}{164.80 0.00 0.00 0.00 206.00 0}
LOOP0: iter: ( 124 )[ 1 -1 2 1 0 ] mem: ( 2 )[ 1 -1 2 1 0 ]
10 2 
12 20480 155 155 155 155 155 155 155 155 155 155 155 155 155 155 155 155 155 155 155 155 155 155 155 155 155 155 155 155 155 155 155 155 155 155 155 155 155 155 155 155 155 155 155 155 155 155 155 155 155 155 155 155 155 155 155 155 155 155 155 155 155 155 155 155 155 155 155 155 155 155 155 155 155 155 155 155 155 155 155 155 155 155 155 155 155 155 155 155 155 155 155 155 155 155 155 155 155 155 155 155 155 155 155 155 155 155 155 155 155 155 155 155 155 155 155 155 155 155 155 155 155 155 155 
14 16 
1a 2 1 1 1 1 1 1 1 1 1 1 1 1 1 1 1 1 1 1 1 1 1 1 1 1 1 1 1 1 1 1 1 1 1 1 1 1 1 1 1 1 1 1 1 1 1 1 1 1 1 1 1 1 1 1 1 1 1 1 1 1 1 1 2 2 2 2 2 2 2 2 2 2 2 2 2 2 2 2 2 2 2 2 2 2 2 2 2 2 2 2 2 2 2 2 2 2 2 2 2 2 2 2 2 2 2 2 2 2 2 2 2 2 2 2 2 2 2 2 2 2 2 2 2 
1b 0 

RANKS: 1 -1 0 4 1
EVENT36: 1102 47d6b9_47da7e_47dbe8_47dd07
COMP 4b-0: 47d6b9_47da7e_47dbe8_47dd07 (246 170.55 3 9.00 3 360.00){0.00 0.00 0.00 0.00 4.00 0}{4.00 0.00 0.00 0.00 8.00 0}{8.00 9.00 10.56 12.00 16.00 124}{16.00 0.00 0.00 0.00 20.00 0}{20.00 323.00 334.48 360.00 630.00 122}
COMP 4b-1: 48217a_4824fa_482633_482727 (249 234.41 2 145.00 3 10467.00){0.00 0.00 0.00 0.00 60.00 0}{60.00 0.00 0.00 0.00 120.00 0}{120.00 145.00 152.01 166.00 240.00 247}{240.00 0.00 0.00 0.00 300.00 0}{300.00 10439.00 10453.00 10467.00 20634.00 2}
COMP 4b-2: 48b0d5_48b359_48b42d_48b4e6 (1 10475.00 1 10475.00 1 10475.00){0.00 0.00 0.00 0.00 4190.00 0}{4190.00 0.00 0.00 0.00 8380.00 0}{8380.00 10475.00 10475.00 10475.00 12570.00 1}{12570.00 0.00 0.00 0.00 16760.00 0}{16760.00 0.00 0.00 0.00 20950.00 0}
COMP 4c-0: 47d6b9_47da7e_47dbe8_47dd07 (246 699.41 3 25.00 3 1411.00){0.00 0.00 0.00 0.00 10.80 0}{10.80 0.00 0.00 0.00 21.60 0}{21.60 25.00 28.94 29.00 43.20 124}{43.20 0.00 0.00 0.00 54.00 0}{54.00 1361.00 1386.39 1411.00 2668.00 122}
COMP 4c-1: 48217a_4824fa_482633_482727 (249 1096.53 2 718.00 3 45313.00){0.00 0.00 0.00 0.00 288.40 0}{288.40 0.00 0.00 0.00 576.80 0}{576.80 718.00 740.11 762.00 1153.60 247}{1153.60 0.00 0.00 0.00 1442.00 0}{1442.00 45291.00 45302.00 45313.00 89184.00 2}
COMP 4c-2: 48b0d5_48b359_48b42d_48b4e6 (1 45359.00 1 45359.00 1 45359.00){0.00 0.00 0.00 0.00 18143.60 0}{18143.60 0.00 0.00 0.00 36287.20 0}{36287.20 45359.00 45359.00 45359.00 54430.80 1}{54430.80 0.00 0.00 0.00 72574.40 0}{72574.40 0.00 0.00 0.00 90718.00 0}
COMM 4b-0: 47d6b9_47da7e_47dbe8_47dd07 (246 7.00 0 1.00 3 30.00){0.00 1.00 1.00 1.00 1.60 36}{1.60 2.00 2.41 3.00 3.20 86}{3.20 4.00 4.00 4.00 4.00 7}{4.00 5.00 12.29 24.00 26.00 116}{26.00 30.00 30.00 30.00 34.00 1}
COMM 4b-1: 48217a_4824fa_482633_482727 (249 26.27 1 2.00 0 1414.00){0.00 2.00 5.33 441.00 565.60 245}{565.60 691.00 811.00 1001.00 1131.20 3}{1131.20 1414.00 1414.00 1414.00 1696.80 1}{1696.80 0.00 0.00 0.00 2262.40 0}{2262.40 0.00 0.00 0.00 2828.00 0}
COMM 4b-2: 48b0d5_48b359_48b42d_48b4e6 (1 511.00 1 511.00 1 511.00){0.00 0.00 0.00 0.00 204.40 0}{204.40 0.00 0.00 0.00 408.80 0}{408.80 511.00 511.00 511.00 613.20 1}{613.20 0.00 0.00 0.00 817.60 0}{817.60 0.00 0.00 0.00 1022.00 0}
LOOP0: iter: ( 124 )[ 2 -1 0 2 1 -1 3 1 0 ] mem: ( 1 )[ 1 -1 0 2 3 ]( 2 )[ 1 -1 1 1 0 ]
10 2 
12 155 
14 16 
1b 0 
2b ( 1 2 )[ 1 -1 0 1 0 ]
2b ( 3 3 3 3 3 3 3 3 3 3 3 3 3 3 3 3 3 3 3 3 3 3 3 3 3 3 3 3 3 3 3 3 3 3 3 3 3 3 3 3 3 3 3 3 3 3 3 3 3 3 3 3 3 3 3 3 3 3 3 3 3 3 2 2 2 2 2 2 2 2 2 2 2 2 2 2 2 2 2 2 2 2 2 2 2 2 2 2 2 2 2 2 2 2 2 2 2 2 2 2 2 2 2 2 2 2 2 2 2 2 2 2 2 2 2 2 2 2 2 2 2 2 2 2 )[ 1 -1 1 1 0 ]
2b ( 3 2 )[ 1 -1 3 1 0 ]
2b ( 2 2 2 2 2 2 2 2 2 2 2 2 2 2 2 2 2 2 2 2 2 2 2 2 2 2 2 2 2 2 2 2 2 2 2 2 2 2 2 2 2 2 2 2 2 2 2 2 2 2 2 2 2 2 2 2 2 2 2 2 2 2 1 1 1 1 1 1 1 1 1 1 1 1 1 1 1 1 1 1 1 1 1 1 1 1 1 1 1 1 1 1 1 1 1 1 1 1 1 1 1 1 1 1 1 1 1 1 1 1 1 1 1 1 1 1 1 1 1 1 1 1 1 1 )[ 1 -1 2 1 0 ]

RANKS: 1 -1 1 3 1
EVENT37: 1113 48217a_4824fa_482633_482727
COMP 4b-0: 47d6b9_47da7e_47dbe8_47dd07 (126 197.23 1 187.00 3 512.00){0.00 0.00 0.00 0.00 81.20 0}{81.20 0.00 0.00 0.00 162.40 0}{162.40 187.00 193.65 208.00 243.60 124}{243.60 321.00 321.00 321.00 406.00 1}{406.00 512.00 512.00 512.00 618.00 1}
COMP 4b-1: 48217a_4824fa_482633_482727 (123 164.04 3 9.00 3 336.00){0.00 0.00 0.00 0.00 3.60 0}{3.60 0.00 0.00 0.00 7.20 0}{7.20 9.00 9.74 11.00 14.40 62}{14.40 0.00 0.00 0.00 18.00 0}{18.00 322.00 323.41 336.00 626.00 61}
COMP 4c-0: 47d6b9_47da7e_47dbe8_47dd07 (126 681.75 1 666.00 3 2012.00){0.00 0.00 0.00 0.00 270.40 0}{270.40 0.00 0.00 0.00 540.80 0}{540.80 666.00 671.15 676.00 1081.60 125}{1081.60 0.00 0.00 0.00 1352.00 0}{1352.00 2012.00 2012.00 2012.00 2672.00 1}
COMP 4c-1: 48217a_4824fa_482633_482727 (123 684.55 3 26.00 3 1362.00){0.00 0.00 0.00 0.00 10.40 0}{10.40 0.00 0.00 0.00 20.80 0}{20.80 26.00 28.66 29.00 41.60 62}{41.60 0.00 0.00 0.00 52.00 0}{52.00 1361.00 1361.98 1362.00 2670.00 61}
COMM 4b-0: 47d6b9_47da7e_47dbe8_47dd07 (126 2.60 1 2.00 1 10.00){0.00 2.00 2.00 2.00 2.40 67}{2.40 3.00 3.00 3.00 4.80 56}{4.80 6.00 6.00 6.00 7.20 2}{7.20 0.00 0.00 0.00 9.60 0}{9.60 10.00 10.00 10.00 12.00 1}
COMM 4b-1: 48217a_4824fa_482633_482727 (123 2.48 3 1.00 3 14.00){0.00 0.00 0.00 0.00 0.80 0}{0.80 1.00 1.00 1.00 1.60 6}{1.60 2.00 2.00 2.00 2.40 70}{2.40 3.00 3.00 3.00 4.00 45}{4.00 10.00 12.00 14.00 24.00 2}
LOOP0: iter: ( 124 )[ 1 -1 3 1 0 ] mem: ( 1 )[ 1 -1 3 1 0 ]
10 2 
12 155 
14 16 
1a ( 2 2 2 2 2 2 2 2 2 2 2 2 2 2 2 2 2 2 2 2 2 2 2 2 2 2 2 2 2 2 2 2 2 2 2 2 2 2 2 2 2 2 2 2 2 2 2 2 2 2 2 2 2 2 2 2 2 2 2 2 2 2 3 3 3 3 3 3 3 3 3 3 3 3 3 3 3 3 3 3 3 3 3 3 3 3 3 3 3 3 3 3 3 3 3 3 3 3 3 3 3 3 3 3 3 3 3 3 3 3 3 3 3 3 3 3 3 3 3 3 3 3 3 3 )[ 1 -1 1 1 0 ]
1a ( 3 2 )[ 1 -1 3 1 0 ]
1a ( 2 )[ 1 -1 2 1 0 ]
1b 0 

RANKS: 1 -1 0 4 1
EVENT38: 1004 46a5af_46a90f_46aa52_46ab44
COMP 4b-0: 47d6b9_47da7e_47dbe8_47dd07 (1 1002.00 0 1002.00 0 1002.00){0.00 0.00 0.00 0.00 400.80 0}{400.80 0.00 0.00 0.00 801.60 0}{801.60 1002.00 1002.00 1002.00 1202.40 1}{1202.40 0.00 0.00 0.00 1603.20 0}{1603.20 0.00 0.00 0.00 2004.00 0}
COMP 4b-1: 48217a_4824fa_482633_482727 (3 825.75 3 817.00 1 830.00){0.00 0.00 0.00 0.00 332.00 0}{332.00 0.00 0.00 0.00 664.00 0}{664.00 817.00 824.33 830.00 996.00 3}{996.00 0.00 0.00 0.00 1328.00 0}{1328.00 0.00 0.00 0.00 1660.00 0}
COMP 4c-0: 47d6b9_47da7e_47dbe8_47dd07 (1 6127.00 0 6127.00 0 6127.00){0.00 0.00 0.00 0.00 2450.80 0}{2450.80 0.00 0.00 0.00 4901.60 0}{4901.60 6127.00 6127.00 6127.00 7352.40 1}{7352.40 0.00 0.00 0.00 9803.20 0}{9803.20 0.00 0.00 0.00 12254.00 0}
COMP 4c-1: 48217a_4824fa_482633_482727 (3 5486.50 2 5483.00 1 5488.00){0.00 0.00 0.00 0.00 2195.20 0}{2195.20 0.00 0.00 0.00 4390.40 0}{4390.40 5483.00 5486.00 5488.00 6585.60 3}{6585.60 0.00 0.00 0.00 8780.80 0}{8780.80 0.00 0.00 0.00 10976.00 0}
COMM 4b-0: 47d6b9_47da7e_47dbe8_47dd07 (1 11.00 0 11.00 0 11.00){0.00 0.00 0.00 0.00 4.40 0}{4.40 0.00 0.00 0.00 8.80 0}{8.80 11.00 11.00 11.00 13.20 1}{13.20 0.00 0.00 0.00 17.60 0}{17.60 0.00 0.00 0.00 22.00 0}
COMM 4b-1: 48217a_4824fa_482633_482727 (3 510.00 2 198.00 3 1002.00){0.00 0.00 0.00 0.00 168.00 0}{168.00 198.00 198.00 198.00 336.00 1}{336.00 420.00 420.00 420.00 672.00 1}{672.00 0.00 0.00 0.00 840.00 0}{840.00 1002.00 1002.00 1002.00 1164.00 1}
10 2 
12 5 
14 16 
18 3 

RANKS: 1 -1 2 1 0
EVENT39: 1113 48217a_4824fa_482633_482727
COMP 4b-0: 46a5af_46a90f_46aa52_46ab44 (1 618.00 2 618.00 2 618.00){0.00 0.00 0.00 0.00 247.20 0}{247.20 0.00 0.00 0.00 494.40 0}{494.40 618.00 618.00 618.00 741.60 1}{741.60 0.00 0.00 0.00 988.80 0}{988.80 0.00 0.00 0.00 1236.00 0}
COMP 4c-0: 46a5af_46a90f_46aa52_46ab44 (1 2938.00 2 2938.00 2 2938.00){0.00 0.00 0.00 0.00 1175.20 0}{1175.20 0.00 0.00 0.00 2350.40 0}{2350.40 2938.00 2938.00 2938.00 3525.60 1}{3525.60 0.00 0.00 0.00 4700.80 0}{4700.80 0.00 0.00 0.00 5876.00 0}
COMM 4b-0: 46a5af_46a90f_46aa52_46ab44 (1 112.00 2 112.00 2 112.00){0.00 0.00 0.00 0.00 44.80 0}{44.80 0.00 0.00 0.00 89.60 0}{89.60 112.00 112.00 112.00 134.40 1}{134.40 0.00 0.00 0.00 179.20 0}{179.20 0.00 0.00 0.00 224.00 0}
10 2 
12 20480 
14 16 
1a 1 
1b 0 

RANKS: 1 -1 1 3 1
EVENT40: 1090 47a046_47a41b_47a586_47a6a7
COMP 4b-0: 46a5af_46a90f_46aa52_46ab44 (2 559.33 1 557.00 3 564.00){0.00 0.00 0.00 0.00 222.80 0}{222.80 0.00 0.00 0.00 445.60 0}{445.60 557.00 560.50 564.00 668.40 2}{668.40 0.00 0.00 0.00 891.20 0}{891.20 0.00 0.00 0.00 1114.00 0}
COMP 4b-1: 48217a_4824fa_482633_482727 (2 3333.00 2 35.00 3 4982.00){0.00 35.00 35.00 35.00 1992.80 1}{1992.80 0.00 0.00 0.00 3985.60 0}{3985.60 4982.00 4982.00 4982.00 5978.40 1}{5978.40 0.00 0.00 0.00 7971.20 0}{7971.20 0.00 0.00 0.00 9964.00 0}
COMP 4b-2: 48b0d5_48b359_48b42d_48b4e6 (1 5016.00 2 5016.00 2 5016.00){0.00 0.00 0.00 0.00 2006.40 0}{2006.40 0.00 0.00 0.00 4012.80 0}{4012.80 5016.00 5016.00 5016.00 6019.20 1}{6019.20 0.00 0.00 0.00 8025.60 0}{8025.60 0.00 0.00 0.00 10032.00 0}
COMP 4c-0: 46a5af_46a90f_46aa52_46ab44 (2 2862.00 1 2862.00 1 2862.00){0.00 0.00 0.00 0.00 1144.80 0}{1144.80 0.00 0.00 0.00 2289.60 0}{2289.60 2862.00 2862.00 2862.00 3434.40 2}{3434.40 0.00 0.00 0.00 4579.20 0}{4579.20 0.00 0.00 0.00 5724.00 0}
COMP 4c-1: 48217a_4824fa_482633_482727 (2 14262.33 2 27.00 3 21380.00){0.00 27.00 27.00 27.00 8552.00 1}{8552.00 0.00 0.00 0.00 17104.00 0}{17104.00 21380.00 21380.00 21380.00 25656.00 1}{25656.00 0.00 0.00 0.00 34208.00 0}{34208.00 0.00 0.00 0.00 42760.00 0}
COMP 4c-2: 48b0d5_48b359_48b42d_48b4e6 (1 21424.00 2 21424.00 2 21424.00){0.00 0.00 0.00 0.00 8569.60 0}{8569.60 0.00 0.00 0.00 17139.20 0}{17139.20 21424.00 21424.00 21424.00 25708.80 1}{25708.80 0.00 0.00 0.00 34278.40 0}{34278.40 0.00 0.00 0.00 42848.00 0}
COMM 4b-0: 46a5af_46a90f_46aa52_46ab44 (2 2.00 1 2.00 1 2.00){0.00 0.00 0.00 0.00 0.80 0}{0.80 0.00 0.00 0.00 1.60 0}{1.60 2.00 2.00 2.00 2.40 2}{2.40 0.00 0.00 0.00 3.20 0}{3.20 0.00 0.00 0.00 4.00 0}
COMM 4b-1: 48217a_4824fa_482633_482727 (2 2.67 2 2.00 3 3.00){0.00 0.00 0.00 0.00 1.20 0}{1.20 2.00 2.00 2.00 2.40 1}{2.40 3.00 3.00 3.00 3.60 1}{3.60 0.00 0.00 0.00 4.80 0}{4.80 0.00 0.00 0.00 6.00 0}
COMM 4b-2: 48b0d5_48b359_48b42d_48b4e6 (1 3.00 2 3.00 2 3.00){0.00 0.00 0.00 0.00 1.20 0}{1.20 0.00 0.00 0.00 2.40 0}{2.40 3.00 3.00 3.00 3.60 1}{3.60 0.00 0.00 0.00 4.80 0}{4.80 0.00 0.00 0.00 6.00 0}
LOOP0: iter: ( 2 )[ 1 -1 2 2 1 ] mem: ( 3 )[ 1 -1 3 1 0 ]( 2 )[ 1 -1 2 1 0 ]
10 2 
12 20480 
14 16 
1b 0 
2b 2147483647 

RANKS: 1 -1 1 3 1
EVENT41: 1148 48b0d5_48b359_48b42d_48b4e6
COMP 4b-0: 47a046_47a41b_47a586_47a6a7 (5 9.83 1 9.00 2 11.00){0.00 0.00 0.00 0.00 3.60 0}{3.60 0.00 0.00 0.00 7.20 0}{7.20 9.00 9.33 10.00 10.80 3}{10.80 11.00 11.00 11.00 14.40 2}{14.40 0.00 0.00 0.00 18.00 0}
COMP 4c-0: 47a046_47a41b_47a586_47a6a7 (5 25.83 3 25.00 1 26.00){0.00 0.00 0.00 0.00 10.40 0}{10.40 0.00 0.00 0.00 20.80 0}{20.80 25.00 25.80 26.00 31.20 5}{31.20 0.00 0.00 0.00 41.60 0}{41.60 0.00 0.00 0.00 52.00 0}
COMM 4b-0: 47a046_47a41b_47a586_47a6a7 (5 110.83 2 97.00 1 122.00){0.00 0.00 0.00 0.00 48.80 0}{48.80 97.00 97.00 97.00 97.60 1}{97.60 102.00 111.50 122.00 146.40 4}{146.40 0.00 0.00 0.00 195.20 0}{195.20 0.00 0.00 0.00 244.00 0}
1c 9999 

RANKS: 1 -1 0 4 1
EVENT42: 1113 48217a_4824fa_482633_482727
COMP 4b-0: 46a5af_46a90f_46aa52_46ab44 (1 620.00 0 620.00 0 620.00){0.00 0.00 0.00 0.00 248.00 0}{248.00 0.00 0.00 0.00 496.00 0}{496.00 620.00 620.00 620.00 744.00 1}{744.00 0.00 0.00 0.00 992.00 0}{992.00 0.00 0.00 0.00 1240.00 0}
COMP 4b-1: 48217a_4824fa_482633_482727 (1 5008.00 1 5008.00 1 5008.00){0.00 0.00 0.00 0.00 2003.20 0}{2003.20 0.00 0.00 0.00 4006.40 0}{4006.40 5008.00 5008.00 5008.00 6009.60 1}{6009.60 0.00 0.00 0.00 8012.80 0}{8012.80 0.00 0.00 0.00 10016.00 0}
COMP 4b-2: 48b0d5_48b359_48b42d_48b4e6 (5 1744.50 2 85.00 0 5047.00){0.00 85.00 93.25 103.00 2018.80 4}{2018.80 0.00 0.00 0.00 4037.60 0}{4037.60 5047.00 5047.00 5047.00 6056.40 1}{6056.40 0.00 0.00 0.00 8075.20 0}{8075.20 0.00 0.00 0.00 10094.00 0}
COMP 4c-0: 46a5af_46a90f_46aa52_46ab44 (1 2937.00 0 2937.00 0 2937.00){0.00 0.00 0.00 0.00 1174.80 0}{1174.80 0.00 0.00 0.00 2349.60 0}{2349.60 2937.00 2937.00 2937.00 3524.40 1}{3524.40 0.00 0.00 0.00 4699.20 0}{4699.20 0.00 0.00 0.00 5874.00 0}
COMP 4c-1: 48217a_4824fa_482633_482727 (1 21452.00 1 21452.00 1 21452.00){0.00 0.00 0.00 0.00 8580.80 0}{8580.80 0.00 0.00 0.00 17161.60 0}{17161.60 21452.00 21452.00 21452.00 25742.40 1}{25742.40 0.00 0.00 0.00 34323.20 0}{34323.20 0.00 0.00 0.00 42904.00 0}
COMP 4c-2: 48b0d5_48b359_48b42d_48b4e6 (5 7276.83 1 166.00 0 21497.00){0.00 166.00 166.75 169.00 8598.80 4}{8598.80 0.00 0.00 0.00 17197.60 0}{17197.60 21497.00 21497.00 21497.00 25796.40 1}{25796.40 0.00 0.00 0.00 34395.20 0}{34395.20 0.00 0.00 0.00 42994.00 0}
COMM 4b-0: 46a5af_46a90f_46aa52_46ab44 (1 109.00 0 109.00 0 109.00){0.00 0.00 0.00 0.00 43.60 0}{43.60 0.00 0.00 0.00 87.20 0}{87.20 109.00 109.00 109.00 130.80 1}{130.80 0.00 0.00 0.00 174.40 0}{174.40 0.00 0.00 0.00 218.00 0}
COMM 4b-1: 48217a_4824fa_482633_482727 (1 128.00 1 128.00 1 128.00){0.00 0.00 0.00 0.00 51.20 0}{51.20 0.00 0.00 0.00 102.40 0}{102.40 128.00 128.00 128.00 153.60 1}{153.60 0.00 0.00 0.00 204.80 0}{204.80 0.00 0.00 0.00 256.00 0}
COMM 4b-2: 48b0d5_48b359_48b42d_48b4e6 (5 119.83 1 102.00 0 139.00){0.00 0.00 0.00 0.00 55.60 0}{55.60 102.00 103.67 107.00 111.20 3}{111.20 130.00 134.50 139.00 166.80 2}{166.80 0.00 0.00 0.00 222.40 0}{222.40 0.00 0.00 0.00 278.00 0}
LOOP0: iter: ( 2 )[ 1 -1 0 2 1 ] mem: ( 3 )[ 1 -1 0 1 0 ]( 1 )[ 1 -1 1 1 0 ]
10 2 
12 20480 
14 16 
1a ( 1 2 )[ 1 -1 0 1 0 ]
1a ( 3 2 )[ 1 -1 1 2 2 ]
1a ( 2 )[ 1 -1 2 1 0 ]
1b 0 

RANKS: 1 -1 0 2 1
EVENT43: 1090 47a046_47a41b_47a586_47a6a7
COMP 4b-0: 48217a_4824fa_482633_482727 (3 10.25 0 10.00 1 11.00){0.00 0.00 0.00 0.00 4.00 0}{4.00 0.00 0.00 0.00 8.00 0}{8.00 10.00 10.33 11.00 12.00 3}{12.00 0.00 0.00 0.00 16.00 0}{16.00 0.00 0.00 0.00 20.00 0}
COMP 4c-0: 48217a_4824fa_482633_482727 (3 25.75 0 25.00 1 27.00){0.00 0.00 0.00 0.00 10.00 0}{10.00 0.00 0.00 0.00 20.00 0}{20.00 25.00 26.00 27.00 30.00 3}{30.00 0.00 0.00 0.00 40.00 0}{40.00 0.00 0.00 0.00 50.00 0}
COMM 4b-0: 48217a_4824fa_482633_482727 (3 2.00 0 2.00 0 2.00){0.00 0.00 0.00 0.00 0.80 0}{0.80 0.00 0.00 0.00 1.60 0}{1.60 2.00 2.00 2.00 2.40 3}{2.40 0.00 0.00 0.00 3.20 0}{3.20 0.00 0.00 0.00 4.00 0}
10 2 
12 20480 
14 16 
1b 0 
2b 2147483647 

RANKS: 1 -1 0 2 1
EVENT44: 1148 48b0d5_48b359_48b42d_48b4e6
COMP 4b-0: 47a046_47a41b_47a586_47a6a7 (3 9.75 0 9.00 0 10.00){0.00 0.00 0.00 0.00 4.00 0}{4.00 0.00 0.00 0.00 8.00 0}{8.00 9.00 9.67 10.00 12.00 3}{12.00 0.00 0.00 0.00 16.00 0}{16.00 0.00 0.00 0.00 20.00 0}
COMP 4c-0: 47a046_47a41b_47a586_47a6a7 (3 26.00 0 26.00 0 26.00){0.00 0.00 0.00 0.00 10.40 0}{10.40 0.00 0.00 0.00 20.80 0}{20.80 26.00 26.00 26.00 31.20 3}{31.20 0.00 0.00 0.00 41.60 0}{41.60 0.00 0.00 0.00 52.00 0}
COMM 4b-0: 47a046_47a41b_47a586_47a6a7 (3 127.50 1 96.00 0 138.00){0.00 0.00 0.00 0.00 55.20 0}{55.20 96.00 96.00 96.00 110.40 1}{110.40 138.00 138.00 138.00 165.60 2}{165.60 0.00 0.00 0.00 220.80 0}{220.80 0.00 0.00 0.00 276.00 0}
1c 9999 

RANKS: 1 -1 0 4 1
EVENT45: 1004 46a5af_46a90f_46aa52_46ab44
COMP 4b-0: 46a5af_46a90f_46aa52_46ab44 (8 2124.44 3 10.00 1 4770.00){0.00 0.00 0.00 0.00 4.40 0}{4.40 0.00 0.00 0.00 8.80 0}{8.80 10.00 10.75 12.00 17.60 4}{17.60 0.00 0.00 0.00 22.00 0}{22.00 4760.00 4766.50 4770.00 9498.00 4}
COMP 4b-1: 48217a_4824fa_482633_482727 (2 10299.33 3 10297.00 2 10304.00){0.00 0.00 0.00 0.00 4118.80 0}{4118.80 0.00 0.00 0.00 8237.60 0}{8237.60 10297.00 10300.50 10304.00 12356.40 2}{12356.40 0.00 0.00 0.00 16475.20 0}{16475.20 0.00 0.00 0.00 20594.00 0}
COMP 4b-2: 48b0d5_48b359_48b42d_48b4e6 (2 10348.33 1 10343.00 0 10351.00){0.00 0.00 0.00 0.00 4140.40 0}{4140.40 0.00 0.00 0.00 8280.80 0}{8280.80 10343.00 10347.00 10351.00 12421.20 2}{12421.20 0.00 0.00 0.00 16561.60 0}{16561.60 0.00 0.00 0.00 20702.00 0}
COMP 4c-0: 46a5af_46a90f_46aa52_46ab44 (8 10073.78 0 25.00 0 22634.00){0.00 0.00 0.00 0.00 10.00 0}{10.00 0.00 0.00 0.00 20.00 0}{20.00 25.00 25.75 26.00 40.00 4}{40.00 0.00 0.00 0.00 50.00 0}{50.00 22634.00 22634.00 22634.00 45218.00 4}
COMP 4c-1: 48217a_4824fa_482633_482727 (2 44562.33 2 44559.00 3 44564.00){0.00 0.00 0.00 0.00 17825.60 0}{17825.60 0.00 0.00 0.00 35651.20 0}{35651.20 44559.00 44561.50 44564.00 53476.80 2}{53476.80 0.00 0.00 0.00 71302.40 0}{71302.40 0.00 0.00 0.00 89128.00 0}
COMP 4c-2: 48b0d5_48b359_48b42d_48b4e6 (2 44613.33 1 44610.00 0 44615.00){0.00 0.00 0.00 0.00 17846.00 0}{17846.00 0.00 0.00 0.00 35692.00 0}{35692.00 44610.00 44612.50 44615.00 53538.00 2}{53538.00 0.00 0.00 0.00 71384.00 0}{71384.00 0.00 0.00 0.00 89230.00 0}
COMM 4b-0: 46a5af_46a90f_46aa52_46ab44 (8 17.89 2 5.00 3 27.00){0.00 5.00 6.00 7.00 8.40 2}{8.40 12.00 12.00 12.00 16.80 1}{16.80 19.00 21.00 23.00 25.20 3}{25.20 26.00 26.50 27.00 33.60 2}{33.60 0.00 0.00 0.00 42.00 0}
COMM 4b-1: 48217a_4824fa_482633_482727 (2 81.33 3 79.00 2 86.00){0.00 0.00 0.00 0.00 31.60 0}{31.60 0.00 0.00 0.00 63.20 0}{63.20 79.00 82.50 86.00 94.80 2}{94.80 0.00 0.00 0.00 126.40 0}{126.40 0.00 0.00 0.00 158.00 0}
COMM 4b-2: 48b0d5_48b359_48b42d_48b4e6 (2 46.67 0 22.00 1 96.00){0.00 0.00 0.00 0.00 8.80 0}{8.80 0.00 0.00 0.00 17.60 0}{17.60 22.00 22.00 22.00 35.20 1}{35.20 0.00 0.00 0.00 44.00 0}{44.00 96.00 96.00 96.00 148.00 1}
LOOP0: iter: ( 3 )[ 1 -1 0 4 1 ] mem: ( 1 )[ 1 -1 0 4 1 ]
10 2 
12 5 1 5 
14 16 
18 3 1 3 

RANKS: 1 -1 0 2 1
EVENT46: 1090 47a046_47a41b_47a586_47a6a7_45ecb0
COMP 4b-0: 46a5af_46a90f_46aa52_46ab44 (2 43.00 1 41.00 0 44.00){0.00 0.00 0.00 0.00 17.60 0}{17.60 0.00 0.00 0.00 35.20 0}{35.20 41.00 42.50 44.00 52.80 2}{52.80 0.00 0.00 0.00 70.40 0}{70.40 0.00 0.00 0.00 88.00 0}
COMP 4c-0: 46a5af_46a90f_46aa52_46ab44 (2 76.00 0 76.00 0 76.00){0.00 0.00 0.00 0.00 30.40 0}{30.40 0.00 0.00 0.00 60.80 0}{60.80 76.00 76.00 76.00 91.20 2}{91.20 0.00 0.00 0.00 121.60 0}{121.60 0.00 0.00 0.00 152.00 0}
COMM 4b-0: 46a5af_46a90f_46aa52_46ab44 (2 1.00 0 1.00 0 1.00){0.00 0.00 0.00 0.00 0.40 0}{0.40 0.00 0.00 0.00 0.80 0}{0.80 1.00 1.00 1.00 1.20 2}{1.20 0.00 0.00 0.00 1.60 0}{1.60 0.00 0.00 0.00 2.00 0}
10 2 
12 64 
14 16 
1b 0 
2b 2147483647 

RANKS: 1 -1 0 2 1
EVENT47: 1148 48b0d5_48b359_48b42d_48b4e6_45ecc9
COMP 4b-0: 47a046_47a41b_47a586_47a6a7_45ecb0 (2 9.67 1 9.00 0 10.00){0.00 0.00 0.00 0.00 4.00 0}{4.00 0.00 0.00 0.00 8.00 0}{8.00 9.00 9.50 10.00 12.00 2}{12.00 0.00 0.00 0.00 16.00 0}{16.00 0.00 0.00 0.00 20.00 0}
COMP 4c-0: 47a046_47a41b_47a586_47a6a7_45ecb0 (2 27.00 0 27.00 0 27.00){0.00 0.00 0.00 0.00 10.80 0}{10.80 0.00 0.00 0.00 21.60 0}{21.60 27.00 27.00 27.00 32.40 2}{32.40 0.00 0.00 0.00 43.20 0}{43.20 0.00 0.00 0.00 54.00 0}
COMM 4b-0: 47a046_47a41b_47a586_47a6a7_45ecb0 (2 3.00 0 3.00 0 3.00){0.00 0.00 0.00 0.00 1.20 0}{1.20 0.00 0.00 0.00 2.40 0}{2.40 3.00 3.00 3.00 3.60 2}{3.60 0.00 0.00 0.00 4.80 0}{4.80 0.00 0.00 0.00 6.00 0}
1c 9999 

RANKS: 1 -1 2 1 0
EVENT48: 1113 48217a_4824fa_482633_482727_45ed9e
COMP 4b-0: 46a5af_46a90f_46aa52_46ab44 (1 40.00 2 40.00 2 40.00){0.00 0.00 0.00 0.00 16.00 0}{16.00 0.00 0.00 0.00 32.00 0}{32.00 40.00 40.00 40.00 48.00 1}{48.00 0.00 0.00 0.00 64.00 0}{64.00 0.00 0.00 0.00 80.00 0}
COMP 4c-0: 46a5af_46a90f_46aa52_46ab44 (1 75.00 2 75.00 2 75.00){0.00 0.00 0.00 0.00 30.00 0}{30.00 0.00 0.00 0.00 60.00 0}{60.00 75.00 75.00 75.00 90.00 1}{90.00 0.00 0.00 0.00 120.00 0}{120.00 0.00 0.00 0.00 150.00 0}
COMM 4b-0: 46a5af_46a90f_46aa52_46ab44 (1 4.00 2 4.00 2 4.00){0.00 0.00 0.00 0.00 1.60 0}{1.60 0.00 0.00 0.00 3.20 0}{3.20 4.00 4.00 4.00 4.80 1}{4.80 0.00 0.00 0.00 6.40 0}{6.40 0.00 0.00 0.00 8.00 0}
10 2 
12 64 
14 16 
1a 2 
1b 0 

RANKS: 1 -1 0 2 2
EVENT49: 1090 47a046_47a41b_47a586_47a6a7_45edfa
COMP 4b-0: 48217a_4824fa_482633_482727_45ed9e (1 11.00 2 11.00 2 11.00){0.00 0.00 0.00 0.00 4.40 0}{4.40 0.00 0.00 0.00 8.80 0}{8.80 11.00 11.00 11.00 13.20 1}{13.20 0.00 0.00 0.00 17.60 0}{17.60 0.00 0.00 0.00 22.00 0}
COMP 4b-1: 48b0d5_48b359_48b42d_48b4e6_45ecc9 (1 9.00 0 9.00 0 9.00){0.00 0.00 0.00 0.00 3.60 0}{3.60 0.00 0.00 0.00 7.20 0}{7.20 9.00 9.00 9.00 10.80 1}{10.80 0.00 0.00 0.00 14.40 0}{14.40 0.00 0.00 0.00 18.00 0}
COMP 4c-0: 48217a_4824fa_482633_482727_45ed9e (1 28.00 2 28.00 2 28.00){0.00 0.00 0.00 0.00 11.20 0}{11.20 0.00 0.00 0.00 22.40 0}{22.40 28.00 28.00 28.00 33.60 1}{33.60 0.00 0.00 0.00 44.80 0}{44.80 0.00 0.00 0.00 56.00 0}
COMP 4c-1: 48b0d5_48b359_48b42d_48b4e6_45ecc9 (1 28.00 0 28.00 0 28.00){0.00 0.00 0.00 0.00 11.20 0}{11.20 0.00 0.00 0.00 22.40 0}{22.40 28.00 28.00 28.00 33.60 1}{33.60 0.00 0.00 0.00 44.80 0}{44.80 0.00 0.00 0.00 56.00 0}
COMM 4b-0: 48217a_4824fa_482633_482727_45ed9e (1 2.00 2 2.00 2 2.00){0.00 0.00 0.00 0.00 0.80 0}{0.80 0.00 0.00 0.00 1.60 0}{1.60 2.00 2.00 2.00 2.40 1}{2.40 0.00 0.00 0.00 3.20 0}{3.20 0.00 0.00 0.00 4.00 0}
COMM 4b-1: 48b0d5_48b359_48b42d_48b4e6_45ecc9 (1 1.00 0 1.00 0 1.00){0.00 0.00 0.00 0.00 0.40 0}{0.40 0.00 0.00 0.00 0.80 0}{0.80 1.00 1.00 1.00 1.20 1}{1.20 0.00 0.00 0.00 1.60 0}{1.60 0.00 0.00 0.00 2.00 0}
10 2 
12 68 
14 16 
1b 0 
2b 2147483647 

RANKS: 1 -1 0 2 2
EVENT50: 1148 48b0d5_48b359_48b42d_48b4e6_45ee0f
COMP 4b-0: 47a046_47a41b_47a586_47a6a7_45edfa (2 8.67 0 8.00 2 10.00){0.00 0.00 0.00 0.00 3.20 0}{3.20 0.00 0.00 0.00 6.40 0}{6.40 8.00 8.00 8.00 9.60 1}{9.60 10.00 10.00 10.00 12.80 1}{12.80 0.00 0.00 0.00 16.00 0}
COMP 4c-0: 47a046_47a41b_47a586_47a6a7_45edfa (2 27.33 0 27.00 2 28.00){0.00 0.00 0.00 0.00 10.80 0}{10.80 0.00 0.00 0.00 21.60 0}{21.60 27.00 27.50 28.00 32.40 2}{32.40 0.00 0.00 0.00 43.20 0}{43.20 0.00 0.00 0.00 54.00 0}
COMM 4b-0: 47a046_47a41b_47a586_47a6a7_45edfa (2 1.67 0 1.00 2 3.00){0.00 0.00 0.00 0.00 0.40 0}{0.40 0.00 0.00 0.00 0.80 0}{0.80 1.00 1.00 1.00 1.60 1}{1.60 0.00 0.00 0.00 2.00 0}{2.00 3.00 3.00 3.00 4.00 1}
1c 9999 

RANKS: 1 -1 3 1 0
EVENT51: 1113 48217a_4824fa_482633_482727_45ed9e
COMP 4b-0: 46a5af_46a90f_46aa52_46ab44 (1 44.00 3 44.00 3 44.00){0.00 0.00 0.00 0.00 17.60 0}{17.60 0.00 0.00 0.00 35.20 0}{35.20 44.00 44.00 44.00 52.80 1}{52.80 0.00 0.00 0.00 70.40 0}{70.40 0.00 0.00 0.00 88.00 0}
COMP 4c-0: 46a5af_46a90f_46aa52_46ab44 (1 75.00 3 75.00 3 75.00){0.00 0.00 0.00 0.00 30.00 0}{30.00 0.00 0.00 0.00 60.00 0}{60.00 75.00 75.00 75.00 90.00 1}{90.00 0.00 0.00 0.00 120.00 0}{120.00 0.00 0.00 0.00 150.00 0}
COMM 4b-0: 46a5af_46a90f_46aa52_46ab44 (1 4.00 3 4.00 3 4.00){0.00 0.00 0.00 0.00 1.60 0}{1.60 0.00 0.00 0.00 3.20 0}{3.20 4.00 4.00 4.00 4.80 1}{4.80 0.00 0.00 0.00 6.40 0}{6.40 0.00 0.00 0.00 8.00 0}
10 2 
12 64 
14 16 
1a 2 
1b 0 

RANKS: 1 -1 1 2 2
EVENT52: 1113 48217a_4824fa_482633_482727_45ef0f
COMP 4b-0: 48217a_4824fa_482633_482727_45ed9e (1 8.00 3 8.00 3 8.00){0.00 0.00 0.00 0.00 3.20 0}{3.20 0.00 0.00 0.00 6.40 0}{6.40 8.00 8.00 8.00 9.60 1}{9.60 0.00 0.00 0.00 12.80 0}{12.80 0.00 0.00 0.00 16.00 0}
COMP 4b-1: 48b0d5_48b359_48b42d_48b4e6_45ecc9 (1 10.00 1 10.00 1 10.00){0.00 0.00 0.00 0.00 4.00 0}{4.00 0.00 0.00 0.00 8.00 0}{8.00 10.00 10.00 10.00 12.00 1}{12.00 0.00 0.00 0.00 16.00 0}{16.00 0.00 0.00 0.00 20.00 0}
COMP 4c-0: 48217a_4824fa_482633_482727_45ed9e (1 28.00 3 28.00 3 28.00){0.00 0.00 0.00 0.00 11.20 0}{11.20 0.00 0.00 0.00 22.40 0}{22.40 28.00 28.00 28.00 33.60 1}{33.60 0.00 0.00 0.00 44.80 0}{44.80 0.00 0.00 0.00 56.00 0}
COMP 4c-1: 48b0d5_48b359_48b42d_48b4e6_45ecc9 (1 28.00 1 28.00 1 28.00){0.00 0.00 0.00 0.00 11.20 0}{11.20 0.00 0.00 0.00 22.40 0}{22.40 28.00 28.00 28.00 33.60 1}{33.60 0.00 0.00 0.00 44.80 0}{44.80 0.00 0.00 0.00 56.00 0}
COMM 4b-0: 48217a_4824fa_482633_482727_45ed9e (1 2.00 3 2.00 3 2.00){0.00 0.00 0.00 0.00 0.80 0}{0.80 0.00 0.00 0.00 1.60 0}{1.60 2.00 2.00 2.00 2.40 1}{2.40 0.00 0.00 0.00 3.20 0}{3.20 0.00 0.00 0.00 4.00 0}
COMM 4b-1: 48b0d5_48b359_48b42d_48b4e6_45ecc9 (1 4.00 1 4.00 1 4.00){0.00 0.00 0.00 0.00 1.60 0}{1.60 0.00 0.00 0.00 3.20 0}{3.20 4.00 4.00 4.00 4.80 1}{4.80 0.00 0.00 0.00 6.40 0}{6.40 0.00 0.00 0.00 8.00 0}
10 2 
12 68 
14 16 
1a 3 
1b 0 

RANKS: 1 -1 0 4 1
EVENT53: 1004 46a5af_46a90f_46aa52_46ab44_466841
COMP 4b-0: 48217a_4824fa_482633_482727_45ef0f (2 13.00 1 13.00 1 13.00){0.00 0.00 0.00 0.00 5.20 0}{5.20 0.00 0.00 0.00 10.40 0}{10.40 13.00 13.00 13.00 15.60 2}{15.60 0.00 0.00 0.00 20.80 0}{20.80 0.00 0.00 0.00 26.00 0}
COMP 4b-1: 48b0d5_48b359_48b42d_48b4e6_45ee0f (2 14.33 0 14.00 2 15.00){0.00 0.00 0.00 0.00 5.60 0}{5.60 0.00 0.00 0.00 11.20 0}{11.20 14.00 14.50 15.00 16.80 2}{16.80 0.00 0.00 0.00 22.40 0}{22.40 0.00 0.00 0.00 28.00 0}
COMP 4c-0: 48217a_4824fa_482633_482727_45ef0f (2 44.33 3 43.00 1 45.00){0.00 0.00 0.00 0.00 18.00 0}{18.00 0.00 0.00 0.00 36.00 0}{36.00 43.00 44.00 45.00 54.00 2}{54.00 0.00 0.00 0.00 72.00 0}{72.00 0.00 0.00 0.00 90.00 0}
COMP 4c-1: 48b0d5_48b359_48b42d_48b4e6_45ee0f (2 45.67 2 45.00 0 46.00){0.00 0.00 0.00 0.00 18.40 0}{18.40 0.00 0.00 0.00 36.80 0}{36.80 45.00 45.50 46.00 55.20 2}{55.20 0.00 0.00 0.00 73.60 0}{73.60 0.00 0.00 0.00 92.00 0}
COMM 4b-0: 48217a_4824fa_482633_482727_45ef0f (2 46.00 1 36.00 3 66.00){0.00 0.00 0.00 0.00 14.40 0}{14.40 0.00 0.00 0.00 28.80 0}{28.80 36.00 36.00 36.00 43.20 1}{43.20 0.00 0.00 0.00 57.60 0}{57.60 66.00 66.00 66.00 72.00 1}
COMM 4b-1: 48b0d5_48b359_48b42d_48b4e6_45ee0f (2 13.33 0 5.00 2 30.00){0.00 0.00 0.00 0.00 2.00 0}{2.00 0.00 0.00 0.00 4.00 0}{4.00 5.00 5.00 5.00 8.00 1}{8.00 0.00 0.00 0.00 10.00 0}{10.00 30.00 30.00 30.00 50.00 1}
10 2 
12 1 
14 16 
18 3 

RANKS: 1 -1 0 2 2
EVENT54: 1090 47a046_47a41b_47a586_47a6a7
COMP 4b-0: 46a5af_46a90f_46aa52_46ab44_466841 (2 32.00 0 31.00 2 34.00){0.00 0.00 0.00 0.00 12.40 0}{12.40 0.00 0.00 0.00 24.80 0}{24.80 31.00 32.50 34.00 37.20 2}{37.20 0.00 0.00 0.00 49.60 0}{49.60 0.00 0.00 0.00 62.00 0}
COMP 4c-0: 46a5af_46a90f_46aa52_46ab44_466841 (2 78.00 0 78.00 0 78.00){0.00 0.00 0.00 0.00 31.20 0}{31.20 0.00 0.00 0.00 62.40 0}{62.40 78.00 78.00 78.00 93.60 2}{93.60 0.00 0.00 0.00 124.80 0}{124.80 0.00 0.00 0.00 156.00 0}
COMM 4b-0: 46a5af_46a90f_46aa52_46ab44_466841 (2 1.00 0 1.00 0 1.00){0.00 0.00 0.00 0.00 0.40 0}{0.40 0.00 0.00 0.00 0.80 0}{0.80 1.00 1.00 1.00 1.20 2}{1.20 0.00 0.00 0.00 1.60 0}{1.60 0.00 0.00 0.00 2.00 0}
10 2 
12 64 
14 16 
1b 0 
2b 2147483647 

RANKS: 1 -1 0 2 2
EVENT55: 1148 48b0d5_48b359_48b42d_48b4e6
COMP 4b-0: 47a046_47a41b_47a586_47a6a7 (2 8.67 0 8.00 2 10.00){0.00 0.00 0.00 0.00 3.20 0}{3.20 0.00 0.00 0.00 6.40 0}{6.40 8.00 8.00 8.00 9.60 1}{9.60 10.00 10.00 10.00 12.80 1}{12.80 0.00 0.00 0.00 16.00 0}
COMP 4c-0: 47a046_47a41b_47a586_47a6a7 (2 26.00 0 26.00 0 26.00){0.00 0.00 0.00 0.00 10.40 0}{10.40 0.00 0.00 0.00 20.80 0}{20.80 26.00 26.00 26.00 31.20 2}{31.20 0.00 0.00 0.00 41.60 0}{41.60 0.00 0.00 0.00 52.00 0}
COMM 4b-0: 47a046_47a41b_47a586_47a6a7 (2 2.00 0 2.00 0 2.00){0.00 0.00 0.00 0.00 0.80 0}{0.80 0.00 0.00 0.00 1.60 0}{1.60 2.00 2.00 2.00 2.40 2}{2.40 0.00 0.00 0.00 3.20 0}{3.20 0.00 0.00 0.00 4.00 0}
1c 9999 

RANKS: 1 -1 1 2 2
EVENT56: 1113 48217a_4824fa_482633_482727
COMP 4b-0: 46a5af_46a90f_46aa52_46ab44_466841 (2 31.00 1 31.00 1 31.00){0.00 0.00 0.00 0.00 12.40 0}{12.40 0.00 0.00 0.00 24.80 0}{24.80 31.00 31.00 31.00 37.20 2}{37.20 0.00 0.00 0.00 49.60 0}{49.60 0.00 0.00 0.00 62.00 0}
COMP 4c-0: 46a5af_46a90f_46aa52_46ab44_466841 (2 78.00 1 78.00 1 78.00){0.00 0.00 0.00 0.00 31.20 0}{31.20 0.00 0.00 0.00 62.40 0}{62.40 78.00 78.00 78.00 93.60 2}{93.60 0.00 0.00 0.00 124.80 0}{124.80 0.00 0.00 0.00 156.00 0}
COMM 4b-0: 46a5af_46a90f_46aa52_46ab44_466841 (2 2.00 1 2.00 1 2.00){0.00 0.00 0.00 0.00 0.80 0}{0.80 0.00 0.00 0.00 1.60 0}{1.60 2.00 2.00 2.00 2.40 2}{2.40 0.00 0.00 0.00 3.20 0}{3.20 0.00 0.00 0.00 4.00 0}
10 2 
12 64 
14 16 
1a 3 
1b 0 

RANKS: 1 -1 0 4 1
EVENT57: 1004 46a5af_46a90f_46aa52_46ab44_466c14
COMP 4b-0: 48217a_4824fa_482633_482727 (2 18.00 1 18.00 1 18.00){0.00 0.00 0.00 0.00 7.20 0}{7.20 0.00 0.00 0.00 14.40 0}{14.40 18.00 18.00 18.00 21.60 2}{21.60 0.00 0.00 0.00 28.80 0}{28.80 0.00 0.00 0.00 36.00 0}
COMP 4b-1: 48b0d5_48b359_48b42d_48b4e6 (2 19.00 2 17.00 0 20.00){0.00 0.00 0.00 0.00 8.00 0}{8.00 0.00 0.00 0.00 16.00 0}{16.00 17.00 18.50 20.00 24.00 2}{24.00 0.00 0.00 0.00 32.00 0}{32.00 0.00 0.00 0.00 40.00 0}
COMP 4c-0: 48217a_4824fa_482633_482727 (2 61.00 1 61.00 1 61.00){0.00 0.00 0.00 0.00 24.40 0}{24.40 0.00 0.00 0.00 48.80 0}{48.80 61.00 61.00 61.00 73.20 2}{73.20 0.00 0.00 0.00 97.60 0}{97.60 0.00 0.00 0.00 122.00 0}
COMP 4c-1: 48b0d5_48b359_48b42d_48b4e6 (2 62.33 0 62.00 2 63.00){0.00 0.00 0.00 0.00 24.80 0}{24.80 0.00 0.00 0.00 49.60 0}{49.60 62.00 62.50 63.00 74.40 2}{74.40 0.00 0.00 0.00 99.20 0}{99.20 0.00 0.00 0.00 124.00 0}
COMM 4b-0: 48217a_4824fa_482633_482727 (2 34.67 1 34.00 3 36.00){0.00 0.00 0.00 0.00 13.60 0}{13.60 0.00 0.00 0.00 27.20 0}{27.20 34.00 35.00 36.00 40.80 2}{40.80 0.00 0.00 0.00 54.40 0}{54.40 0.00 0.00 0.00 68.00 0}
COMM 4b-1: 48b0d5_48b359_48b42d_48b4e6 (2 10.33 2 5.00 0 13.00){0.00 5.00 5.00 5.00 5.20 1}{5.20 0.00 0.00 0.00 10.40 0}{10.40 13.00 13.00 13.00 15.60 1}{15.60 0.00 0.00 0.00 20.80 0}{20.80 0.00 0.00 0.00 26.00 0}
10 2 
12 1 
14 16 
18 3 

RANKS: 1 -1 0 2 1
EVENT58: 1090 47a046_47a41b_47a586_47a6a7_45f0e8
COMP 4b-0: 46a5af_46a90f_46aa52_46ab44_466c14 (2 35.33 0 35.00 1 36.00){0.00 0.00 0.00 0.00 14.00 0}{14.00 0.00 0.00 0.00 28.00 0}{28.00 35.00 35.50 36.00 42.00 2}{42.00 0.00 0.00 0.00 56.00 0}{56.00 0.00 0.00 0.00 70.00 0}
COMP 4c-0: 46a5af_46a90f_46aa52_46ab44_466c14 (2 81.00 0 81.00 0 81.00){0.00 0.00 0.00 0.00 32.40 0}{32.40 0.00 0.00 0.00 64.80 0}{64.80 81.00 81.00 81.00 97.20 2}{97.20 0.00 0.00 0.00 129.60 0}{129.60 0.00 0.00 0.00 162.00 0}
COMM 4b-0: 46a5af_46a90f_46aa52_46ab44_466c14 (2 1.00 0 1.00 0 1.00){0.00 0.00 0.00 0.00 0.40 0}{0.40 0.00 0.00 0.00 0.80 0}{0.80 1.00 1.00 1.00 1.20 2}{1.20 0.00 0.00 0.00 1.60 0}{1.60 0.00 0.00 0.00 2.00 0}
10 2 
12 64 
14 16 
1b 0 
2b 2147483647 

RANKS: 1 -1 0 2 1
EVENT59: 1148 48b0d5_48b359_48b42d_48b4e6_45f0fd
COMP 4b-0: 47a046_47a41b_47a586_47a6a7_45f0e8 (2 9.67 1 9.00 0 10.00){0.00 0.00 0.00 0.00 4.00 0}{4.00 0.00 0.00 0.00 8.00 0}{8.00 9.00 9.50 10.00 12.00 2}{12.00 0.00 0.00 0.00 16.00 0}{16.00 0.00 0.00 0.00 20.00 0}
COMP 4c-0: 47a046_47a41b_47a586_47a6a7_45f0e8 (2 27.00 0 27.00 0 27.00){0.00 0.00 0.00 0.00 10.80 0}{10.80 0.00 0.00 0.00 21.60 0}{21.60 27.00 27.00 27.00 32.40 2}{32.40 0.00 0.00 0.00 43.20 0}{43.20 0.00 0.00 0.00 54.00 0}
COMM 4b-0: 47a046_47a41b_47a586_47a6a7_45f0e8 (2 3.00 0 3.00 0 3.00){0.00 0.00 0.00 0.00 1.20 0}{1.20 0.00 0.00 0.00 2.40 0}{2.40 3.00 3.00 3.00 3.60 2}{3.60 0.00 0.00 0.00 4.80 0}{4.80 0.00 0.00 0.00 6.00 0}
1c 9999 

RANKS: 1 -1 2 2 1
EVENT60: 1113 48217a_4824fa_482633_482727_45f1aa
COMP 4b-0: 46a5af_46a90f_46aa52_46ab44_466c14 (2 35.33 3 35.00 2 36.00){0.00 0.00 0.00 0.00 14.00 0}{14.00 0.00 0.00 0.00 28.00 0}{28.00 35.00 35.50 36.00 42.00 2}{42.00 0.00 0.00 0.00 56.00 0}{56.00 0.00 0.00 0.00 70.00 0}
COMP 4c-0: 46a5af_46a90f_46aa52_46ab44_466c14 (2 80.00 3 80.00 3 80.00){0.00 0.00 0.00 0.00 32.00 0}{32.00 0.00 0.00 0.00 64.00 0}{64.00 80.00 80.00 80.00 96.00 2}{96.00 0.00 0.00 0.00 128.00 0}{128.00 0.00 0.00 0.00 160.00 0}
COMM 4b-0: 46a5af_46a90f_46aa52_46ab44_466c14 (2 2.67 2 2.00 3 3.00){0.00 0.00 0.00 0.00 1.20 0}{1.20 2.00 2.00 2.00 2.40 1}{2.40 3.00 3.00 3.00 3.60 1}{3.60 0.00 0.00 0.00 4.80 0}{4.80 0.00 0.00 0.00 6.00 0}
10 2 
12 64 
14 16 
1a 2 
1b 0 

RANKS: 1 -1 0 4 1
EVENT61: 1004 46a5af_46a90f_46aa52_46ab44
COMP 4b-0: 48217a_4824fa_482633_482727_45f1aa (2 16.67 2 16.00 3 17.00){0.00 0.00 0.00 0.00 6.80 0}{6.80 0.00 0.00 0.00 13.60 0}{13.60 16.00 16.50 17.00 20.40 2}{20.40 0.00 0.00 0.00 27.20 0}{27.20 0.00 0.00 0.00 34.00 0}
COMP 4b-1: 48b0d5_48b359_48b42d_48b4e6_45f0fd (2 17.00 0 17.00 0 17.00){0.00 0.00 0.00 0.00 6.80 0}{6.80 0.00 0.00 0.00 13.60 0}{13.60 17.00 17.00 17.00 20.40 2}{20.40 0.00 0.00 0.00 27.20 0}{27.20 0.00 0.00 0.00 34.00 0}
COMP 4c-0: 48217a_4824fa_482633_482727_45f1aa (2 58.00 3 58.00 3 58.00){0.00 0.00 0.00 0.00 23.20 0}{23.20 0.00 0.00 0.00 46.40 0}{46.40 58.00 58.00 58.00 69.60 2}{69.60 0.00 0.00 0.00 92.80 0}{92.80 0.00 0.00 0.00 116.00 0}
COMP 4c-1: 48b0d5_48b359_48b42d_48b4e6_45f0fd (2 61.00 0 61.00 0 61.00){0.00 0.00 0.00 0.00 24.40 0}{24.40 0.00 0.00 0.00 48.80 0}{48.80 61.00 61.00 61.00 73.20 2}{73.20 0.00 0.00 0.00 97.60 0}{97.60 0.00 0.00 0.00 122.00 0}
COMM 4b-0: 48217a_4824fa_482633_482727_45f1aa (2 35.33 2 34.00 3 36.00){0.00 0.00 0.00 0.00 14.40 0}{14.40 0.00 0.00 0.00 28.80 0}{28.80 34.00 35.00 36.00 43.20 2}{43.20 0.00 0.00 0.00 57.60 0}{57.60 0.00 0.00 0.00 72.00 0}
COMM 4b-1: 48b0d5_48b359_48b42d_48b4e6_45f0fd (2 6.00 0 6.00 0 6.00){0.00 0.00 0.00 0.00 2.40 0}{2.40 0.00 0.00 0.00 4.80 0}{4.80 6.00 6.00 6.00 7.20 2}{7.20 0.00 0.00 0.00 9.60 0}{9.60 0.00 0.00 0.00 12.00 0}
10 2 
12 1 
14 16 
18 3 

RANKS: 1 -1 0 4 1
EVENT62: 1045 472f0f_472f83_472fe9_473044
COMP 4b-0: 46a5af_46a90f_46aa52_46ab44 (4 1297.20 0 1236.00 2 1365.00){0.00 0.00 0.00 0.00 494.40 0}{494.40 0.00 0.00 0.00 988.80 0}{988.80 1236.00 1312.50 1365.00 1483.20 4}{1483.20 0.00 0.00 0.00 1977.60 0}{1977.60 0.00 0.00 0.00 2472.00 0}
COMP 4c-0: 46a5af_46a90f_46aa52_46ab44 (4 4086.20 0 573.00 1 6460.00){0.00 0.00 0.00 0.00 229.20 0}{229.20 0.00 0.00 0.00 458.40 0}{458.40 573.00 573.00 573.00 916.80 1}{916.80 0.00 0.00 0.00 1146.00 0}{1146.00 6407.00 6428.33 6460.00 11690.00 3}

