RANKS: 1 -1 0 4 1
EVENT0: 1084 47960c_4796cb_479761_4797bc
33 2 
34 0 

RANKS: 1 -1 0 4 1
EVENT1: 1011 46d7e9_46db18_46dc33_46dd1f
COMP 4b-0: 46d7e9_46db18_46dc33_46dd1f (32 10.27 0 9.00 0 14.00){0.00 0.00 0.00 0.00 5.60 0}{5.60 9.00 9.82 11.00 11.20 28}{11.20 12.00 12.50 14.00 16.80 4}{16.80 0.00 0.00 0.00 22.40 0}{22.40 0.00 0.00 0.00 28.00 0}
COMP 4b-1: 47960c_4796cb_479761_4797bc (4 165.80 1 61.00 0 309.00){0.00 61.00 70.33 75.00 123.60 3}{123.60 0.00 0.00 0.00 247.20 0}{247.20 309.00 309.00 309.00 370.80 1}{370.80 0.00 0.00 0.00 494.40 0}{494.40 0.00 0.00 0.00 618.00 0}
COMP 4c-0: 46d7e9_46db18_46dc33_46dd1f (32 27.48 0 26.00 0 28.00){0.00 0.00 0.00 0.00 10.40 0}{10.40 0.00 0.00 0.00 20.80 0}{20.80 26.00 27.53 28.00 31.20 32}{31.20 0.00 0.00 0.00 41.60 0}{41.60 0.00 0.00 0.00 52.00 0}
COMP 4c-1: 47960c_4796cb_479761_4797bc (4 64.60 1 33.00 0 111.00){0.00 33.00 33.67 34.00 44.40 3}{44.40 0.00 0.00 0.00 88.80 0}{88.80 111.00 111.00 111.00 133.20 1}{133.20 0.00 0.00 0.00 177.60 0}{177.60 0.00 0.00 0.00 222.00 0}
COMM 4b-0: 46d7e9_46db18_46dc33_46dd1f (32 11.12 0 2.00 2 73.00){0.00 0.00 0.00 0.00 1.20 0}{1.20 2.00 2.00 2.00 2.40 17}{2.40 3.00 3.00 3.00 3.60 7}{3.60 4.00 5.00 6.00 6.00 2}{6.00 11.00 49.83 73.00 128.00 6}
COMM 4b-1: 47960c_4796cb_479761_4797bc (4 64.00 3 14.00 2 254.00){0.00 0.00 0.00 0.00 7.20 0}{7.20 14.00 14.00 14.00 14.40 1}{14.40 16.00 17.00 18.00 28.80 2}{28.80 0.00 0.00 0.00 36.00 0}{36.00 254.00 254.00 254.00 472.00 1}
LOOP0: iter: ( 9 )[ 1 -1 0 4 1 ] mem: ( 1 )[ 1 -1 0 4 1 ]
10 2 
12 1 1 1 1 1 5 1 1 1 
14 14 14 14 16 16 16 14 14 14 
19 0 

RANKS: 1 -1 2 1 0
EVENT2: 1113 48253a_4828ba_4829f3_482ae7
COMP 4b-0: 46d7e9_46db18_46dc33_46dd1f (1 141073.00 2 141073.00 2 141073.00){0.00 0.00 0.00 0.00 56429.20 0}{56429.20 0.00 0.00 0.00 112858.40 0}{112858.40 141073.00 141073.00 141073.00 169287.60 1}{169287.60 0.00 0.00 0.00 225716.80 0}{225716.80 0.00 0.00 0.00 282146.00 0}
COMP 4c-0: 46d7e9_46db18_46dc33_46dd1f (1 633463.00 2 633463.00 2 633463.00){0.00 0.00 0.00 0.00 253385.20 0}{253385.20 0.00 0.00 0.00 506770.40 0}{506770.40 633463.00 633463.00 633463.00 760155.60 1}{760155.60 0.00 0.00 0.00 1013540.80 0}{1013540.80 0.00 0.00 0.00 1266926.00 0}
COMM 4b-0: 46d7e9_46db18_46dc33_46dd1f (1 695.00 2 695.00 2 695.00){0.00 0.00 0.00 0.00 278.00 0}{278.00 0.00 0.00 0.00 556.00 0}{556.00 695.00 695.00 695.00 834.00 1}{834.00 0.00 0.00 0.00 1112.00 0}{1112.00 0.00 0.00 0.00 1390.00 0}
10 2 
12 52020 
14 16 
1a 1 
1b 0 

RANKS: 1 -1 1 2 1
EVENT3: 1090 47a406_47a7db_47a946_47aa67
COMP 4b-0: 46d7e9_46db18_46dc33_46dd1f (1 140606.00 1 140606.00 1 140606.00){0.00 0.00 0.00 0.00 56242.40 0}{56242.40 0.00 0.00 0.00 112484.80 0}{112484.80 140606.00 140606.00 140606.00 168727.20 1}{168727.20 0.00 0.00 0.00 224969.60 0}{224969.60 0.00 0.00 0.00 281212.00 0}
COMP 4b-1: 48253a_4828ba_4829f3_482ae7 (1 16.00 2 16.00 2 16.00){0.00 0.00 0.00 0.00 6.40 0}{6.40 0.00 0.00 0.00 12.80 0}{12.80 16.00 16.00 16.00 19.20 1}{19.20 0.00 0.00 0.00 25.60 0}{25.60 0.00 0.00 0.00 32.00 0}
COMP 4b-2: 48b495_48b719_48b7ed_48b8a6 (1 24705.00 2 24705.00 2 24705.00){0.00 0.00 0.00 0.00 9882.00 0}{9882.00 0.00 0.00 0.00 19764.00 0}{19764.00 24705.00 24705.00 24705.00 29646.00 1}{29646.00 0.00 0.00 0.00 39528.00 0}{39528.00 0.00 0.00 0.00 49410.00 0}
COMP 4c-0: 46d7e9_46db18_46dc33_46dd1f (1 633290.00 1 633290.00 1 633290.00){0.00 0.00 0.00 0.00 253316.00 0}{253316.00 0.00 0.00 0.00 506632.00 0}{506632.00 633290.00 633290.00 633290.00 759948.00 1}{759948.00 0.00 0.00 0.00 1013264.00 0}{1013264.00 0.00 0.00 0.00 1266580.00 0}
COMP 4c-1: 48253a_4828ba_4829f3_482ae7 (1 27.00 2 27.00 2 27.00){0.00 0.00 0.00 0.00 10.80 0}{10.80 0.00 0.00 0.00 21.60 0}{21.60 27.00 27.00 27.00 32.40 1}{32.40 0.00 0.00 0.00 43.20 0}{43.20 0.00 0.00 0.00 54.00 0}
COMP 4c-2: 48b495_48b719_48b7ed_48b8a6 (1 93836.00 2 93836.00 2 93836.00){0.00 0.00 0.00 0.00 37534.40 0}{37534.40 0.00 0.00 0.00 75068.80 0}{75068.80 93836.00 93836.00 93836.00 112603.20 1}{112603.20 0.00 0.00 0.00 150137.60 0}{150137.60 0.00 0.00 0.00 187672.00 0}
COMM 4b-0: 46d7e9_46db18_46dc33_46dd1f (1 5.00 1 5.00 1 5.00){0.00 0.00 0.00 0.00 2.00 0}{2.00 0.00 0.00 0.00 4.00 0}{4.00 5.00 5.00 5.00 6.00 1}{6.00 0.00 0.00 0.00 8.00 0}{8.00 0.00 0.00 0.00 10.00 0}
COMM 4b-1: 48253a_4828ba_4829f3_482ae7 (1 4.00 2 4.00 2 4.00){0.00 0.00 0.00 0.00 1.60 0}{1.60 0.00 0.00 0.00 3.20 0}{3.20 4.00 4.00 4.00 4.80 1}{4.80 0.00 0.00 0.00 6.40 0}{6.40 0.00 0.00 0.00 8.00 0}
COMM 4b-2: 48b495_48b719_48b7ed_48b8a6 (1 3.00 2 3.00 2 3.00){0.00 0.00 0.00 0.00 1.20 0}{1.20 0.00 0.00 0.00 2.40 0}{2.40 3.00 3.00 3.00 3.60 1}{3.60 0.00 0.00 0.00 4.80 0}{4.80 0.00 0.00 0.00 6.00 0}
LOOP0: iter: ( 2 )[ 1 -1 2 1 0 ] mem: ( 2 )[ 1 -1 2 1 0 ]
10 2 
12 52020 
14 16 
1b 0 
2b 2147483647 

RANKS: 1 -1 1 2 1
EVENT4: 1148 48b495_48b719_48b7ed_48b8a6
COMP 4b-0: 47a406_47a7db_47a946_47aa67 (3 16.50 2 10.00 1 20.00){0.00 0.00 0.00 0.00 8.00 0}{8.00 10.00 13.00 16.00 16.00 2}{16.00 20.00 20.00 20.00 24.00 1}{24.00 0.00 0.00 0.00 32.00 0}{32.00 0.00 0.00 0.00 40.00 0}
COMP 4c-0: 47a406_47a7db_47a946_47aa67 (3 26.75 2 26.00 1 27.00){0.00 0.00 0.00 0.00 10.80 0}{10.80 0.00 0.00 0.00 21.60 0}{21.60 26.00 26.67 27.00 32.40 3}{32.40 0.00 0.00 0.00 43.20 0}{43.20 0.00 0.00 0.00 54.00 0}
COMM 4b-0: 47a406_47a7db_47a946_47aa67 (3 2832.50 2 703.00 1 3548.00){0.00 703.00 703.00 703.00 1419.20 1}{1419.20 0.00 0.00 0.00 2838.40 0}{2838.40 3531.00 3539.50 3548.00 4257.60 2}{4257.60 0.00 0.00 0.00 5676.80 0}{5676.80 0.00 0.00 0.00 7096.00 0}
1c 9999 

RANKS: 1 -1 1 2 1
EVENT5: 1113 48253a_4828ba_4829f3_482ae7
COMP 4b-0: 48253a_4828ba_4829f3_482ae7 (2 33181.33 1 24686.00 2 50172.00){0.00 0.00 0.00 0.00 9874.40 0}{9874.40 0.00 0.00 0.00 19748.80 0}{19748.80 24686.00 24686.00 24686.00 39497.60 1}{39497.60 0.00 0.00 0.00 49372.00 0}{49372.00 50172.00 50172.00 50172.00 50972.00 1}
COMP 4b-1: 48b495_48b719_48b7ed_48b8a6 (2 335.67 2 321.00 1 343.00){0.00 0.00 0.00 0.00 137.20 0}{137.20 0.00 0.00 0.00 274.40 0}{274.40 321.00 332.00 343.00 411.60 2}{411.60 0.00 0.00 0.00 548.80 0}{548.80 0.00 0.00 0.00 686.00 0}
COMP 4c-0: 48253a_4828ba_4829f3_482ae7 (2 129155.33 1 93910.00 2 199646.00){0.00 0.00 0.00 0.00 37564.00 0}{37564.00 0.00 0.00 0.00 75128.00 0}{75128.00 93910.00 93910.00 93910.00 150256.00 1}{150256.00 0.00 0.00 0.00 187820.00 0}{187820.00 199646.00 199646.00 199646.00 211472.00 1}
COMP 4c-1: 48b495_48b719_48b7ed_48b8a6 (2 383.33 1 383.00 2 384.00){0.00 0.00 0.00 0.00 153.20 0}{153.20 0.00 0.00 0.00 306.40 0}{306.40 383.00 383.50 384.00 459.60 2}{459.60 0.00 0.00 0.00 612.80 0}{612.80 0.00 0.00 0.00 766.00 0}
COMM 4b-0: 48253a_4828ba_4829f3_482ae7 (2 247.00 1 247.00 1 247.00){0.00 0.00 0.00 0.00 98.80 0}{98.80 0.00 0.00 0.00 197.60 0}{197.60 247.00 247.00 247.00 296.40 2}{296.40 0.00 0.00 0.00 395.20 0}{395.20 0.00 0.00 0.00 494.00 0}
COMM 4b-1: 48b495_48b719_48b7ed_48b8a6 (2 377.67 2 235.00 1 449.00){0.00 0.00 0.00 0.00 179.60 0}{179.60 235.00 235.00 235.00 359.20 1}{359.20 449.00 449.00 449.00 538.80 1}{538.80 0.00 0.00 0.00 718.40 0}{718.40 0.00 0.00 0.00 898.00 0}
LOOP0: iter: ( 2 )[ 1 -1 1 2 1 ] mem: ( 1 )[ 1 -1 1 2 1 ]
10 2 
12 52020 
14 16 
1a ( 3 2 )[ 1 -1 1 1 0 ]
1a ( 2 1 )[ 1 -1 2 1 0 ]
1b 0 

RANKS: 1 -1 1 3 1
EVENT6: 1090 47a406_47a7db_47a946_47aa67
COMP 4b-0: 46d7e9_46db18_46dc33_46dd1f (1 140502.00 3 140502.00 3 140502.00){0.00 0.00 0.00 0.00 56200.80 0}{56200.80 0.00 0.00 0.00 112401.60 0}{112401.60 140502.00 140502.00 140502.00 168602.40 1}{168602.40 0.00 0.00 0.00 224803.20 0}{224803.20 0.00 0.00 0.00 281004.00 0}
COMP 4b-1: 48253a_4828ba_4829f3_482ae7 (5 15955.83 1 11.00 3 49910.00){0.00 0.00 0.00 0.00 4.40 0}{4.40 0.00 0.00 0.00 8.80 0}{8.80 11.00 11.00 11.00 22.00 2}{22.00 21251.00 22896.00 24541.00 42480.00 2}{42480.00 49910.00 49910.00 49910.00 57340.00 1}
COMP 4b-2: 48b495_48b719_48b7ed_48b8a6 (2 40636.67 2 21356.00 1 50277.00){0.00 0.00 0.00 0.00 20110.80 0}{20110.80 21356.00 21356.00 21356.00 40221.60 1}{40221.60 50277.00 50277.00 50277.00 60332.40 1}{60332.40 0.00 0.00 0.00 80443.20 0}{80443.20 0.00 0.00 0.00 100554.00 0}
COMP 4c-0: 46d7e9_46db18_46dc33_46dd1f (1 633306.00 3 633306.00 3 633306.00){0.00 0.00 0.00 0.00 253322.40 0}{253322.40 0.00 0.00 0.00 506644.80 0}{506644.80 633306.00 633306.00 633306.00 759967.20 1}{759967.20 0.00 0.00 0.00 1013289.60 0}{1013289.60 0.00 0.00 0.00 1266612.00 0}
COMP 4c-1: 48253a_4828ba_4829f3_482ae7 (5 64461.33 1 27.00 3 199463.00){0.00 0.00 0.00 0.00 10.80 0}{10.80 0.00 0.00 0.00 21.60 0}{21.60 27.00 27.00 27.00 54.00 2}{54.00 93498.00 93612.00 93726.00 186942.00 2}{186942.00 199463.00 199463.00 199463.00 211984.00 1}
COMP 4c-2: 48b495_48b719_48b7ed_48b8a6 (2 164259.33 2 93606.00 1 199586.00){0.00 0.00 0.00 0.00 79834.40 0}{79834.40 93606.00 93606.00 93606.00 159668.80 1}{159668.80 199586.00 199586.00 199586.00 239503.20 1}{239503.20 0.00 0.00 0.00 319337.60 0}{319337.60 0.00 0.00 0.00 399172.00 0}
COMM 4b-0: 46d7e9_46db18_46dc33_46dd1f (1 5.00 3 5.00 3 5.00){0.00 0.00 0.00 0.00 2.00 0}{2.00 0.00 0.00 0.00 4.00 0}{4.00 5.00 5.00 5.00 6.00 1}{6.00 0.00 0.00 0.00 8.00 0}{8.00 0.00 0.00 0.00 10.00 0}
COMM 4b-1: 48253a_4828ba_4829f3_482ae7 (5 2.67 1 2.00 3 4.00){0.00 0.00 0.00 0.00 0.80 0}{0.80 0.00 0.00 0.00 1.60 0}{1.60 2.00 2.00 2.00 2.40 2}{2.40 3.00 3.00 3.00 3.20 2}{3.20 4.00 4.00 4.00 4.00 1}
COMM 4b-2: 48b495_48b719_48b7ed_48b8a6 (2 3.00 1 3.00 1 3.00){0.00 0.00 0.00 0.00 1.20 0}{1.20 0.00 0.00 0.00 2.40 0}{2.40 3.00 3.00 3.00 3.60 2}{3.60 0.00 0.00 0.00 4.80 0}{4.80 0.00 0.00 0.00 6.00 0}
LOOP0: iter: ( 2 )[ 1 -1 1 2 1 ]( 4 )[ 1 -1 3 1 0 ] mem: ( 2 )[ 1 -1 1 2 1 ]( 3 )[ 1 -1 3 1 0 ]
10 2 
12 52020 
14 16 
1b 0 
2b 2147483647 

RANKS: 1 -1 1 3 1
EVENT7: 1148 48b495_48b719_48b7ed_48b8a6
COMP 4b-0: 47a406_47a7db_47a946_47aa67 (8 10.78 3 9.00 3 15.00){0.00 0.00 0.00 0.00 4.40 0}{4.40 0.00 0.00 0.00 8.80 0}{8.80 9.00 10.14 11.00 13.20 7}{13.20 15.00 15.00 15.00 17.60 1}{17.60 0.00 0.00 0.00 22.00 0}
COMP 4c-0: 47a406_47a7db_47a946_47aa67 (8 25.89 3 25.00 3 27.00){0.00 0.00 0.00 0.00 10.40 0}{10.40 0.00 0.00 0.00 20.80 0}{20.80 25.00 25.88 27.00 31.20 8}{31.20 0.00 0.00 0.00 41.60 0}{41.60 0.00 0.00 0.00 52.00 0}
COMM 4b-0: 47a406_47a7db_47a946_47aa67 (8 846.89 3 412.00 3 3577.00){0.00 0.00 0.00 0.00 173.20 0}{173.20 0.00 0.00 0.00 346.40 0}{346.40 412.00 448.25 496.00 519.60 4}{519.60 567.00 606.33 656.00 866.00 3}{866.00 3577.00 3577.00 3577.00 6288.00 1}
1c 9999 

RANKS: 1 -1 0 4 1
EVENT8: 1113 48253a_4828ba_4829f3_482ae7
COMP 4b-0: 46d7e9_46db18_46dc33_46dd1f (1 144506.00 0 144506.00 0 144506.00){0.00 0.00 0.00 0.00 57802.40 0}{57802.40 0.00 0.00 0.00 115604.80 0}{115604.80 144506.00 144506.00 144506.00 173407.20 1}{173407.20 0.00 0.00 0.00 231209.60 0}{231209.60 0.00 0.00 0.00 289012.00 0}
COMP 4b-1: 48253a_4828ba_4829f3_482ae7 (1 21470.00 1 21470.00 1 21470.00){0.00 0.00 0.00 0.00 8588.00 0}{8588.00 0.00 0.00 0.00 17176.00 0}{17176.00 21470.00 21470.00 21470.00 25764.00 1}{25764.00 0.00 0.00 0.00 34352.00 0}{34352.00 0.00 0.00 0.00 42940.00 0}
COMP 4b-2: 48b495_48b719_48b7ed_48b8a6 (9 12338.20 3 300.00 0 50406.00){0.00 300.00 316.00 337.00 9924.40 6}{9924.40 0.00 0.00 0.00 19848.80 0}{19848.80 21458.00 23134.50 24811.00 39697.60 2}{39697.60 0.00 0.00 0.00 49622.00 0}{49622.00 50406.00 50406.00 50406.00 51190.00 1}
COMP 4c-0: 46d7e9_46db18_46dc33_46dd1f (1 633447.00 0 633447.00 0 633447.00){0.00 0.00 0.00 0.00 253378.80 0}{253378.80 0.00 0.00 0.00 506757.60 0}{506757.60 633447.00 633447.00 633447.00 760136.40 1}{760136.40 0.00 0.00 0.00 1013515.20 0}{1013515.20 0.00 0.00 0.00 1266894.00 0}
COMP 4c-1: 48253a_4828ba_4829f3_482ae7 (1 93675.00 1 93675.00 1 93675.00){0.00 0.00 0.00 0.00 37470.00 0}{37470.00 0.00 0.00 0.00 74940.00 0}{74940.00 93675.00 93675.00 93675.00 112410.00 1}{112410.00 0.00 0.00 0.00 149880.00 0}{149880.00 0.00 0.00 0.00 187350.00 0}
COMP 4c-2: 48b495_48b719_48b7ed_48b8a6 (9 48390.70 3 381.00 0 199779.00){0.00 381.00 382.50 384.00 37607.60 6}{37607.60 0.00 0.00 0.00 75215.20 0}{75215.20 93795.00 93907.00 94019.00 150430.40 2}{150430.40 0.00 0.00 0.00 188038.00 0}{188038.00 199779.00 199779.00 199779.00 211520.00 1}
COMM 4b-0: 46d7e9_46db18_46dc33_46dd1f (1 516.00 0 516.00 0 516.00){0.00 0.00 0.00 0.00 206.40 0}{206.40 0.00 0.00 0.00 412.80 0}{412.80 516.00 516.00 516.00 619.20 1}{619.20 0.00 0.00 0.00 825.60 0}{825.60 0.00 0.00 0.00 1032.00 0}
COMM 4b-1: 48253a_4828ba_4829f3_482ae7 (1 247.00 1 247.00 1 247.00){0.00 0.00 0.00 0.00 98.80 0}{98.80 0.00 0.00 0.00 197.60 0}{197.60 247.00 247.00 247.00 296.40 1}{296.40 0.00 0.00 0.00 395.20 0}{395.20 0.00 0.00 0.00 494.00 0}
COMM 4b-2: 48b495_48b719_48b7ed_48b8a6 (9 261.20 2 232.00 3 462.00){0.00 0.00 0.00 0.00 97.20 0}{97.20 0.00 0.00 0.00 194.40 0}{194.40 232.00 238.38 244.00 291.60 8}{291.60 0.00 0.00 0.00 388.80 0}{388.80 462.00 462.00 462.00 486.00 1}
LOOP0: iter: ( 4 )[ 1 -1 0 1 0 ]( 2 )[ 1 -1 1 1 0 ] mem: ( 3 )[ 1 -1 0 1 0 ]( 1 )[ 1 -1 1 1 0 ]
10 2 
12 52020 
14 16 
1a ( 1 2 )[ 1 -1 0 1 0 ]
1a ( 3 2 )[ 1 -1 1 2 2 ]
1a ( 2 )[ 1 -1 2 1 0 ]
1b 0 

RANKS: 1 -1 0 2 1
EVENT9: 1090 47a406_47a7db_47a946_47aa67
COMP 4b-0: 48253a_4828ba_4829f3_482ae7 (5 14.00 0 10.00 0 20.00){0.00 0.00 0.00 0.00 8.00 0}{8.00 10.00 11.00 12.00 16.00 4}{16.00 20.00 20.00 20.00 24.00 1}{24.00 0.00 0.00 0.00 32.00 0}{32.00 0.00 0.00 0.00 40.00 0}
COMP 4c-0: 48253a_4828ba_4829f3_482ae7 (5 26.17 0 25.00 0 27.00){0.00 0.00 0.00 0.00 10.80 0}{10.80 0.00 0.00 0.00 21.60 0}{21.60 25.00 26.00 27.00 32.40 5}{32.40 0.00 0.00 0.00 43.20 0}{43.20 0.00 0.00 0.00 54.00 0}
COMM 4b-0: 48253a_4828ba_4829f3_482ae7 (5 2.67 0 2.00 0 4.00){0.00 0.00 0.00 0.00 1.60 0}{1.60 2.00 2.00 2.00 3.20 4}{3.20 4.00 4.00 4.00 4.80 1}{4.80 0.00 0.00 0.00 6.40 0}{6.40 0.00 0.00 0.00 8.00 0}
10 2 
12 52020 
14 16 
1b 0 
2b 2147483647 

RANKS: 1 -1 0 2 1
EVENT10: 1148 48b495_48b719_48b7ed_48b8a6
COMP 4b-0: 47a406_47a7db_47a946_47aa67 (5 12.50 0 9.00 0 17.00){0.00 0.00 0.00 0.00 6.80 0}{6.80 9.00 10.25 11.00 13.60 4}{13.60 17.00 17.00 17.00 20.40 1}{20.40 0.00 0.00 0.00 27.20 0}{27.20 0.00 0.00 0.00 34.00 0}
COMP 4c-0: 47a406_47a7db_47a946_47aa67 (5 26.00 0 25.00 0 27.00){0.00 0.00 0.00 0.00 10.80 0}{10.80 0.00 0.00 0.00 21.60 0}{21.60 25.00 25.80 27.00 32.40 5}{32.40 0.00 0.00 0.00 43.20 0}{43.20 0.00 0.00 0.00 54.00 0}
COMM 4b-0: 47a406_47a7db_47a946_47aa67 (5 557.17 1 436.00 0 695.00){0.00 0.00 0.00 0.00 278.00 0}{278.00 436.00 488.25 511.00 556.00 4}{556.00 695.00 695.00 695.00 834.00 1}{834.00 0.00 0.00 0.00 1112.00 0}{1112.00 0.00 0.00 0.00 1390.00 0}
1c 9999 

RANKS: 1 -1 0 4 1
EVENT11: 1004 46a96f_46accf_46ae12_46af04
COMP 4b-0: 48253a_4828ba_4829f3_482ae7 (2 45426.33 3 45416.00 2 45447.00){0.00 0.00 0.00 0.00 18166.40 0}{18166.40 0.00 0.00 0.00 36332.80 0}{36332.80 45416.00 45431.50 45447.00 54499.20 2}{54499.20 0.00 0.00 0.00 72665.60 0}{72665.60 0.00 0.00 0.00 90832.00 0}
COMP 4b-1: 48b495_48b719_48b7ed_48b8a6 (2 45575.67 1 45503.00 0 45612.00){0.00 0.00 0.00 0.00 18244.80 0}{18244.80 0.00 0.00 0.00 36489.60 0}{36489.60 45503.00 45557.50 45612.00 54734.40 2}{54734.40 0.00 0.00 0.00 72979.20 0}{72979.20 0.00 0.00 0.00 91224.00 0}
COMP 4c-0: 48253a_4828ba_4829f3_482ae7 (2 194756.00 2 194752.00 3 194758.00){0.00 0.00 0.00 0.00 77903.20 0}{77903.20 0.00 0.00 0.00 155806.40 0}{155806.40 194752.00 194755.00 194758.00 233709.60 2}{233709.60 0.00 0.00 0.00 311612.80 0}{311612.80 0.00 0.00 0.00 389516.00 0}
COMP 4c-1: 48b495_48b719_48b7ed_48b8a6 (2 194884.33 1 194881.00 0 194886.00){0.00 0.00 0.00 0.00 77954.40 0}{77954.40 0.00 0.00 0.00 155908.80 0}{155908.80 194881.00 194883.50 194886.00 233863.20 2}{233863.20 0.00 0.00 0.00 311817.60 0}{311817.60 0.00 0.00 0.00 389772.00 0}
COMM 4b-0: 48253a_4828ba_4829f3_482ae7 (2 236.00 2 228.00 3 240.00){0.00 0.00 0.00 0.00 96.00 0}{96.00 0.00 0.00 0.00 192.00 0}{192.00 228.00 234.00 240.00 288.00 2}{288.00 0.00 0.00 0.00 384.00 0}{384.00 0.00 0.00 0.00 480.00 0}
COMM 4b-1: 48b495_48b719_48b7ed_48b8a6 (2 89.33 0 39.00 1 190.00){0.00 0.00 0.00 0.00 15.60 0}{15.60 0.00 0.00 0.00 31.20 0}{31.20 39.00 39.00 39.00 62.40 1}{62.40 0.00 0.00 0.00 78.00 0}{78.00 190.00 190.00 190.00 302.00 1}
10 2 
12 5 
14 16 
18 3 

RANKS: 1 -1 0 4 1
EVENT12: 1010 46d300_46d535_46d5d9_46d655
COMP 4b-0: 46a96f_46accf_46ae12_46af04 (4 10.40 1 10.00 0 11.00){0.00 0.00 0.00 0.00 4.40 0}{4.40 0.00 0.00 0.00 8.80 0}{8.80 10.00 10.25 11.00 13.20 4}{13.20 0.00 0.00 0.00 17.60 0}{17.60 0.00 0.00 0.00 22.00 0}
COMP 4c-0: 46a96f_46accf_46ae12_46af04 (4 25.40 0 25.00 3 26.00){0.00 0.00 0.00 0.00 10.00 0}{10.00 0.00 0.00 0.00 20.00 0}{20.00 25.00 25.50 26.00 30.00 4}{30.00 0.00 0.00 0.00 40.00 0}{40.00 0.00 0.00 0.00 50.00 0}
COMM 4b-0: 46a96f_46accf_46ae12_46af04 (4 172.60 2 138.00 3 272.00){0.00 0.00 0.00 0.00 61.60 0}{61.60 0.00 0.00 0.00 123.20 0}{123.20 138.00 145.67 154.00 184.80 3}{184.80 0.00 0.00 0.00 246.40 0}{246.40 272.00 272.00 272.00 308.00 1}
10 2 

RANKS: 1 -1 1 3 1
EVENT13: 1102 47da79_47de3e_47dfa8_47e0c7
COMP 4b-0: 46d300_46d535_46d5d9_46d655 (3 2106.00 1 2090.00 2 2126.00){0.00 0.00 0.00 0.00 836.00 0}{836.00 0.00 0.00 0.00 1672.00 0}{1672.00 2090.00 2111.33 2126.00 2508.00 3}{2508.00 0.00 0.00 0.00 3344.00 0}{3344.00 0.00 0.00 0.00 4180.00 0}
COMP 4b-1: 47da79_47de3e_47dfa8_47e0c7 (199 438.58 3 10.00 3 892.00){0.00 0.00 0.00 0.00 4.40 0}{4.40 0.00 0.00 0.00 8.80 0}{8.80 10.00 11.17 13.00 17.60 99}{17.60 19.00 19.00 19.00 22.00 1}{22.00 871.00 874.56 892.00 1736.00 99}
COMP 4b-2: 48253a_4828ba_4829f3_482ae7 (398 373.47 2 357.00 1 400.00){0.00 0.00 0.00 0.00 153.20 0}{153.20 0.00 0.00 0.00 306.40 0}{306.40 357.00 373.44 400.00 459.60 398}{459.60 0.00 0.00 0.00 612.80 0}{612.80 0.00 0.00 0.00 766.00 0}
COMP 4c-0: 46d300_46d535_46d5d9_46d655 (3 12722.00 1 12722.00 1 12722.00){0.00 0.00 0.00 0.00 5088.80 0}{5088.80 0.00 0.00 0.00 10177.60 0}{10177.60 12722.00 12722.00 12722.00 15266.40 3}{15266.40 0.00 0.00 0.00 20355.20 0}{20355.20 0.00 0.00 0.00 25444.00 0}
COMP 4c-1: 47da79_47de3e_47dfa8_47e0c7 (199 1802.57 3 27.00 3 3612.00){0.00 0.00 0.00 0.00 10.80 0}{10.80 0.00 0.00 0.00 21.60 0}{21.60 27.00 28.98 29.00 43.20 100}{43.20 0.00 0.00 0.00 54.00 0}{54.00 3612.00 3612.00 3612.00 7170.00 99}
COMP 4c-2: 48253a_4828ba_4829f3_482ae7 (398 1874.85 1 1824.00 1 1925.00){0.00 0.00 0.00 0.00 768.80 0}{768.80 0.00 0.00 0.00 1537.60 0}{1537.60 1824.00 1874.73 1925.00 2306.40 398}{2306.40 0.00 0.00 0.00 3075.20 0}{3075.20 0.00 0.00 0.00 3844.00 0}
COMM 4b-0: 46d300_46d535_46d5d9_46d655 (3 674.00 2 552.00 3 1016.00){0.00 0.00 0.00 0.00 225.60 0}{225.60 0.00 0.00 0.00 451.20 0}{451.20 552.00 558.00 564.00 676.80 2}{676.80 0.00 0.00 0.00 902.40 0}{902.40 1016.00 1016.00 1016.00 1128.00 1}
COMM 4b-1: 47da79_47de3e_47dfa8_47e0c7 (199 5.55 3 1.00 3 132.00){0.00 0.00 0.00 0.00 0.80 0}{0.80 1.00 1.00 1.00 1.60 65}{1.60 2.00 2.77 4.00 4.00 56}{4.00 5.00 5.08 6.00 6.00 49}{6.00 7.00 22.00 132.00 142.00 29}
COMM 4b-2: 48253a_4828ba_4829f3_482ae7 (398 12.36 1 2.00 1 1147.00){0.00 2.00 2.00 2.00 2.40 3}{2.40 3.00 3.00 3.00 3.60 69}{3.60 4.00 4.34 6.00 6.00 275}{6.00 7.00 27.10 142.00 152.00 49}{152.00 1048.00 1097.50 1147.00 2142.00 2}
LOOP0: iter: ( 200 )[ 1 -1 1 3 1 ] mem: ( 2 )[ 1 -1 1 2 1 ]( 1 )[ 1 -1 3 1 0 ]
10 2 
12 250 
14 16 
1b 0 
2b ( 3 3 3 3 3 3 3 3 3 3 3 3 3 3 3 3 3 3 3 3 3 3 3 3 3 3 3 3 3 3 3 3 3 3 3 3 3 3 3 3 3 3 3 3 3 3 3 3 3 3 3 3 3 3 3 3 3 3 3 3 3 3 3 3 3 3 3 3 3 3 3 3 3 3 3 3 3 3 3 3 3 3 3 3 3 3 3 3 3 3 3 3 3 3 3 3 3 3 3 3 2 2 2 2 2 2 2 2 2 2 2 2 2 2 2 2 2 2 2 2 2 2 2 2 2 2 2 2 2 2 2 2 2 2 2 2 2 2 2 2 2 2 2 2 2 2 2 2 2 2 2 2 2 2 2 2 2 2 2 2 2 2 2 2 2 2 2 2 2 2 2 2 2 2 2 2 2 2 2 2 2 2 2 2 2 2 2 2 2 2 2 2 2 2 2 2 2 2 2 2 )[ 1 -1 1 1 0 ]
2b ( 3 2 )[ 1 -1 3 1 0 ]
2b ( 2 2 2 2 2 2 2 2 2 2 2 2 2 2 2 2 2 2 2 2 2 2 2 2 2 2 2 2 2 2 2 2 2 2 2 2 2 2 2 2 2 2 2 2 2 2 2 2 2 2 2 2 2 2 2 2 2 2 2 2 2 2 2 2 2 2 2 2 2 2 2 2 2 2 2 2 2 2 2 2 2 2 2 2 2 2 2 2 2 2 2 2 2 2 2 2 2 2 2 2 1 1 1 1 1 1 1 1 1 1 1 1 1 1 1 1 1 1 1 1 1 1 1 1 1 1 1 1 1 1 1 1 1 1 1 1 1 1 1 1 1 1 1 1 1 1 1 1 1 1 1 1 1 1 1 1 1 1 1 1 1 1 1 1 1 1 1 1 1 1 1 1 1 1 1 1 1 1 1 1 1 1 1 1 1 1 1 1 1 1 1 1 1 1 1 1 1 1 1 1 )[ 1 -1 2 1 0 ]

RANKS: 1 -1 2 1 0
EVENT14: 1113 48253a_4828ba_4829f3_482ae7
COMP 4b-0: 47da79_47de3e_47dfa8_47e0c7 (200 485.97 2 468.00 2 520.00){0.00 0.00 0.00 0.00 203.20 0}{203.20 0.00 0.00 0.00 406.40 0}{406.40 468.00 485.86 520.00 609.60 200}{609.60 0.00 0.00 0.00 812.80 0}{812.80 0.00 0.00 0.00 1016.00 0}
COMP 4c-0: 47da79_47de3e_47dfa8_47e0c7 (200 1702.59 2 1690.00 2 1716.00){0.00 0.00 0.00 0.00 686.40 0}{686.40 0.00 0.00 0.00 1372.80 0}{1372.80 1690.00 1702.52 1716.00 2059.20 200}{2059.20 0.00 0.00 0.00 2745.60 0}{2745.60 0.00 0.00 0.00 3432.00 0}
COMM 4b-0: 47da79_47de3e_47dfa8_47e0c7 (200 3.67 2 2.00 2 90.00){0.00 2.00 2.98 3.00 3.20 187}{3.20 4.00 4.00 4.00 6.40 8}{6.40 8.00 10.00 12.00 12.80 2}{12.80 13.00 13.00 13.00 16.00 1}{16.00 18.00 54.00 90.00 164.00 2}
10 2 
12 250 
14 16 
1a 1 1 1 1 1 1 1 1 1 1 1 1 1 1 1 1 1 1 1 1 1 1 1 1 1 1 1 1 1 1 1 1 1 1 1 1 1 1 1 1 1 1 1 1 1 1 1 1 1 1 1 1 1 1 1 1 1 1 1 1 1 1 1 1 1 1 1 1 1 1 1 1 1 1 1 1 1 1 1 1 1 1 1 1 1 1 1 1 1 1 1 1 1 1 1 1 1 1 1 1 2 2 2 2 2 2 2 2 2 2 2 2 2 2 2 2 2 2 2 2 2 2 2 2 2 2 2 2 2 2 2 2 2 2 2 2 2 2 2 2 2 2 2 2 2 2 2 2 2 2 2 2 2 2 2 2 2 2 2 2 2 2 2 2 2 2 2 2 2 2 2 2 2 2 2 2 2 2 2 2 2 2 2 2 2 2 2 2 2 2 2 2 2 2 2 2 2 2 2 2 
1b 0 

RANKS: 1 -1 0 4 1
EVENT15: 1113 48253a_4828ba_4829f3_482ae7
COMP 4b-0: 46a96f_46accf_46ae12_46af04 (1 117772.00 2 117772.00 2 117772.00){0.00 0.00 0.00 0.00 47108.80 0}{47108.80 0.00 0.00 0.00 94217.60 0}{94217.60 117772.00 117772.00 117772.00 141326.40 1}{141326.40 0.00 0.00 0.00 188435.20 0}{188435.20 0.00 0.00 0.00 235544.00 0}
COMP 4b-1: 46d300_46d535_46d5d9_46d655 (1 2619.00 0 2619.00 0 2619.00){0.00 0.00 0.00 0.00 1047.60 0}{1047.60 0.00 0.00 0.00 2095.20 0}{2095.20 2619.00 2619.00 2619.00 3142.80 1}{3142.80 0.00 0.00 0.00 4190.40 0}{4190.40 0.00 0.00 0.00 5238.00 0}
COMP 4b-2: 47da79_47de3e_47dfa8_47e0c7 (201 490.44 1 468.00 3 1349.00){0.00 0.00 0.00 0.00 202.80 0}{202.80 0.00 0.00 0.00 405.60 0}{405.60 468.00 486.07 516.00 811.20 200}{811.20 0.00 0.00 0.00 1014.00 0}{1014.00 1349.00 1349.00 1349.00 1684.00 1}
COMP 4b-3: 48253a_4828ba_4829f3_482ae7 (399 438.10 3 9.00 2 5493.00){0.00 0.00 0.00 0.00 8.00 0}{8.00 9.00 10.31 13.00 16.00 199}{16.00 20.00 20.00 20.00 20.00 1}{20.00 811.00 846.79 924.00 1728.00 198}{1728.00 5493.00 5493.00 5493.00 9258.00 1}
COMP 4c-0: 46a96f_46accf_46ae12_46af04 (1 555451.00 2 555451.00 2 555451.00){0.00 0.00 0.00 0.00 222180.40 0}{222180.40 0.00 0.00 0.00 444360.80 0}{444360.80 555451.00 555451.00 555451.00 666541.20 1}{666541.20 0.00 0.00 0.00 888721.60 0}{888721.60 0.00 0.00 0.00 1110902.00 0}
COMP 4c-1: 46d300_46d535_46d5d9_46d655 (1 14410.00 0 14410.00 0 14410.00){0.00 0.00 0.00 0.00 5764.00 0}{5764.00 0.00 0.00 0.00 11528.00 0}{11528.00 14410.00 14410.00 14410.00 17292.00 1}{17292.00 0.00 0.00 0.00 23056.00 0}{23056.00 0.00 0.00 0.00 28820.00 0}
COMP 4c-2: 47da79_47de3e_47dfa8_47e0c7 (201 1719.82 1 1690.00 3 5175.00){0.00 0.00 0.00 0.00 686.40 0}{686.40 0.00 0.00 0.00 1372.80 0}{1372.80 1690.00 1702.56 1716.00 2745.60 200}{2745.60 0.00 0.00 0.00 3432.00 0}{3432.00 5175.00 5175.00 5175.00 6918.00 1}
COMP 4c-3: 48253a_4828ba_4829f3_482ae7 (399 1830.77 0 27.00 2 23720.00){0.00 0.00 0.00 0.00 10.80 0}{10.80 0.00 0.00 0.00 21.60 0}{21.60 27.00 28.96 29.00 54.00 200}{54.00 3486.00 3549.33 3613.00 7170.00 198}{7170.00 23720.00 23720.00 23720.00 40270.00 1}
COMM 4b-0: 46a96f_46accf_46ae12_46af04 (1 245.00 2 245.00 2 245.00){0.00 0.00 0.00 0.00 98.00 0}{98.00 0.00 0.00 0.00 196.00 0}{196.00 245.00 245.00 245.00 294.00 1}{294.00 0.00 0.00 0.00 392.00 0}{392.00 0.00 0.00 0.00 490.00 0}
COMM 4b-1: 46d300_46d535_46d5d9_46d655 (1 9.00 0 9.00 0 9.00){0.00 0.00 0.00 0.00 3.60 0}{3.60 0.00 0.00 0.00 7.20 0}{7.20 9.00 9.00 9.00 10.80 1}{10.80 0.00 0.00 0.00 14.40 0}{14.40 0.00 0.00 0.00 18.00 0}
COMM 4b-2: 47da79_47de3e_47dfa8_47e0c7 (201 3.51 1 2.00 1 109.00){0.00 2.00 2.00 2.00 2.80 39}{2.80 3.00 3.01 4.00 5.60 157}{5.60 7.00 7.00 7.00 11.20 2}{11.20 14.00 14.00 14.00 14.00 2}{14.00 109.00 109.00 109.00 204.00 1}
COMM 4b-3: 48253a_4828ba_4829f3_482ae7 (399 4.15 0 1.00 2 242.00){0.00 1.00 1.00 1.00 1.20 42}{1.20 2.00 2.00 2.00 2.40 211}{2.40 3.00 3.01 4.00 6.00 134}{6.00 11.00 49.73 111.00 216.00 11}{216.00 242.00 242.00 242.00 268.00 1}
LOOP0: iter: ( 200 )[ 1 -1 0 2 3 ]( 2 )[ 1 -1 2 1 0 ] mem: ( 1 )[ 1 -1 0 2 3 ]( 5 )[ 1 -1 2 1 0 ]
10 2 
12 ( 250 )[ 2 -1 0 2 1 -1 3 1 0 ]
12 ( 52020 )[ 1 -1 2 1 0 ]
14 16 
1a ( 1 2 )[ 1 -1 0 1 0 ]
1a ( 2 2 2 2 2 2 2 2 2 2 2 2 2 2 2 2 2 2 2 2 2 2 2 2 2 2 2 2 2 2 2 2 2 2 2 2 2 2 2 2 2 2 2 2 2 2 2 2 2 2 2 2 2 2 2 2 2 2 2 2 2 2 2 2 2 2 2 2 2 2 2 2 2 2 2 2 2 2 2 2 2 2 2 2 2 2 2 2 2 2 2 2 2 2 2 2 2 2 2 2 3 3 3 3 3 3 3 3 3 3 3 3 3 3 3 3 3 3 3 3 3 3 3 3 3 3 3 3 3 3 3 3 3 3 3 3 3 3 3 3 3 3 3 3 3 3 3 3 3 3 3 3 3 3 3 3 3 3 3 3 3 3 3 3 3 3 3 3 3 3 3 3 3 3 3 3 3 3 3 3 3 3 3 3 3 3 3 3 3 3 3 3 3 3 3 3 3 3 3 3 )[ 1 -1 1 1 0 ]
1a ( 3 2 )[ 1 -1 3 1 0 ]
1a ( 1 )[ 1 -1 2 1 0 ]
1b 0 

RANKS: 1 -1 0 1 0
EVENT16: 1102 47da79_47de3e_47dfa8_47e0c7
COMP 4b-0: 47da79_47de3e_47dfa8_47e0c7 (199 411.49 0 10.00 0 868.00){0.00 0.00 0.00 0.00 4.00 0}{4.00 0.00 0.00 0.00 8.00 0}{8.00 10.00 11.43 12.00 16.00 98}{16.00 20.00 20.00 20.00 20.00 1}{20.00 21.00 811.47 868.00 1676.00 100}
COMP 4b-1: 48253a_4828ba_4829f3_482ae7 (1 370.00 0 370.00 0 370.00){0.00 0.00 0.00 0.00 148.00 0}{148.00 0.00 0.00 0.00 296.00 0}{296.00 370.00 370.00 370.00 444.00 1}{444.00 0.00 0.00 0.00 592.00 0}{592.00 0.00 0.00 0.00 740.00 0}
COMP 4c-0: 47da79_47de3e_47dfa8_47e0c7 (199 1740.67 0 27.00 0 3487.00){0.00 0.00 0.00 0.00 10.80 0}{10.80 0.00 0.00 0.00 21.60 0}{21.60 27.00 28.98 29.00 43.20 100}{43.20 0.00 0.00 0.00 54.00 0}{54.00 3486.00 3486.97 3487.00 6918.00 99}
COMP 4c-1: 48253a_4828ba_4829f3_482ae7 (1 1823.00 0 1823.00 0 1823.00){0.00 0.00 0.00 0.00 729.20 0}{729.20 0.00 0.00 0.00 1458.40 0}{1458.40 1823.00 1823.00 1823.00 2187.60 1}{2187.60 0.00 0.00 0.00 2916.80 0}{2916.80 0.00 0.00 0.00 3646.00 0}
COMM 4b-0: 47da79_47de3e_47dfa8_47e0c7 (199 5.80 0 1.00 0 357.00){0.00 0.00 0.00 0.00 0.80 0}{0.80 1.00 1.00 1.00 1.60 30}{1.60 2.00 2.77 4.00 4.00 110}{4.00 5.00 5.24 6.00 6.00 33}{6.00 7.00 25.00 357.00 708.00 26}
COMM 4b-1: 48253a_4828ba_4829f3_482ae7 (1 2182.00 0 2182.00 0 2182.00){0.00 0.00 0.00 0.00 872.80 0}{872.80 0.00 0.00 0.00 1745.60 0}{1745.60 2182.00 2182.00 2182.00 2618.40 1}{2618.40 0.00 0.00 0.00 3491.20 0}{3491.20 0.00 0.00 0.00 4364.00 0}
LOOP0: iter: ( 200 )[ 1 -1 0 1 0 ] mem: ( 1 )[ 1 -1 0 1 0 ]
10 2 
12 250 
14 16 
1b 0 
2b 1 2 

RANKS: 1 -1 1 3 1
EVENT17: 1090 47a406_47a7db_47a946_47aa67
COMP 4b-0: 46a96f_46accf_46ae12_46af04 (2 117387.00 1 117334.00 3 117493.00){0.00 0.00 0.00 0.00 46933.60 0}{46933.60 0.00 0.00 0.00 93867.20 0}{93867.20 117334.00 117413.50 117493.00 140800.80 2}{140800.80 0.00 0.00 0.00 187734.40 0}{187734.40 0.00 0.00 0.00 234668.00 0}
COMP 4b-1: 48253a_4828ba_4829f3_482ae7 (6 8237.29 2 10.00 3 21213.00){0.00 10.00 10.50 11.00 2016.00 2}{2016.00 0.00 0.00 0.00 4032.00 0}{4032.00 5040.00 5087.50 5135.00 8064.00 2}{8064.00 0.00 0.00 0.00 10080.00 0}{10080.00 21212.00 21212.50 21213.00 32346.00 2}
COMP 4b-2: 48b495_48b719_48b7ed_48b8a6 (2 21424.67 2 21324.00 2 21475.00){0.00 0.00 0.00 0.00 8590.00 0}{8590.00 0.00 0.00 0.00 17180.00 0}{17180.00 21324.00 21399.50 21475.00 25770.00 2}{25770.00 0.00 0.00 0.00 34360.00 0}{34360.00 0.00 0.00 0.00 42950.00 0}
COMP 4c-0: 46a96f_46accf_46ae12_46af04 (2 555282.33 1 555277.00 3 555293.00){0.00 0.00 0.00 0.00 222110.80 0}{222110.80 0.00 0.00 0.00 444221.60 0}{444221.60 555277.00 555285.00 555293.00 666332.40 2}{666332.40 0.00 0.00 0.00 888443.20 0}{888443.20 0.00 0.00 0.00 1110554.00 0}
COMP 4c-1: 48253a_4828ba_4829f3_482ae7 (6 36804.57 2 26.00 3 93493.00){0.00 26.00 26.00 26.00 9412.80 2}{9412.80 0.00 0.00 0.00 18825.60 0}{18825.60 23530.00 23531.00 23532.00 37651.20 2}{37651.20 0.00 0.00 0.00 47064.00 0}{47064.00 93493.00 93493.00 93493.00 139922.00 2}
COMP 4c-2: 48b495_48b719_48b7ed_48b8a6 (2 93606.00 2 93606.00 2 93606.00){0.00 0.00 0.00 0.00 37442.40 0}{37442.40 0.00 0.00 0.00 74884.80 0}{74884.80 93606.00 93606.00 93606.00 112327.20 2}{112327.20 0.00 0.00 0.00 149769.60 0}{149769.60 0.00 0.00 0.00 187212.00 0}
COMM 4b-0: 46a96f_46accf_46ae12_46af04 (2 2.33 1 2.00 3 3.00){0.00 0.00 0.00 0.00 0.80 0}{0.80 0.00 0.00 0.00 1.60 0}{1.60 2.00 2.00 2.00 2.40 1}{2.40 3.00 3.00 3.00 3.20 1}{3.20 0.00 0.00 0.00 4.00 0}
COMM 4b-1: 48253a_4828ba_4829f3_482ae7 (6 2.57 1 2.00 3 3.00){0.00 0.00 0.00 0.00 0.80 0}{0.80 0.00 0.00 0.00 1.60 0}{1.60 2.00 2.00 2.00 2.40 2}{2.40 3.00 3.00 3.00 3.20 4}{3.20 0.00 0.00 0.00 4.00 0}
COMM 4b-2: 48b495_48b719_48b7ed_48b8a6 (2 3.00 2 3.00 2 3.00){0.00 0.00 0.00 0.00 1.20 0}{1.20 0.00 0.00 0.00 2.40 0}{2.40 3.00 3.00 3.00 3.60 2}{3.60 0.00 0.00 0.00 4.80 0}{4.80 0.00 0.00 0.00 6.00 0}
LOOP0: iter: ( 2 )[ 1 -1 1 3 1 ] mem: ( 6 )[ 1 -1 1 1 0 ]( 4 )[ 1 -1 3 1 0 ]( 2 )[ 1 -1 2 1 0 ]
LOOP1: iter: ( 2 )[ 1 -1 3 1 0 ] mem: ( 3 )[ 1 -1 3 1 0 ]
10 2 
12 52020 
14 16 
1b 0 
2b 2147483647 

RANKS: 1 -1 1 3 1
EVENT18: 1148 48b495_48b719_48b7ed_48b8a6
COMP 4b-0: 47a406_47a7db_47a946_47aa67 (10 9.82 1 9.00 2 12.00){0.00 0.00 0.00 0.00 3.60 0}{3.60 0.00 0.00 0.00 7.20 0}{7.20 9.00 9.29 10.00 10.80 7}{10.80 11.00 11.33 12.00 14.40 3}{14.40 0.00 0.00 0.00 18.00 0}
COMP 4c-0: 47a406_47a7db_47a946_47aa67 (10 25.64 1 25.00 1 26.00){0.00 0.00 0.00 0.00 10.00 0}{10.00 0.00 0.00 0.00 20.00 0}{20.00 25.00 25.70 26.00 30.00 10}{30.00 0.00 0.00 0.00 40.00 0}{40.00 0.00 0.00 0.00 50.00 0}
COMM 4b-0: 47a406_47a7db_47a946_47aa67 (10 768.09 2 451.00 3 2081.00){0.00 0.00 0.00 0.00 383.20 0}{383.20 451.00 510.00 583.00 766.40 7}{766.40 882.00 920.00 958.00 1532.80 2}{1532.80 0.00 0.00 0.00 1916.00 0}{1916.00 2081.00 2081.00 2081.00 2246.00 1}
1c 9999 

RANKS: 1 -1 0 4 1
EVENT19: 1113 48253a_4828ba_4829f3_482ae7
COMP 4b-0: 46a96f_46accf_46ae12_46af04 (1 118020.00 0 118020.00 0 118020.00){0.00 0.00 0.00 0.00 47208.00 0}{47208.00 0.00 0.00 0.00 94416.00 0}{94416.00 118020.00 118020.00 118020.00 141624.00 1}{141624.00 0.00 0.00 0.00 188832.00 0}{188832.00 0.00 0.00 0.00 236040.00 0}
COMP 4b-1: 47da79_47de3e_47dfa8_47e0c7 (1 5767.00 0 5767.00 0 5767.00){0.00 0.00 0.00 0.00 2306.80 0}{2306.80 0.00 0.00 0.00 4613.60 0}{4613.60 5767.00 5767.00 5767.00 6920.40 1}{6920.40 0.00 0.00 0.00 9227.20 0}{9227.20 0.00 0.00 0.00 11534.00 0}
COMP 4b-2: 48253a_4828ba_4829f3_482ae7 (2 21315.00 1 21308.00 1 21329.00){0.00 0.00 0.00 0.00 8523.20 0}{8523.20 0.00 0.00 0.00 17046.40 0}{17046.40 21308.00 21318.50 21329.00 25569.60 2}{25569.60 0.00 0.00 0.00 34092.80 0}{34092.80 0.00 0.00 0.00 42616.00 0}
COMP 4b-3: 48b495_48b719_48b7ed_48b8a6 (10 6046.36 3 225.00 0 21454.00){0.00 225.00 271.25 318.00 8577.20 8}{8577.20 0.00 0.00 0.00 17154.40 0}{17154.40 21443.00 21448.50 21454.00 25731.60 2}{25731.60 0.00 0.00 0.00 34308.80 0}{34308.80 0.00 0.00 0.00 42886.00 0}
COMP 4c-0: 46a96f_46accf_46ae12_46af04 (1 555434.00 0 555434.00 0 555434.00){0.00 0.00 0.00 0.00 222173.60 0}{222173.60 0.00 0.00 0.00 444347.20 0}{444347.20 555434.00 555434.00 555434.00 666520.80 1}{666520.80 0.00 0.00 0.00 888694.40 0}{888694.40 0.00 0.00 0.00 1110868.00 0}
COMP 4c-1: 47da79_47de3e_47dfa8_47e0c7 (1 25382.00 0 25382.00 0 25382.00){0.00 0.00 0.00 0.00 10152.80 0}{10152.80 0.00 0.00 0.00 20305.60 0}{20305.60 25382.00 25382.00 25382.00 30458.40 1}{30458.40 0.00 0.00 0.00 40611.20 0}{40611.20 0.00 0.00 0.00 50764.00 0}
COMP 4c-2: 48253a_4828ba_4829f3_482ae7 (2 93676.00 1 93676.00 1 93676.00){0.00 0.00 0.00 0.00 37470.40 0}{37470.40 0.00 0.00 0.00 74940.80 0}{74940.80 93676.00 93676.00 93676.00 112411.20 2}{112411.20 0.00 0.00 0.00 149881.60 0}{149881.60 0.00 0.00 0.00 187352.00 0}
COMP 4c-3: 48b495_48b719_48b7ed_48b8a6 (10 25857.00 1 382.00 0 93789.00){0.00 382.00 382.50 384.00 37515.60 8}{37515.60 0.00 0.00 0.00 75031.20 0}{75031.20 93789.00 93789.00 93789.00 112546.80 2}{112546.80 0.00 0.00 0.00 150062.40 0}{150062.40 0.00 0.00 0.00 187578.00 0}
COMM 4b-0: 46a96f_46accf_46ae12_46af04 (1 241.00 0 241.00 0 241.00){0.00 0.00 0.00 0.00 96.40 0}{96.40 0.00 0.00 0.00 192.80 0}{192.80 241.00 241.00 241.00 289.20 1}{289.20 0.00 0.00 0.00 385.60 0}{385.60 0.00 0.00 0.00 482.00 0}
COMM 4b-1: 47da79_47de3e_47dfa8_47e0c7 (1 240.00 0 240.00 0 240.00){0.00 0.00 0.00 0.00 96.00 0}{96.00 0.00 0.00 0.00 192.00 0}{192.00 240.00 240.00 240.00 288.00 1}{288.00 0.00 0.00 0.00 384.00 0}{384.00 0.00 0.00 0.00 480.00 0}
COMM 4b-2: 48253a_4828ba_4829f3_482ae7 (2 241.67 1 241.00 1 243.00){0.00 0.00 0.00 0.00 96.40 0}{96.40 0.00 0.00 0.00 192.80 0}{192.80 241.00 242.00 243.00 289.20 2}{289.20 0.00 0.00 0.00 385.60 0}{385.60 0.00 0.00 0.00 482.00 0}
COMM 4b-3: 48b495_48b719_48b7ed_48b8a6 (10 234.91 1 231.00 0 241.00){0.00 0.00 0.00 0.00 96.40 0}{96.40 0.00 0.00 0.00 192.80 0}{192.80 231.00 234.30 241.00 289.20 10}{289.20 0.00 0.00 0.00 385.60 0}{385.60 0.00 0.00 0.00 482.00 0}
LOOP0: iter: ( 2 )[ 1 -1 0 2 1 ] mem: ( 4 )[ 1 -1 0 1 0 ]( 1 )[ 1 -1 1 1 0 ]
LOOP1: iter: ( 2 )[ 1 -1 0 1 0 ] mem: ( 3 )[ 1 -1 0 1 0 ]
10 2 
12 52020 
14 16 
1a ( 1 2 )[ 1 -1 0 1 0 ]
1a ( 3 2 )[ 1 -1 1 2 2 ]
1a ( 2 )[ 1 -1 2 1 0 ]
1b 0 

RANKS: 1 -1 0 2 1
EVENT20: 1090 47a406_47a7db_47a946_47aa67
COMP 4b-0: 48253a_4828ba_4829f3_482ae7 (6 11.00 0 10.00 0 13.00){0.00 0.00 0.00 0.00 4.00 0}{4.00 0.00 0.00 0.00 8.00 0}{8.00 10.00 10.80 12.00 12.00 5}{12.00 13.00 13.00 13.00 16.00 1}{16.00 0.00 0.00 0.00 20.00 0}
COMP 4c-0: 48253a_4828ba_4829f3_482ae7 (6 26.14 0 25.00 1 27.00){0.00 0.00 0.00 0.00 10.40 0}{10.40 0.00 0.00 0.00 20.80 0}{20.80 25.00 26.17 27.00 31.20 6}{31.20 0.00 0.00 0.00 41.60 0}{41.60 0.00 0.00 0.00 52.00 0}
COMM 4b-0: 48253a_4828ba_4829f3_482ae7 (6 1.86 0 1.00 0 2.00){0.00 0.00 0.00 0.00 0.80 0}{0.80 1.00 1.00 1.00 1.60 1}{1.60 2.00 2.00 2.00 2.40 5}{2.40 0.00 0.00 0.00 3.20 0}{3.20 0.00 0.00 0.00 4.00 0}
10 2 
12 52020 
14 16 
1b 0 
2b 2147483647 

RANKS: 1 -1 0 2 1
EVENT21: 1148 48b495_48b719_48b7ed_48b8a6
COMP 4b-0: 47a406_47a7db_47a946_47aa67 (6 12.00 1 9.00 0 18.00){0.00 0.00 0.00 0.00 7.20 0}{7.20 9.00 9.60 10.00 14.40 5}{14.40 18.00 18.00 18.00 21.60 1}{21.60 0.00 0.00 0.00 28.80 0}{28.80 0.00 0.00 0.00 36.00 0}
COMP 4c-0: 47a406_47a7db_47a946_47aa67 (6 26.00 0 26.00 0 26.00){0.00 0.00 0.00 0.00 10.40 0}{10.40 0.00 0.00 0.00 20.80 0}{20.80 26.00 26.00 26.00 31.20 6}{31.20 0.00 0.00 0.00 41.60 0}{41.60 0.00 0.00 0.00 52.00 0}
COMM 4b-0: 47a406_47a7db_47a946_47aa67 (6 422.00 1 350.00 0 476.00){0.00 0.00 0.00 0.00 189.60 0}{189.60 350.00 354.00 358.00 379.20 2}{379.20 404.00 443.00 476.00 568.80 4}{568.80 0.00 0.00 0.00 758.40 0}{758.40 0.00 0.00 0.00 948.00 0}
1c 9999 

RANKS: 1 -1 0 4 1
EVENT22: 1004 46a96f_46accf_46ae12_46af04
COMP 4b-0: 48253a_4828ba_4829f3_482ae7 (4 44417.60 3 43673.00 2 45427.00){0.00 0.00 0.00 0.00 17469.20 0}{17469.20 0.00 0.00 0.00 34938.40 0}{34938.40 43673.00 44603.75 45427.00 52407.60 4}{52407.60 0.00 0.00 0.00 69876.80 0}{69876.80 0.00 0.00 0.00 87346.00 0}
COMP 4b-1: 48b495_48b719_48b7ed_48b8a6 (4 44434.40 1 43723.00 0 45502.00){0.00 0.00 0.00 0.00 17507.60 0}{17507.60 0.00 0.00 0.00 35015.20 0}{35015.20 43723.00 44600.75 45502.00 52522.80 4}{52522.80 0.00 0.00 0.00 70030.40 0}{70030.40 0.00 0.00 0.00 87538.00 0}
COMP 4c-0: 48253a_4828ba_4829f3_482ae7 (4 188276.80 2 183955.00 3 194757.00){0.00 0.00 0.00 0.00 73584.00 0}{73584.00 0.00 0.00 0.00 147168.00 0}{147168.00 183955.00 189356.00 194757.00 220752.00 4}{220752.00 0.00 0.00 0.00 294336.00 0}{294336.00 0.00 0.00 0.00 367920.00 0}
COMP 4c-1: 48b495_48b719_48b7ed_48b8a6 (4 188404.80 1 184084.00 0 194884.00){0.00 0.00 0.00 0.00 73635.20 0}{73635.20 0.00 0.00 0.00 147270.40 0}{147270.40 184084.00 189484.00 194884.00 220905.60 4}{220905.60 0.00 0.00 0.00 294540.80 0}{294540.80 0.00 0.00 0.00 368176.00 0}
COMM 4b-0: 48253a_4828ba_4829f3_482ae7 (4 233.60 2 25.00 3 378.00){0.00 25.00 74.00 123.00 151.20 2}{151.20 264.00 264.00 264.00 302.40 1}{302.40 378.00 378.00 378.00 453.60 1}{453.60 0.00 0.00 0.00 604.80 0}{604.80 0.00 0.00 0.00 756.00 0}
COMM 4b-1: 48b495_48b719_48b7ed_48b8a6 (4 206.40 0 25.00 1 386.00){0.00 25.00 25.00 25.00 66.80 1}{66.80 0.00 0.00 0.00 133.60 0}{133.60 167.00 167.00 167.00 267.20 1}{267.20 287.00 287.00 287.00 334.00 1}{334.00 386.00 386.00 386.00 438.00 1}
10 2 
12 1 5 
14 16 
18 1 3 

RANKS: 1 -1 0 4 1
EVENT23: 1010 46d300_46d535_46d5d9_46d655
COMP 4b-0: 46a96f_46accf_46ae12_46af04 (4 14.80 0 14.00 3 16.00){0.00 0.00 0.00 0.00 5.60 0}{5.60 0.00 0.00 0.00 11.20 0}{11.20 14.00 15.00 16.00 16.80 4}{16.80 0.00 0.00 0.00 22.40 0}{22.40 0.00 0.00 0.00 28.00 0}
COMP 4c-0: 46a96f_46accf_46ae12_46af04 (4 34.00 0 33.00 3 36.00){0.00 0.00 0.00 0.00 13.20 0}{13.20 0.00 0.00 0.00 26.40 0}{26.40 33.00 34.25 36.00 39.60 4}{39.60 0.00 0.00 0.00 52.80 0}{52.80 0.00 0.00 0.00 66.00 0}
COMM 4b-0: 46a96f_46accf_46ae12_46af04 (4 18.40 2 6.00 0 30.00){0.00 6.00 7.00 8.00 12.00 2}{12.00 18.00 18.00 18.00 24.00 1}{24.00 30.00 30.00 30.00 36.00 1}{36.00 0.00 0.00 0.00 48.00 0}{48.00 0.00 0.00 0.00 60.00 0}
10 2 

RANKS: 1 -1 2 1 0
EVENT24: 1102 47da79_47de3e_47dfa8_47e0c7
COMP 4b-0: 46d300_46d535_46d5d9_46d655 (1 2094.00 2 2094.00 2 2094.00){0.00 0.00 0.00 0.00 837.60 0}{837.60 0.00 0.00 0.00 1675.20 0}{1675.20 2094.00 2094.00 2094.00 2512.80 1}{2512.80 0.00 0.00 0.00 3350.40 0}{3350.40 0.00 0.00 0.00 4188.00 0}
COMP 4b-1: 48253a_4828ba_4829f3_482ae7 (199 373.57 2 358.00 2 395.00){0.00 0.00 0.00 0.00 153.20 0}{153.20 0.00 0.00 0.00 306.40 0}{306.40 358.00 373.52 395.00 459.60 199}{459.60 0.00 0.00 0.00 612.80 0}{612.80 0.00 0.00 0.00 766.00 0}
COMP 4c-0: 46d300_46d535_46d5d9_46d655 (1 12717.00 2 12717.00 2 12717.00){0.00 0.00 0.00 0.00 5086.80 0}{5086.80 0.00 0.00 0.00 10173.60 0}{10173.60 12717.00 12717.00 12717.00 15260.40 1}{15260.40 0.00 0.00 0.00 20347.20 0}{20347.20 0.00 0.00 0.00 25434.00 0}
COMP 4c-1: 48253a_4828ba_4829f3_482ae7 (199 1875.32 2 1824.00 2 1926.00){0.00 0.00 0.00 0.00 768.40 0}{768.40 0.00 0.00 0.00 1536.80 0}{1536.80 1824.00 1875.09 1926.00 2305.20 199}{2305.20 0.00 0.00 0.00 3073.60 0}{3073.60 0.00 0.00 0.00 3842.00 0}
COMM 4b-0: 46d300_46d535_46d5d9_46d655 (1 758.00 2 758.00 2 758.00){0.00 0.00 0.00 0.00 303.20 0}{303.20 0.00 0.00 0.00 606.40 0}{606.40 758.00 758.00 758.00 909.60 1}{909.60 0.00 0.00 0.00 1212.80 0}{1212.80 0.00 0.00 0.00 1516.00 0}
COMM 4b-1: 48253a_4828ba_4829f3_482ae7 (199 10.26 2 2.00 2 1327.00){0.00 0.00 0.00 0.00 1.20 0}{1.20 2.00 3.38 4.00 4.80 176}{4.80 5.00 5.40 6.00 6.00 20}{6.00 9.00 10.00 11.00 12.00 2}{12.00 1327.00 1327.00 1327.00 2642.00 1}
LOOP0: iter: ( 200 )[ 1 -1 2 1 0 ] mem: ( 2 )[ 1 -1 2 1 0 ]
10 2 
12 250 
14 16 
1b 0 
2b 2 2 2 2 2 2 2 2 2 2 2 2 2 2 2 2 2 2 2 2 2 2 2 2 2 2 2 2 2 2 2 2 2 2 2 2 2 2 2 2 2 2 2 2 2 2 2 2 2 2 2 2 2 2 2 2 2 2 2 2 2 2 2 2 2 2 2 2 2 2 2 2 2 2 2 2 2 2 2 2 2 2 2 2 2 2 2 2 2 2 2 2 2 2 2 2 2 2 2 2 1 1 1 1 1 1 1 1 1 1 1 1 1 1 1 1 1 1 1 1 1 1 1 1 1 1 1 1 1 1 1 1 1 1 1 1 1 1 1 1 1 1 1 1 1 1 1 1 1 1 1 1 1 1 1 1 1 1 1 1 1 1 1 1 1 1 1 1 1 1 1 1 1 1 1 1 1 1 1 1 1 1 1 1 1 1 1 1 1 1 1 1 1 1 1 1 1 1 1 1 

RANKS: 1 -1 0 2 2
EVENT25: 1113 48253a_4828ba_4829f3_482ae7
COMP 4b-0: 46d300_46d535_46d5d9_46d655 (1 2792.00 0 2792.00 0 2792.00){0.00 0.00 0.00 0.00 1116.80 0}{1116.80 0.00 0.00 0.00 2233.60 0}{2233.60 2792.00 2792.00 2792.00 3350.40 1}{3350.40 0.00 0.00 0.00 4467.20 0}{4467.20 0.00 0.00 0.00 5584.00 0}
COMP 4b-1: 47da79_47de3e_47dfa8_47e0c7 (200 486.22 2 468.00 2 526.00){0.00 0.00 0.00 0.00 210.40 0}{210.40 0.00 0.00 0.00 420.80 0}{420.80 468.00 486.02 526.00 631.20 200}{631.20 0.00 0.00 0.00 841.60 0}{841.60 0.00 0.00 0.00 1052.00 0}
COMP 4b-2: 48253a_4828ba_4829f3_482ae7 (49551 441.39 0 8.00 0 1124.00){0.00 0.00 0.00 0.00 3.60 0}{3.60 0.00 0.00 0.00 7.20 0}{7.20 8.00 10.56 14.00 14.40 24832}{14.40 15.00 17.38 18.00 18.00 37}{18.00 19.00 875.49 1124.00 1730.00 24682}
COMP 4b-3: 48b495_48b719_48b7ed_48b8a6 (248 46444.36 0 46370.00 0 47147.00){0.00 0.00 0.00 0.00 18548.00 0}{18548.00 0.00 0.00 0.00 37096.00 0}{37096.00 46370.00 46444.66 47147.00 55644.00 248}{55644.00 0.00 0.00 0.00 74192.00 0}{74192.00 0.00 0.00 0.00 92740.00 0}
COMP 4c-0: 46d300_46d535_46d5d9_46d655 (1 14410.00 0 14410.00 0 14410.00){0.00 0.00 0.00 0.00 5764.00 0}{5764.00 0.00 0.00 0.00 11528.00 0}{11528.00 14410.00 14410.00 14410.00 17292.00 1}{17292.00 0.00 0.00 0.00 23056.00 0}{23056.00 0.00 0.00 0.00 28820.00 0}
COMP 4c-1: 47da79_47de3e_47dfa8_47e0c7 (200 1702.83 2 1690.00 2 1716.00){0.00 0.00 0.00 0.00 686.00 0}{686.00 0.00 0.00 0.00 1372.00 0}{1372.00 1690.00 1702.77 1716.00 2058.00 200}{2058.00 0.00 0.00 0.00 2744.00 0}{2744.00 0.00 0.00 0.00 3430.00 0}
COMP 4c-2: 48253a_4828ba_4829f3_482ae7 (49551 1811.80 0 25.00 0 3613.00){0.00 0.00 0.00 0.00 10.40 0}{10.40 0.00 0.00 0.00 20.80 0}{20.80 25.00 29.01 30.00 41.60 24900}{41.60 0.00 0.00 0.00 52.00 0}{52.00 3611.00 3612.66 3613.00 7172.00 24651}
COMP 4c-3: 48b495_48b719_48b7ed_48b8a6 (248 198484.83 0 198468.00 0 198491.00){0.00 0.00 0.00 0.00 79387.20 0}{79387.20 0.00 0.00 0.00 158774.40 0}{158774.40 198468.00 198484.90 198491.00 238161.60 248}{238161.60 0.00 0.00 0.00 317548.80 0}{317548.80 0.00 0.00 0.00 396936.00 0}
COMM 4b-0: 46d300_46d535_46d5d9_46d655 (1 10.00 0 10.00 0 10.00){0.00 0.00 0.00 0.00 4.00 0}{4.00 0.00 0.00 0.00 8.00 0}{8.00 10.00 10.00 10.00 12.00 1}{12.00 0.00 0.00 0.00 16.00 0}{16.00 0.00 0.00 0.00 20.00 0}
COMM 4b-1: 47da79_47de3e_47dfa8_47e0c7 (200 3.32 2 2.00 2 14.00){0.00 2.00 2.00 2.00 2.80 6}{2.80 3.00 3.03 4.00 5.60 187}{5.60 7.00 7.00 7.00 8.40 1}{8.40 11.00 11.00 11.00 11.20 1}{11.20 12.00 12.80 14.00 14.00 5}
COMM 4b-2: 48253a_4828ba_4829f3_482ae7 (49551 2.70 0 1.00 0 30.00){0.00 1.00 1.00 1.00 1.20 670}{1.20 1.94 2.00 2.38 2.40 27358}{2.40 2.44 3.00 4.00 4.80 20743}{4.80 5.00 5.20 6.00 6.00 5}{6.00 7.00 21.00 30.00 42.00 775}
COMM 4b-3: 48b495_48b719_48b7ed_48b8a6 (248 9.84 0 8.00 0 11.00){0.00 0.00 0.00 0.00 3.60 0}{3.60 0.00 0.00 0.00 7.20 0}{7.20 8.00 9.66 10.00 10.80 214}{10.80 11.00 11.00 11.00 14.40 34}{14.40 0.00 0.00 0.00 18.00 0}
LOOP0: iter: ( 249 )[ 1 -1 0 1 0 ] mem: ( 5 )[ 1 -1 0 1 0 ]
LOOP1: iter: ( 200 )[ 1 -1 0 1 0 ] mem: ( 1 )[ 1 -1 0 1 0 ]
10 2 
12 250 
14 16 
1a ( 1 2 )[ 1 -1 0 1 0 ]
1a ( 1 1 1 1 1 1 1 1 1 1 1 1 1 1 1 1 1 1 1 1 1 1 1 1 1 1 1 1 1 1 1 1 1 1 1 1 1 1 1 1 1 1 1 1 1 1 1 1 1 1 1 1 1 1 1 1 1 1 1 1 1 1 1 1 1 1 1 1 1 1 1 1 1 1 1 1 1 1 1 1 1 1 1 1 1 1 1 1 1 1 1 1 1 1 1 1 1 1 1 1 2 2 2 2 2 2 2 2 2 2 2 2 2 2 2 2 2 2 2 2 2 2 2 2 2 2 2 2 2 2 2 2 2 2 2 2 2 2 2 2 2 2 2 2 2 2 2 2 2 2 2 2 2 2 2 2 2 2 2 2 2 2 2 2 2 2 2 2 2 2 2 2 2 2 2 2 2 2 2 2 2 2 2 2 2 2 2 2 2 2 2 2 2 2 2 2 2 2 2 2 )[ 1 -1 2 1 0 ]
1b 0 

RANKS: 2 -1 0 2 1 -1 3 1 0
EVENT26: 1102 47da79_47de3e_47dfa8_47e0c7
COMP 4b-0: 46d300_46d535_46d5d9_46d655 (2 2154.67 3 2072.00 1 2196.00){0.00 0.00 0.00 0.00 878.40 0}{878.40 0.00 0.00 0.00 1756.80 0}{1756.80 2072.00 2134.00 2196.00 2635.20 2}{2635.20 0.00 0.00 0.00 3513.60 0}{3513.60 0.00 0.00 0.00 4392.00 0}
COMP 4b-1: 47da79_47de3e_47dfa8_47e0c7 (99102 427.41 0 9.00 3 1052.00){0.00 0.00 0.00 0.00 4.40 0}{4.40 0.00 0.00 0.00 8.80 0}{8.80 9.00 11.42 17.00 17.60 49635}{17.60 18.00 19.42 21.00 22.00 150}{22.00 27.00 847.34 1052.00 1614.00 49317}
COMP 4b-2: 48253a_4828ba_4829f3_482ae7 (50048 599.22 1 357.00 3 47047.00){0.00 0.00 0.00 0.00 144.40 0}{144.40 0.00 0.00 0.00 288.80 0}{288.80 357.00 373.66 412.00 433.20 49643}{433.20 458.33 511.42 560.00 722.00 157}{722.00 45750.00 45806.42 47047.00 93372.00 248}
COMP 4b-3: 48b495_48b719_48b7ed_48b8a6 (248 45834.04 1 45742.00 1 47002.00){0.00 0.00 0.00 0.00 18800.80 0}{18800.80 0.00 0.00 0.00 37601.60 0}{37601.60 45742.00 45829.33 47002.00 56402.40 248}{56402.40 0.00 0.00 0.00 75203.20 0}{75203.20 0.00 0.00 0.00 94004.00 0}
COMP 4c-0: 46d300_46d535_46d5d9_46d655 (2 12717.00 1 12717.00 1 12717.00){0.00 0.00 0.00 0.00 5086.80 0}{5086.80 0.00 0.00 0.00 10173.60 0}{10173.60 12717.00 12717.00 12717.00 15260.40 2}{15260.40 0.00 0.00 0.00 20347.20 0}{20347.20 0.00 0.00 0.00 25434.00 0}
COMP 4c-1: 47da79_47de3e_47dfa8_47e0c7 (99102 1780.89 0 26.00 3 3613.00){0.00 0.00 0.00 0.00 10.40 0}{10.40 0.00 0.00 0.00 20.80 0}{20.80 26.00 29.54 30.00 41.60 49800}{41.60 0.00 0.00 0.00 52.00 0}{52.00 3485.00 3549.97 3613.00 6920.00 49302}
COMP 4c-2: 48253a_4828ba_4829f3_482ae7 (50048 2839.93 0 1823.00 3 196670.00){0.00 0.00 0.00 0.00 729.20 0}{729.20 0.00 0.00 0.00 1458.40 0}{1458.40 1823.00 1874.70 1926.00 2916.80 49800}{2916.80 0.00 0.00 0.00 3646.00 0}{3646.00 196652.00 196668.45 196670.00 389694.00 248}
COMP 4c-3: 48b495_48b719_48b7ed_48b8a6 (248 196791.29 1 196775.00 1 196792.00){0.00 0.00 0.00 0.00 78710.00 0}{78710.00 0.00 0.00 0.00 157420.00 0}{157420.00 196775.00 196791.36 196792.00 236130.00 248}{236130.00 0.00 0.00 0.00 314840.00 0}{314840.00 0.00 0.00 0.00 393550.00 0}
COMM 4b-0: 46d300_46d535_46d5d9_46d655 (2 858.67 1 611.00 3 1354.00){0.00 0.00 0.00 0.00 244.40 0}{244.40 0.00 0.00 0.00 488.80 0}{488.80 611.00 611.00 611.00 977.60 1}{977.60 0.00 0.00 0.00 1222.00 0}{1222.00 1354.00 1354.00 1354.00 1486.00 1}
COMM 4b-1: 47da79_47de3e_47dfa8_47e0c7 (99102 7.36 0 1.00 3 784.00){0.00 1.00 2.29 4.00 4.00 55424}{4.00 4.34 11.94 36.00 36.00 42898}{36.00 37.00 114.80 232.00 268.00 778}{268.00 458.00 458.00 458.00 648.00 1}{648.00 784.00 784.00 784.00 920.00 1}
COMM 4b-2: 48253a_4828ba_4829f3_482ae7 (50048 34.79 1 1.00 0 5413.00){0.00 1.00 19.84 859.09 1956.80 49789}{1956.80 2190.00 2755.53 2932.00 2935.20 191}{2935.20 2936.00 3107.91 3850.00 3913.60 58}{3913.60 3941.00 4229.12 4435.00 4892.00 8}{4892.00 5007.00 5210.00 5413.00 5934.00 2}
COMM 4b-3: 48b495_48b719_48b7ed_48b8a6 (248 831.45 1 15.00 1 1743.00){0.00 0.00 0.00 0.00 12.00 0}{12.00 15.00 15.60 16.00 30.00 5}{30.00 248.00 842.71 1357.00 1362.00 240}{1362.00 1393.00 1393.00 1393.00 1424.00 1}{1424.00 1552.00 1647.50 1743.00 2062.00 2}
LOOP0: iter: ( 200 )[ 1 -1 0 1 0 ]( 249 )[ 1 -1 1 2 2 ] mem: ( 1 )[ 1 -1 0 1 0 ]( 7 )[ 1 -1 1 1 0 ]( 5 )[ 1 -1 3 1 0 ]
LOOP1: iter: ( 200 )[ 1 -1 1 2 2 ] mem: ( 2 )[ 1 -1 1 1 0 ]( 1 )[ 1 -1 3 1 0 ]
10 2 
12 250 
14 16 
1b 0 
2b ( 1 2 )[ 1 -1 0 1 0 ]
2b ( 3 3 3 3 3 3 3 3 3 3 3 3 3 3 3 3 3 3 3 3 3 3 3 3 3 3 3 3 3 3 3 3 3 3 3 3 3 3 3 3 3 3 3 3 3 3 3 3 3 3 3 3 3 3 3 3 3 3 3 3 3 3 3 3 3 3 3 3 3 3 3 3 3 3 3 3 3 3 3 3 3 3 3 3 3 3 3 3 3 3 3 3 3 3 3 3 3 3 3 3 2 2 2 2 2 2 2 2 2 2 2 2 2 2 2 2 2 2 2 2 2 2 2 2 2 2 2 2 2 2 2 2 2 2 2 2 2 2 2 2 2 2 2 2 2 2 2 2 2 2 2 2 2 2 2 2 2 2 2 2 2 2 2 2 2 2 2 2 2 2 2 2 2 2 2 2 2 2 2 2 2 2 2 2 2 2 2 2 2 2 2 2 2 2 2 2 2 2 2 2 )[ 1 -1 1 1 0 ]
2b ( 3 2 )[ 1 -1 3 1 0 ]

RANKS: 1 -1 0 4 1
EVENT27: 1113 48253a_4828ba_4829f3_482ae7
COMP 4b-0: 47da79_47de3e_47dfa8_47e0c7 (50298 516.56 1 467.00 0 5908.00){0.00 467.00 490.39 1479.00 2296.80 50049}{2296.80 0.00 0.00 0.00 4593.60 0}{4593.60 5731.00 5755.86 5908.00 6890.40 249}{6890.40 0.00 0.00 0.00 9187.20 0}{9187.20 0.00 0.00 0.00 11484.00 0}
COMP 4b-1: 48253a_4828ba_4829f3_482ae7 (49552 411.92 3 8.00 2 5478.00){0.00 0.00 0.00 0.00 7.20 0}{7.20 8.00 10.21 14.00 14.40 24821}{14.40 15.00 17.50 18.00 18.00 58}{18.00 19.00 816.79 1012.00 1606.00 24672}{1606.00 5478.00 5478.00 5478.00 9350.00 1}
COMP 4b-2: 48b495_48b719_48b7ed_48b8a6 (249 21453.46 0 21424.00 0 21922.00){0.00 0.00 0.00 0.00 8590.80 0}{8590.80 0.00 0.00 0.00 17181.60 0}{17181.60 21424.00 21453.37 21922.00 25772.40 249}{25772.40 0.00 0.00 0.00 34363.20 0}{34363.20 0.00 0.00 0.00 42954.00 0}
COMP 4c-0: 47da79_47de3e_47dfa8_47e0c7 (50298 1837.45 1 1690.00 0 25383.00){0.00 1690.00 1719.84 5176.00 10152.80 50049}{10152.80 0.00 0.00 0.00 20305.60 0}{20305.60 25381.00 25381.97 25383.00 30458.40 249}{30458.40 0.00 0.00 0.00 40611.20 0}{40611.20 0.00 0.00 0.00 50764.00 0}
COMP 4c-1: 48253a_4828ba_4829f3_482ae7 (49552 1749.79 3 26.00 2 23720.00){0.00 0.00 0.00 0.00 10.80 0}{10.80 0.00 0.00 0.00 21.60 0}{21.60 26.00 29.17 30.00 54.00 24900}{54.00 3485.00 3486.97 3488.00 6916.00 24651}{6916.00 23720.00 23720.00 23720.00 40524.00 1}
COMP 4c-2: 48b495_48b719_48b7ed_48b8a6 (249 93789.03 0 93789.00 0 93790.00){0.00 0.00 0.00 0.00 37515.60 0}{37515.60 0.00 0.00 0.00 75031.20 0}{75031.20 93789.00 93789.03 93790.00 112546.80 249}{112546.80 0.00 0.00 0.00 150062.40 0}{150062.40 0.00 0.00 0.00 187578.00 0}
COMM 4b-0: 47da79_47de3e_47dfa8_47e0c7 (50298 4.26 1 2.00 0 260.00){0.00 2.00 3.08 25.00 96.00 50048}{96.00 124.00 124.00 124.00 192.00 1}{192.00 239.00 240.90 260.00 288.00 249}{288.00 0.00 0.00 0.00 384.00 0}{384.00 0.00 0.00 0.00 480.00 0}
COMM 4b-1: 48253a_4828ba_4829f3_482ae7 (49552 2.48 3 1.00 2 243.00){0.00 1.00 1.00 1.00 1.60 6133}{1.60 1.79 2.00 2.39 2.40 26951}{2.40 3.00 3.01 4.00 4.00 15677}{4.00 5.00 19.54 30.00 36.00 790}{36.00 243.00 243.00 243.00 450.00 1}
COMM 4b-2: 48b495_48b719_48b7ed_48b8a6 (249 251.40 0 238.00 0 705.00){0.00 0.00 0.00 0.00 203.60 0}{203.60 238.00 241.11 391.00 407.20 242}{407.20 451.00 526.60 594.00 610.80 5}{610.80 655.00 680.00 705.00 814.40 2}{814.40 0.00 0.00 0.00 1018.00 0}
LOOP0: iter: ( 2 )[ 1 -1 0 1 0 ]( 200 )[ 1 -1 3 1 0 ] mem: ( 3 )[ 1 -1 0 1 0 ]( 1 )[ 1 -1 3 1 0 ]
10 2 
12 ( 52020 )[ 1 -1 0 2 2 ]
12 ( 250 )[ 1 -1 1 2 2 ]
14 16 
1a ( 1 2 )[ 1 -1 0 1 0 ]
1a ( 2 2 2 2 2 2 2 2 2 2 2 2 2 2 2 2 2 2 2 2 2 2 2 2 2 2 2 2 2 2 2 2 2 2 2 2 2 2 2 2 2 2 2 2 2 2 2 2 2 2 2 2 2 2 2 2 2 2 2 2 2 2 2 2 2 2 2 2 2 2 2 2 2 2 2 2 2 2 2 2 2 2 2 2 2 2 2 2 2 2 2 2 2 2 2 2 2 2 2 2 3 3 3 3 3 3 3 3 3 3 3 3 3 3 3 3 3 3 3 3 3 3 3 3 3 3 3 3 3 3 3 3 3 3 3 3 3 3 3 3 3 3 3 3 3 3 3 3 3 3 3 3 3 3 3 3 3 3 3 3 3 3 3 3 3 3 3 3 3 3 3 3 3 3 3 3 3 3 3 3 3 3 3 3 3 3 3 3 3 3 3 3 3 3 3 3 3 3 3 3 )[ 1 -1 1 1 0 ]
1a ( 3 2 )[ 1 -1 3 1 0 ]
1a ( 1 )[ 1 -1 2 1 0 ]
1b 0 

RANKS: 1 -1 0 4 1
EVENT28: 1090 47a406_47a7db_47a946_47aa67
COMP 4b-0: 48253a_4828ba_4829f3_482ae7 (1493 5238.12 0 9.00 3 21896.00){0.00 0.00 0.00 0.00 8.80 0}{8.80 9.00 11.55 17.00 17.60 615}{17.60 18.00 19.30 22.00 22.00 130}{22.00 41.00 5073.37 5321.00 10030.00 499}{10030.00 21196.00 21223.00 21896.00 33762.00 249}
COMP 4b-1: 48b495_48b719_48b7ed_48b8a6 (248 21364.32 2 21310.00 2 22018.00){0.00 0.00 0.00 0.00 8807.20 0}{8807.20 0.00 0.00 0.00 17614.40 0}{17614.40 21310.00 21361.69 22018.00 26421.60 248}{26421.60 0.00 0.00 0.00 35228.80 0}{35228.80 0.00 0.00 0.00 44036.00 0}
COMP 4c-0: 48253a_4828ba_4829f3_482ae7 (1493 23440.59 0 25.00 3 93493.00){0.00 0.00 0.00 0.00 10.40 0}{10.40 0.00 0.00 0.00 20.80 0}{20.80 25.00 30.03 43.00 52.00 746}{52.00 23530.00 23530.68 23532.00 47008.00 498}{47008.00 93492.00 93492.08 93493.00 139978.00 249}
COMP 4c-1: 48b495_48b719_48b7ed_48b8a6 (248 93606.00 2 93606.00 2 93606.00){0.00 0.00 0.00 0.00 37442.40 0}{37442.40 0.00 0.00 0.00 74884.80 0}{74884.80 93606.00 93606.00 93606.00 112327.20 248}{112327.20 0.00 0.00 0.00 149769.60 0}{149769.60 0.00 0.00 0.00 187212.00 0}
COMM 4b-0: 48253a_4828ba_4829f3_482ae7 (1493 2.38 0 1.00 1 4.00){0.00 0.00 0.00 0.00 0.80 0}{0.80 1.00 1.00 1.00 1.60 79}{1.60 2.00 2.00 2.00 2.40 793}{2.40 3.00 3.00 3.00 3.20 600}{3.20 4.00 4.00 4.00 4.00 21}
COMM 4b-1: 48b495_48b719_48b7ed_48b8a6 (248 2.74 2 2.00 2 4.00){0.00 0.00 0.00 0.00 1.60 0}{1.60 2.00 2.65 3.00 3.20 231}{3.20 4.00 4.00 4.00 4.80 17}{4.80 0.00 0.00 0.00 6.40 0}{6.40 0.00 0.00 0.00 8.00 0}
LOOP0: iter: ( 2 )[ 1 -1 3 1 0 ]( 248 )[ 1 -1 2 1 0 ] mem: ( 3 )[ 1 -1 3 1 0 ]( 5 )[ 1 -1 2 1 0 ]
LOOP1: iter: ( 2 )[ 1 -1 2 1 0 ] mem: ( 2 )[ 1 -1 2 1 0 ]
10 2 
12 52020 
14 16 
1b 0 
2b 2147483647 

RANKS: 1 -1 0 4 1
EVENT29: 1148 48b495_48b719_48b7ed_48b8a6
COMP 4b-0: 47a406_47a7db_47a946_47aa67 (1741 9.62 0 9.00 2 77.00){0.00 0.00 0.00 0.00 7.20 0}{7.20 9.00 9.56 15.00 18.00 1738}{18.00 23.00 23.00 23.00 28.00 1}{28.00 29.00 29.00 29.00 30.00 1}{30.00 77.00 77.00 77.00 124.00 1}
COMP 4c-0: 47a406_47a7db_47a946_47aa67 (1741 25.63 0 25.00 0 27.00){0.00 0.00 0.00 0.00 10.40 0}{10.40 0.00 0.00 0.00 20.80 0}{20.80 25.00 25.62 27.00 31.20 1741}{31.20 0.00 0.00 0.00 41.60 0}{41.60 0.00 0.00 0.00 52.00 0}
COMM 4b-0: 47a406_47a7db_47a946_47aa67 (1741 870.31 2 227.00 3 4500.00){0.00 227.00 478.38 914.00 938.00 1250}{938.00 974.00 1226.62 1271.50 1314.00 13}{1314.00 1393.48 1848.51 2243.48 2454.00 467}{2454.00 2792.00 3203.12 3541.00 3952.00 8}{3952.00 4049.00 4266.00 4500.00 5048.00 3}
1c 9999 

RANKS: 1 -1 2 1 0
EVENT30: 1113 48253a_4828ba_4829f3_482ae7
COMP 4b-0: 47da79_47de3e_47dfa8_47e0c7 (49352 489.57 2 470.00 2 712.00){0.00 0.00 0.00 0.00 202.80 0}{202.80 0.00 0.00 0.00 405.60 0}{405.60 470.00 489.19 608.00 608.40 49226}{608.40 609.50 637.73 712.00 811.20 126}{811.20 0.00 0.00 0.00 1014.00 0}
COMP 4b-1: 48b495_48b719_48b7ed_48b8a6 (248 230.47 2 227.00 2 350.00){0.00 0.00 0.00 0.00 91.20 0}{91.20 0.00 0.00 0.00 182.40 0}{182.40 227.00 229.81 245.00 273.60 246}{273.60 274.00 312.00 350.00 364.80 2}{364.80 0.00 0.00 0.00 456.00 0}
COMP 4c-0: 47da79_47de3e_47dfa8_47e0c7 (49352 1707.32 2 1690.00 2 1721.00){0.00 0.00 0.00 0.00 686.40 0}{686.40 0.00 0.00 0.00 1372.80 0}{1372.80 1690.00 1707.32 1721.00 2059.20 49352}{2059.20 0.00 0.00 0.00 2745.60 0}{2745.60 0.00 0.00 0.00 3432.00 0}
COMP 4c-1: 48b495_48b719_48b7ed_48b8a6 (248 384.88 2 384.00 2 386.00){0.00 0.00 0.00 0.00 153.60 0}{153.60 0.00 0.00 0.00 307.20 0}{307.20 384.00 384.89 386.00 460.80 248}{460.80 0.00 0.00 0.00 614.40 0}{614.40 0.00 0.00 0.00 768.00 0}
COMM 4b-0: 47da79_47de3e_47dfa8_47e0c7 (49352 3.39 2 2.00 2 119.00){0.00 2.00 3.06 4.00 5.60 47628}{5.60 7.00 7.53 8.00 8.40 254}{8.40 9.00 13.11 16.00 16.00 1450}{16.00 17.00 21.33 24.00 24.00 18}{24.00 115.00 117.00 119.00 206.00 2}
COMM 4b-1: 48b495_48b719_48b7ed_48b8a6 (248 231.61 2 230.00 2 243.00){0.00 0.00 0.00 0.00 92.40 0}{92.40 0.00 0.00 0.00 184.80 0}{184.80 230.00 231.62 243.00 277.20 248}{277.20 0.00 0.00 0.00 369.60 0}{369.60 0.00 0.00 0.00 462.00 0}
LOOP0: iter: ( 200 )[ 1 -1 2 1 0 ] mem: ( 2 )[ 1 -1 2 1 0 ]
10 2 
12 52020 250 250 250 250 250 250 250 250 250 250 250 250 250 250 250 250 250 250 250 250 250 250 250 250 250 250 250 250 250 250 250 250 250 250 250 250 250 250 250 250 250 250 250 250 250 250 250 250 250 250 250 250 250 250 250 250 250 250 250 250 250 250 250 250 250 250 250 250 250 250 250 250 250 250 250 250 250 250 250 250 250 250 250 250 250 250 250 250 250 250 250 250 250 250 250 250 250 250 250 250 250 250 250 250 250 250 250 250 250 250 250 250 250 250 250 250 250 250 250 250 250 250 250 250 250 250 250 250 250 250 250 250 250 250 250 250 250 250 250 250 250 250 250 250 250 250 250 250 250 250 250 250 250 250 250 250 250 250 250 250 250 250 250 250 250 250 250 250 250 250 250 250 250 250 250 250 250 250 250 250 250 250 250 250 250 250 250 250 250 250 250 250 250 250 250 250 250 250 250 
14 16 
1a 2 1 1 1 1 1 1 1 1 1 1 1 1 1 1 1 1 1 1 1 1 1 1 1 1 1 1 1 1 1 1 1 1 1 1 1 1 1 1 1 1 1 1 1 1 1 1 1 1 1 1 1 1 1 1 1 1 1 1 1 1 1 1 1 1 1 1 1 1 1 1 1 1 1 1 1 1 1 1 1 1 1 1 1 1 1 1 1 1 1 1 1 1 1 1 1 1 1 1 1 1 2 2 2 2 2 2 2 2 2 2 2 2 2 2 2 2 2 2 2 2 2 2 2 2 2 2 2 2 2 2 2 2 2 2 2 2 2 2 2 2 2 2 2 2 2 2 2 2 2 2 2 2 2 2 2 2 2 2 2 2 2 2 2 2 2 2 2 2 2 2 2 2 2 2 2 2 2 2 2 2 2 2 2 2 2 2 2 2 2 2 2 2 2 2 2 2 2 2 2 
1b 0 

RANKS: 1 -1 2 1 0
EVENT31: 1102 47da79_47de3e_47dfa8_47e0c7
COMP 4b-0: 48253a_4828ba_4829f3_482ae7 (49600 599.62 2 354.00 2 47756.00){0.00 354.00 371.25 581.00 18568.80 49352}{18568.80 0.00 0.00 0.00 37137.60 0}{37137.60 45772.00 45860.24 47756.00 55706.40 248}{55706.40 0.00 0.00 0.00 74275.20 0}{74275.20 0.00 0.00 0.00 92844.00 0}
COMP 4c-0: 48253a_4828ba_4829f3_482ae7 (49600 2848.39 2 1820.00 2 196648.00){0.00 1820.00 1870.60 1922.00 78658.80 49352}{78658.80 0.00 0.00 0.00 157317.60 0}{157317.60 196647.00 196647.06 196648.00 235976.40 248}{235976.40 0.00 0.00 0.00 314635.20 0}{314635.20 0.00 0.00 0.00 393294.00 0}
COMM 4b-0: 48253a_4828ba_4829f3_482ae7 (49600 13.53 2 1.00 2 3274.00){0.00 1.00 3.76 22.00 23.20 49029}{23.20 24.00 31.95 55.00 58.00 60}{58.00 63.00 940.10 2413.00 3034.00 509}{3034.00 3127.00 3127.00 3127.00 3220.00 1}{3220.00 3274.00 3274.00 3274.00 3328.00 1}
10 2 
12 250 
14 16 
1b 0 
2b 2 2 2 2 2 2 2 2 2 2 2 2 2 2 2 2 2 2 2 2 2 2 2 2 2 2 2 2 2 2 2 2 2 2 2 2 2 2 2 2 2 2 2 2 2 2 2 2 2 2 2 2 2 2 2 2 2 2 2 2 2 2 2 2 2 2 2 2 2 2 2 2 2 2 2 2 2 2 2 2 2 2 2 2 2 2 2 2 2 2 2 2 2 2 2 2 2 2 2 2 1 1 1 1 1 1 1 1 1 1 1 1 1 1 1 1 1 1 1 1 1 1 1 1 1 1 1 1 1 1 1 1 1 1 1 1 1 1 1 1 1 1 1 1 1 1 1 1 1 1 1 1 1 1 1 1 1 1 1 1 1 1 1 1 1 1 1 1 1 1 1 1 1 1 1 1 1 1 1 1 1 1 1 1 1 1 1 1 1 1 1 1 1 1 1 1 1 1 1 1 

RANKS: 1 -1 0 4 1
EVENT32: 1113 48253a_4828ba_4829f3_482ae7
COMP 4b-0: 47da79_47de3e_47dfa8_47e0c7 (248 474.12 2 472.00 2 612.00){0.00 0.00 0.00 0.00 189.20 0}{189.20 0.00 0.00 0.00 378.40 0}{378.40 472.00 473.57 482.00 567.60 247}{567.60 612.00 612.00 612.00 756.80 1}{756.80 0.00 0.00 0.00 946.00 0}
COMP 4b-1: 48253a_4828ba_4829f3_482ae7 (696 9695.98 0 10.00 1 22033.00){0.00 0.00 0.00 0.00 8.00 0}{8.00 10.00 10.70 12.00 16.00 99}{16.00 19.00 19.00 19.00 20.00 1}{20.00 873.00 877.96 978.00 1728.00 99}{1728.00 5447.00 13420.71 22033.00 40858.00 497}
COMP 4b-2: 48b495_48b719_48b7ed_48b8a6 (748 409.82 3 221.00 0 46675.00){0.00 221.00 285.95 390.00 18670.00 747}{18670.00 0.00 0.00 0.00 37340.00 0}{37340.00 46675.00 46675.00 46675.00 56010.00 1}{56010.00 0.00 0.00 0.00 74680.00 0}{74680.00 0.00 0.00 0.00 93350.00 0}
COMP 4c-0: 47da79_47de3e_47dfa8_47e0c7 (248 1694.72 2 1692.00 2 1695.00){0.00 0.00 0.00 0.00 677.60 0}{677.60 0.00 0.00 0.00 1355.20 0}{1355.20 1692.00 1694.73 1695.00 2032.80 248}{2032.80 0.00 0.00 0.00 2710.40 0}{2710.40 0.00 0.00 0.00 3388.00 0}
COMP 4c-1: 48253a_4828ba_4829f3_482ae7 (696 42420.59 0 25.00 1 93676.00){0.00 0.00 0.00 0.00 10.00 0}{10.00 0.00 0.00 0.00 20.00 0}{20.00 25.00 28.96 29.00 50.00 100}{50.00 3612.00 3612.99 3613.00 7174.00 99}{7174.00 23715.00 58765.68 93676.00 180176.00 497}
COMP 4c-2: 48b495_48b719_48b7ed_48b8a6 (748 910.62 1 381.00 0 198491.00){0.00 381.00 381.62 382.00 79396.40 747}{79396.40 0.00 0.00 0.00 158792.80 0}{158792.80 198491.00 198491.00 198491.00 238189.20 1}{238189.20 0.00 0.00 0.00 317585.60 0}{317585.60 0.00 0.00 0.00 396982.00 0}
COMM 4b-0: 47da79_47de3e_47dfa8_47e0c7 (248 3.08 2 3.00 2 12.00){0.00 0.00 0.00 0.00 1.20 0}{1.20 0.00 0.00 0.00 2.40 0}{2.40 3.00 3.00 3.00 3.60 235}{3.60 4.00 4.00 4.00 6.00 12}{6.00 12.00 12.00 12.00 18.00 1}
COMM 4b-1: 48253a_4828ba_4829f3_482ae7 (696 174.93 0 1.00 2 285.00){0.00 1.00 1.00 1.00 1.20 4}{1.20 2.00 2.00 2.00 2.40 93}{2.40 3.00 3.00 3.00 6.00 98}{6.00 11.00 19.75 24.00 42.00 4}{42.00 241.00 244.19 285.00 440.00 497}
COMM 4b-2: 48b495_48b719_48b7ed_48b8a6 (748 233.35 0 10.00 1 273.00){0.00 0.00 0.00 0.00 4.00 0}{4.00 0.00 0.00 0.00 8.00 0}{8.00 10.00 10.00 10.00 16.00 1}{16.00 0.00 0.00 0.00 20.00 0}{20.00 230.00 233.95 273.00 440.00 747}
LOOP0: iter: ( 200 )[ 1 -1 0 1 0 ]( 2 )[ 1 -1 1 2 1 ] mem: ( 1 )[ 1 -1 0 3 1 ]
10 2 
12 ( 250 )[ 1 -1 0 1 0 ]
12 ( 52020 )[ 1 -1 1 2 2 ]
12 ( 250 52020 )[ 1 -1 2 1 0 ]
14 16 
1a ( 1 2 )[ 1 -1 0 1 0 ]
1a ( 3 2 )[ 1 -1 1 2 2 ]
1a ( 2 1 )[ 1 -1 2 1 0 ]
1b 0 

RANKS: 1 -1 1 2 1
EVENT33: 1090 47a406_47a7db_47a946_47aa67
COMP 4b-0: 48253a_4828ba_4829f3_482ae7 (250 11.51 1 10.00 1 22.00){0.00 0.00 0.00 0.00 4.40 0}{4.40 0.00 0.00 0.00 8.80 0}{8.80 10.00 11.44 13.00 13.20 248}{13.20 0.00 0.00 0.00 17.60 0}{17.60 20.00 21.00 22.00 22.00 2}
COMP 4b-1: 48b495_48b719_48b7ed_48b8a6 (1 21326.00 2 21326.00 2 21326.00){0.00 0.00 0.00 0.00 8530.40 0}{8530.40 0.00 0.00 0.00 17060.80 0}{17060.80 21326.00 21326.00 21326.00 25591.20 1}{25591.20 0.00 0.00 0.00 34121.60 0}{34121.60 0.00 0.00 0.00 42652.00 0}
COMP 4c-0: 48253a_4828ba_4829f3_482ae7 (250 27.12 1 27.00 2 43.00){0.00 0.00 0.00 0.00 10.80 0}{10.80 0.00 0.00 0.00 21.60 0}{21.60 27.00 27.06 28.00 32.40 249}{32.40 43.00 43.00 43.00 43.20 1}{43.20 0.00 0.00 0.00 54.00 0}
COMP 4c-1: 48b495_48b719_48b7ed_48b8a6 (1 93606.00 2 93606.00 2 93606.00){0.00 0.00 0.00 0.00 37442.40 0}{37442.40 0.00 0.00 0.00 74884.80 0}{74884.80 93606.00 93606.00 93606.00 112327.20 1}{112327.20 0.00 0.00 0.00 149769.60 0}{149769.60 0.00 0.00 0.00 187212.00 0}
COMM 4b-0: 48253a_4828ba_4829f3_482ae7 (250 1.96 1 1.00 1 3.00){0.00 0.00 0.00 0.00 0.80 0}{0.80 1.00 1.00 1.00 1.60 17}{1.60 2.00 2.00 2.00 2.40 225}{2.40 3.00 3.00 3.00 3.20 8}{3.20 0.00 0.00 0.00 4.00 0}
COMM 4b-1: 48b495_48b719_48b7ed_48b8a6 (1 3.00 2 3.00 2 3.00){0.00 0.00 0.00 0.00 1.20 0}{1.20 0.00 0.00 0.00 2.40 0}{2.40 3.00 3.00 3.00 3.60 1}{3.60 0.00 0.00 0.00 4.80 0}{4.80 0.00 0.00 0.00 6.00 0}
LOOP0: iter: ( 2 )[ 1 -1 2 1 0 ] mem: ( 2 )[ 1 -1 2 1 0 ]
10 2 
12 52020 
14 16 
1b 0 
2b 2147483647 

RANKS: 1 -1 1 2 1
EVENT34: 1148 48b495_48b719_48b7ed_48b8a6
COMP 4b-0: 47a406_47a7db_47a946_47aa67 (251 9.27 1 8.00 1 33.00){0.00 0.00 0.00 0.00 4.00 0}{4.00 8.00 8.00 8.00 8.00 4}{8.00 9.00 9.19 10.00 16.00 246}{16.00 0.00 0.00 0.00 20.00 0}{20.00 33.00 33.00 33.00 46.00 1}
COMP 4c-0: 47a406_47a7db_47a946_47aa67 (251 25.62 1 25.00 1 27.00){0.00 0.00 0.00 0.00 10.40 0}{10.40 0.00 0.00 0.00 20.80 0}{20.80 25.00 25.62 27.00 31.20 251}{31.20 0.00 0.00 0.00 41.60 0}{41.60 0.00 0.00 0.00 52.00 0}
COMM 4b-0: 47a406_47a7db_47a946_47aa67 (251 355.69 1 263.00 2 548.00){0.00 0.00 0.00 0.00 140.40 0}{140.40 263.00 265.00 267.00 280.80 2}{280.80 332.00 355.66 408.00 421.20 248}{421.20 548.00 548.00 548.00 561.60 1}{561.60 0.00 0.00 0.00 702.00 0}
1c 9999 

RANKS: 1 -1 2 1 0
EVENT35: 1113 48253a_4828ba_4829f3_482ae7
COMP 4b-0: 47da79_47de3e_47dfa8_47e0c7 (199 490.21 2 471.00 2 619.00){0.00 0.00 0.00 0.00 202.00 0}{202.00 0.00 0.00 0.00 404.00 0}{404.00 471.00 489.48 534.00 606.00 198}{606.00 619.00 619.00 619.00 808.00 1}{808.00 0.00 0.00 0.00 1010.00 0}
COMP 4b-1: 48b495_48b719_48b7ed_48b8a6 (1 244.00 2 244.00 2 244.00){0.00 0.00 0.00 0.00 97.60 0}{97.60 0.00 0.00 0.00 195.20 0}{195.20 244.00 244.00 244.00 292.80 1}{292.80 0.00 0.00 0.00 390.40 0}{390.40 0.00 0.00 0.00 488.00 0}
COMP 4c-0: 47da79_47de3e_47dfa8_47e0c7 (199 1707.55 2 1691.00 2 1720.00){0.00 0.00 0.00 0.00 686.40 0}{686.40 0.00 0.00 0.00 1372.80 0}{1372.80 1691.00 1707.51 1720.00 2059.20 199}{2059.20 0.00 0.00 0.00 2745.60 0}{2745.60 0.00 0.00 0.00 3432.00 0}
COMP 4c-1: 48b495_48b719_48b7ed_48b8a6 (1 385.00 2 385.00 2 385.00){0.00 0.00 0.00 0.00 154.00 0}{154.00 0.00 0.00 0.00 308.00 0}{308.00 385.00 385.00 385.00 462.00 1}{462.00 0.00 0.00 0.00 616.00 0}{616.00 0.00 0.00 0.00 770.00 0}
COMM 4b-0: 47da79_47de3e_47dfa8_47e0c7 (199 3.33 2 3.00 2 15.00){0.00 0.00 0.00 0.00 2.80 0}{2.80 3.00 3.04 4.00 5.60 193}{5.60 7.00 7.00 7.00 11.20 1}{11.20 12.00 12.75 14.00 14.00 4}{14.00 15.00 15.00 15.00 16.00 1}
COMM 4b-1: 48b495_48b719_48b7ed_48b8a6 (1 232.00 2 232.00 2 232.00){0.00 0.00 0.00 0.00 92.80 0}{92.80 0.00 0.00 0.00 185.60 0}{185.60 232.00 232.00 232.00 278.40 1}{278.40 0.00 0.00 0.00 371.20 0}{371.20 0.00 0.00 0.00 464.00 0}
LOOP0: iter: ( 200 )[ 1 -1 2 1 0 ] mem: ( 2 )[ 1 -1 2 1 0 ]
10 2 
12 52020 250 250 250 250 250 250 250 250 250 250 250 250 250 250 250 250 250 250 250 250 250 250 250 250 250 250 250 250 250 250 250 250 250 250 250 250 250 250 250 250 250 250 250 250 250 250 250 250 250 250 250 250 250 250 250 250 250 250 250 250 250 250 250 250 250 250 250 250 250 250 250 250 250 250 250 250 250 250 250 250 250 250 250 250 250 250 250 250 250 250 250 250 250 250 250 250 250 250 250 250 250 250 250 250 250 250 250 250 250 250 250 250 250 250 250 250 250 250 250 250 250 250 250 250 250 250 250 250 250 250 250 250 250 250 250 250 250 250 250 250 250 250 250 250 250 250 250 250 250 250 250 250 250 250 250 250 250 250 250 250 250 250 250 250 250 250 250 250 250 250 250 250 250 250 250 250 250 250 250 250 250 250 250 250 250 250 250 250 250 250 250 250 250 250 250 250 250 250 250 
14 16 
1a 2 1 1 1 1 1 1 1 1 1 1 1 1 1 1 1 1 1 1 1 1 1 1 1 1 1 1 1 1 1 1 1 1 1 1 1 1 1 1 1 1 1 1 1 1 1 1 1 1 1 1 1 1 1 1 1 1 1 1 1 1 1 1 1 1 1 1 1 1 1 1 1 1 1 1 1 1 1 1 1 1 1 1 1 1 1 1 1 1 1 1 1 1 1 1 1 1 1 1 1 1 2 2 2 2 2 2 2 2 2 2 2 2 2 2 2 2 2 2 2 2 2 2 2 2 2 2 2 2 2 2 2 2 2 2 2 2 2 2 2 2 2 2 2 2 2 2 2 2 2 2 2 2 2 2 2 2 2 2 2 2 2 2 2 2 2 2 2 2 2 2 2 2 2 2 2 2 2 2 2 2 2 2 2 2 2 2 2 2 2 2 2 2 2 2 2 2 2 2 2 
1b 0 

RANKS: 1 -1 0 4 1
EVENT36: 1102 47da79_47de3e_47dfa8_47e0c7
COMP 4b-0: 47da79_47de3e_47dfa8_47e0c7 (398 426.29 3 10.00 3 895.00){0.00 0.00 0.00 0.00 4.40 0}{4.40 0.00 0.00 0.00 8.80 0}{8.80 10.00 11.50 12.00 17.60 199}{17.60 18.00 18.00 18.00 22.00 1}{22.00 814.00 847.33 895.00 1614.00 198}
COMP 4b-1: 48253a_4828ba_4829f3_482ae7 (401 598.56 2 355.00 3 45802.00){0.00 0.00 0.00 0.00 144.40 0}{144.40 0.00 0.00 0.00 288.80 0}{288.80 355.00 372.60 494.00 577.60 399}{577.60 0.00 0.00 0.00 722.00 0}{722.00 45790.00 45796.00 45802.00 90882.00 2}
COMP 4b-2: 48b495_48b719_48b7ed_48b8a6 (1 45784.00 1 45784.00 1 45784.00){0.00 0.00 0.00 0.00 18313.60 0}{18313.60 0.00 0.00 0.00 36627.20 0}{36627.20 45784.00 45784.00 45784.00 54940.80 1}{54940.80 0.00 0.00 0.00 73254.40 0}{73254.40 0.00 0.00 0.00 91568.00 0}
COMP 4c-0: 47da79_47de3e_47dfa8_47e0c7 (398 1776.46 3 26.00 3 3613.00){0.00 0.00 0.00 0.00 10.80 0}{10.80 0.00 0.00 0.00 21.60 0}{21.60 26.00 29.41 30.00 43.20 200}{43.20 0.00 0.00 0.00 54.00 0}{54.00 3486.00 3549.99 3613.00 6918.00 198}
COMP 4c-1: 48253a_4828ba_4829f3_482ae7 (401 2841.45 2 1820.00 3 196668.00){0.00 0.00 0.00 0.00 729.20 0}{729.20 0.00 0.00 0.00 1458.40 0}{1458.40 1820.00 1872.49 1925.00 2916.80 399}{2916.80 0.00 0.00 0.00 3646.00 0}{3646.00 196647.00 196657.50 196668.00 389690.00 2}
COMP 4c-2: 48b495_48b719_48b7ed_48b8a6 (1 196792.00 1 196792.00 1 196792.00){0.00 0.00 0.00 0.00 78716.80 0}{78716.80 0.00 0.00 0.00 157433.60 0}{157433.60 196792.00 196792.00 196792.00 236150.40 1}{236150.40 0.00 0.00 0.00 314867.20 0}{314867.20 0.00 0.00 0.00 393584.00 0}
COMM 4b-0: 47da79_47de3e_47dfa8_47e0c7 (398 7.85 0 1.00 0 213.00){0.00 1.00 2.18 4.00 4.00 211}{4.00 5.00 11.55 22.00 22.00 179}{22.00 23.00 25.25 27.00 28.00 4}{28.00 37.00 37.00 37.00 46.00 1}{46.00 94.00 154.67 213.00 380.00 3}
COMM 4b-1: 48253a_4828ba_4829f3_482ae7 (401 30.95 1 2.00 0 2598.00){0.00 2.00 7.44 1034.00 1039.20 397}{1039.20 1187.00 1431.33 1592.00 2078.40 3}{2078.40 2598.00 2598.00 2598.00 3117.60 1}{3117.60 0.00 0.00 0.00 4156.80 0}{4156.80 0.00 0.00 0.00 5196.00 0}
COMM 4b-2: 48b495_48b719_48b7ed_48b8a6 (1 991.00 1 991.00 1 991.00){0.00 0.00 0.00 0.00 396.40 0}{396.40 0.00 0.00 0.00 792.80 0}{792.80 991.00 991.00 991.00 1189.20 1}{1189.20 0.00 0.00 0.00 1585.60 0}{1585.60 0.00 0.00 0.00 1982.00 0}
LOOP0: iter: ( 200 )[ 2 -1 0 2 1 -1 3 1 0 ] mem: ( 1 )[ 1 -1 0 2 3 ]( 2 )[ 1 -1 1 1 0 ]
10 2 
12 250 
14 16 
1b 0 
2b ( 1 2 )[ 1 -1 0 1 0 ]
2b ( 3 3 3 3 3 3 3 3 3 3 3 3 3 3 3 3 3 3 3 3 3 3 3 3 3 3 3 3 3 3 3 3 3 3 3 3 3 3 3 3 3 3 3 3 3 3 3 3 3 3 3 3 3 3 3 3 3 3 3 3 3 3 3 3 3 3 3 3 3 3 3 3 3 3 3 3 3 3 3 3 3 3 3 3 3 3 3 3 3 3 3 3 3 3 3 3 3 3 3 3 2 2 2 2 2 2 2 2 2 2 2 2 2 2 2 2 2 2 2 2 2 2 2 2 2 2 2 2 2 2 2 2 2 2 2 2 2 2 2 2 2 2 2 2 2 2 2 2 2 2 2 2 2 2 2 2 2 2 2 2 2 2 2 2 2 2 2 2 2 2 2 2 2 2 2 2 2 2 2 2 2 2 2 2 2 2 2 2 2 2 2 2 2 2 2 2 2 2 2 2 )[ 1 -1 1 1 0 ]
2b ( 3 2 )[ 1 -1 3 1 0 ]
2b ( 2 2 2 2 2 2 2 2 2 2 2 2 2 2 2 2 2 2 2 2 2 2 2 2 2 2 2 2 2 2 2 2 2 2 2 2 2 2 2 2 2 2 2 2 2 2 2 2 2 2 2 2 2 2 2 2 2 2 2 2 2 2 2 2 2 2 2 2 2 2 2 2 2 2 2 2 2 2 2 2 2 2 2 2 2 2 2 2 2 2 2 2 2 2 2 2 2 2 2 2 1 1 1 1 1 1 1 1 1 1 1 1 1 1 1 1 1 1 1 1 1 1 1 1 1 1 1 1 1 1 1 1 1 1 1 1 1 1 1 1 1 1 1 1 1 1 1 1 1 1 1 1 1 1 1 1 1 1 1 1 1 1 1 1 1 1 1 1 1 1 1 1 1 1 1 1 1 1 1 1 1 1 1 1 1 1 1 1 1 1 1 1 1 1 1 1 1 1 1 1 )[ 1 -1 2 1 0 ]

RANKS: 1 -1 1 3 1
EVENT37: 1113 48253a_4828ba_4829f3_482ae7
COMP 4b-0: 47da79_47de3e_47dfa8_47e0c7 (202 489.64 1 467.00 3 1306.00){0.00 0.00 0.00 0.00 201.60 0}{201.60 0.00 0.00 0.00 403.20 0}{403.20 467.00 485.51 520.00 806.40 201}{806.40 0.00 0.00 0.00 1008.00 0}{1008.00 1306.00 1306.00 1306.00 1604.00 1}
COMP 4b-1: 48253a_4828ba_4829f3_482ae7 (199 409.49 3 8.00 3 826.00){0.00 0.00 0.00 0.00 3.20 0}{3.20 0.00 0.00 0.00 6.40 0}{6.40 8.00 10.16 11.00 12.80 100}{12.80 0.00 0.00 0.00 16.00 0}{16.00 812.00 816.90 826.00 1610.00 99}
COMP 4c-0: 47da79_47de3e_47dfa8_47e0c7 (202 1719.67 1 1690.00 3 5176.00){0.00 0.00 0.00 0.00 685.60 0}{685.60 0.00 0.00 0.00 1371.20 0}{1371.20 1690.00 1702.50 1716.00 2742.40 201}{2742.40 0.00 0.00 0.00 3428.00 0}{3428.00 5176.00 5176.00 5176.00 6924.00 1}
COMP 4c-1: 48253a_4828ba_4829f3_482ae7 (199 1740.63 3 26.00 3 3487.00){0.00 0.00 0.00 0.00 10.40 0}{10.40 0.00 0.00 0.00 20.80 0}{20.80 26.00 28.97 29.00 41.60 100}{41.60 0.00 0.00 0.00 52.00 0}{52.00 3486.00 3486.91 3487.00 6920.00 99}
COMM 4b-0: 47da79_47de3e_47dfa8_47e0c7 (202 3.07 1 2.00 1 15.00){0.00 2.00 2.00 2.00 2.80 30}{2.80 3.00 3.01 4.00 5.60 167}{5.60 6.00 6.50 7.00 8.40 2}{8.40 11.00 11.00 11.00 11.20 1}{11.20 14.00 14.50 15.00 16.00 2}
COMM 4b-1: 48253a_4828ba_4829f3_482ae7 (199 2.42 3 1.00 3 22.00){0.00 0.00 0.00 0.00 0.80 0}{0.80 1.00 1.00 1.00 1.60 30}{1.60 2.00 2.00 2.00 2.40 106}{2.40 3.00 3.00 3.00 4.00 60}{4.00 16.00 20.00 22.00 40.00 3}
LOOP0: iter: ( 200 )[ 1 -1 3 1 0 ] mem: ( 1 )[ 1 -1 3 1 0 ]
10 2 
12 250 
14 16 
1a ( 2 2 2 2 2 2 2 2 2 2 2 2 2 2 2 2 2 2 2 2 2 2 2 2 2 2 2 2 2 2 2 2 2 2 2 2 2 2 2 2 2 2 2 2 2 2 2 2 2 2 2 2 2 2 2 2 2 2 2 2 2 2 2 2 2 2 2 2 2 2 2 2 2 2 2 2 2 2 2 2 2 2 2 2 2 2 2 2 2 2 2 2 2 2 2 2 2 2 2 2 3 3 3 3 3 3 3 3 3 3 3 3 3 3 3 3 3 3 3 3 3 3 3 3 3 3 3 3 3 3 3 3 3 3 3 3 3 3 3 3 3 3 3 3 3 3 3 3 3 3 3 3 3 3 3 3 3 3 3 3 3 3 3 3 3 3 3 3 3 3 3 3 3 3 3 3 3 3 3 3 3 3 3 3 3 3 3 3 3 3 3 3 3 3 3 3 3 3 3 3 )[ 1 -1 1 1 0 ]
1a ( 3 2 )[ 1 -1 3 1 0 ]
1a ( 2 )[ 1 -1 2 1 0 ]
1b 0 

RANKS: 1 -1 0 4 1
EVENT38: 1004 46a96f_46accf_46ae12_46af04
COMP 4b-0: 47da79_47de3e_47dfa8_47e0c7 (1 4813.00 0 4813.00 0 4813.00){0.00 0.00 0.00 0.00 1925.20 0}{1925.20 0.00 0.00 0.00 3850.40 0}{3850.40 4813.00 4813.00 4813.00 5775.60 1}{5775.60 0.00 0.00 0.00 7700.80 0}{7700.80 0.00 0.00 0.00 9626.00 0}
COMP 4b-1: 48253a_4828ba_4829f3_482ae7 (3 4369.25 3 4289.00 2 4492.00){0.00 0.00 0.00 0.00 1739.20 0}{1739.20 0.00 0.00 0.00 3478.40 0}{3478.40 4289.00 4376.33 4492.00 5217.60 3}{5217.60 0.00 0.00 0.00 6956.80 0}{6956.80 0.00 0.00 0.00 8696.00 0}
COMP 4c-0: 47da79_47de3e_47dfa8_47e0c7 (1 24535.00 0 24535.00 0 24535.00){0.00 0.00 0.00 0.00 9814.00 0}{9814.00 0.00 0.00 0.00 19628.00 0}{19628.00 24535.00 24535.00 24535.00 29442.00 1}{29442.00 0.00 0.00 0.00 39256.00 0}{39256.00 0.00 0.00 0.00 49070.00 0}
COMP 4c-1: 48253a_4828ba_4829f3_482ae7 (3 22870.75 2 22868.00 1 22872.00){0.00 0.00 0.00 0.00 9148.80 0}{9148.80 0.00 0.00 0.00 18297.60 0}{18297.60 22868.00 22870.33 22872.00 27446.40 3}{27446.40 0.00 0.00 0.00 36595.20 0}{36595.20 0.00 0.00 0.00 45744.00 0}
COMM 4b-0: 47da79_47de3e_47dfa8_47e0c7 (1 18.00 0 18.00 0 18.00){0.00 0.00 0.00 0.00 7.20 0}{7.20 0.00 0.00 0.00 14.40 0}{14.40 18.00 18.00 18.00 21.60 1}{21.60 0.00 0.00 0.00 28.80 0}{28.80 0.00 0.00 0.00 36.00 0}
COMM 4b-1: 48253a_4828ba_4829f3_482ae7 (3 1412.00 2 353.00 3 2661.00){0.00 353.00 353.00 353.00 526.80 1}{526.80 0.00 0.00 0.00 1053.60 0}{1053.60 1317.00 1317.00 1317.00 2107.20 1}{2107.20 0.00 0.00 0.00 2634.00 0}{2634.00 2661.00 2661.00 2661.00 2688.00 1}
10 2 
12 5 
14 16 
18 3 

RANKS: 1 -1 0 2 2
EVENT39: 1113 48253a_4828ba_4829f3_482ae7
COMP 4b-0: 46a96f_46accf_46ae12_46af04 (2 2615.33 2 2586.00 0 2630.00){0.00 0.00 0.00 0.00 1052.00 0}{1052.00 0.00 0.00 0.00 2104.00 0}{2104.00 2586.00 2608.00 2630.00 3156.00 2}{3156.00 0.00 0.00 0.00 4208.00 0}{4208.00 0.00 0.00 0.00 5260.00 0}
COMP 4b-1: 48b495_48b719_48b7ed_48b8a6 (1 21431.00 0 21431.00 0 21431.00){0.00 0.00 0.00 0.00 8572.40 0}{8572.40 0.00 0.00 0.00 17144.80 0}{17144.80 21431.00 21431.00 21431.00 25717.20 1}{25717.20 0.00 0.00 0.00 34289.60 0}{34289.60 0.00 0.00 0.00 42862.00 0}
COMP 4c-0: 46a96f_46accf_46ae12_46af04 (2 11669.33 0 11669.00 2 11670.00){0.00 0.00 0.00 0.00 4667.60 0}{4667.60 0.00 0.00 0.00 9335.20 0}{9335.20 11669.00 11669.50 11670.00 14002.80 2}{14002.80 0.00 0.00 0.00 18670.40 0}{18670.40 0.00 0.00 0.00 23338.00 0}
COMP 4c-1: 48b495_48b719_48b7ed_48b8a6 (1 93789.00 0 93789.00 0 93789.00){0.00 0.00 0.00 0.00 37515.60 0}{37515.60 0.00 0.00 0.00 75031.20 0}{75031.20 93789.00 93789.00 93789.00 112546.80 1}{112546.80 0.00 0.00 0.00 150062.40 0}{150062.40 0.00 0.00 0.00 187578.00 0}
COMM 4b-0: 46a96f_46accf_46ae12_46af04 (2 242.33 0 241.00 2 245.00){0.00 0.00 0.00 0.00 96.40 0}{96.40 0.00 0.00 0.00 192.80 0}{192.80 241.00 243.00 245.00 289.20 2}{289.20 0.00 0.00 0.00 385.60 0}{385.60 0.00 0.00 0.00 482.00 0}
COMM 4b-1: 48b495_48b719_48b7ed_48b8a6 (1 332.00 0 332.00 0 332.00){0.00 0.00 0.00 0.00 132.80 0}{132.80 0.00 0.00 0.00 265.60 0}{265.60 332.00 332.00 332.00 398.40 1}{398.40 0.00 0.00 0.00 531.20 0}{531.20 0.00 0.00 0.00 664.00 0}
LOOP0: iter: ( 2 )[ 1 -1 0 1 0 ] mem: ( 3 )[ 1 -1 0 1 0 ]
10 2 
12 52020 
14 16 
1a ( 1 2 )[ 1 -1 0 1 0 ]
1a ( 1 )[ 1 -1 2 1 0 ]
1b 0 

RANKS: 1 -1 0 4 1
EVENT40: 1090 47a406_47a7db_47a946_47aa67
COMP 4b-0: 46a96f_46accf_46ae12_46af04 (2 2382.00 1 2365.00 3 2416.00){0.00 0.00 0.00 0.00 946.00 0}{946.00 0.00 0.00 0.00 1892.00 0}{1892.00 2365.00 2390.50 2416.00 2838.00 2}{2838.00 0.00 0.00 0.00 3784.00 0}{3784.00 0.00 0.00 0.00 4730.00 0}
COMP 4b-1: 48253a_4828ba_4829f3_482ae7 (4 4253.40 0 10.00 3 21226.00){0.00 0.00 0.00 0.00 4.00 0}{4.00 0.00 0.00 0.00 8.00 0}{8.00 10.00 10.33 11.00 16.00 3}{16.00 0.00 0.00 0.00 20.00 0}{20.00 21226.00 21226.00 21226.00 42432.00 1}
COMP 4b-2: 48b495_48b719_48b7ed_48b8a6 (1 21497.00 2 21497.00 2 21497.00){0.00 0.00 0.00 0.00 8598.80 0}{8598.80 0.00 0.00 0.00 17197.60 0}{17197.60 21497.00 21497.00 21497.00 25796.40 1}{25796.40 0.00 0.00 0.00 34395.20 0}{34395.20 0.00 0.00 0.00 42994.00 0}
COMP 4c-0: 46a96f_46accf_46ae12_46af04 (2 11481.00 1 11481.00 1 11481.00){0.00 0.00 0.00 0.00 4592.40 0}{4592.40 0.00 0.00 0.00 9184.80 0}{9184.80 11481.00 11481.00 11481.00 13777.20 2}{13777.20 0.00 0.00 0.00 18369.60 0}{18369.60 0.00 0.00 0.00 22962.00 0}
COMP 4c-1: 48253a_4828ba_4829f3_482ae7 (4 18718.60 0 25.00 3 93492.00){0.00 0.00 0.00 0.00 10.00 0}{10.00 0.00 0.00 0.00 20.00 0}{20.00 25.00 25.33 26.00 40.00 3}{40.00 0.00 0.00 0.00 50.00 0}{50.00 93492.00 93492.00 93492.00 186934.00 1}
COMP 4c-2: 48b495_48b719_48b7ed_48b8a6 (1 93606.00 2 93606.00 2 93606.00){0.00 0.00 0.00 0.00 37442.40 0}{37442.40 0.00 0.00 0.00 74884.80 0}{74884.80 93606.00 93606.00 93606.00 112327.20 1}{112327.20 0.00 0.00 0.00 149769.60 0}{149769.60 0.00 0.00 0.00 187212.00 0}
COMM 4b-0: 46a96f_46accf_46ae12_46af04 (2 2.00 1 2.00 1 2.00){0.00 0.00 0.00 0.00 0.80 0}{0.80 0.00 0.00 0.00 1.60 0}{1.60 2.00 2.00 2.00 2.40 2}{2.40 0.00 0.00 0.00 3.20 0}{3.20 0.00 0.00 0.00 4.00 0}
COMM 4b-1: 48253a_4828ba_4829f3_482ae7 (4 2.00 0 1.00 3 3.00){0.00 0.00 0.00 0.00 0.80 0}{0.80 1.00 1.00 1.00 1.60 1}{1.60 2.00 2.00 2.00 2.40 2}{2.40 3.00 3.00 3.00 3.20 1}{3.20 0.00 0.00 0.00 4.00 0}
COMM 4b-2: 48b495_48b719_48b7ed_48b8a6 (1 3.00 2 3.00 2 3.00){0.00 0.00 0.00 0.00 1.20 0}{1.20 0.00 0.00 0.00 2.40 0}{2.40 3.00 3.00 3.00 3.60 1}{3.60 0.00 0.00 0.00 4.80 0}{4.80 0.00 0.00 0.00 6.00 0}
LOOP0: iter: ( 2 )[ 1 -1 2 2 1 ] mem: ( 3 )[ 1 -1 3 1 0 ]( 2 )[ 1 -1 2 1 0 ]
10 2 
12 52020 
14 16 
1b 0 
2b 2147483647 

RANKS: 1 -1 0 4 1
EVENT41: 1148 48b495_48b719_48b7ed_48b8a6
COMP 4b-0: 47a406_47a7db_47a946_47aa67 (7 10.50 0 9.00 0 18.00){0.00 0.00 0.00 0.00 3.60 0}{3.60 0.00 0.00 0.00 7.20 0}{7.20 9.00 9.50 10.00 10.80 6}{10.80 0.00 0.00 0.00 14.40 0}{14.40 18.00 18.00 18.00 18.00 1}
COMP 4c-0: 47a406_47a7db_47a946_47aa67 (7 25.50 0 25.00 0 26.00){0.00 0.00 0.00 0.00 10.00 0}{10.00 0.00 0.00 0.00 20.00 0}{20.00 25.00 25.57 26.00 30.00 7}{30.00 0.00 0.00 0.00 40.00 0}{40.00 0.00 0.00 0.00 50.00 0}
COMM 4b-0: 47a406_47a7db_47a946_47aa67 (7 396.75 2 236.00 0 472.00){0.00 0.00 0.00 0.00 188.80 0}{188.80 236.00 306.00 365.00 377.60 3}{377.60 407.00 446.00 472.00 566.40 4}{566.40 0.00 0.00 0.00 755.20 0}{755.20 0.00 0.00 0.00 944.00 0}
1c 9999 

RANKS: 1 -1 2 2 1
EVENT42: 1113 48253a_4828ba_4829f3_482ae7
COMP 4b-0: 48b495_48b719_48b7ed_48b8a6 (3 269.00 3 224.00 3 312.00){0.00 0.00 0.00 0.00 124.80 0}{124.80 224.00 226.00 228.00 249.60 2}{249.60 312.00 312.00 312.00 374.40 1}{374.40 0.00 0.00 0.00 499.20 0}{499.20 0.00 0.00 0.00 624.00 0}
COMP 4c-0: 48b495_48b719_48b7ed_48b8a6 (3 382.00 3 381.00 2 384.00){0.00 0.00 0.00 0.00 152.40 0}{152.40 0.00 0.00 0.00 304.80 0}{304.80 381.00 382.33 384.00 457.20 3}{457.20 0.00 0.00 0.00 609.60 0}{609.60 0.00 0.00 0.00 762.00 0}
COMM 4b-0: 48b495_48b719_48b7ed_48b8a6 (3 233.75 2 232.00 3 235.00){0.00 0.00 0.00 0.00 93.60 0}{93.60 0.00 0.00 0.00 187.20 0}{187.20 232.00 233.67 235.00 280.80 3}{280.80 0.00 0.00 0.00 374.40 0}{374.40 0.00 0.00 0.00 468.00 0}
10 2 
12 52020 
14 16 
1a ( 3 2 )[ 1 -1 3 1 0 ]
1a ( 2 )[ 1 -1 2 1 0 ]
1b 0 

RANKS: 2 -1 0 2 2 -1 3 1 0
EVENT43: 1004 46a96f_46accf_46ae12_46af04
COMP 4b-0: 46a96f_46accf_46ae12_46af04 (6 8599.29 3 10.00 0 20054.00){0.00 0.00 0.00 0.00 4.40 0}{4.40 0.00 0.00 0.00 8.80 0}{8.80 10.00 10.50 11.00 17.60 2}{17.60 18.00 18.00 18.00 22.00 1}{22.00 20041.00 20048.33 20054.00 40086.00 3}
COMP 4b-1: 48253a_4828ba_4829f3_482ae7 (2 45441.33 2 45428.00 3 45448.00){0.00 0.00 0.00 0.00 18179.20 0}{18179.20 0.00 0.00 0.00 36358.40 0}{36358.40 45428.00 45438.00 45448.00 54537.60 2}{54537.60 0.00 0.00 0.00 72716.80 0}{72716.80 0.00 0.00 0.00 90896.00 0}
COMP 4b-2: 48b495_48b719_48b7ed_48b8a6 (1 45483.00 0 45483.00 0 45483.00){0.00 0.00 0.00 0.00 18193.20 0}{18193.20 0.00 0.00 0.00 36386.40 0}{36386.40 45483.00 45483.00 45483.00 54579.60 1}{54579.60 0.00 0.00 0.00 72772.80 0}{72772.80 0.00 0.00 0.00 90966.00 0}
COMP 4c-0: 46a96f_46accf_46ae12_46af04 (6 40661.57 0 25.00 0 94843.00){0.00 0.00 0.00 0.00 10.00 0}{10.00 0.00 0.00 0.00 20.00 0}{20.00 25.00 25.67 26.00 40.00 3}{40.00 0.00 0.00 0.00 50.00 0}{50.00 94843.00 94843.00 94843.00 189636.00 3}
COMP 4c-1: 48253a_4828ba_4829f3_482ae7 (2 194755.33 2 194752.00 3 194757.00){0.00 0.00 0.00 0.00 77902.80 0}{77902.80 0.00 0.00 0.00 155805.60 0}{155805.60 194752.00 194754.50 194757.00 233708.40 2}{233708.40 0.00 0.00 0.00 311611.20 0}{311611.20 0.00 0.00 0.00 389514.00 0}
COMP 4c-2: 48b495_48b719_48b7ed_48b8a6 (1 194885.00 0 194885.00 0 194885.00){0.00 0.00 0.00 0.00 77954.00 0}{77954.00 0.00 0.00 0.00 155908.00 0}{155908.00 194885.00 194885.00 194885.00 233862.00 1}{233862.00 0.00 0.00 0.00 311816.00 0}{311816.00 0.00 0.00 0.00 389770.00 0}
COMM 4b-0: 46a96f_46accf_46ae12_46af04 (6 21.14 2 6.00 2 32.00){0.00 6.00 6.00 6.00 7.60 1}{7.60 0.00 0.00 0.00 15.20 0}{15.20 19.00 20.50 22.00 22.80 2}{22.80 23.00 25.00 27.00 30.40 2}{30.40 32.00 32.00 32.00 38.00 1}
COMM 4b-1: 48253a_4828ba_4829f3_482ae7 (2 212.00 2 110.00 3 263.00){0.00 0.00 0.00 0.00 105.20 0}{105.20 110.00 110.00 110.00 210.40 1}{210.40 263.00 263.00 263.00 315.60 1}{315.60 0.00 0.00 0.00 420.80 0}{420.80 0.00 0.00 0.00 526.00 0}
COMM 4b-2: 48b495_48b719_48b7ed_48b8a6 (1 24.00 0 24.00 0 24.00){0.00 0.00 0.00 0.00 9.60 0}{9.60 0.00 0.00 0.00 19.20 0}{19.20 24.00 24.00 24.00 28.80 1}{28.80 0.00 0.00 0.00 38.40 0}{38.40 0.00 0.00 0.00 48.00 0}
LOOP0: iter: ( 3 )[ 2 -1 0 2 2 -1 3 1 0 ] mem: ( 1 )[ 2 -1 0 2 2 -1 3 1 0 ]
10 2 
12 5 1 5 
14 16 
18 3 1 3 

RANKS: 1 -1 1 3 1
EVENT44: 1113 48253a_4828ba_4829f3_482ae7
COMP 4b-0: 46a96f_46accf_46ae12_46af04 (2 99.67 3 99.00 2 101.00){0.00 0.00 0.00 0.00 39.60 0}{39.60 0.00 0.00 0.00 79.20 0}{79.20 99.00 100.00 101.00 118.80 2}{118.80 0.00 0.00 0.00 158.40 0}{158.40 0.00 0.00 0.00 198.00 0}
COMP 4b-1: 48253a_4828ba_4829f3_482ae7 (2 14213.67 3 9.00 1 21316.00){0.00 9.00 9.00 9.00 8526.40 1}{8526.40 0.00 0.00 0.00 17052.80 0}{17052.80 21316.00 21316.00 21316.00 25579.20 1}{25579.20 0.00 0.00 0.00 34105.60 0}{34105.60 0.00 0.00 0.00 42632.00 0}
COMP 4b-2: 48b495_48b719_48b7ed_48b8a6 (1 312.00 1 312.00 1 312.00){0.00 0.00 0.00 0.00 124.80 0}{124.80 0.00 0.00 0.00 249.60 0}{249.60 312.00 312.00 312.00 374.40 1}{374.40 0.00 0.00 0.00 499.20 0}{499.20 0.00 0.00 0.00 624.00 0}
COMP 4c-0: 46a96f_46accf_46ae12_46af04 (2 145.00 3 145.00 3 145.00){0.00 0.00 0.00 0.00 58.00 0}{58.00 0.00 0.00 0.00 116.00 0}{116.00 145.00 145.00 145.00 174.00 2}{174.00 0.00 0.00 0.00 232.00 0}{232.00 0.00 0.00 0.00 290.00 0}
COMP 4c-1: 48253a_4828ba_4829f3_482ae7 (2 62459.67 3 27.00 1 93676.00){0.00 27.00 27.00 27.00 37470.40 1}{37470.40 0.00 0.00 0.00 74940.80 0}{74940.80 93676.00 93676.00 93676.00 112411.20 1}{112411.20 0.00 0.00 0.00 149881.60 0}{149881.60 0.00 0.00 0.00 187352.00 0}
COMP 4c-2: 48b495_48b719_48b7ed_48b8a6 (1 382.00 1 382.00 1 382.00){0.00 0.00 0.00 0.00 152.80 0}{152.80 0.00 0.00 0.00 305.60 0}{305.60 382.00 382.00 382.00 458.40 1}{458.40 0.00 0.00 0.00 611.20 0}{611.20 0.00 0.00 0.00 764.00 0}
COMM 4b-0: 46a96f_46accf_46ae12_46af04 (2 4.00 3 4.00 3 4.00){0.00 0.00 0.00 0.00 1.60 0}{1.60 0.00 0.00 0.00 3.20 0}{3.20 4.00 4.00 4.00 4.80 2}{4.80 0.00 0.00 0.00 6.40 0}{6.40 0.00 0.00 0.00 8.00 0}
COMM 4b-1: 48253a_4828ba_4829f3_482ae7 (2 163.33 3 2.00 1 244.00){0.00 2.00 2.00 2.00 97.60 1}{97.60 0.00 0.00 0.00 195.20 0}{195.20 244.00 244.00 244.00 292.80 1}{292.80 0.00 0.00 0.00 390.40 0}{390.40 0.00 0.00 0.00 488.00 0}
COMM 4b-2: 48b495_48b719_48b7ed_48b8a6 (1 232.00 1 232.00 1 232.00){0.00 0.00 0.00 0.00 92.80 0}{92.80 0.00 0.00 0.00 185.60 0}{185.60 232.00 232.00 232.00 278.40 1}{278.40 0.00 0.00 0.00 371.20 0}{371.20 0.00 0.00 0.00 464.00 0}
LOOP0: iter: ( 2 )[ 1 -1 1 2 2 ] mem: ( 1 )[ 1 -1 1 2 2 ]
10 2 
12 ( 52020 )[ 1 -1 1 1 0 ]
12 ( 102 106 )[ 1 -1 3 1 0 ]
12 ( 102 )[ 1 -1 2 1 0 ]
14 16 
1a ( 3 2 )[ 1 -1 1 1 0 ]
1a ( 2 3 )[ 1 -1 3 1 0 ]
1a ( 2 )[ 1 -1 2 1 0 ]
1b 0 

RANKS: 1 -1 0 2 1
EVENT45: 1090 47a406_47a7db_47a946_47aa67
COMP 4b-0: 46a96f_46accf_46ae12_46af04 (1 102.00 0 102.00 0 102.00){0.00 0.00 0.00 0.00 40.80 0}{40.80 0.00 0.00 0.00 81.60 0}{81.60 102.00 102.00 102.00 122.40 1}{122.40 0.00 0.00 0.00 163.20 0}{163.20 0.00 0.00 0.00 204.00 0}
COMP 4b-1: 48253a_4828ba_4829f3_482ae7 (1 11.00 1 11.00 1 11.00){0.00 0.00 0.00 0.00 4.40 0}{4.40 0.00 0.00 0.00 8.80 0}{8.80 11.00 11.00 11.00 13.20 1}{13.20 0.00 0.00 0.00 17.60 0}{17.60 0.00 0.00 0.00 22.00 0}
COMP 4b-2: 48b495_48b719_48b7ed_48b8a6 (1 9.00 0 9.00 0 9.00){0.00 0.00 0.00 0.00 3.60 0}{3.60 0.00 0.00 0.00 7.20 0}{7.20 9.00 9.00 9.00 10.80 1}{10.80 0.00 0.00 0.00 14.40 0}{14.40 0.00 0.00 0.00 18.00 0}
COMP 4c-0: 46a96f_46accf_46ae12_46af04 (1 147.00 0 147.00 0 147.00){0.00 0.00 0.00 0.00 58.80 0}{58.80 0.00 0.00 0.00 117.60 0}{117.60 147.00 147.00 147.00 176.40 1}{176.40 0.00 0.00 0.00 235.20 0}{235.20 0.00 0.00 0.00 294.00 0}
COMP 4c-1: 48253a_4828ba_4829f3_482ae7 (1 27.00 1 27.00 1 27.00){0.00 0.00 0.00 0.00 10.80 0}{10.80 0.00 0.00 0.00 21.60 0}{21.60 27.00 27.00 27.00 32.40 1}{32.40 0.00 0.00 0.00 43.20 0}{43.20 0.00 0.00 0.00 54.00 0}
COMP 4c-2: 48b495_48b719_48b7ed_48b8a6 (1 26.00 0 26.00 0 26.00){0.00 0.00 0.00 0.00 10.40 0}{10.40 0.00 0.00 0.00 20.80 0}{20.80 26.00 26.00 26.00 31.20 1}{31.20 0.00 0.00 0.00 41.60 0}{41.60 0.00 0.00 0.00 52.00 0}
COMM 4b-0: 46a96f_46accf_46ae12_46af04 (1 2.00 0 2.00 0 2.00){0.00 0.00 0.00 0.00 0.80 0}{0.80 0.00 0.00 0.00 1.60 0}{1.60 2.00 2.00 2.00 2.40 1}{2.40 0.00 0.00 0.00 3.20 0}{3.20 0.00 0.00 0.00 4.00 0}
COMM 4b-1: 48253a_4828ba_4829f3_482ae7 (1 2.00 1 2.00 1 2.00){0.00 0.00 0.00 0.00 0.80 0}{0.80 0.00 0.00 0.00 1.60 0}{1.60 2.00 2.00 2.00 2.40 1}{2.40 0.00 0.00 0.00 3.20 0}{3.20 0.00 0.00 0.00 4.00 0}
COMM 4b-2: 48b495_48b719_48b7ed_48b8a6 (1 1.00 0 1.00 0 1.00){0.00 0.00 0.00 0.00 0.40 0}{0.40 0.00 0.00 0.00 0.80 0}{0.80 1.00 1.00 1.00 1.20 1}{1.20 0.00 0.00 0.00 1.60 0}{1.60 0.00 0.00 0.00 2.00 0}
LOOP0: iter: ( 2 )[ 1 -1 0 1 0 ] mem: ( 2 )[ 1 -1 0 1 0 ]
10 2 
12 ( 102 106 )[ 1 -1 0 1 0 ]
12 ( 52020 )[ 1 -1 1 1 0 ]
14 16 
1b 0 
2b 2147483647 

RANKS: 1 -1 0 2 1
EVENT46: 1148 48b495_48b719_48b7ed_48b8a6
COMP 4b-0: 47a406_47a7db_47a946_47aa67 (3 11.75 0 9.00 0 14.00){0.00 0.00 0.00 0.00 5.60 0}{5.60 9.00 9.50 10.00 11.20 2}{11.20 14.00 14.00 14.00 16.80 1}{16.80 0.00 0.00 0.00 22.40 0}{22.40 0.00 0.00 0.00 28.00 0}
COMP 4c-0: 47a406_47a7db_47a946_47aa67 (3 26.00 0 26.00 0 26.00){0.00 0.00 0.00 0.00 10.40 0}{10.40 0.00 0.00 0.00 20.80 0}{20.80 26.00 26.00 26.00 31.20 3}{31.20 0.00 0.00 0.00 41.60 0}{41.60 0.00 0.00 0.00 52.00 0}
COMM 4b-0: 47a406_47a7db_47a946_47aa67 (3 90.75 0 2.00 1 353.00){0.00 0.00 0.00 0.00 1.60 0}{1.60 2.00 2.00 2.00 3.20 1}{3.20 4.00 4.00 4.00 6.40 1}{6.40 0.00 0.00 0.00 8.00 0}{8.00 353.00 353.00 353.00 698.00 1}
1c 9999 

RANKS: 2 -1 0 2 1 -1 3 1 0
EVENT47: 1004 46a96f_46accf_46ae12_46af04
COMP 4b-0: 46a96f_46accf_46ae12_46af04 (2 6688.33 1 13.00 1 20039.00){0.00 0.00 0.00 0.00 5.20 0}{5.20 0.00 0.00 0.00 10.40 0}{10.40 13.00 13.00 13.00 20.80 1}{20.80 0.00 0.00 0.00 26.00 0}{26.00 20039.00 20039.00 20039.00 40052.00 1}
COMP 4b-1: 48253a_4828ba_4829f3_482ae7 (1 21.00 3 21.00 3 21.00){0.00 0.00 0.00 0.00 8.40 0}{8.40 0.00 0.00 0.00 16.80 0}{16.80 21.00 21.00 21.00 25.20 1}{25.20 0.00 0.00 0.00 33.60 0}{33.60 0.00 0.00 0.00 42.00 0}
COMP 4b-2: 48b495_48b719_48b7ed_48b8a6 (2 15144.00 0 23.00 1 45386.00){0.00 0.00 0.00 0.00 9.20 0}{9.20 0.00 0.00 0.00 18.40 0}{18.40 23.00 23.00 23.00 36.80 1}{36.80 0.00 0.00 0.00 46.00 0}{46.00 45386.00 45386.00 45386.00 90726.00 1}
COMP 4c-0: 46a96f_46accf_46ae12_46af04 (2 31631.67 1 26.00 1 94843.00){0.00 0.00 0.00 0.00 10.40 0}{10.40 0.00 0.00 0.00 20.80 0}{20.80 26.00 26.00 26.00 41.60 1}{41.60 0.00 0.00 0.00 52.00 0}{52.00 94843.00 94843.00 94843.00 189634.00 1}
COMP 4c-1: 48253a_4828ba_4829f3_482ae7 (1 70.00 3 70.00 3 70.00){0.00 0.00 0.00 0.00 28.00 0}{28.00 0.00 0.00 0.00 56.00 0}{56.00 70.00 70.00 70.00 84.00 1}{84.00 0.00 0.00 0.00 112.00 0}{112.00 0.00 0.00 0.00 140.00 0}
COMP 4c-2: 48b495_48b719_48b7ed_48b8a6 (2 65010.00 0 75.00 1 194880.00){0.00 0.00 0.00 0.00 30.00 0}{30.00 0.00 0.00 0.00 60.00 0}{60.00 75.00 75.00 75.00 120.00 1}{120.00 0.00 0.00 0.00 150.00 0}{150.00 194880.00 194880.00 194880.00 389610.00 1}
COMM 4b-0: 46a96f_46accf_46ae12_46af04 (2 25.67 1 23.00 1 31.00){0.00 0.00 0.00 0.00 9.20 0}{9.20 0.00 0.00 0.00 18.40 0}{18.40 23.00 23.00 23.00 27.60 1}{27.60 31.00 31.00 31.00 36.80 1}{36.80 0.00 0.00 0.00 46.00 0}
COMM 4b-1: 48253a_4828ba_4829f3_482ae7 (1 80.00 3 80.00 3 80.00){0.00 0.00 0.00 0.00 32.00 0}{32.00 0.00 0.00 0.00 64.00 0}{64.00 80.00 80.00 80.00 96.00 1}{96.00 0.00 0.00 0.00 128.00 0}{128.00 0.00 0.00 0.00 160.00 0}
COMM 4b-2: 48b495_48b719_48b7ed_48b8a6 (2 130.33 0 6.00 1 379.00){0.00 0.00 0.00 0.00 2.40 0}{2.40 0.00 0.00 0.00 4.80 0}{4.80 6.00 6.00 6.00 9.60 1}{9.60 0.00 0.00 0.00 12.00 0}{12.00 379.00 379.00 379.00 746.00 1}
LOOP0: iter: ( 3 )[ 1 -1 1 1 0 ] mem: ( 1 )[ 1 -1 1 1 0 ]
10 2 
12 ( 1 )[ 1 -1 0 2 3 ]
12 ( 5 1 5 )[ 1 -1 1 1 0 ]
14 16 
18 ( 3 )[ 1 -1 0 2 3 ]
18 ( 3 1 3 )[ 1 -1 1 1 0 ]

RANKS: 1 -1 0 3 1
EVENT48: 1090 47a406_47a7db_47a946_47aa67
COMP 4b-0: 46a96f_46accf_46ae12_46af04 (3 77.00 0 70.00 1 96.00){0.00 0.00 0.00 0.00 28.00 0}{28.00 0.00 0.00 0.00 56.00 0}{56.00 70.00 71.00 72.00 84.00 2}{84.00 96.00 96.00 96.00 112.00 1}{112.00 0.00 0.00 0.00 140.00 0}
COMP 4b-1: 48253a_4828ba_4829f3_482ae7 (1 9.00 2 9.00 2 9.00){0.00 0.00 0.00 0.00 3.60 0}{3.60 0.00 0.00 0.00 7.20 0}{7.20 9.00 9.00 9.00 10.80 1}{10.80 0.00 0.00 0.00 14.40 0}{14.40 0.00 0.00 0.00 18.00 0}
COMP 4c-0: 46a96f_46accf_46ae12_46af04 (3 155.25 1 146.00 2 159.00){0.00 0.00 0.00 0.00 63.20 0}{63.20 0.00 0.00 0.00 126.40 0}{126.40 146.00 154.33 159.00 189.60 3}{189.60 0.00 0.00 0.00 252.80 0}{252.80 0.00 0.00 0.00 316.00 0}
COMP 4c-1: 48253a_4828ba_4829f3_482ae7 (1 26.00 2 26.00 2 26.00){0.00 0.00 0.00 0.00 10.40 0}{10.40 0.00 0.00 0.00 20.80 0}{20.80 26.00 26.00 26.00 31.20 1}{31.20 0.00 0.00 0.00 41.60 0}{41.60 0.00 0.00 0.00 52.00 0}
COMM 4b-0: 46a96f_46accf_46ae12_46af04 (3 1.00 0 1.00 0 1.00){0.00 0.00 0.00 0.00 0.40 0}{0.40 0.00 0.00 0.00 0.80 0}{0.80 1.00 1.00 1.00 1.20 3}{1.20 0.00 0.00 0.00 1.60 0}{1.60 0.00 0.00 0.00 2.00 0}
COMM 4b-1: 48253a_4828ba_4829f3_482ae7 (1 1.00 2 1.00 2 1.00){0.00 0.00 0.00 0.00 0.40 0}{0.40 0.00 0.00 0.00 0.80 0}{0.80 1.00 1.00 1.00 1.20 1}{1.20 0.00 0.00 0.00 1.60 0}{1.60 0.00 0.00 0.00 2.00 0}
LOOP0: iter: ( 2 )[ 1 -1 2 1 0 ] mem: ( 3 )[ 1 -1 2 1 0 ]
10 2 
12 ( 102 )[ 1 -1 0 2 1 ]
12 ( 106 102 )[ 1 -1 2 1 0 ]
14 16 
1b 0 
2b 2147483647 

RANKS: 1 -1 0 3 1
EVENT49: 1148 48b495_48b719_48b7ed_48b8a6
COMP 4b-0: 47a406_47a7db_47a946_47aa67 (4 9.40 0 9.00 2 11.00){0.00 0.00 0.00 0.00 3.60 0}{3.60 0.00 0.00 0.00 7.20 0}{7.20 9.00 9.00 9.00 10.80 3}{10.80 11.00 11.00 11.00 14.40 1}{14.40 0.00 0.00 0.00 18.00 0}
COMP 4c-0: 47a406_47a7db_47a946_47aa67 (4 26.00 0 26.00 0 26.00){0.00 0.00 0.00 0.00 10.40 0}{10.40 0.00 0.00 0.00 20.80 0}{20.80 26.00 26.00 26.00 31.20 4}{31.20 0.00 0.00 0.00 41.60 0}{41.60 0.00 0.00 0.00 52.00 0}
COMM 4b-0: 47a406_47a7db_47a946_47aa67 (4 3.00 0 3.00 0 3.00){0.00 0.00 0.00 0.00 1.20 0}{1.20 0.00 0.00 0.00 2.40 0}{2.40 3.00 3.00 3.00 3.60 4}{3.60 0.00 0.00 0.00 4.80 0}{4.80 0.00 0.00 0.00 6.00 0}
1c 9999 

RANKS: 1 -1 1 2 2
EVENT50: 1113 48253a_4828ba_4829f3_482ae7
COMP 4b-0: 46a96f_46accf_46ae12_46af04 (2 71.33 1 71.00 3 72.00){0.00 0.00 0.00 0.00 28.40 0}{28.40 0.00 0.00 0.00 56.80 0}{56.80 71.00 71.50 72.00 85.20 2}{85.20 0.00 0.00 0.00 113.60 0}{113.60 0.00 0.00 0.00 142.00 0}
COMP 4b-1: 48b495_48b719_48b7ed_48b8a6 (1 9.00 1 9.00 1 9.00){0.00 0.00 0.00 0.00 3.60 0}{3.60 0.00 0.00 0.00 7.20 0}{7.20 9.00 9.00 9.00 10.80 1}{10.80 0.00 0.00 0.00 14.40 0}{14.40 0.00 0.00 0.00 18.00 0}
COMP 4c-0: 46a96f_46accf_46ae12_46af04 (2 160.00 1 160.00 1 160.00){0.00 0.00 0.00 0.00 64.00 0}{64.00 0.00 0.00 0.00 128.00 0}{128.00 160.00 160.00 160.00 192.00 2}{192.00 0.00 0.00 0.00 256.00 0}{256.00 0.00 0.00 0.00 320.00 0}
COMP 4c-1: 48b495_48b719_48b7ed_48b8a6 (1 27.00 1 27.00 1 27.00){0.00 0.00 0.00 0.00 10.80 0}{10.80 0.00 0.00 0.00 21.60 0}{21.60 27.00 27.00 27.00 32.40 1}{32.40 0.00 0.00 0.00 43.20 0}{43.20 0.00 0.00 0.00 54.00 0}
COMM 4b-0: 46a96f_46accf_46ae12_46af04 (2 2.33 1 2.00 3 3.00){0.00 0.00 0.00 0.00 0.80 0}{0.80 0.00 0.00 0.00 1.60 0}{1.60 2.00 2.00 2.00 2.40 1}{2.40 3.00 3.00 3.00 3.20 1}{3.20 0.00 0.00 0.00 4.00 0}
COMM 4b-1: 48b495_48b719_48b7ed_48b8a6 (1 4.00 1 4.00 1 4.00){0.00 0.00 0.00 0.00 1.60 0}{1.60 0.00 0.00 0.00 3.20 0}{3.20 4.00 4.00 4.00 4.80 1}{4.80 0.00 0.00 0.00 6.40 0}{6.40 0.00 0.00 0.00 8.00 0}
LOOP0: iter: ( 2 )[ 1 -1 1 1 0 ] mem: ( 2 )[ 1 -1 1 1 0 ]
10 2 
12 ( 106 102 )[ 1 -1 1 1 0 ]
12 ( 102 )[ 1 -1 3 1 0 ]
14 16 
1a 3 
1b 0 

RANKS: 1 -1 0 4 1
EVENT51: 1004 46a96f_46accf_46ae12_46af04
COMP 4b-0: 48253a_4828ba_4829f3_482ae7 (3 25.50 1 20.00 1 31.00){0.00 0.00 0.00 0.00 8.00 0}{8.00 0.00 0.00 0.00 16.00 0}{16.00 20.00 20.00 20.00 24.00 1}{24.00 31.00 31.00 31.00 32.00 2}{32.00 0.00 0.00 0.00 40.00 0}
COMP 4b-1: 48b495_48b719_48b7ed_48b8a6 (3 30.00 2 20.00 0 34.00){0.00 0.00 0.00 0.00 13.60 0}{13.60 20.00 20.00 20.00 27.20 1}{27.20 32.00 33.00 34.00 40.80 2}{40.80 0.00 0.00 0.00 54.40 0}{54.40 0.00 0.00 0.00 68.00 0}
COMP 4c-0: 48253a_4828ba_4829f3_482ae7 (3 92.50 1 71.00 1 114.00){0.00 0.00 0.00 0.00 28.40 0}{28.40 0.00 0.00 0.00 56.80 0}{56.80 71.00 71.00 71.00 85.20 1}{85.20 0.00 0.00 0.00 113.60 0}{113.60 114.00 114.00 114.00 142.00 2}
COMP 4c-1: 48b495_48b719_48b7ed_48b8a6 (3 105.50 2 71.00 0 117.00){0.00 0.00 0.00 0.00 46.80 0}{46.80 71.00 71.00 71.00 93.60 1}{93.60 117.00 117.00 117.00 140.40 2}{140.40 0.00 0.00 0.00 187.20 0}{187.20 0.00 0.00 0.00 234.00 0}
COMM 4b-0: 48253a_4828ba_4829f3_482ae7 (3 48.50 1 46.00 1 50.00){0.00 0.00 0.00 0.00 20.00 0}{20.00 0.00 0.00 0.00 40.00 0}{40.00 46.00 48.00 50.00 60.00 3}{60.00 0.00 0.00 0.00 80.00 0}{80.00 0.00 0.00 0.00 100.00 0}
COMM 4b-1: 48b495_48b719_48b7ed_48b8a6 (3 23.25 2 6.00 2 39.00){0.00 6.00 6.00 6.00 9.60 1}{9.60 0.00 0.00 0.00 19.20 0}{19.20 24.00 24.00 24.00 28.80 1}{28.80 0.00 0.00 0.00 38.40 0}{38.40 39.00 39.00 39.00 48.00 1}
10 2 
12 1 
14 16 
18 3 

RANKS: 1 -1 0 2 1
EVENT52: 1090 47a406_47a7db_47a946_47aa67_45f344
COMP 4b-0: 46a96f_46accf_46ae12_46af04 (2 107.00 0 107.00 0 107.00){0.00 0.00 0.00 0.00 42.80 0}{42.80 0.00 0.00 0.00 85.60 0}{85.60 107.00 107.00 107.00 128.40 2}{128.40 0.00 0.00 0.00 171.20 0}{171.20 0.00 0.00 0.00 214.00 0}
COMP 4c-0: 46a96f_46accf_46ae12_46af04 (2 166.00 0 165.00 1 168.00){0.00 0.00 0.00 0.00 66.00 0}{66.00 0.00 0.00 0.00 132.00 0}{132.00 165.00 166.50 168.00 198.00 2}{198.00 0.00 0.00 0.00 264.00 0}{264.00 0.00 0.00 0.00 330.00 0}
COMM 4b-0: 46a96f_46accf_46ae12_46af04 (2 1.00 0 1.00 0 1.00){0.00 0.00 0.00 0.00 0.40 0}{0.40 0.00 0.00 0.00 0.80 0}{0.80 1.00 1.00 1.00 1.20 2}{1.20 0.00 0.00 0.00 1.60 0}{1.60 0.00 0.00 0.00 2.00 0}
10 2 
12 102 
14 16 
1b 0 
2b 2147483647 

RANKS: 1 -1 0 2 1
EVENT53: 1148 48b495_48b719_48b7ed_48b8a6_45f359
COMP 4b-0: 47a406_47a7db_47a946_47aa67_45f344 (2 10.33 1 9.00 0 11.00){0.00 0.00 0.00 0.00 4.40 0}{4.40 0.00 0.00 0.00 8.80 0}{8.80 9.00 10.00 11.00 13.20 2}{13.20 0.00 0.00 0.00 17.60 0}{17.60 0.00 0.00 0.00 22.00 0}
COMP 4c-0: 47a406_47a7db_47a946_47aa67_45f344 (2 27.00 0 27.00 0 27.00){0.00 0.00 0.00 0.00 10.80 0}{10.80 0.00 0.00 0.00 21.60 0}{21.60 27.00 27.00 27.00 32.40 2}{32.40 0.00 0.00 0.00 43.20 0}{43.20 0.00 0.00 0.00 54.00 0}
COMM 4b-0: 47a406_47a7db_47a946_47aa67_45f344 (2 3.00 0 3.00 0 3.00){0.00 0.00 0.00 0.00 1.20 0}{1.20 0.00 0.00 0.00 2.40 0}{2.40 3.00 3.00 3.00 3.60 2}{3.60 0.00 0.00 0.00 4.80 0}{4.80 0.00 0.00 0.00 6.00 0}
1c 9999 

RANKS: 1 -1 2 2 1
EVENT54: 1113 48253a_4828ba_4829f3_482ae7_45f408
COMP 4b-0: 46a96f_46accf_46ae12_46af04 (2 104.33 3 103.00 2 107.00){0.00 0.00 0.00 0.00 41.20 0}{41.20 0.00 0.00 0.00 82.40 0}{82.40 103.00 105.00 107.00 123.60 2}{123.60 0.00 0.00 0.00 164.80 0}{164.80 0.00 0.00 0.00 206.00 0}
COMP 4c-0: 46a96f_46accf_46ae12_46af04 (2 165.33 3 164.00 2 168.00){0.00 0.00 0.00 0.00 65.60 0}{65.60 0.00 0.00 0.00 131.20 0}{131.20 164.00 166.00 168.00 196.80 2}{196.80 0.00 0.00 0.00 262.40 0}{262.40 0.00 0.00 0.00 328.00 0}
COMM 4b-0: 46a96f_46accf_46ae12_46af04 (2 2.33 3 2.00 2 3.00){0.00 0.00 0.00 0.00 0.80 0}{0.80 0.00 0.00 0.00 1.60 0}{1.60 2.00 2.00 2.00 2.40 1}{2.40 3.00 3.00 3.00 3.20 1}{3.20 0.00 0.00 0.00 4.00 0}
10 2 
12 102 
14 16 
1a 2 
1b 0 

RANKS: 1 -1 0 4 1
EVENT55: 1004 46a96f_46accf_46ae12_46af04
COMP 4b-0: 48253a_4828ba_4829f3_482ae7_45f408 (2 31.67 2 31.00 3 32.00){0.00 0.00 0.00 0.00 12.80 0}{12.80 0.00 0.00 0.00 25.60 0}{25.60 31.00 31.50 32.00 38.40 2}{38.40 0.00 0.00 0.00 51.20 0}{51.20 0.00 0.00 0.00 64.00 0}
COMP 4b-1: 48b495_48b719_48b7ed_48b8a6_45f359 (2 32.00 0 32.00 0 32.00){0.00 0.00 0.00 0.00 12.80 0}{12.80 0.00 0.00 0.00 25.60 0}{25.60 32.00 32.00 32.00 38.40 2}{38.40 0.00 0.00 0.00 51.20 0}{51.20 0.00 0.00 0.00 64.00 0}
COMP 4c-0: 48253a_4828ba_4829f3_482ae7_45f408 (2 112.00 3 112.00 3 112.00){0.00 0.00 0.00 0.00 44.80 0}{44.80 0.00 0.00 0.00 89.60 0}{89.60 112.00 112.00 112.00 134.40 2}{134.40 0.00 0.00 0.00 179.20 0}{179.20 0.00 0.00 0.00 224.00 0}
COMP 4c-1: 48b495_48b719_48b7ed_48b8a6_45f359 (2 117.00 0 117.00 0 117.00){0.00 0.00 0.00 0.00 46.80 0}{46.80 0.00 0.00 0.00 93.60 0}{93.60 117.00 117.00 117.00 140.40 2}{140.40 0.00 0.00 0.00 187.20 0}{187.20 0.00 0.00 0.00 234.00 0}
COMM 4b-0: 48253a_4828ba_4829f3_482ae7_45f408 (2 58.00 2 34.00 3 70.00){0.00 0.00 0.00 0.00 28.00 0}{28.00 34.00 34.00 34.00 56.00 1}{56.00 70.00 70.00 70.00 84.00 1}{84.00 0.00 0.00 0.00 112.00 0}{112.00 0.00 0.00 0.00 140.00 0}
COMM 4b-1: 48b495_48b719_48b7ed_48b8a6_45f359 (2 26.67 1 6.00 0 37.00){0.00 6.00 6.00 6.00 14.80 1}{14.80 0.00 0.00 0.00 29.60 0}{29.60 37.00 37.00 37.00 44.40 1}{44.40 0.00 0.00 0.00 59.20 0}{59.20 0.00 0.00 0.00 74.00 0}
10 2 
12 1 
14 16 
18 3 

RANKS: 1 -1 0 4 1
EVENT56: 1045 4732cf_473343_4733a9_473404
COMP 4b-0: 46a96f_46accf_46ae12_46af04 (4 1471.60 0 1409.00 2 1540.00){0.00 0.00 0.00 0.00 563.60 0}{563.60 0.00 0.00 0.00 1127.20 0}{1127.20 1409.00 1487.25 1540.00 1690.80 4}{1690.80 0.00 0.00 0.00 2254.40 0}{2254.40 0.00 0.00 0.00 2818.00 0}
COMP 4c-0: 46a96f_46accf_46ae12_46af04 (4 4649.80 0 590.00 2 7432.00){0.00 0.00 0.00 0.00 236.00 0}{236.00 0.00 0.00 0.00 472.00 0}{472.00 590.00 590.00 590.00 944.00 1}{944.00 0.00 0.00 0.00 1180.00 0}{1180.00 7252.00 7356.33 7432.00 13324.00 3}

