RANKS: 1 -1 0 4 1
EVENT0: 1084 47960c_4796cb_479761_4797bc
33 2 
34 0 

RANKS: 1 -1 0 4 1
EVENT1: 1011 46d7e9_46db18_46dc33_46dd1f
COMP 4c-0: 46d7e9_46db18_46dc33_46dd1f (32 15.76 0 14.00 0 17.00){0.00 0.00 0.00 0.00 5.60 0}{5.60 0.00 0.00 0.00 11.20 0}{11.20 14.00 15.77 16.00 16.80 31}{16.80 17.00 17.00 17.00 22.40 1}{22.40 0.00 0.00 0.00 28.00 0}
COMP 4c-1: 47960c_4796cb_479761_4797bc (4 54.80 1 24.00 0 101.00){0.00 24.00 24.00 24.00 40.40 3}{40.40 0.00 0.00 0.00 80.80 0}{80.80 101.00 101.00 101.00 121.20 1}{121.20 0.00 0.00 0.00 161.60 0}{161.60 0.00 0.00 0.00 202.00 0}
COMM 4b-0: 46d7e9_46db18_46dc33_46dd1f (32 12.48 2 1.00 0 69.00){0.00 1.00 1.00 1.00 1.20 1}{1.20 2.00 2.00 2.00 2.40 7}{2.40 3.00 3.25 3.43 4.80 12}{4.80 6.00 6.00 6.00 6.00 1}{6.00 7.00 31.73 69.00 132.00 11}
COMM 4b-1: 47960c_4796cb_479761_4797bc (4 497.40 0 27.00 1 928.00){0.00 0.00 0.00 0.00 10.80 0}{10.80 0.00 0.00 0.00 21.60 0}{21.60 27.00 27.00 27.00 43.20 1}{43.20 0.00 0.00 0.00 54.00 0}{54.00 582.00 811.00 928.00 1792.00 3}
LOOP0: iter: ( 9 )[ 1 -1 0 4 1 ] mem: ( 1 )[ 1 -1 0 4 1 ]
10 2 
12 1 1 1 1 1 5 1 1 1 
14 14 14 14 16 16 16 14 14 14 
19 0 

RANKS: 1 -1 2 1 0
EVENT2: 1113 48253a_4828ba_4829f3_482ae7
COMP 4c-0: 46d7e9_46db18_46dc33_46dd1f (1 633452.00 2 633452.00 2 633452.00){0.00 0.00 0.00 0.00 253380.80 0}{253380.80 0.00 0.00 0.00 506761.60 0}{506761.60 633452.00 633452.00 633452.00 760142.40 1}{760142.40 0.00 0.00 0.00 1013523.20 0}{1013523.20 0.00 0.00 0.00 1266904.00 0}
COMM 4b-0: 46d7e9_46db18_46dc33_46dd1f (1 519.00 2 519.00 2 519.00){0.00 0.00 0.00 0.00 207.60 0}{207.60 0.00 0.00 0.00 415.20 0}{415.20 519.00 519.00 519.00 622.80 1}{622.80 0.00 0.00 0.00 830.40 0}{830.40 0.00 0.00 0.00 1038.00 0}
10 2 
12 52020 
14 16 
1a 1 
1b 0 

RANKS: 1 -1 1 2 1
EVENT3: 1090 47a406_47a7db_47a946_47aa67
COMP 4c-0: 46d7e9_46db18_46dc33_46dd1f (1 633279.00 1 633279.00 1 633279.00){0.00 0.00 0.00 0.00 253311.60 0}{253311.60 0.00 0.00 0.00 506623.20 0}{506623.20 633279.00 633279.00 633279.00 759934.80 1}{759934.80 0.00 0.00 0.00 1013246.40 0}{1013246.40 0.00 0.00 0.00 1266558.00 0}
COMP 4c-1: 48253a_4828ba_4829f3_482ae7 (1 15.00 2 15.00 2 15.00){0.00 0.00 0.00 0.00 6.00 0}{6.00 0.00 0.00 0.00 12.00 0}{12.00 15.00 15.00 15.00 18.00 1}{18.00 0.00 0.00 0.00 24.00 0}{24.00 0.00 0.00 0.00 30.00 0}
COMP 4c-2: 48b495_48b719_48b7ed_48b8a6 (1 93824.00 2 93824.00 2 93824.00){0.00 0.00 0.00 0.00 37529.60 0}{37529.60 0.00 0.00 0.00 75059.20 0}{75059.20 93824.00 93824.00 93824.00 112588.80 1}{112588.80 0.00 0.00 0.00 150118.40 0}{150118.40 0.00 0.00 0.00 187648.00 0}
COMM 4b-0: 46d7e9_46db18_46dc33_46dd1f (1 5.00 1 5.00 1 5.00){0.00 0.00 0.00 0.00 2.00 0}{2.00 0.00 0.00 0.00 4.00 0}{4.00 5.00 5.00 5.00 6.00 1}{6.00 0.00 0.00 0.00 8.00 0}{8.00 0.00 0.00 0.00 10.00 0}
COMM 4b-1: 48253a_4828ba_4829f3_482ae7 (1 4.00 2 4.00 2 4.00){0.00 0.00 0.00 0.00 1.60 0}{1.60 0.00 0.00 0.00 3.20 0}{3.20 4.00 4.00 4.00 4.80 1}{4.80 0.00 0.00 0.00 6.40 0}{6.40 0.00 0.00 0.00 8.00 0}
COMM 4b-2: 48b495_48b719_48b7ed_48b8a6 (1 3.00 2 3.00 2 3.00){0.00 0.00 0.00 0.00 1.20 0}{1.20 0.00 0.00 0.00 2.40 0}{2.40 3.00 3.00 3.00 3.60 1}{3.60 0.00 0.00 0.00 4.80 0}{4.80 0.00 0.00 0.00 6.00 0}
LOOP0: iter: ( 2 )[ 1 -1 2 1 0 ] mem: ( 2 )[ 1 -1 2 1 0 ]
10 2 
12 52020 
14 16 
1b 0 
2b 2147483647 

RANKS: 1 -1 1 2 1
EVENT4: 1148 48b495_48b719_48b7ed_48b8a6
COMP 4c-0: 47a406_47a7db_47a946_47aa67 (3 15.75 2 15.00 1 16.00){0.00 0.00 0.00 0.00 6.40 0}{6.40 0.00 0.00 0.00 12.80 0}{12.80 15.00 15.67 16.00 19.20 3}{19.20 0.00 0.00 0.00 25.60 0}{25.60 0.00 0.00 0.00 32.00 0}
COMM 4b-0: 47a406_47a7db_47a946_47aa67 (3 524.50 2 343.00 2 691.00){0.00 0.00 0.00 0.00 212.80 0}{212.80 343.00 343.00 343.00 425.60 1}{425.60 532.00 532.00 532.00 638.40 1}{638.40 691.00 691.00 691.00 851.20 1}{851.20 0.00 0.00 0.00 1064.00 0}
1c 9999 

RANKS: 1 -1 1 2 1
EVENT5: 1113 48253a_4828ba_4829f3_482ae7
COMP 4c-0: 48253a_4828ba_4829f3_482ae7 (2 129144.33 1 93899.00 2 199635.00){0.00 0.00 0.00 0.00 37559.60 0}{37559.60 0.00 0.00 0.00 75119.20 0}{75119.20 93899.00 93899.00 93899.00 150238.40 1}{150238.40 0.00 0.00 0.00 187798.00 0}{187798.00 199635.00 199635.00 199635.00 211472.00 1}
COMP 4c-1: 48b495_48b719_48b7ed_48b8a6 (2 371.67 1 371.00 2 373.00){0.00 0.00 0.00 0.00 148.40 0}{148.40 0.00 0.00 0.00 296.80 0}{296.80 371.00 372.00 373.00 445.20 2}{445.20 0.00 0.00 0.00 593.60 0}{593.60 0.00 0.00 0.00 742.00 0}
COMM 4b-0: 48253a_4828ba_4829f3_482ae7 (2 245.33 2 244.00 1 246.00){0.00 0.00 0.00 0.00 98.40 0}{98.40 0.00 0.00 0.00 196.80 0}{196.80 244.00 245.00 246.00 295.20 2}{295.20 0.00 0.00 0.00 393.60 0}{393.60 0.00 0.00 0.00 492.00 0}
COMM 4b-1: 48b495_48b719_48b7ed_48b8a6 (2 379.33 2 236.00 1 451.00){0.00 0.00 0.00 0.00 180.40 0}{180.40 236.00 236.00 236.00 360.80 1}{360.80 451.00 451.00 451.00 541.20 1}{541.20 0.00 0.00 0.00 721.60 0}{721.60 0.00 0.00 0.00 902.00 0}
LOOP0: iter: ( 2 )[ 1 -1 1 2 1 ] mem: ( 1 )[ 1 -1 1 2 1 ]
10 2 
12 52020 
14 16 
1a ( 3 2 )[ 1 -1 1 1 0 ]
1a ( 2 1 )[ 1 -1 2 1 0 ]
1b 0 

RANKS: 1 -1 1 3 1
EVENT6: 1090 47a406_47a7db_47a946_47aa67
COMP 4c-0: 46d7e9_46db18_46dc33_46dd1f (1 633295.00 3 633295.00 3 633295.00){0.00 0.00 0.00 0.00 253318.00 0}{253318.00 0.00 0.00 0.00 506636.00 0}{506636.00 633295.00 633295.00 633295.00 759954.00 1}{759954.00 0.00 0.00 0.00 1013272.00 0}{1013272.00 0.00 0.00 0.00 1266590.00 0}
COMP 4c-1: 48253a_4828ba_4829f3_482ae7 (5 64449.83 1 16.00 3 199451.00){0.00 0.00 0.00 0.00 6.40 0}{6.40 0.00 0.00 0.00 12.80 0}{12.80 16.00 16.00 16.00 32.00 2}{32.00 93485.00 93600.00 93715.00 186938.00 2}{186938.00 199451.00 199451.00 199451.00 211964.00 1}
COMP 4c-2: 48b495_48b719_48b7ed_48b8a6 (2 164248.33 2 93595.00 1 199575.00){0.00 0.00 0.00 0.00 79830.00 0}{79830.00 93595.00 93595.00 93595.00 159660.00 1}{159660.00 199575.00 199575.00 199575.00 239490.00 1}{239490.00 0.00 0.00 0.00 319320.00 0}{319320.00 0.00 0.00 0.00 399150.00 0}
COMM 4b-0: 46d7e9_46db18_46dc33_46dd1f (1 5.00 3 5.00 3 5.00){0.00 0.00 0.00 0.00 2.00 0}{2.00 0.00 0.00 0.00 4.00 0}{4.00 5.00 5.00 5.00 6.00 1}{6.00 0.00 0.00 0.00 8.00 0}{8.00 0.00 0.00 0.00 10.00 0}
COMM 4b-1: 48253a_4828ba_4829f3_482ae7 (5 2.33 1 2.00 3 3.00){0.00 0.00 0.00 0.00 0.80 0}{0.80 0.00 0.00 0.00 1.60 0}{1.60 2.00 2.00 2.00 2.40 3}{2.40 3.00 3.00 3.00 3.20 2}{3.20 0.00 0.00 0.00 4.00 0}
COMM 4b-2: 48b495_48b719_48b7ed_48b8a6 (2 2.00 1 2.00 1 2.00){0.00 0.00 0.00 0.00 0.80 0}{0.80 0.00 0.00 0.00 1.60 0}{1.60 2.00 2.00 2.00 2.40 2}{2.40 0.00 0.00 0.00 3.20 0}{3.20 0.00 0.00 0.00 4.00 0}
LOOP0: iter: ( 2 )[ 1 -1 1 2 1 ]( 4 )[ 1 -1 3 1 0 ] mem: ( 2 )[ 1 -1 1 2 1 ]( 3 )[ 1 -1 3 1 0 ]
10 2 
12 52020 
14 16 
1b 0 
2b 2147483647 

RANKS: 1 -1 1 3 1
EVENT7: 1148 48b495_48b719_48b7ed_48b8a6
COMP 4c-0: 47a406_47a7db_47a946_47aa67 (8 15.00 3 14.00 3 16.00){0.00 0.00 0.00 0.00 6.00 0}{6.00 0.00 0.00 0.00 12.00 0}{12.00 14.00 15.00 16.00 18.00 8}{18.00 0.00 0.00 0.00 24.00 0}{24.00 0.00 0.00 0.00 30.00 0}
COMM 4b-0: 47a406_47a7db_47a946_47aa67 (8 431.78 3 315.00 3 577.00){0.00 0.00 0.00 0.00 176.00 0}{176.00 315.00 315.00 315.00 352.00 1}{352.00 356.00 425.67 503.00 528.00 6}{528.00 577.00 577.00 577.00 704.00 1}{704.00 0.00 0.00 0.00 880.00 0}
1c 9999 

RANKS: 1 -1 0 4 1
EVENT8: 1113 48253a_4828ba_4829f3_482ae7
COMP 4c-0: 46d7e9_46db18_46dc33_46dd1f (1 633436.00 0 633436.00 0 633436.00){0.00 0.00 0.00 0.00 253374.40 0}{253374.40 0.00 0.00 0.00 506748.80 0}{506748.80 633436.00 633436.00 633436.00 760123.20 1}{760123.20 0.00 0.00 0.00 1013497.60 0}{1013497.60 0.00 0.00 0.00 1266872.00 0}
COMP 4c-1: 48253a_4828ba_4829f3_482ae7 (1 93665.00 1 93665.00 1 93665.00){0.00 0.00 0.00 0.00 37466.00 0}{37466.00 0.00 0.00 0.00 74932.00 0}{74932.00 93665.00 93665.00 93665.00 112398.00 1}{112398.00 0.00 0.00 0.00 149864.00 0}{149864.00 0.00 0.00 0.00 187330.00 0}
COMP 4c-2: 48b495_48b719_48b7ed_48b8a6 (9 48379.40 3 370.00 0 199767.00){0.00 370.00 371.50 373.00 37603.20 6}{37603.20 0.00 0.00 0.00 75206.40 0}{75206.40 93782.00 93895.00 94008.00 150412.80 2}{150412.80 0.00 0.00 0.00 188016.00 0}{188016.00 199767.00 199767.00 199767.00 211518.00 1}
COMM 4b-0: 46d7e9_46db18_46dc33_46dd1f (1 503.00 0 503.00 0 503.00){0.00 0.00 0.00 0.00 201.20 0}{201.20 0.00 0.00 0.00 402.40 0}{402.40 503.00 503.00 503.00 603.60 1}{603.60 0.00 0.00 0.00 804.80 0}{804.80 0.00 0.00 0.00 1006.00 0}
COMM 4b-1: 48253a_4828ba_4829f3_482ae7 (1 247.00 1 247.00 1 247.00){0.00 0.00 0.00 0.00 98.80 0}{98.80 0.00 0.00 0.00 197.60 0}{197.60 247.00 247.00 247.00 296.40 1}{296.40 0.00 0.00 0.00 395.20 0}{395.20 0.00 0.00 0.00 494.00 0}
COMM 4b-2: 48b495_48b719_48b7ed_48b8a6 (9 260.50 2 232.00 3 451.00){0.00 0.00 0.00 0.00 98.00 0}{98.00 0.00 0.00 0.00 196.00 0}{196.00 232.00 238.62 245.00 294.00 8}{294.00 0.00 0.00 0.00 392.00 0}{392.00 451.00 451.00 451.00 490.00 1}
LOOP0: iter: ( 4 )[ 1 -1 0 1 0 ]( 2 )[ 1 -1 1 1 0 ] mem: ( 3 )[ 1 -1 0 1 0 ]( 1 )[ 1 -1 1 1 0 ]
10 2 
12 52020 
14 16 
1a ( 1 2 )[ 1 -1 0 1 0 ]
1a ( 3 2 )[ 1 -1 1 2 2 ]
1a ( 2 )[ 1 -1 2 1 0 ]
1b 0 

RANKS: 1 -1 0 2 1
EVENT9: 1090 47a406_47a7db_47a946_47aa67
COMP 4c-0: 48253a_4828ba_4829f3_482ae7 (5 14.83 0 14.00 1 16.00){0.00 0.00 0.00 0.00 6.00 0}{6.00 0.00 0.00 0.00 12.00 0}{12.00 14.00 14.80 16.00 18.00 5}{18.00 0.00 0.00 0.00 24.00 0}{24.00 0.00 0.00 0.00 30.00 0}
COMM 4b-0: 48253a_4828ba_4829f3_482ae7 (5 2.50 0 1.00 0 4.00){0.00 1.00 1.00 1.00 1.60 1}{1.60 2.00 2.00 2.00 3.20 3}{3.20 4.00 4.00 4.00 4.80 1}{4.80 0.00 0.00 0.00 6.40 0}{6.40 0.00 0.00 0.00 8.00 0}
10 2 
12 52020 
14 16 
1b 0 
2b 2147483647 

RANKS: 1 -1 0 2 1
EVENT10: 1148 48b495_48b719_48b7ed_48b8a6
COMP 4c-0: 47a406_47a7db_47a946_47aa67 (5 15.33 0 15.00 0 16.00){0.00 0.00 0.00 0.00 6.40 0}{6.40 0.00 0.00 0.00 12.80 0}{12.80 15.00 15.20 16.00 19.20 5}{19.20 0.00 0.00 0.00 25.60 0}{25.60 0.00 0.00 0.00 32.00 0}
COMM 4b-0: 47a406_47a7db_47a946_47aa67 (5 560.33 1 438.00 0 704.00){0.00 0.00 0.00 0.00 281.60 0}{281.60 438.00 488.50 518.00 563.20 4}{563.20 704.00 704.00 704.00 844.80 1}{844.80 0.00 0.00 0.00 1126.40 0}{1126.40 0.00 0.00 0.00 1408.00 0}
1c 9999 

RANKS: 1 -1 0 4 1
EVENT11: 1004 46a96f_46accf_46ae12_46af04
COMP 4c-0: 48253a_4828ba_4829f3_482ae7 (2 194744.67 2 194742.00 3 194746.00){0.00 0.00 0.00 0.00 77898.40 0}{77898.40 0.00 0.00 0.00 155796.80 0}{155796.80 194742.00 194744.00 194746.00 233695.20 2}{233695.20 0.00 0.00 0.00 311593.60 0}{311593.60 0.00 0.00 0.00 389492.00 0}
COMP 4c-1: 48b495_48b719_48b7ed_48b8a6 (2 194872.33 1 194869.00 0 194874.00){0.00 0.00 0.00 0.00 77949.60 0}{77949.60 0.00 0.00 0.00 155899.20 0}{155899.20 194869.00 194871.50 194874.00 233848.80 2}{233848.80 0.00 0.00 0.00 311798.40 0}{311798.40 0.00 0.00 0.00 389748.00 0}
COMM 4b-0: 48253a_4828ba_4829f3_482ae7 (2 281.67 2 127.00 3 359.00){0.00 127.00 127.00 127.00 143.60 1}{143.60 0.00 0.00 0.00 287.20 0}{287.20 359.00 359.00 359.00 430.80 1}{430.80 0.00 0.00 0.00 574.40 0}{574.40 0.00 0.00 0.00 718.00 0}
COMM 4b-1: 48b495_48b719_48b7ed_48b8a6 (2 104.00 0 39.00 1 234.00){0.00 0.00 0.00 0.00 15.60 0}{15.60 0.00 0.00 0.00 31.20 0}{31.20 39.00 39.00 39.00 62.40 1}{62.40 0.00 0.00 0.00 78.00 0}{78.00 234.00 234.00 234.00 390.00 1}
10 2 
12 5 
14 16 
18 3 

RANKS: 1 -1 0 4 1
EVENT12: 1010 46d300_46d535_46d5d9_46d655
COMP 4c-0: 46a96f_46accf_46ae12_46af04 (4 14.40 0 14.00 3 15.00){0.00 0.00 0.00 0.00 5.60 0}{5.60 0.00 0.00 0.00 11.20 0}{11.20 14.00 14.50 15.00 16.80 4}{16.80 0.00 0.00 0.00 22.40 0}{22.40 0.00 0.00 0.00 28.00 0}
COMM 4b-0: 46a96f_46accf_46ae12_46af04 (4 172.40 2 130.00 3 292.00){0.00 0.00 0.00 0.00 57.60 0}{57.60 0.00 0.00 0.00 115.20 0}{115.20 130.00 142.00 152.00 230.40 3}{230.40 0.00 0.00 0.00 288.00 0}{288.00 292.00 292.00 292.00 296.00 1}
10 2 

RANKS: 1 -1 1 3 1
EVENT13: 1102 47da79_47de3e_47dfa8_47e0c7
COMP 4c-0: 46d300_46d535_46d5d9_46d655 (3 12711.00 1 12711.00 1 12711.00){0.00 0.00 0.00 0.00 5084.40 0}{5084.40 0.00 0.00 0.00 10168.80 0}{10168.80 12711.00 12711.00 12711.00 15253.20 3}{15253.20 0.00 0.00 0.00 20337.60 0}{20337.60 0.00 0.00 0.00 25422.00 0}
COMP 4c-1: 47da79_47de3e_47dfa8_47e0c7 (199 1791.40 3 16.00 3 3601.00){0.00 0.00 0.00 0.00 6.40 0}{6.40 0.00 0.00 0.00 12.80 0}{12.80 16.00 17.66 18.00 25.60 100}{25.60 0.00 0.00 0.00 32.00 0}{32.00 3600.00 3600.99 3601.00 7168.00 99}
COMP 4c-2: 48253a_4828ba_4829f3_482ae7 (398 1863.32 1 1813.00 1 1914.00){0.00 0.00 0.00 0.00 764.00 0}{764.00 0.00 0.00 0.00 1528.00 0}{1528.00 1813.00 1863.21 1914.00 2292.00 398}{2292.00 0.00 0.00 0.00 3056.00 0}{3056.00 0.00 0.00 0.00 3820.00 0}
COMM 4b-0: 46d300_46d535_46d5d9_46d655 (3 623.50 1 452.00 3 1039.00){0.00 0.00 0.00 0.00 180.80 0}{180.80 0.00 0.00 0.00 361.60 0}{361.60 452.00 501.50 551.00 723.20 2}{723.20 0.00 0.00 0.00 904.00 0}{904.00 1039.00 1039.00 1039.00 1174.00 1}
COMM 4b-1: 47da79_47de3e_47dfa8_47e0c7 (199 4.70 3 1.00 3 121.00){0.00 1.00 1.39 2.00 2.40 99}{2.40 3.00 3.88 4.00 4.80 17}{4.80 5.00 5.41 6.00 6.00 46}{6.00 7.00 10.08 58.00 110.00 36}{110.00 121.00 121.00 121.00 132.00 1}
COMM 4b-2: 48253a_4828ba_4829f3_482ae7 (398 10.34 1 2.00 1 1198.00){0.00 2.00 2.00 2.00 2.40 8}{2.40 2.94 2.97 3.00 3.60 162}{3.60 4.00 4.30 6.00 6.00 218}{6.00 7.00 24.00 65.00 88.00 6}{88.00 132.00 636.25 1198.00 2308.00 4}
LOOP0: iter: ( 200 )[ 1 -1 1 3 1 ] mem: ( 2 )[ 1 -1 1 2 1 ]( 1 )[ 1 -1 3 1 0 ]
10 2 
12 250 
14 16 
1b 0 
2b ( 3 3 3 3 3 3 3 3 3 3 3 3 3 3 3 3 3 3 3 3 3 3 3 3 3 3 3 3 3 3 3 3 3 3 3 3 3 3 3 3 3 3 3 3 3 3 3 3 3 3 3 3 3 3 3 3 3 3 3 3 3 3 3 3 3 3 3 3 3 3 3 3 3 3 3 3 3 3 3 3 3 3 3 3 3 3 3 3 3 3 3 3 3 3 3 3 3 3 3 3 2 2 2 2 2 2 2 2 2 2 2 2 2 2 2 2 2 2 2 2 2 2 2 2 2 2 2 2 2 2 2 2 2 2 2 2 2 2 2 2 2 2 2 2 2 2 2 2 2 2 2 2 2 2 2 2 2 2 2 2 2 2 2 2 2 2 2 2 2 2 2 2 2 2 2 2 2 2 2 2 2 2 2 2 2 2 2 2 2 2 2 2 2 2 2 2 2 2 2 2 )[ 1 -1 1 1 0 ]
2b ( 3 2 )[ 1 -1 3 1 0 ]
2b ( 2 2 2 2 2 2 2 2 2 2 2 2 2 2 2 2 2 2 2 2 2 2 2 2 2 2 2 2 2 2 2 2 2 2 2 2 2 2 2 2 2 2 2 2 2 2 2 2 2 2 2 2 2 2 2 2 2 2 2 2 2 2 2 2 2 2 2 2 2 2 2 2 2 2 2 2 2 2 2 2 2 2 2 2 2 2 2 2 2 2 2 2 2 2 2 2 2 2 2 2 1 1 1 1 1 1 1 1 1 1 1 1 1 1 1 1 1 1 1 1 1 1 1 1 1 1 1 1 1 1 1 1 1 1 1 1 1 1 1 1 1 1 1 1 1 1 1 1 1 1 1 1 1 1 1 1 1 1 1 1 1 1 1 1 1 1 1 1 1 1 1 1 1 1 1 1 1 1 1 1 1 1 1 1 1 1 1 1 1 1 1 1 1 1 1 1 1 1 1 1 )[ 1 -1 2 1 0 ]

RANKS: 1 -1 2 1 0
EVENT14: 1113 48253a_4828ba_4829f3_482ae7
COMP 4c-0: 47da79_47de3e_47dfa8_47e0c7 (200 1692.26 2 1679.00 2 1705.00){0.00 0.00 0.00 0.00 681.60 0}{681.60 0.00 0.00 0.00 1363.20 0}{1363.20 1679.00 1692.20 1705.00 2044.80 200}{2044.80 0.00 0.00 0.00 2726.40 0}{2726.40 0.00 0.00 0.00 3408.00 0}
COMM 4b-0: 47da79_47de3e_47dfa8_47e0c7 (200 3.72 2 2.00 2 109.00){0.00 2.00 2.87 3.00 3.20 191}{3.20 4.00 4.00 4.00 6.40 2}{6.40 8.00 10.33 12.00 12.80 3}{12.80 14.00 14.67 16.00 16.00 3}{16.00 109.00 109.00 109.00 202.00 1}
10 2 
12 250 
14 16 
1a 1 1 1 1 1 1 1 1 1 1 1 1 1 1 1 1 1 1 1 1 1 1 1 1 1 1 1 1 1 1 1 1 1 1 1 1 1 1 1 1 1 1 1 1 1 1 1 1 1 1 1 1 1 1 1 1 1 1 1 1 1 1 1 1 1 1 1 1 1 1 1 1 1 1 1 1 1 1 1 1 1 1 1 1 1 1 1 1 1 1 1 1 1 1 1 1 1 1 1 1 2 2 2 2 2 2 2 2 2 2 2 2 2 2 2 2 2 2 2 2 2 2 2 2 2 2 2 2 2 2 2 2 2 2 2 2 2 2 2 2 2 2 2 2 2 2 2 2 2 2 2 2 2 2 2 2 2 2 2 2 2 2 2 2 2 2 2 2 2 2 2 2 2 2 2 2 2 2 2 2 2 2 2 2 2 2 2 2 2 2 2 2 2 2 2 2 2 2 2 2 
1b 0 

RANKS: 1 -1 0 4 1
EVENT15: 1113 48253a_4828ba_4829f3_482ae7
COMP 4c-0: 46a96f_46accf_46ae12_46af04 (1 555440.00 2 555440.00 2 555440.00){0.00 0.00 0.00 0.00 222176.00 0}{222176.00 0.00 0.00 0.00 444352.00 0}{444352.00 555440.00 555440.00 555440.00 666528.00 1}{666528.00 0.00 0.00 0.00 888704.00 0}{888704.00 0.00 0.00 0.00 1110880.00 0}
COMP 4c-1: 46d300_46d535_46d5d9_46d655 (1 14399.00 0 14399.00 0 14399.00){0.00 0.00 0.00 0.00 5759.60 0}{5759.60 0.00 0.00 0.00 11519.20 0}{11519.20 14399.00 14399.00 14399.00 17278.80 1}{17278.80 0.00 0.00 0.00 23038.40 0}{23038.40 0.00 0.00 0.00 28798.00 0}
COMP 4c-2: 47da79_47de3e_47dfa8_47e0c7 (201 1709.18 1 1679.00 3 5164.00){0.00 0.00 0.00 0.00 681.60 0}{681.60 0.00 0.00 0.00 1363.20 0}{1363.20 1679.00 1691.93 1705.00 2726.40 200}{2726.40 0.00 0.00 0.00 3408.00 0}{3408.00 5164.00 5164.00 5164.00 6920.00 1}
COMP 4c-3: 48253a_4828ba_4829f3_482ae7 (399 1819.11 3 15.00 2 23708.00){0.00 0.00 0.00 0.00 6.40 0}{6.40 0.00 0.00 0.00 12.80 0}{12.80 15.00 16.98 17.00 32.00 200}{32.00 3475.00 3537.99 3601.00 7168.00 198}{7168.00 23708.00 23708.00 23708.00 40248.00 1}
COMM 4b-0: 46a96f_46accf_46ae12_46af04 (1 282.00 2 282.00 2 282.00){0.00 0.00 0.00 0.00 112.80 0}{112.80 0.00 0.00 0.00 225.60 0}{225.60 282.00 282.00 282.00 338.40 1}{338.40 0.00 0.00 0.00 451.20 0}{451.20 0.00 0.00 0.00 564.00 0}
COMM 4b-1: 46d300_46d535_46d5d9_46d655 (1 9.00 0 9.00 0 9.00){0.00 0.00 0.00 0.00 3.60 0}{3.60 0.00 0.00 0.00 7.20 0}{7.20 9.00 9.00 9.00 10.80 1}{10.80 0.00 0.00 0.00 14.40 0}{14.40 0.00 0.00 0.00 18.00 0}
COMM 4b-2: 47da79_47de3e_47dfa8_47e0c7 (201 3.56 1 2.00 1 91.00){0.00 2.00 2.00 2.00 2.80 38}{2.80 3.00 3.01 4.00 5.60 155}{5.60 6.00 7.67 10.00 11.20 3}{11.20 12.00 13.00 14.00 14.00 2}{14.00 15.00 40.33 91.00 168.00 3}
COMM 4b-3: 48253a_4828ba_4829f3_482ae7 (399 4.16 0 1.00 2 243.00){0.00 1.00 1.00 1.00 1.20 40}{1.20 2.00 2.00 2.00 2.40 203}{2.40 3.00 3.01 4.00 6.00 143}{6.00 9.00 45.00 107.00 172.00 12}{172.00 243.00 243.00 243.00 314.00 1}
LOOP0: iter: ( 200 )[ 1 -1 0 2 3 ]( 2 )[ 1 -1 2 1 0 ] mem: ( 1 )[ 1 -1 0 2 3 ]( 5 )[ 1 -1 2 1 0 ]
10 2 
12 ( 250 )[ 2 -1 0 2 1 -1 3 1 0 ]
12 ( 52020 )[ 1 -1 2 1 0 ]
14 16 
1a ( 1 2 )[ 1 -1 0 1 0 ]
1a ( 2 2 2 2 2 2 2 2 2 2 2 2 2 2 2 2 2 2 2 2 2 2 2 2 2 2 2 2 2 2 2 2 2 2 2 2 2 2 2 2 2 2 2 2 2 2 2 2 2 2 2 2 2 2 2 2 2 2 2 2 2 2 2 2 2 2 2 2 2 2 2 2 2 2 2 2 2 2 2 2 2 2 2 2 2 2 2 2 2 2 2 2 2 2 2 2 2 2 2 2 3 3 3 3 3 3 3 3 3 3 3 3 3 3 3 3 3 3 3 3 3 3 3 3 3 3 3 3 3 3 3 3 3 3 3 3 3 3 3 3 3 3 3 3 3 3 3 3 3 3 3 3 3 3 3 3 3 3 3 3 3 3 3 3 3 3 3 3 3 3 3 3 3 3 3 3 3 3 3 3 3 3 3 3 3 3 3 3 3 3 3 3 3 3 3 3 3 3 3 3 )[ 1 -1 1 1 0 ]
1a ( 3 2 )[ 1 -1 3 1 0 ]
1a ( 1 )[ 1 -1 2 1 0 ]
1b 0 

RANKS: 1 -1 0 1 0
EVENT16: 1102 47da79_47de3e_47dfa8_47e0c7
COMP 4c-0: 47da79_47de3e_47dfa8_47e0c7 (199 1729.15 0 16.00 0 3475.00){0.00 0.00 0.00 0.00 6.40 0}{6.40 0.00 0.00 0.00 12.80 0}{12.80 16.00 17.89 18.00 25.60 100}{25.60 0.00 0.00 0.00 32.00 0}{32.00 3475.00 3475.00 3475.00 6918.00 99}
COMP 4c-1: 48253a_4828ba_4829f3_482ae7 (1 1811.00 0 1811.00 0 1811.00){0.00 0.00 0.00 0.00 724.40 0}{724.40 0.00 0.00 0.00 1448.80 0}{1448.80 1811.00 1811.00 1811.00 2173.20 1}{2173.20 0.00 0.00 0.00 2897.60 0}{2897.60 0.00 0.00 0.00 3622.00 0}
COMM 4b-0: 47da79_47de3e_47dfa8_47e0c7 (199 7.60 0 1.00 0 368.00){0.00 1.00 1.00 1.00 1.60 63}{1.60 2.00 2.00 2.00 3.20 37}{3.20 4.00 4.00 4.00 4.00 28}{4.00 5.00 5.15 6.00 6.00 13}{6.00 8.00 20.71 368.00 730.00 58}
COMM 4b-1: 48253a_4828ba_4829f3_482ae7 (1 2454.00 0 2454.00 0 2454.00){0.00 0.00 0.00 0.00 981.60 0}{981.60 0.00 0.00 0.00 1963.20 0}{1963.20 2454.00 2454.00 2454.00 2944.80 1}{2944.80 0.00 0.00 0.00 3926.40 0}{3926.40 0.00 0.00 0.00 4908.00 0}
LOOP0: iter: ( 200 )[ 1 -1 0 1 0 ] mem: ( 1 )[ 1 -1 0 1 0 ]
10 2 
12 250 
14 16 
1b 0 
2b 1 2 

RANKS: 1 -1 1 3 1
EVENT17: 1090 47a406_47a7db_47a946_47aa67
COMP 4c-0: 46a96f_46accf_46ae12_46af04 (2 555271.33 1 555266.00 3 555282.00){0.00 0.00 0.00 0.00 222106.40 0}{222106.40 0.00 0.00 0.00 444212.80 0}{444212.80 555266.00 555274.00 555282.00 666319.20 2}{666319.20 0.00 0.00 0.00 888425.60 0}{888425.60 0.00 0.00 0.00 1110532.00 0}
COMP 4c-1: 48253a_4828ba_4829f3_482ae7 (6 36792.86 2 15.00 3 93481.00){0.00 15.00 15.00 15.00 9408.00 2}{9408.00 0.00 0.00 0.00 18816.00 0}{18816.00 23518.00 23519.00 23520.00 37632.00 2}{37632.00 0.00 0.00 0.00 47040.00 0}{47040.00 93481.00 93481.00 93481.00 139922.00 2}
COMP 4c-2: 48b495_48b719_48b7ed_48b8a6 (2 93595.00 2 93595.00 2 93595.00){0.00 0.00 0.00 0.00 37438.00 0}{37438.00 0.00 0.00 0.00 74876.00 0}{74876.00 93595.00 93595.00 93595.00 112314.00 2}{112314.00 0.00 0.00 0.00 149752.00 0}{149752.00 0.00 0.00 0.00 187190.00 0}
COMM 4b-0: 46a96f_46accf_46ae12_46af04 (2 3.00 1 3.00 1 3.00){0.00 0.00 0.00 0.00 1.20 0}{1.20 0.00 0.00 0.00 2.40 0}{2.40 3.00 3.00 3.00 3.60 2}{3.60 0.00 0.00 0.00 4.80 0}{4.80 0.00 0.00 0.00 6.00 0}
COMM 4b-1: 48253a_4828ba_4829f3_482ae7 (6 2.29 2 1.00 3 3.00){0.00 0.00 0.00 0.00 0.80 0}{0.80 1.00 1.00 1.00 1.60 1}{1.60 2.00 2.00 2.00 2.40 2}{2.40 3.00 3.00 3.00 3.20 3}{3.20 0.00 0.00 0.00 4.00 0}
COMM 4b-2: 48b495_48b719_48b7ed_48b8a6 (2 2.67 2 2.00 2 3.00){0.00 0.00 0.00 0.00 1.20 0}{1.20 2.00 2.00 2.00 2.40 1}{2.40 3.00 3.00 3.00 3.60 1}{3.60 0.00 0.00 0.00 4.80 0}{4.80 0.00 0.00 0.00 6.00 0}
LOOP0: iter: ( 2 )[ 1 -1 1 3 1 ] mem: ( 6 )[ 1 -1 1 1 0 ]( 4 )[ 1 -1 3 1 0 ]( 2 )[ 1 -1 2 1 0 ]
LOOP1: iter: ( 2 )[ 1 -1 3 1 0 ] mem: ( 3 )[ 1 -1 3 1 0 ]
10 2 
12 52020 
14 16 
1b 0 
2b 2147483647 

RANKS: 1 -1 1 3 1
EVENT18: 1148 48b495_48b719_48b7ed_48b8a6
COMP 4c-0: 47a406_47a7db_47a946_47aa67 (10 15.00 1 15.00 1 15.00){0.00 0.00 0.00 0.00 6.00 0}{6.00 0.00 0.00 0.00 12.00 0}{12.00 15.00 15.00 15.00 18.00 10}{18.00 0.00 0.00 0.00 24.00 0}{24.00 0.00 0.00 0.00 30.00 0}
COMM 4b-0: 47a406_47a7db_47a946_47aa67 (10 619.27 2 235.00 3 2019.00){0.00 235.00 240.50 252.00 295.20 4}{295.20 477.00 485.00 493.00 590.40 2}{590.40 689.00 707.67 738.00 1180.80 3}{1180.80 0.00 0.00 0.00 1476.00 0}{1476.00 2019.00 2019.00 2019.00 2562.00 1}
1c 9999 

RANKS: 1 -1 0 4 1
EVENT19: 1113 48253a_4828ba_4829f3_482ae7
COMP 4c-0: 46a96f_46accf_46ae12_46af04 (1 555423.00 0 555423.00 0 555423.00){0.00 0.00 0.00 0.00 222169.20 0}{222169.20 0.00 0.00 0.00 444338.40 0}{444338.40 555423.00 555423.00 555423.00 666507.60 1}{666507.60 0.00 0.00 0.00 888676.80 0}{888676.80 0.00 0.00 0.00 1110846.00 0}
COMP 4c-1: 47da79_47de3e_47dfa8_47e0c7 (1 25370.00 0 25370.00 0 25370.00){0.00 0.00 0.00 0.00 10148.00 0}{10148.00 0.00 0.00 0.00 20296.00 0}{20296.00 25370.00 25370.00 25370.00 30444.00 1}{30444.00 0.00 0.00 0.00 40592.00 0}{40592.00 0.00 0.00 0.00 50740.00 0}
COMP 4c-2: 48253a_4828ba_4829f3_482ae7 (2 93665.00 1 93665.00 1 93665.00){0.00 0.00 0.00 0.00 37466.00 0}{37466.00 0.00 0.00 0.00 74932.00 0}{74932.00 93665.00 93665.00 93665.00 112398.00 2}{112398.00 0.00 0.00 0.00 149864.00 0}{149864.00 0.00 0.00 0.00 187330.00 0}
COMP 4c-3: 48b495_48b719_48b7ed_48b8a6 (10 25845.73 1 370.00 0 93778.00){0.00 370.00 371.12 373.00 37511.20 8}{37511.20 0.00 0.00 0.00 75022.40 0}{75022.40 93778.00 93778.00 93778.00 112533.60 2}{112533.60 0.00 0.00 0.00 150044.80 0}{150044.80 0.00 0.00 0.00 187556.00 0}
COMM 4b-0: 46a96f_46accf_46ae12_46af04 (1 240.00 0 240.00 0 240.00){0.00 0.00 0.00 0.00 96.00 0}{96.00 0.00 0.00 0.00 192.00 0}{192.00 240.00 240.00 240.00 288.00 1}{288.00 0.00 0.00 0.00 384.00 0}{384.00 0.00 0.00 0.00 480.00 0}
COMM 4b-1: 47da79_47de3e_47dfa8_47e0c7 (1 239.00 0 239.00 0 239.00){0.00 0.00 0.00 0.00 95.60 0}{95.60 0.00 0.00 0.00 191.20 0}{191.20 239.00 239.00 239.00 286.80 1}{286.80 0.00 0.00 0.00 382.40 0}{382.40 0.00 0.00 0.00 478.00 0}
COMM 4b-2: 48253a_4828ba_4829f3_482ae7 (2 273.33 1 242.00 1 336.00){0.00 0.00 0.00 0.00 96.80 0}{96.80 0.00 0.00 0.00 193.60 0}{193.60 242.00 242.00 242.00 290.40 1}{290.40 336.00 336.00 336.00 387.20 1}{387.20 0.00 0.00 0.00 484.00 0}
COMM 4b-3: 48b495_48b719_48b7ed_48b8a6 (10 239.55 2 230.00 0 293.00){0.00 0.00 0.00 0.00 96.00 0}{96.00 0.00 0.00 0.00 192.00 0}{192.00 230.00 233.56 240.00 288.00 9}{288.00 293.00 293.00 293.00 384.00 1}{384.00 0.00 0.00 0.00 480.00 0}
LOOP0: iter: ( 2 )[ 1 -1 0 2 1 ] mem: ( 4 )[ 1 -1 0 1 0 ]( 1 )[ 1 -1 1 1 0 ]
LOOP1: iter: ( 2 )[ 1 -1 0 1 0 ] mem: ( 3 )[ 1 -1 0 1 0 ]
10 2 
12 52020 
14 16 
1a ( 1 2 )[ 1 -1 0 1 0 ]
1a ( 3 2 )[ 1 -1 1 2 2 ]
1a ( 2 )[ 1 -1 2 1 0 ]
1b 0 

RANKS: 1 -1 0 2 1
EVENT20: 1090 47a406_47a7db_47a946_47aa67
COMP 4c-0: 48253a_4828ba_4829f3_482ae7 (6 14.86 0 14.00 1 16.00){0.00 0.00 0.00 0.00 5.60 0}{5.60 0.00 0.00 0.00 11.20 0}{11.20 14.00 15.00 16.00 16.80 6}{16.80 0.00 0.00 0.00 22.40 0}{22.40 0.00 0.00 0.00 28.00 0}
COMM 4b-0: 48253a_4828ba_4829f3_482ae7 (6 2.00 0 2.00 0 2.00){0.00 0.00 0.00 0.00 0.80 0}{0.80 0.00 0.00 0.00 1.60 0}{1.60 2.00 2.00 2.00 2.40 6}{2.40 0.00 0.00 0.00 3.20 0}{3.20 0.00 0.00 0.00 4.00 0}
10 2 
12 52020 
14 16 
1b 0 
2b 2147483647 

RANKS: 1 -1 0 2 1
EVENT21: 1148 48b495_48b719_48b7ed_48b8a6
COMP 4c-0: 47a406_47a7db_47a946_47aa67 (6 15.00 0 15.00 0 15.00){0.00 0.00 0.00 0.00 6.00 0}{6.00 0.00 0.00 0.00 12.00 0}{12.00 15.00 15.00 15.00 18.00 6}{18.00 0.00 0.00 0.00 24.00 0}{24.00 0.00 0.00 0.00 30.00 0}
COMM 4b-0: 47a406_47a7db_47a946_47aa67 (6 434.29 1 357.00 0 480.00){0.00 0.00 0.00 0.00 189.60 0}{189.60 357.00 367.50 378.00 379.20 2}{379.20 429.00 457.75 480.00 568.80 4}{568.80 0.00 0.00 0.00 758.40 0}{758.40 0.00 0.00 0.00 948.00 0}
1c 9999 

RANKS: 1 -1 0 4 1
EVENT22: 1004 46a96f_46accf_46ae12_46af04
COMP 4c-0: 48253a_4828ba_4829f3_482ae7 (4 188265.80 2 183945.00 3 194745.00){0.00 0.00 0.00 0.00 73579.60 0}{73579.60 0.00 0.00 0.00 147159.20 0}{147159.20 183945.00 189345.00 194745.00 220738.80 4}{220738.80 0.00 0.00 0.00 294318.40 0}{294318.40 0.00 0.00 0.00 367898.00 0}
COMP 4c-1: 48b495_48b719_48b7ed_48b8a6 (4 188393.20 1 184072.00 0 194873.00){0.00 0.00 0.00 0.00 73630.40 0}{73630.40 0.00 0.00 0.00 147260.80 0}{147260.80 184072.00 189472.50 194873.00 220891.20 4}{220891.20 0.00 0.00 0.00 294521.60 0}{294521.60 0.00 0.00 0.00 368152.00 0}
COMM 4b-0: 48253a_4828ba_4829f3_482ae7 (4 119.60 2 58.00 3 180.00){0.00 0.00 0.00 0.00 57.20 0}{57.20 58.00 66.00 74.00 114.40 2}{114.40 143.00 143.00 143.00 171.60 1}{171.60 180.00 180.00 180.00 228.80 1}{228.80 0.00 0.00 0.00 286.00 0}
COMM 4b-1: 48b495_48b719_48b7ed_48b8a6 (4 76.60 0 23.00 1 169.00){0.00 0.00 0.00 0.00 10.00 0}{10.00 0.00 0.00 0.00 20.00 0}{20.00 23.00 24.00 25.00 40.00 2}{40.00 0.00 0.00 0.00 50.00 0}{50.00 141.00 155.00 169.00 232.00 2}
10 2 
12 1 5 
14 16 
18 1 3 

RANKS: 1 -1 0 4 1
EVENT23: 1010 46d300_46d535_46d5d9_46d655
COMP 4c-0: 46a96f_46accf_46ae12_46af04 (4 21.40 3 20.00 3 23.00){0.00 0.00 0.00 0.00 8.40 0}{8.40 0.00 0.00 0.00 16.80 0}{16.80 20.00 21.50 23.00 25.20 4}{25.20 0.00 0.00 0.00 33.60 0}{33.60 0.00 0.00 0.00 42.00 0}
COMM 4b-0: 46a96f_46accf_46ae12_46af04 (4 18.60 1 6.00 3 31.00){0.00 6.00 6.00 6.00 9.20 1}{9.20 10.00 10.00 10.00 18.40 1}{18.40 23.00 23.00 23.00 27.60 1}{27.60 31.00 31.00 31.00 36.80 1}{36.80 0.00 0.00 0.00 46.00 0}
10 2 

RANKS: 1 -1 2 1 0
EVENT24: 1102 47da79_47de3e_47dfa8_47e0c7
COMP 4c-0: 46d300_46d535_46d5d9_46d655 (1 12706.00 2 12706.00 2 12706.00){0.00 0.00 0.00 0.00 5082.40 0}{5082.40 0.00 0.00 0.00 10164.80 0}{10164.80 12706.00 12706.00 12706.00 15247.20 1}{15247.20 0.00 0.00 0.00 20329.60 0}{20329.60 0.00 0.00 0.00 25412.00 0}
COMP 4c-1: 48253a_4828ba_4829f3_482ae7 (199 1862.97 2 1811.00 2 1914.00){0.00 0.00 0.00 0.00 764.00 0}{764.00 0.00 0.00 0.00 1528.00 0}{1528.00 1811.00 1862.73 1914.00 2292.00 199}{2292.00 0.00 0.00 0.00 3056.00 0}{3056.00 0.00 0.00 0.00 3820.00 0}
COMM 4b-0: 46d300_46d535_46d5d9_46d655 (1 728.00 2 728.00 2 728.00){0.00 0.00 0.00 0.00 291.20 0}{291.20 0.00 0.00 0.00 582.40 0}{582.40 728.00 728.00 728.00 873.60 1}{873.60 0.00 0.00 0.00 1164.80 0}{1164.80 0.00 0.00 0.00 1456.00 0}
COMM 4b-1: 48253a_4828ba_4829f3_482ae7 (199 8.78 2 2.00 2 998.00){0.00 2.00 3.60 6.00 6.40 194}{6.40 7.00 9.00 10.00 12.80 3}{12.80 16.00 16.00 16.00 25.60 1}{25.60 0.00 0.00 0.00 32.00 0}{32.00 998.00 998.00 998.00 1964.00 1}
LOOP0: iter: ( 200 )[ 1 -1 2 1 0 ] mem: ( 2 )[ 1 -1 2 1 0 ]
10 2 
12 250 
14 16 
1b 0 
2b 2 2 2 2 2 2 2 2 2 2 2 2 2 2 2 2 2 2 2 2 2 2 2 2 2 2 2 2 2 2 2 2 2 2 2 2 2 2 2 2 2 2 2 2 2 2 2 2 2 2 2 2 2 2 2 2 2 2 2 2 2 2 2 2 2 2 2 2 2 2 2 2 2 2 2 2 2 2 2 2 2 2 2 2 2 2 2 2 2 2 2 2 2 2 2 2 2 2 2 2 1 1 1 1 1 1 1 1 1 1 1 1 1 1 1 1 1 1 1 1 1 1 1 1 1 1 1 1 1 1 1 1 1 1 1 1 1 1 1 1 1 1 1 1 1 1 1 1 1 1 1 1 1 1 1 1 1 1 1 1 1 1 1 1 1 1 1 1 1 1 1 1 1 1 1 1 1 1 1 1 1 1 1 1 1 1 1 1 1 1 1 1 1 1 1 1 1 1 1 1 

RANKS: 1 -1 0 2 2
EVENT25: 1113 48253a_4828ba_4829f3_482ae7
COMP 4c-0: 46d300_46d535_46d5d9_46d655 (1 14399.00 0 14399.00 0 14399.00){0.00 0.00 0.00 0.00 5759.60 0}{5759.60 0.00 0.00 0.00 11519.20 0}{11519.20 14399.00 14399.00 14399.00 17278.80 1}{17278.80 0.00 0.00 0.00 23038.40 0}{23038.40 0.00 0.00 0.00 28798.00 0}
COMP 4c-1: 47da79_47de3e_47dfa8_47e0c7 (200 1691.61 2 1679.00 2 1705.00){0.00 0.00 0.00 0.00 681.60 0}{681.60 0.00 0.00 0.00 1363.20 0}{1363.20 1679.00 1691.55 1705.00 2044.80 200}{2044.80 0.00 0.00 0.00 2726.40 0}{2726.40 0.00 0.00 0.00 3408.00 0}
COMP 4c-2: 48253a_4828ba_4829f3_482ae7 (49551 1800.41 0 15.00 0 3602.00){0.00 0.00 0.00 0.00 6.00 0}{6.00 0.00 0.00 0.00 12.00 0}{12.00 15.00 17.89 18.00 24.00 24900}{24.00 0.00 0.00 0.00 30.00 0}{30.00 3600.00 3601.00 3602.00 7170.00 24651}
COMP 4c-3: 48b495_48b719_48b7ed_48b8a6 (248 198470.01 0 198456.00 0 198475.00){0.00 0.00 0.00 0.00 79382.40 0}{79382.40 0.00 0.00 0.00 158764.80 0}{158764.80 198456.00 198470.06 198475.00 238147.20 248}{238147.20 0.00 0.00 0.00 317529.60 0}{317529.60 0.00 0.00 0.00 396912.00 0}
COMM 4b-0: 46d300_46d535_46d5d9_46d655 (1 10.00 0 10.00 0 10.00){0.00 0.00 0.00 0.00 4.00 0}{4.00 0.00 0.00 0.00 8.00 0}{8.00 10.00 10.00 10.00 12.00 1}{12.00 0.00 0.00 0.00 16.00 0}{16.00 0.00 0.00 0.00 20.00 0}
COMM 4b-1: 47da79_47de3e_47dfa8_47e0c7 (200 3.18 2 2.00 2 13.00){0.00 2.00 2.86 3.00 3.20 192}{3.20 4.00 4.00 4.00 6.40 1}{6.40 8.00 8.00 8.00 9.60 1}{9.60 10.00 10.75 11.00 12.80 4}{12.80 13.00 13.00 13.00 16.00 2}
COMM 4b-2: 48253a_4828ba_4829f3_482ae7 (49551 2.59 0 1.00 0 39.00){0.00 0.00 0.00 0.00 0.80 0}{0.80 1.00 1.00 1.00 1.60 4586}{1.60 1.86 2.00 2.00 2.40 24964}{2.40 2.40 3.00 4.00 4.00 19225}{4.00 8.00 20.61 39.00 44.00 776}
COMM 4b-3: 48b495_48b719_48b7ed_48b8a6 (248 9.84 0 8.00 0 31.00){0.00 0.00 0.00 0.00 3.60 0}{3.60 0.00 0.00 0.00 7.20 0}{7.20 8.00 9.60 10.00 10.80 218}{10.80 11.00 11.00 11.00 18.00 29}{18.00 31.00 31.00 31.00 44.00 1}
LOOP0: iter: ( 249 )[ 1 -1 0 1 0 ] mem: ( 5 )[ 1 -1 0 1 0 ]
LOOP1: iter: ( 200 )[ 1 -1 0 1 0 ] mem: ( 1 )[ 1 -1 0 1 0 ]
10 2 
12 250 
14 16 
1a ( 1 2 )[ 1 -1 0 1 0 ]
1a ( 1 1 1 1 1 1 1 1 1 1 1 1 1 1 1 1 1 1 1 1 1 1 1 1 1 1 1 1 1 1 1 1 1 1 1 1 1 1 1 1 1 1 1 1 1 1 1 1 1 1 1 1 1 1 1 1 1 1 1 1 1 1 1 1 1 1 1 1 1 1 1 1 1 1 1 1 1 1 1 1 1 1 1 1 1 1 1 1 1 1 1 1 1 1 1 1 1 1 1 1 2 2 2 2 2 2 2 2 2 2 2 2 2 2 2 2 2 2 2 2 2 2 2 2 2 2 2 2 2 2 2 2 2 2 2 2 2 2 2 2 2 2 2 2 2 2 2 2 2 2 2 2 2 2 2 2 2 2 2 2 2 2 2 2 2 2 2 2 2 2 2 2 2 2 2 2 2 2 2 2 2 2 2 2 2 2 2 2 2 2 2 2 2 2 2 2 2 2 2 2 )[ 1 -1 2 1 0 ]
1b 0 

RANKS: 2 -1 0 2 1 -1 3 1 0
EVENT26: 1102 47da79_47de3e_47dfa8_47e0c7
COMP 4c-0: 46d300_46d535_46d5d9_46d655 (2 12706.00 1 12706.00 1 12706.00){0.00 0.00 0.00 0.00 5082.40 0}{5082.40 0.00 0.00 0.00 10164.80 0}{10164.80 12706.00 12706.00 12706.00 15247.20 2}{15247.20 0.00 0.00 0.00 20329.60 0}{20329.60 0.00 0.00 0.00 25412.00 0}
COMP 4c-1: 47da79_47de3e_47dfa8_47e0c7 (99102 1769.12 0 15.00 3 3602.00){0.00 0.00 0.00 0.00 6.40 0}{6.40 0.00 0.00 0.00 12.80 0}{12.80 15.00 17.93 18.00 25.60 49800}{25.60 0.00 0.00 0.00 32.00 0}{32.00 3474.00 3538.03 3602.00 6916.00 49302}
COMP 4c-2: 48253a_4828ba_4829f3_482ae7 (50048 2827.99 0 1811.00 3 196655.00){0.00 0.00 0.00 0.00 724.80 0}{724.80 0.00 0.00 0.00 1449.60 0}{1449.60 1811.00 1862.77 1914.00 2899.20 49800}{2899.20 0.00 0.00 0.00 3624.00 0}{3624.00 196640.00 196653.66 196655.00 389686.00 248}
COMP 4c-3: 48b495_48b719_48b7ed_48b8a6 (248 196777.33 1 196764.00 1 196778.00){0.00 0.00 0.00 0.00 78705.60 0}{78705.60 0.00 0.00 0.00 157411.20 0}{157411.20 196764.00 196777.38 196778.00 236116.80 248}{236116.80 0.00 0.00 0.00 314822.40 0}{314822.40 0.00 0.00 0.00 393528.00 0}
COMM 4b-0: 46d300_46d535_46d5d9_46d655 (2 857.67 1 629.00 3 1315.00){0.00 0.00 0.00 0.00 251.60 0}{251.60 0.00 0.00 0.00 503.20 0}{503.20 629.00 629.00 629.00 1006.40 1}{1006.40 0.00 0.00 0.00 1258.00 0}{1258.00 1315.00 1315.00 1315.00 1372.00 1}
COMM 4b-1: 47da79_47de3e_47dfa8_47e0c7 (99102 8.33 0 1.00 3 390.00){0.00 1.00 8.24 68.00 68.00 99007}{68.00 73.00 87.14 139.00 148.00 80}{148.00 155.00 159.50 164.00 180.00 2}{180.00 201.00 212.08 219.00 250.00 12}{250.00 390.00 390.00 390.00 530.00 1}
COMM 4b-2: 48253a_4828ba_4829f3_482ae7 (50048 35.03 1 2.00 0 3535.00){0.00 2.00 3.82 15.00 984.00 49221}{984.00 1358.86 1358.86 1358.86 1968.00 570}{1968.00 2036.00 2479.00 2936.00 2952.00 16}{2952.00 2978.00 3104.86 3535.00 3936.00 241}{3936.00 0.00 0.00 0.00 4920.00 0}
COMM 4b-3: 48b495_48b719_48b7ed_48b8a6 (248 611.00 1 55.00 1 876.00){0.00 0.00 0.00 0.00 22.00 0}{22.00 0.00 0.00 0.00 44.00 0}{44.00 55.00 71.50 88.00 88.00 2}{88.00 0.00 0.00 0.00 110.00 0}{110.00 426.00 617.65 876.00 918.00 246}
LOOP0: iter: ( 200 )[ 1 -1 0 1 0 ]( 249 )[ 1 -1 1 2 2 ] mem: ( 1 )[ 1 -1 0 1 0 ]( 7 )[ 1 -1 1 1 0 ]( 5 )[ 1 -1 3 1 0 ]
LOOP1: iter: ( 200 )[ 1 -1 1 2 2 ] mem: ( 2 )[ 1 -1 1 1 0 ]( 1 )[ 1 -1 3 1 0 ]
10 2 
12 250 
14 16 
1b 0 
2b ( 1 2 )[ 1 -1 0 1 0 ]
2b ( 3 3 3 3 3 3 3 3 3 3 3 3 3 3 3 3 3 3 3 3 3 3 3 3 3 3 3 3 3 3 3 3 3 3 3 3 3 3 3 3 3 3 3 3 3 3 3 3 3 3 3 3 3 3 3 3 3 3 3 3 3 3 3 3 3 3 3 3 3 3 3 3 3 3 3 3 3 3 3 3 3 3 3 3 3 3 3 3 3 3 3 3 3 3 3 3 3 3 3 3 2 2 2 2 2 2 2 2 2 2 2 2 2 2 2 2 2 2 2 2 2 2 2 2 2 2 2 2 2 2 2 2 2 2 2 2 2 2 2 2 2 2 2 2 2 2 2 2 2 2 2 2 2 2 2 2 2 2 2 2 2 2 2 2 2 2 2 2 2 2 2 2 2 2 2 2 2 2 2 2 2 2 2 2 2 2 2 2 2 2 2 2 2 2 2 2 2 2 2 2 )[ 1 -1 1 1 0 ]
2b ( 3 2 )[ 1 -1 3 1 0 ]

RANKS: 1 -1 0 4 1
EVENT27: 1113 48253a_4828ba_4829f3_482ae7
COMP 4c-0: 47da79_47de3e_47dfa8_47e0c7 (50298 1826.45 1 1679.00 0 25371.00){0.00 1679.00 1708.85 5164.00 10148.00 50049}{10148.00 0.00 0.00 0.00 20296.00 0}{20296.00 25370.00 25370.02 25371.00 30444.00 249}{30444.00 0.00 0.00 0.00 40592.00 0}{40592.00 0.00 0.00 0.00 50740.00 0}
COMP 4c-1: 48253a_4828ba_4829f3_482ae7 (49552 1738.12 3 15.00 2 23708.00){0.00 0.00 0.00 0.00 6.00 0}{6.00 0.00 0.00 0.00 12.00 0}{12.00 15.00 17.73 18.00 30.00 24900}{30.00 3474.00 3475.07 3476.00 6918.00 24651}{6918.00 23708.00 23708.00 23708.00 40498.00 1}
COMP 4c-2: 48b495_48b719_48b7ed_48b8a6 (249 93778.01 0 93778.00 0 93779.00){0.00 0.00 0.00 0.00 37511.20 0}{37511.20 0.00 0.00 0.00 75022.40 0}{75022.40 93778.00 93778.01 93779.00 112533.60 249}{112533.60 0.00 0.00 0.00 150044.80 0}{150044.80 0.00 0.00 0.00 187556.00 0}
COMM 4b-0: 47da79_47de3e_47dfa8_47e0c7 (50298 4.30 1 2.00 0 255.00){0.00 2.00 3.12 30.00 96.40 50048}{96.40 0.00 0.00 0.00 192.80 0}{192.80 198.00 240.97 255.00 289.20 250}{289.20 0.00 0.00 0.00 385.60 0}{385.60 0.00 0.00 0.00 482.00 0}
COMM 4b-1: 48253a_4828ba_4829f3_482ae7 (49552 2.65 3 1.00 2 242.00){0.00 0.00 0.00 0.00 0.80 0}{0.80 1.00 1.89 2.00 2.40 27044}{2.40 3.00 3.01 4.00 4.00 21731}{4.00 9.00 18.85 33.00 36.00 776}{36.00 242.00 242.00 242.00 448.00 1}
COMM 4b-2: 48b495_48b719_48b7ed_48b8a6 (249 250.68 0 239.00 0 1541.00){0.00 239.00 240.27 249.00 616.40 248}{616.40 0.00 0.00 0.00 1232.80 0}{1232.80 1541.00 1541.00 1541.00 1849.20 1}{1849.20 0.00 0.00 0.00 2465.60 0}{2465.60 0.00 0.00 0.00 3082.00 0}
LOOP0: iter: ( 2 )[ 1 -1 0 1 0 ]( 200 )[ 1 -1 3 1 0 ] mem: ( 3 )[ 1 -1 0 1 0 ]( 1 )[ 1 -1 3 1 0 ]
10 2 
12 ( 52020 )[ 1 -1 0 2 2 ]
12 ( 250 )[ 1 -1 1 2 2 ]
14 16 
1a ( 1 2 )[ 1 -1 0 1 0 ]
1a ( 2 2 2 2 2 2 2 2 2 2 2 2 2 2 2 2 2 2 2 2 2 2 2 2 2 2 2 2 2 2 2 2 2 2 2 2 2 2 2 2 2 2 2 2 2 2 2 2 2 2 2 2 2 2 2 2 2 2 2 2 2 2 2 2 2 2 2 2 2 2 2 2 2 2 2 2 2 2 2 2 2 2 2 2 2 2 2 2 2 2 2 2 2 2 2 2 2 2 2 2 3 3 3 3 3 3 3 3 3 3 3 3 3 3 3 3 3 3 3 3 3 3 3 3 3 3 3 3 3 3 3 3 3 3 3 3 3 3 3 3 3 3 3 3 3 3 3 3 3 3 3 3 3 3 3 3 3 3 3 3 3 3 3 3 3 3 3 3 3 3 3 3 3 3 3 3 3 3 3 3 3 3 3 3 3 3 3 3 3 3 3 3 3 3 3 3 3 3 3 3 )[ 1 -1 1 1 0 ]
1a ( 3 2 )[ 1 -1 3 1 0 ]
1a ( 1 )[ 1 -1 2 1 0 ]
1b 0 

RANKS: 1 -1 0 4 1
EVENT28: 1090 47a406_47a7db_47a946_47aa67
COMP 4c-0: 48253a_4828ba_4829f3_482ae7 (1493 23429.20 0 14.00 3 93481.00){0.00 0.00 0.00 0.00 6.00 0}{6.00 0.00 0.00 0.00 12.00 0}{12.00 14.00 18.96 28.00 30.00 746}{30.00 23518.00 23518.67 23520.00 47006.00 498}{47006.00 93481.00 93481.00 93481.00 139956.00 249}
COMP 4c-1: 48b495_48b719_48b7ed_48b8a6 (248 93595.00 2 93595.00 2 93595.00){0.00 0.00 0.00 0.00 37438.00 0}{37438.00 0.00 0.00 0.00 74876.00 0}{74876.00 93595.00 93595.00 93595.00 112314.00 248}{112314.00 0.00 0.00 0.00 149752.00 0}{149752.00 0.00 0.00 0.00 187190.00 0}
COMM 4b-0: 48253a_4828ba_4829f3_482ae7 (1493 2.36 0 1.00 0 12.00){0.00 0.00 0.00 0.00 0.80 0}{0.80 1.00 1.00 1.00 1.60 55}{1.60 2.00 2.00 2.00 2.40 866}{2.40 3.00 3.02 4.00 4.00 571}{4.00 12.00 12.00 12.00 20.00 1}
COMM 4b-1: 48b495_48b719_48b7ed_48b8a6 (248 2.65 2 2.00 2 4.00){0.00 0.00 0.00 0.00 1.20 0}{1.20 2.00 2.00 2.00 2.40 92}{2.40 3.00 3.00 3.00 3.60 150}{3.60 4.00 4.00 4.00 4.80 6}{4.80 0.00 0.00 0.00 6.00 0}
LOOP0: iter: ( 2 )[ 1 -1 3 1 0 ]( 248 )[ 1 -1 2 1 0 ] mem: ( 3 )[ 1 -1 3 1 0 ]( 5 )[ 1 -1 2 1 0 ]
LOOP1: iter: ( 2 )[ 1 -1 2 1 0 ] mem: ( 2 )[ 1 -1 2 1 0 ]
10 2 
12 52020 
14 16 
1b 0 
2b 2147483647 

RANKS: 1 -1 0 4 1
EVENT29: 1148 48b495_48b719_48b7ed_48b8a6
COMP 4c-0: 47a406_47a7db_47a946_47aa67 (1741 14.66 0 14.00 0 15.00){0.00 0.00 0.00 0.00 6.00 0}{6.00 0.00 0.00 0.00 12.00 0}{12.00 14.00 14.66 15.00 18.00 1741}{18.00 0.00 0.00 0.00 24.00 0}{24.00 0.00 0.00 0.00 30.00 0}
COMM 4b-0: 47a406_47a7db_47a946_47aa67 (1741 870.42 2 235.00 3 2599.00){0.00 0.00 0.00 0.00 190.40 0}{190.40 235.00 531.84 894.00 952.00 1262}{952.00 1170.00 1283.47 1552.00 1716.00 230}{1716.00 1906.00 2204.93 2339.50 2583.00 248}{2583.00 2599.00 2599.00 2599.00 2615.00 1}
1c 9999 

RANKS: 1 -1 2 1 0
EVENT30: 1113 48253a_4828ba_4829f3_482ae7
COMP 4c-0: 47da79_47de3e_47dfa8_47e0c7 (49352 1695.45 2 1679.00 2 1708.00){0.00 0.00 0.00 0.00 681.60 0}{681.60 0.00 0.00 0.00 1363.20 0}{1363.20 1679.00 1695.45 1708.00 2044.80 49352}{2044.80 0.00 0.00 0.00 2726.40 0}{2726.40 0.00 0.00 0.00 3408.00 0}
COMP 4c-1: 48b495_48b719_48b7ed_48b8a6 (248 373.00 2 373.00 2 373.00){0.00 0.00 0.00 0.00 149.20 0}{149.20 0.00 0.00 0.00 298.40 0}{298.40 373.00 373.00 373.00 447.60 248}{447.60 0.00 0.00 0.00 596.80 0}{596.80 0.00 0.00 0.00 746.00 0}
COMM 4b-0: 47da79_47de3e_47dfa8_47e0c7 (49352 3.27 2 2.00 2 27.00){0.00 2.00 2.95 6.00 6.40 47591}{6.40 7.00 7.61 9.00 9.60 249}{9.60 10.00 12.62 16.00 16.00 1503}{16.00 17.00 20.12 23.00 24.00 8}{24.00 27.00 27.00 27.00 30.00 1}
COMM 4b-1: 48b495_48b719_48b7ed_48b8a6 (248 231.23 2 230.00 2 242.00){0.00 0.00 0.00 0.00 92.80 0}{92.80 0.00 0.00 0.00 185.60 0}{185.60 230.00 231.23 242.00 278.40 248}{278.40 0.00 0.00 0.00 371.20 0}{371.20 0.00 0.00 0.00 464.00 0}
LOOP0: iter: ( 200 )[ 1 -1 2 1 0 ] mem: ( 2 )[ 1 -1 2 1 0 ]
10 2 
12 52020 250 250 250 250 250 250 250 250 250 250 250 250 250 250 250 250 250 250 250 250 250 250 250 250 250 250 250 250 250 250 250 250 250 250 250 250 250 250 250 250 250 250 250 250 250 250 250 250 250 250 250 250 250 250 250 250 250 250 250 250 250 250 250 250 250 250 250 250 250 250 250 250 250 250 250 250 250 250 250 250 250 250 250 250 250 250 250 250 250 250 250 250 250 250 250 250 250 250 250 250 250 250 250 250 250 250 250 250 250 250 250 250 250 250 250 250 250 250 250 250 250 250 250 250 250 250 250 250 250 250 250 250 250 250 250 250 250 250 250 250 250 250 250 250 250 250 250 250 250 250 250 250 250 250 250 250 250 250 250 250 250 250 250 250 250 250 250 250 250 250 250 250 250 250 250 250 250 250 250 250 250 250 250 250 250 250 250 250 250 250 250 250 250 250 250 250 250 250 250 
14 16 
1a 2 1 1 1 1 1 1 1 1 1 1 1 1 1 1 1 1 1 1 1 1 1 1 1 1 1 1 1 1 1 1 1 1 1 1 1 1 1 1 1 1 1 1 1 1 1 1 1 1 1 1 1 1 1 1 1 1 1 1 1 1 1 1 1 1 1 1 1 1 1 1 1 1 1 1 1 1 1 1 1 1 1 1 1 1 1 1 1 1 1 1 1 1 1 1 1 1 1 1 1 1 2 2 2 2 2 2 2 2 2 2 2 2 2 2 2 2 2 2 2 2 2 2 2 2 2 2 2 2 2 2 2 2 2 2 2 2 2 2 2 2 2 2 2 2 2 2 2 2 2 2 2 2 2 2 2 2 2 2 2 2 2 2 2 2 2 2 2 2 2 2 2 2 2 2 2 2 2 2 2 2 2 2 2 2 2 2 2 2 2 2 2 2 2 2 2 2 2 2 2 
1b 0 

RANKS: 1 -1 2 1 0
EVENT31: 1102 47da79_47de3e_47dfa8_47e0c7
COMP 4c-0: 48253a_4828ba_4829f3_482ae7 (49600 2837.39 2 1809.00 2 196636.00){0.00 1809.00 1859.60 1911.00 78654.40 49352}{78654.40 0.00 0.00 0.00 157308.80 0}{157308.80 196636.00 196636.00 196636.00 235963.20 248}{235963.20 0.00 0.00 0.00 314617.60 0}{314617.60 0.00 0.00 0.00 393272.00 0}
COMM 4b-0: 48253a_4828ba_4829f3_482ae7 (49600 12.45 2 1.00 2 1173.00){0.00 1.00 3.67 201.00 412.80 49105}{412.80 421.00 504.00 565.00 619.20 5}{619.20 635.00 736.29 825.00 825.60 227}{825.60 858.00 1012.23 1032.00 1032.00 249}{1032.00 1035.00 1074.50 1173.00 1280.00 14}
10 2 
12 250 
14 16 
1b 0 
2b 2 2 2 2 2 2 2 2 2 2 2 2 2 2 2 2 2 2 2 2 2 2 2 2 2 2 2 2 2 2 2 2 2 2 2 2 2 2 2 2 2 2 2 2 2 2 2 2 2 2 2 2 2 2 2 2 2 2 2 2 2 2 2 2 2 2 2 2 2 2 2 2 2 2 2 2 2 2 2 2 2 2 2 2 2 2 2 2 2 2 2 2 2 2 2 2 2 2 2 2 1 1 1 1 1 1 1 1 1 1 1 1 1 1 1 1 1 1 1 1 1 1 1 1 1 1 1 1 1 1 1 1 1 1 1 1 1 1 1 1 1 1 1 1 1 1 1 1 1 1 1 1 1 1 1 1 1 1 1 1 1 1 1 1 1 1 1 1 1 1 1 1 1 1 1 1 1 1 1 1 1 1 1 1 1 1 1 1 1 1 1 1 1 1 1 1 1 1 1 1 

RANKS: 1 -1 0 4 1
EVENT32: 1113 48253a_4828ba_4829f3_482ae7
COMP 4c-0: 47da79_47de3e_47dfa8_47e0c7 (248 1682.77 2 1680.00 2 1684.00){0.00 0.00 0.00 0.00 672.80 0}{672.80 0.00 0.00 0.00 1345.60 0}{1345.60 1680.00 1682.77 1684.00 2018.40 248}{2018.40 0.00 0.00 0.00 2691.20 0}{2691.20 0.00 0.00 0.00 3364.00 0}
COMP 4c-1: 48253a_4828ba_4829f3_482ae7 (696 42409.77 0 15.00 1 93665.00){0.00 0.00 0.00 0.00 6.00 0}{6.00 0.00 0.00 0.00 12.00 0}{12.00 15.00 17.97 18.00 30.00 100}{30.00 3600.00 3600.99 3601.00 7170.00 99}{7170.00 23704.00 58755.12 93665.00 180158.00 497}
COMP 4c-2: 48b495_48b719_48b7ed_48b8a6 (748 899.38 1 370.00 0 198475.00){0.00 370.00 370.40 371.00 79390.00 747}{79390.00 0.00 0.00 0.00 158780.00 0}{158780.00 198475.00 198475.00 198475.00 238170.00 1}{238170.00 0.00 0.00 0.00 317560.00 0}{317560.00 0.00 0.00 0.00 396950.00 0}
COMM 4b-0: 47da79_47de3e_47dfa8_47e0c7 (248 2.93 2 2.00 2 12.00){0.00 0.00 0.00 0.00 1.20 0}{1.20 2.00 2.00 2.00 2.40 26}{2.40 3.00 3.00 3.00 4.80 221}{4.80 0.00 0.00 0.00 6.00 0}{6.00 12.00 12.00 12.00 18.00 1}
COMM 4b-1: 48253a_4828ba_4829f3_482ae7 (696 177.06 0 1.00 1 2110.00){0.00 1.00 1.88 2.00 2.40 110}{2.40 3.00 3.01 4.00 6.00 86}{6.00 17.00 21.67 25.00 44.00 3}{44.00 240.00 243.49 261.00 438.00 496}{438.00 2110.00 2110.00 2110.00 3782.00 1}
COMM 4b-2: 48b495_48b719_48b7ed_48b8a6 (748 233.43 0 10.00 3 678.00){0.00 0.00 0.00 0.00 4.00 0}{4.00 0.00 0.00 0.00 8.00 0}{8.00 10.00 10.00 10.00 20.00 1}{20.00 230.00 233.44 274.00 440.00 746}{440.00 678.00 678.00 678.00 916.00 1}
LOOP0: iter: ( 200 )[ 1 -1 0 1 0 ]( 2 )[ 1 -1 1 2 1 ] mem: ( 1 )[ 1 -1 0 3 1 ]
10 2 
12 ( 250 )[ 1 -1 0 1 0 ]
12 ( 52020 )[ 1 -1 1 2 2 ]
12 ( 250 52020 )[ 1 -1 2 1 0 ]
14 16 
1a ( 1 2 )[ 1 -1 0 1 0 ]
1a ( 3 2 )[ 1 -1 1 2 2 ]
1a ( 2 1 )[ 1 -1 2 1 0 ]
1b 0 

RANKS: 1 -1 1 2 1
EVENT33: 1090 47a406_47a7db_47a946_47aa67
COMP 4c-0: 48253a_4828ba_4829f3_482ae7 (250 16.05 1 16.00 2 28.00){0.00 0.00 0.00 0.00 6.40 0}{6.40 0.00 0.00 0.00 12.80 0}{12.80 16.00 16.00 16.00 19.20 249}{19.20 0.00 0.00 0.00 25.60 0}{25.60 28.00 28.00 28.00 32.00 1}
COMP 4c-1: 48b495_48b719_48b7ed_48b8a6 (1 93595.00 2 93595.00 2 93595.00){0.00 0.00 0.00 0.00 37438.00 0}{37438.00 0.00 0.00 0.00 74876.00 0}{74876.00 93595.00 93595.00 93595.00 112314.00 1}{112314.00 0.00 0.00 0.00 149752.00 0}{149752.00 0.00 0.00 0.00 187190.00 0}
COMM 4b-0: 48253a_4828ba_4829f3_482ae7 (250 1.88 1 1.00 1 3.00){0.00 0.00 0.00 0.00 0.80 0}{0.80 1.00 1.00 1.00 1.60 31}{1.60 2.00 2.00 2.00 2.40 217}{2.40 3.00 3.00 3.00 3.20 2}{3.20 0.00 0.00 0.00 4.00 0}
COMM 4b-1: 48b495_48b719_48b7ed_48b8a6 (1 2.00 2 2.00 2 2.00){0.00 0.00 0.00 0.00 0.80 0}{0.80 0.00 0.00 0.00 1.60 0}{1.60 2.00 2.00 2.00 2.40 1}{2.40 0.00 0.00 0.00 3.20 0}{3.20 0.00 0.00 0.00 4.00 0}
LOOP0: iter: ( 2 )[ 1 -1 2 1 0 ] mem: ( 2 )[ 1 -1 2 1 0 ]
10 2 
12 52020 
14 16 
1b 0 
2b 2147483647 

RANKS: 1 -1 1 2 1
EVENT34: 1148 48b495_48b719_48b7ed_48b8a6
COMP 4c-0: 47a406_47a7db_47a946_47aa67 (251 14.98 1 14.00 1 15.00){0.00 0.00 0.00 0.00 6.00 0}{6.00 0.00 0.00 0.00 12.00 0}{12.00 14.00 14.98 15.00 18.00 251}{18.00 0.00 0.00 0.00 24.00 0}{24.00 0.00 0.00 0.00 30.00 0}
COMM 4b-0: 47a406_47a7db_47a946_47aa67 (251 364.95 1 226.00 2 698.00){0.00 0.00 0.00 0.00 180.80 0}{180.80 226.00 226.00 226.00 271.20 1}{271.20 342.00 358.21 361.00 361.60 29}{361.60 362.00 365.59 392.00 452.00 220}{452.00 698.00 698.00 698.00 944.00 1}
1c 9999 

RANKS: 1 -1 2 1 0
EVENT35: 1113 48253a_4828ba_4829f3_482ae7
COMP 4c-0: 47da79_47de3e_47dfa8_47e0c7 (199 1695.53 2 1681.00 2 1708.00){0.00 0.00 0.00 0.00 681.60 0}{681.60 0.00 0.00 0.00 1363.20 0}{1363.20 1681.00 1695.48 1708.00 2044.80 199}{2044.80 0.00 0.00 0.00 2726.40 0}{2726.40 0.00 0.00 0.00 3408.00 0}
COMP 4c-1: 48b495_48b719_48b7ed_48b8a6 (1 373.00 2 373.00 2 373.00){0.00 0.00 0.00 0.00 149.20 0}{149.20 0.00 0.00 0.00 298.40 0}{298.40 373.00 373.00 373.00 447.60 1}{447.60 0.00 0.00 0.00 596.80 0}{596.80 0.00 0.00 0.00 746.00 0}
COMM 4b-0: 47da79_47de3e_47dfa8_47e0c7 (199 3.38 2 2.00 2 26.00){0.00 2.00 2.93 4.00 6.40 191}{6.40 8.00 8.00 8.00 9.60 1}{9.60 11.00 11.33 12.00 12.80 3}{12.80 13.00 13.67 14.00 16.00 3}{16.00 26.00 26.00 26.00 36.00 1}
COMM 4b-1: 48b495_48b719_48b7ed_48b8a6 (1 231.00 2 231.00 2 231.00){0.00 0.00 0.00 0.00 92.40 0}{92.40 0.00 0.00 0.00 184.80 0}{184.80 231.00 231.00 231.00 277.20 1}{277.20 0.00 0.00 0.00 369.60 0}{369.60 0.00 0.00 0.00 462.00 0}
LOOP0: iter: ( 200 )[ 1 -1 2 1 0 ] mem: ( 2 )[ 1 -1 2 1 0 ]
10 2 
12 52020 250 250 250 250 250 250 250 250 250 250 250 250 250 250 250 250 250 250 250 250 250 250 250 250 250 250 250 250 250 250 250 250 250 250 250 250 250 250 250 250 250 250 250 250 250 250 250 250 250 250 250 250 250 250 250 250 250 250 250 250 250 250 250 250 250 250 250 250 250 250 250 250 250 250 250 250 250 250 250 250 250 250 250 250 250 250 250 250 250 250 250 250 250 250 250 250 250 250 250 250 250 250 250 250 250 250 250 250 250 250 250 250 250 250 250 250 250 250 250 250 250 250 250 250 250 250 250 250 250 250 250 250 250 250 250 250 250 250 250 250 250 250 250 250 250 250 250 250 250 250 250 250 250 250 250 250 250 250 250 250 250 250 250 250 250 250 250 250 250 250 250 250 250 250 250 250 250 250 250 250 250 250 250 250 250 250 250 250 250 250 250 250 250 250 250 250 250 250 250 
14 16 
1a 2 1 1 1 1 1 1 1 1 1 1 1 1 1 1 1 1 1 1 1 1 1 1 1 1 1 1 1 1 1 1 1 1 1 1 1 1 1 1 1 1 1 1 1 1 1 1 1 1 1 1 1 1 1 1 1 1 1 1 1 1 1 1 1 1 1 1 1 1 1 1 1 1 1 1 1 1 1 1 1 1 1 1 1 1 1 1 1 1 1 1 1 1 1 1 1 1 1 1 1 1 2 2 2 2 2 2 2 2 2 2 2 2 2 2 2 2 2 2 2 2 2 2 2 2 2 2 2 2 2 2 2 2 2 2 2 2 2 2 2 2 2 2 2 2 2 2 2 2 2 2 2 2 2 2 2 2 2 2 2 2 2 2 2 2 2 2 2 2 2 2 2 2 2 2 2 2 2 2 2 2 2 2 2 2 2 2 2 2 2 2 2 2 2 2 2 2 2 2 2 
1b 0 

RANKS: 1 -1 0 4 1
EVENT36: 1102 47da79_47de3e_47dfa8_47e0c7
COMP 4c-0: 47da79_47de3e_47dfa8_47e0c7 (398 1764.78 3 15.00 3 3602.00){0.00 0.00 0.00 0.00 6.40 0}{6.40 0.00 0.00 0.00 12.80 0}{12.80 15.00 17.98 18.00 25.60 200}{25.60 0.00 0.00 0.00 32.00 0}{32.00 3475.00 3538.07 3602.00 6918.00 198}
COMP 4c-1: 48253a_4828ba_4829f3_482ae7 (401 2830.13 2 1809.00 3 196655.00){0.00 0.00 0.00 0.00 724.80 0}{724.80 0.00 0.00 0.00 1449.60 0}{1449.60 1809.00 1861.18 1914.00 2899.20 399}{2899.20 0.00 0.00 0.00 3624.00 0}{3624.00 196636.00 196645.50 196655.00 389686.00 2}
COMP 4c-2: 48b495_48b719_48b7ed_48b8a6 (1 196778.00 1 196778.00 1 196778.00){0.00 0.00 0.00 0.00 78711.20 0}{78711.20 0.00 0.00 0.00 157422.40 0}{157422.40 196778.00 196778.00 196778.00 236133.60 1}{236133.60 0.00 0.00 0.00 314844.80 0}{314844.80 0.00 0.00 0.00 393556.00 0}
COMM 4b-0: 47da79_47de3e_47dfa8_47e0c7 (398 8.03 0 1.00 3 41.00){0.00 1.00 2.69 9.00 10.00 229}{10.00 11.00 13.77 16.00 16.00 136}{16.00 17.00 20.71 28.00 28.00 31}{28.00 29.00 29.00 29.00 30.00 1}{30.00 41.00 41.00 41.00 52.00 1}
COMM 4b-1: 48253a_4828ba_4829f3_482ae7 (401 32.34 1 2.00 0 3066.00){0.00 2.00 8.69 1013.00 1226.40 398}{1226.40 1501.00 1704.00 1907.00 2452.80 2}{2452.80 3066.00 3066.00 3066.00 3679.20 1}{3679.20 0.00 0.00 0.00 4905.60 0}{4905.60 0.00 0.00 0.00 6132.00 0}
COMM 4b-2: 48b495_48b719_48b7ed_48b8a6 (1 829.00 1 829.00 1 829.00){0.00 0.00 0.00 0.00 331.60 0}{331.60 0.00 0.00 0.00 663.20 0}{663.20 829.00 829.00 829.00 994.80 1}{994.80 0.00 0.00 0.00 1326.40 0}{1326.40 0.00 0.00 0.00 1658.00 0}
LOOP0: iter: ( 200 )[ 2 -1 0 2 1 -1 3 1 0 ] mem: ( 1 )[ 1 -1 0 2 3 ]( 2 )[ 1 -1 1 1 0 ]
10 2 
12 250 
14 16 
1b 0 
2b ( 1 2 )[ 1 -1 0 1 0 ]
2b ( 3 3 3 3 3 3 3 3 3 3 3 3 3 3 3 3 3 3 3 3 3 3 3 3 3 3 3 3 3 3 3 3 3 3 3 3 3 3 3 3 3 3 3 3 3 3 3 3 3 3 3 3 3 3 3 3 3 3 3 3 3 3 3 3 3 3 3 3 3 3 3 3 3 3 3 3 3 3 3 3 3 3 3 3 3 3 3 3 3 3 3 3 3 3 3 3 3 3 3 3 2 2 2 2 2 2 2 2 2 2 2 2 2 2 2 2 2 2 2 2 2 2 2 2 2 2 2 2 2 2 2 2 2 2 2 2 2 2 2 2 2 2 2 2 2 2 2 2 2 2 2 2 2 2 2 2 2 2 2 2 2 2 2 2 2 2 2 2 2 2 2 2 2 2 2 2 2 2 2 2 2 2 2 2 2 2 2 2 2 2 2 2 2 2 2 2 2 2 2 2 )[ 1 -1 1 1 0 ]
2b ( 3 2 )[ 1 -1 3 1 0 ]
2b ( 2 2 2 2 2 2 2 2 2 2 2 2 2 2 2 2 2 2 2 2 2 2 2 2 2 2 2 2 2 2 2 2 2 2 2 2 2 2 2 2 2 2 2 2 2 2 2 2 2 2 2 2 2 2 2 2 2 2 2 2 2 2 2 2 2 2 2 2 2 2 2 2 2 2 2 2 2 2 2 2 2 2 2 2 2 2 2 2 2 2 2 2 2 2 2 2 2 2 2 2 1 1 1 1 1 1 1 1 1 1 1 1 1 1 1 1 1 1 1 1 1 1 1 1 1 1 1 1 1 1 1 1 1 1 1 1 1 1 1 1 1 1 1 1 1 1 1 1 1 1 1 1 1 1 1 1 1 1 1 1 1 1 1 1 1 1 1 1 1 1 1 1 1 1 1 1 1 1 1 1 1 1 1 1 1 1 1 1 1 1 1 1 1 1 1 1 1 1 1 1 )[ 1 -1 2 1 0 ]

RANKS: 1 -1 1 3 1
EVENT37: 1113 48253a_4828ba_4829f3_482ae7
COMP 4c-0: 47da79_47de3e_47dfa8_47e0c7 (202 1708.71 1 1679.00 3 5164.00){0.00 0.00 0.00 0.00 681.60 0}{681.60 0.00 0.00 0.00 1363.20 0}{1363.20 1679.00 1691.54 1704.00 2726.40 201}{2726.40 0.00 0.00 0.00 3408.00 0}{3408.00 5164.00 5164.00 5164.00 6920.00 1}
COMP 4c-1: 48253a_4828ba_4829f3_482ae7 (199 1729.15 3 15.00 3 3475.00){0.00 0.00 0.00 0.00 6.00 0}{6.00 0.00 0.00 0.00 12.00 0}{12.00 15.00 17.89 18.00 24.00 100}{24.00 0.00 0.00 0.00 30.00 0}{30.00 3475.00 3475.00 3475.00 6920.00 99}
COMM 4b-0: 47da79_47de3e_47dfa8_47e0c7 (202 3.06 1 2.00 1 14.00){0.00 2.00 2.00 2.00 2.80 56}{2.80 3.00 3.01 4.00 5.60 138}{5.60 6.00 6.50 7.00 8.40 2}{8.40 11.00 11.00 11.00 11.20 2}{11.20 12.00 13.00 14.00 14.00 4}
COMM 4b-1: 48253a_4828ba_4829f3_482ae7 (199 2.65 3 1.00 3 21.00){0.00 1.00 1.00 1.00 1.60 7}{1.60 2.00 2.00 2.00 2.40 106}{2.40 3.00 3.00 3.00 3.20 81}{3.20 4.00 4.00 4.00 4.00 2}{4.00 17.00 19.33 21.00 36.00 3}
LOOP0: iter: ( 200 )[ 1 -1 3 1 0 ] mem: ( 1 )[ 1 -1 3 1 0 ]
10 2 
12 250 
14 16 
1a ( 2 2 2 2 2 2 2 2 2 2 2 2 2 2 2 2 2 2 2 2 2 2 2 2 2 2 2 2 2 2 2 2 2 2 2 2 2 2 2 2 2 2 2 2 2 2 2 2 2 2 2 2 2 2 2 2 2 2 2 2 2 2 2 2 2 2 2 2 2 2 2 2 2 2 2 2 2 2 2 2 2 2 2 2 2 2 2 2 2 2 2 2 2 2 2 2 2 2 2 2 3 3 3 3 3 3 3 3 3 3 3 3 3 3 3 3 3 3 3 3 3 3 3 3 3 3 3 3 3 3 3 3 3 3 3 3 3 3 3 3 3 3 3 3 3 3 3 3 3 3 3 3 3 3 3 3 3 3 3 3 3 3 3 3 3 3 3 3 3 3 3 3 3 3 3 3 3 3 3 3 3 3 3 3 3 3 3 3 3 3 3 3 3 3 3 3 3 3 3 3 )[ 1 -1 1 1 0 ]
1a ( 3 2 )[ 1 -1 3 1 0 ]
1a ( 2 )[ 1 -1 2 1 0 ]
1b 0 

RANKS: 1 -1 0 4 1
EVENT38: 1004 46a96f_46accf_46ae12_46af04
COMP 4c-0: 47da79_47de3e_47dfa8_47e0c7 (1 24523.00 0 24523.00 0 24523.00){0.00 0.00 0.00 0.00 9809.20 0}{9809.20 0.00 0.00 0.00 19618.40 0}{19618.40 24523.00 24523.00 24523.00 29427.60 1}{29427.60 0.00 0.00 0.00 39236.80 0}{39236.80 0.00 0.00 0.00 49046.00 0}
COMP 4c-1: 48253a_4828ba_4829f3_482ae7 (3 22859.00 2 22857.00 1 22860.00){0.00 0.00 0.00 0.00 9144.00 0}{9144.00 0.00 0.00 0.00 18288.00 0}{18288.00 22857.00 22858.67 22860.00 27432.00 3}{27432.00 0.00 0.00 0.00 36576.00 0}{36576.00 0.00 0.00 0.00 45720.00 0}
COMM 4b-0: 47da79_47de3e_47dfa8_47e0c7 (1 20.00 0 20.00 0 20.00){0.00 0.00 0.00 0.00 8.00 0}{8.00 0.00 0.00 0.00 16.00 0}{16.00 20.00 20.00 20.00 24.00 1}{24.00 0.00 0.00 0.00 32.00 0}{32.00 0.00 0.00 0.00 40.00 0}
COMM 4b-1: 48253a_4828ba_4829f3_482ae7 (3 1237.50 2 473.00 3 2387.00){0.00 0.00 0.00 0.00 418.00 0}{418.00 473.00 473.00 473.00 836.00 1}{836.00 1045.00 1045.00 1045.00 1672.00 1}{1672.00 0.00 0.00 0.00 2090.00 0}{2090.00 2387.00 2387.00 2387.00 2684.00 1}
10 2 
12 5 
14 16 
18 3 

RANKS: 1 -1 0 2 2
EVENT39: 1113 48253a_4828ba_4829f3_482ae7
COMP 4c-0: 46a96f_46accf_46ae12_46af04 (2 11659.00 0 11659.00 0 11659.00){0.00 0.00 0.00 0.00 4663.60 0}{4663.60 0.00 0.00 0.00 9327.20 0}{9327.20 11659.00 11659.00 11659.00 13990.80 2}{13990.80 0.00 0.00 0.00 18654.40 0}{18654.40 0.00 0.00 0.00 23318.00 0}
COMP 4c-1: 48b495_48b719_48b7ed_48b8a6 (1 93778.00 0 93778.00 0 93778.00){0.00 0.00 0.00 0.00 37511.20 0}{37511.20 0.00 0.00 0.00 75022.40 0}{75022.40 93778.00 93778.00 93778.00 112533.60 1}{112533.60 0.00 0.00 0.00 150044.80 0}{150044.80 0.00 0.00 0.00 187556.00 0}
COMM 4b-0: 46a96f_46accf_46ae12_46af04 (2 241.00 0 240.00 2 243.00){0.00 0.00 0.00 0.00 96.00 0}{96.00 0.00 0.00 0.00 192.00 0}{192.00 240.00 241.50 243.00 288.00 2}{288.00 0.00 0.00 0.00 384.00 0}{384.00 0.00 0.00 0.00 480.00 0}
COMM 4b-1: 48b495_48b719_48b7ed_48b8a6 (1 240.00 0 240.00 0 240.00){0.00 0.00 0.00 0.00 96.00 0}{96.00 0.00 0.00 0.00 192.00 0}{192.00 240.00 240.00 240.00 288.00 1}{288.00 0.00 0.00 0.00 384.00 0}{384.00 0.00 0.00 0.00 480.00 0}
LOOP0: iter: ( 2 )[ 1 -1 0 1 0 ] mem: ( 3 )[ 1 -1 0 1 0 ]
10 2 
12 52020 
14 16 
1a ( 1 2 )[ 1 -1 0 1 0 ]
1a ( 1 )[ 1 -1 2 1 0 ]
1b 0 

RANKS: 1 -1 0 4 1
EVENT40: 1090 47a406_47a7db_47a946_47aa67
COMP 4c-0: 46a96f_46accf_46ae12_46af04 (2 11470.00 1 11470.00 1 11470.00){0.00 0.00 0.00 0.00 4588.00 0}{4588.00 0.00 0.00 0.00 9176.00 0}{9176.00 11470.00 11470.00 11470.00 13764.00 2}{13764.00 0.00 0.00 0.00 18352.00 0}{18352.00 0.00 0.00 0.00 22940.00 0}
COMP 4c-1: 48253a_4828ba_4829f3_482ae7 (4 18707.60 0 14.00 3 93481.00){0.00 0.00 0.00 0.00 5.60 0}{5.60 0.00 0.00 0.00 11.20 0}{11.20 14.00 14.33 15.00 22.40 3}{22.40 0.00 0.00 0.00 28.00 0}{28.00 93481.00 93481.00 93481.00 186934.00 1}
COMP 4c-2: 48b495_48b719_48b7ed_48b8a6 (1 93595.00 2 93595.00 2 93595.00){0.00 0.00 0.00 0.00 37438.00 0}{37438.00 0.00 0.00 0.00 74876.00 0}{74876.00 93595.00 93595.00 93595.00 112314.00 1}{112314.00 0.00 0.00 0.00 149752.00 0}{149752.00 0.00 0.00 0.00 187190.00 0}
COMM 4b-0: 46a96f_46accf_46ae12_46af04 (2 2.33 1 2.00 3 3.00){0.00 0.00 0.00 0.00 0.80 0}{0.80 0.00 0.00 0.00 1.60 0}{1.60 2.00 2.00 2.00 2.40 1}{2.40 3.00 3.00 3.00 3.20 1}{3.20 0.00 0.00 0.00 4.00 0}
COMM 4b-1: 48253a_4828ba_4829f3_482ae7 (4 2.20 0 2.00 3 3.00){0.00 0.00 0.00 0.00 0.80 0}{0.80 0.00 0.00 0.00 1.60 0}{1.60 2.00 2.00 2.00 2.40 3}{2.40 3.00 3.00 3.00 3.20 1}{3.20 0.00 0.00 0.00 4.00 0}
COMM 4b-2: 48b495_48b719_48b7ed_48b8a6 (1 3.00 2 3.00 2 3.00){0.00 0.00 0.00 0.00 1.20 0}{1.20 0.00 0.00 0.00 2.40 0}{2.40 3.00 3.00 3.00 3.60 1}{3.60 0.00 0.00 0.00 4.80 0}{4.80 0.00 0.00 0.00 6.00 0}
LOOP0: iter: ( 2 )[ 1 -1 2 2 1 ] mem: ( 3 )[ 1 -1 3 1 0 ]( 2 )[ 1 -1 2 1 0 ]
10 2 
12 52020 
14 16 
1b 0 
2b 2147483647 

RANKS: 1 -1 0 4 1
EVENT41: 1148 48b495_48b719_48b7ed_48b8a6
COMP 4c-0: 47a406_47a7db_47a946_47aa67 (7 14.62 0 14.00 1 15.00){0.00 0.00 0.00 0.00 5.60 0}{5.60 0.00 0.00 0.00 11.20 0}{11.20 14.00 14.71 15.00 16.80 7}{16.80 0.00 0.00 0.00 22.40 0}{22.40 0.00 0.00 0.00 28.00 0}
COMM 4b-0: 47a406_47a7db_47a946_47aa67 (7 372.00 1 272.00 0 479.00){0.00 0.00 0.00 0.00 191.60 0}{191.60 272.00 284.50 306.00 383.20 4}{383.20 422.00 453.00 479.00 574.80 3}{574.80 0.00 0.00 0.00 766.40 0}{766.40 0.00 0.00 0.00 958.00 0}
1c 9999 

RANKS: 1 -1 2 2 1
EVENT42: 1113 48253a_4828ba_4829f3_482ae7
COMP 4c-0: 48b495_48b719_48b7ed_48b8a6 (3 370.75 3 370.00 2 373.00){0.00 0.00 0.00 0.00 148.00 0}{148.00 0.00 0.00 0.00 296.00 0}{296.00 370.00 371.00 373.00 444.00 3}{444.00 0.00 0.00 0.00 592.00 0}{592.00 0.00 0.00 0.00 740.00 0}
COMM 4b-0: 48b495_48b719_48b7ed_48b8a6 (3 233.50 2 231.00 3 235.00){0.00 0.00 0.00 0.00 93.60 0}{93.60 0.00 0.00 0.00 187.20 0}{187.20 231.00 233.33 235.00 280.80 3}{280.80 0.00 0.00 0.00 374.40 0}{374.40 0.00 0.00 0.00 468.00 0}
10 2 
12 52020 
14 16 
1a ( 3 2 )[ 1 -1 3 1 0 ]
1a ( 2 )[ 1 -1 2 1 0 ]
1b 0 

RANKS: 2 -1 0 2 2 -1 3 1 0
EVENT43: 1004 46a96f_46accf_46ae12_46af04
COMP 4c-0: 46a96f_46accf_46ae12_46af04 (6 40650.71 0 15.00 0 94832.00){0.00 0.00 0.00 0.00 6.00 0}{6.00 0.00 0.00 0.00 12.00 0}{12.00 15.00 15.00 15.00 24.00 3}{24.00 0.00 0.00 0.00 30.00 0}{30.00 94831.00 94831.67 94832.00 189634.00 3}
COMP 4c-1: 48253a_4828ba_4829f3_482ae7 (2 194743.67 2 194741.00 3 194745.00){0.00 0.00 0.00 0.00 77898.00 0}{77898.00 0.00 0.00 0.00 155796.00 0}{155796.00 194741.00 194743.00 194745.00 233694.00 2}{233694.00 0.00 0.00 0.00 311592.00 0}{311592.00 0.00 0.00 0.00 389490.00 0}
COMP 4c-2: 48b495_48b719_48b7ed_48b8a6 (1 194873.00 0 194873.00 0 194873.00){0.00 0.00 0.00 0.00 77949.20 0}{77949.20 0.00 0.00 0.00 155898.40 0}{155898.40 194873.00 194873.00 194873.00 233847.60 1}{233847.60 0.00 0.00 0.00 311796.80 0}{311796.80 0.00 0.00 0.00 389746.00 0}
COMM 4b-0: 46a96f_46accf_46ae12_46af04 (6 20.43 2 8.00 3 39.00){0.00 8.00 8.00 8.00 8.00 1}{8.00 10.00 10.00 10.00 16.00 1}{16.00 20.00 20.00 20.00 20.00 1}{20.00 21.00 21.00 21.00 22.00 1}{22.00 35.00 37.00 39.00 56.00 2}
COMM 4b-1: 48253a_4828ba_4829f3_482ae7 (2 84.33 2 23.00 3 115.00){0.00 23.00 23.00 23.00 46.00 1}{46.00 0.00 0.00 0.00 92.00 0}{92.00 115.00 115.00 115.00 138.00 1}{138.00 0.00 0.00 0.00 184.00 0}{184.00 0.00 0.00 0.00 230.00 0}
COMM 4b-2: 48b495_48b719_48b7ed_48b8a6 (1 64.00 0 64.00 0 64.00){0.00 0.00 0.00 0.00 25.60 0}{25.60 0.00 0.00 0.00 51.20 0}{51.20 64.00 64.00 64.00 76.80 1}{76.80 0.00 0.00 0.00 102.40 0}{102.40 0.00 0.00 0.00 128.00 0}
LOOP0: iter: ( 3 )[ 2 -1 0 2 2 -1 3 1 0 ] mem: ( 1 )[ 2 -1 0 2 2 -1 3 1 0 ]
10 2 
12 5 1 5 
14 16 
18 3 1 3 

RANKS: 1 -1 1 3 1
EVENT44: 1113 48253a_4828ba_4829f3_482ae7
COMP 4c-0: 46a96f_46accf_46ae12_46af04 (2 133.00 3 133.00 3 133.00){0.00 0.00 0.00 0.00 53.20 0}{53.20 0.00 0.00 0.00 106.40 0}{106.40 133.00 133.00 133.00 159.60 2}{159.60 0.00 0.00 0.00 212.80 0}{212.80 0.00 0.00 0.00 266.00 0}
COMP 4c-1: 48253a_4828ba_4829f3_482ae7 (2 62448.33 3 15.00 1 93665.00){0.00 15.00 15.00 15.00 37466.00 1}{37466.00 0.00 0.00 0.00 74932.00 0}{74932.00 93665.00 93665.00 93665.00 112398.00 1}{112398.00 0.00 0.00 0.00 149864.00 0}{149864.00 0.00 0.00 0.00 187330.00 0}
COMP 4c-2: 48b495_48b719_48b7ed_48b8a6 (1 371.00 1 371.00 1 371.00){0.00 0.00 0.00 0.00 148.40 0}{148.40 0.00 0.00 0.00 296.80 0}{296.80 371.00 371.00 371.00 445.20 1}{445.20 0.00 0.00 0.00 593.60 0}{593.60 0.00 0.00 0.00 742.00 0}
COMM 4b-0: 46a96f_46accf_46ae12_46af04 (2 4.00 3 4.00 3 4.00){0.00 0.00 0.00 0.00 1.60 0}{1.60 0.00 0.00 0.00 3.20 0}{3.20 4.00 4.00 4.00 4.80 2}{4.80 0.00 0.00 0.00 6.40 0}{6.40 0.00 0.00 0.00 8.00 0}
COMM 4b-1: 48253a_4828ba_4829f3_482ae7 (2 163.33 3 2.00 1 244.00){0.00 2.00 2.00 2.00 97.60 1}{97.60 0.00 0.00 0.00 195.20 0}{195.20 244.00 244.00 244.00 292.80 1}{292.80 0.00 0.00 0.00 390.40 0}{390.40 0.00 0.00 0.00 488.00 0}
COMM 4b-2: 48b495_48b719_48b7ed_48b8a6 (1 231.00 1 231.00 1 231.00){0.00 0.00 0.00 0.00 92.40 0}{92.40 0.00 0.00 0.00 184.80 0}{184.80 231.00 231.00 231.00 277.20 1}{277.20 0.00 0.00 0.00 369.60 0}{369.60 0.00 0.00 0.00 462.00 0}
LOOP0: iter: ( 2 )[ 1 -1 1 2 2 ] mem: ( 1 )[ 1 -1 1 2 2 ]
10 2 
12 ( 52020 )[ 1 -1 1 1 0 ]
12 ( 102 106 )[ 1 -1 3 1 0 ]
12 ( 102 )[ 1 -1 2 1 0 ]
14 16 
1a ( 3 2 )[ 1 -1 1 1 0 ]
1a ( 2 3 )[ 1 -1 3 1 0 ]
1a ( 2 )[ 1 -1 2 1 0 ]
1b 0 

RANKS: 1 -1 0 2 1
EVENT45: 1090 47a406_47a7db_47a946_47aa67
COMP 4c-0: 46a96f_46accf_46ae12_46af04 (1 135.00 0 135.00 0 135.00){0.00 0.00 0.00 0.00 54.00 0}{54.00 0.00 0.00 0.00 108.00 0}{108.00 135.00 135.00 135.00 162.00 1}{162.00 0.00 0.00 0.00 216.00 0}{216.00 0.00 0.00 0.00 270.00 0}
COMP 4c-1: 48253a_4828ba_4829f3_482ae7 (1 16.00 1 16.00 1 16.00){0.00 0.00 0.00 0.00 6.40 0}{6.40 0.00 0.00 0.00 12.80 0}{12.80 16.00 16.00 16.00 19.20 1}{19.20 0.00 0.00 0.00 25.60 0}{25.60 0.00 0.00 0.00 32.00 0}
COMP 4c-2: 48b495_48b719_48b7ed_48b8a6 (1 15.00 0 15.00 0 15.00){0.00 0.00 0.00 0.00 6.00 0}{6.00 0.00 0.00 0.00 12.00 0}{12.00 15.00 15.00 15.00 18.00 1}{18.00 0.00 0.00 0.00 24.00 0}{24.00 0.00 0.00 0.00 30.00 0}
COMM 4b-0: 46a96f_46accf_46ae12_46af04 (1 2.00 0 2.00 0 2.00){0.00 0.00 0.00 0.00 0.80 0}{0.80 0.00 0.00 0.00 1.60 0}{1.60 2.00 2.00 2.00 2.40 1}{2.40 0.00 0.00 0.00 3.20 0}{3.20 0.00 0.00 0.00 4.00 0}
COMM 4b-1: 48253a_4828ba_4829f3_482ae7 (1 2.00 1 2.00 1 2.00){0.00 0.00 0.00 0.00 0.80 0}{0.80 0.00 0.00 0.00 1.60 0}{1.60 2.00 2.00 2.00 2.40 1}{2.40 0.00 0.00 0.00 3.20 0}{3.20 0.00 0.00 0.00 4.00 0}
COMM 4b-2: 48b495_48b719_48b7ed_48b8a6 (1 1.00 0 1.00 0 1.00){0.00 0.00 0.00 0.00 0.40 0}{0.40 0.00 0.00 0.00 0.80 0}{0.80 1.00 1.00 1.00 1.20 1}{1.20 0.00 0.00 0.00 1.60 0}{1.60 0.00 0.00 0.00 2.00 0}
LOOP0: iter: ( 2 )[ 1 -1 0 1 0 ] mem: ( 2 )[ 1 -1 0 1 0 ]
10 2 
12 ( 102 106 )[ 1 -1 0 1 0 ]
12 ( 52020 )[ 1 -1 1 1 0 ]
14 16 
1b 0 
2b 2147483647 

RANKS: 1 -1 0 2 1
EVENT46: 1148 48b495_48b719_48b7ed_48b8a6
COMP 4c-0: 47a406_47a7db_47a946_47aa67 (3 14.25 0 14.00 1 15.00){0.00 0.00 0.00 0.00 5.60 0}{5.60 0.00 0.00 0.00 11.20 0}{11.20 14.00 14.33 15.00 16.80 3}{16.80 0.00 0.00 0.00 22.40 0}{22.40 0.00 0.00 0.00 28.00 0}
COMM 4b-0: 47a406_47a7db_47a946_47aa67 (3 93.00 0 2.00 1 364.00){0.00 0.00 0.00 0.00 1.20 0}{1.20 2.00 2.00 2.00 2.40 1}{2.40 3.00 3.00 3.00 4.80 1}{4.80 0.00 0.00 0.00 6.00 0}{6.00 364.00 364.00 364.00 722.00 1}
1c 9999 

RANKS: 2 -1 0 2 1 -1 3 1 0
EVENT47: 1004 46a96f_46accf_46ae12_46af04
COMP 4c-0: 46a96f_46accf_46ae12_46af04 (2 31620.67 1 15.00 1 94832.00){0.00 0.00 0.00 0.00 6.00 0}{6.00 0.00 0.00 0.00 12.00 0}{12.00 15.00 15.00 15.00 24.00 1}{24.00 0.00 0.00 0.00 30.00 0}{30.00 94832.00 94832.00 94832.00 189634.00 1}
COMP 4c-1: 48253a_4828ba_4829f3_482ae7 (1 59.00 3 59.00 3 59.00){0.00 0.00 0.00 0.00 23.60 0}{23.60 0.00 0.00 0.00 47.20 0}{47.20 59.00 59.00 59.00 70.80 1}{70.80 0.00 0.00 0.00 94.40 0}{94.40 0.00 0.00 0.00 118.00 0}
COMP 4c-2: 48b495_48b719_48b7ed_48b8a6 (2 64999.00 0 64.00 1 194869.00){0.00 0.00 0.00 0.00 25.60 0}{25.60 0.00 0.00 0.00 51.20 0}{51.20 64.00 64.00 64.00 102.40 1}{102.40 0.00 0.00 0.00 128.00 0}{128.00 194869.00 194869.00 194869.00 389610.00 1}
COMM 4b-0: 46a96f_46accf_46ae12_46af04 (2 12.67 1 5.00 1 28.00){0.00 0.00 0.00 0.00 2.00 0}{2.00 0.00 0.00 0.00 4.00 0}{4.00 5.00 5.00 5.00 8.00 1}{8.00 0.00 0.00 0.00 10.00 0}{10.00 28.00 28.00 28.00 46.00 1}
COMM 4b-1: 48253a_4828ba_4829f3_482ae7 (1 67.00 3 67.00 3 67.00){0.00 0.00 0.00 0.00 26.80 0}{26.80 0.00 0.00 0.00 53.60 0}{53.60 67.00 67.00 67.00 80.40 1}{80.40 0.00 0.00 0.00 107.20 0}{107.20 0.00 0.00 0.00 134.00 0}
COMM 4b-2: 48b495_48b719_48b7ed_48b8a6 (2 63.67 0 5.00 1 181.00){0.00 0.00 0.00 0.00 2.00 0}{2.00 0.00 0.00 0.00 4.00 0}{4.00 5.00 5.00 5.00 8.00 1}{8.00 0.00 0.00 0.00 10.00 0}{10.00 181.00 181.00 181.00 352.00 1}
LOOP0: iter: ( 3 )[ 1 -1 1 1 0 ] mem: ( 1 )[ 1 -1 1 1 0 ]
10 2 
12 ( 1 )[ 1 -1 0 2 3 ]
12 ( 5 1 5 )[ 1 -1 1 1 0 ]
14 16 
18 ( 3 )[ 1 -1 0 2 3 ]
18 ( 3 1 3 )[ 1 -1 1 1 0 ]

RANKS: 1 -1 0 3 1
EVENT48: 1090 47a406_47a7db_47a946_47aa67
COMP 4c-0: 46a96f_46accf_46ae12_46af04 (3 144.25 1 135.00 2 148.00){0.00 0.00 0.00 0.00 58.80 0}{58.80 0.00 0.00 0.00 117.60 0}{117.60 135.00 143.33 148.00 176.40 3}{176.40 0.00 0.00 0.00 235.20 0}{235.20 0.00 0.00 0.00 294.00 0}
COMP 4c-1: 48253a_4828ba_4829f3_482ae7 (1 15.00 2 15.00 2 15.00){0.00 0.00 0.00 0.00 6.00 0}{6.00 0.00 0.00 0.00 12.00 0}{12.00 15.00 15.00 15.00 18.00 1}{18.00 0.00 0.00 0.00 24.00 0}{24.00 0.00 0.00 0.00 30.00 0}
COMM 4b-0: 46a96f_46accf_46ae12_46af04 (3 1.25 0 1.00 1 2.00){0.00 0.00 0.00 0.00 0.40 0}{0.40 0.00 0.00 0.00 0.80 0}{0.80 1.00 1.00 1.00 1.20 2}{1.20 0.00 0.00 0.00 1.60 0}{1.60 2.00 2.00 2.00 2.00 1}
COMM 4b-1: 48253a_4828ba_4829f3_482ae7 (1 1.00 2 1.00 2 1.00){0.00 0.00 0.00 0.00 0.40 0}{0.40 0.00 0.00 0.00 0.80 0}{0.80 1.00 1.00 1.00 1.20 1}{1.20 0.00 0.00 0.00 1.60 0}{1.60 0.00 0.00 0.00 2.00 0}
LOOP0: iter: ( 2 )[ 1 -1 2 1 0 ] mem: ( 3 )[ 1 -1 2 1 0 ]
10 2 
12 ( 102 )[ 1 -1 0 2 1 ]
12 ( 106 102 )[ 1 -1 2 1 0 ]
14 16 
1b 0 
2b 2147483647 

RANKS: 1 -1 0 3 1
EVENT49: 1148 48b495_48b719_48b7ed_48b8a6
COMP 4c-0: 47a406_47a7db_47a946_47aa67 (4 15.00 0 15.00 0 15.00){0.00 0.00 0.00 0.00 6.00 0}{6.00 0.00 0.00 0.00 12.00 0}{12.00 15.00 15.00 15.00 18.00 4}{18.00 0.00 0.00 0.00 24.00 0}{24.00 0.00 0.00 0.00 30.00 0}
COMM 4b-0: 47a406_47a7db_47a946_47aa67 (4 2.80 2 2.00 0 3.00){0.00 0.00 0.00 0.00 1.20 0}{1.20 2.00 2.00 2.00 2.40 1}{2.40 3.00 3.00 3.00 3.60 3}{3.60 0.00 0.00 0.00 4.80 0}{4.80 0.00 0.00 0.00 6.00 0}
1c 9999 

RANKS: 1 -1 1 2 2
EVENT50: 1113 48253a_4828ba_4829f3_482ae7
COMP 4c-0: 46a96f_46accf_46ae12_46af04 (2 148.00 1 148.00 1 148.00){0.00 0.00 0.00 0.00 59.20 0}{59.20 0.00 0.00 0.00 118.40 0}{118.40 148.00 148.00 148.00 177.60 2}{177.60 0.00 0.00 0.00 236.80 0}{236.80 0.00 0.00 0.00 296.00 0}
COMP 4c-1: 48b495_48b719_48b7ed_48b8a6 (1 16.00 1 16.00 1 16.00){0.00 0.00 0.00 0.00 6.40 0}{6.40 0.00 0.00 0.00 12.80 0}{12.80 16.00 16.00 16.00 19.20 1}{19.20 0.00 0.00 0.00 25.60 0}{25.60 0.00 0.00 0.00 32.00 0}
COMM 4b-0: 46a96f_46accf_46ae12_46af04 (2 2.00 1 2.00 1 2.00){0.00 0.00 0.00 0.00 0.80 0}{0.80 0.00 0.00 0.00 1.60 0}{1.60 2.00 2.00 2.00 2.40 2}{2.40 0.00 0.00 0.00 3.20 0}{3.20 0.00 0.00 0.00 4.00 0}
COMM 4b-1: 48b495_48b719_48b7ed_48b8a6 (1 4.00 1 4.00 1 4.00){0.00 0.00 0.00 0.00 1.60 0}{1.60 0.00 0.00 0.00 3.20 0}{3.20 4.00 4.00 4.00 4.80 1}{4.80 0.00 0.00 0.00 6.40 0}{6.40 0.00 0.00 0.00 8.00 0}
LOOP0: iter: ( 2 )[ 1 -1 1 1 0 ] mem: ( 2 )[ 1 -1 1 1 0 ]
10 2 
12 ( 106 102 )[ 1 -1 1 1 0 ]
12 ( 102 )[ 1 -1 3 1 0 ]
14 16 
1a 3 
1b 0 

RANKS: 1 -1 0 4 1
EVENT51: 1004 46a96f_46accf_46ae12_46af04
COMP 4c-0: 48253a_4828ba_4829f3_482ae7 (3 80.50 1 59.00 1 102.00){0.00 0.00 0.00 0.00 23.60 0}{23.60 0.00 0.00 0.00 47.20 0}{47.20 59.00 59.00 59.00 70.80 1}{70.80 0.00 0.00 0.00 94.40 0}{94.40 102.00 102.00 102.00 118.00 2}
COMP 4c-1: 48b495_48b719_48b7ed_48b8a6 (3 93.50 2 59.00 0 105.00){0.00 0.00 0.00 0.00 42.00 0}{42.00 59.00 59.00 59.00 84.00 1}{84.00 105.00 105.00 105.00 126.00 2}{126.00 0.00 0.00 0.00 168.00 0}{168.00 0.00 0.00 0.00 210.00 0}
COMM 4b-0: 48253a_4828ba_4829f3_482ae7 (3 41.75 1 39.00 3 46.00){0.00 0.00 0.00 0.00 16.40 0}{16.40 0.00 0.00 0.00 32.80 0}{32.80 39.00 42.00 46.00 49.20 3}{49.20 0.00 0.00 0.00 65.60 0}{65.60 0.00 0.00 0.00 82.00 0}
COMM 4b-1: 48b495_48b719_48b7ed_48b8a6 (3 22.00 2 5.00 2 35.00){0.00 5.00 5.00 5.00 9.60 1}{9.60 0.00 0.00 0.00 19.20 0}{19.20 24.00 24.00 24.00 28.80 1}{28.80 35.00 35.00 35.00 38.40 1}{38.40 0.00 0.00 0.00 48.00 0}
10 2 
12 1 
14 16 
18 3 

RANKS: 1 -1 0 2 1
EVENT52: 1090 47a406_47a7db_47a946_47aa67_45f344
COMP 4c-0: 46a96f_46accf_46ae12_46af04 (2 155.00 0 154.00 1 157.00){0.00 0.00 0.00 0.00 61.60 0}{61.60 0.00 0.00 0.00 123.20 0}{123.20 154.00 155.50 157.00 184.80 2}{184.80 0.00 0.00 0.00 246.40 0}{246.40 0.00 0.00 0.00 308.00 0}
COMM 4b-0: 46a96f_46accf_46ae12_46af04 (2 1.00 0 1.00 0 1.00){0.00 0.00 0.00 0.00 0.40 0}{0.40 0.00 0.00 0.00 0.80 0}{0.80 1.00 1.00 1.00 1.20 2}{1.20 0.00 0.00 0.00 1.60 0}{1.60 0.00 0.00 0.00 2.00 0}
10 2 
12 102 
14 16 
1b 0 
2b 2147483647 

RANKS: 1 -1 0 2 1
EVENT53: 1148 48b495_48b719_48b7ed_48b8a6_45f359
COMP 4c-0: 47a406_47a7db_47a946_47aa67_45f344 (2 16.00 0 16.00 0 16.00){0.00 0.00 0.00 0.00 6.40 0}{6.40 0.00 0.00 0.00 12.80 0}{12.80 16.00 16.00 16.00 19.20 2}{19.20 0.00 0.00 0.00 25.60 0}{25.60 0.00 0.00 0.00 32.00 0}
COMM 4b-0: 47a406_47a7db_47a946_47aa67_45f344 (2 2.67 1 2.00 0 3.00){0.00 0.00 0.00 0.00 1.20 0}{1.20 2.00 2.00 2.00 2.40 1}{2.40 3.00 3.00 3.00 3.60 1}{3.60 0.00 0.00 0.00 4.80 0}{4.80 0.00 0.00 0.00 6.00 0}
1c 9999 

RANKS: 1 -1 2 2 1
EVENT54: 1113 48253a_4828ba_4829f3_482ae7_45f408
COMP 4c-0: 46a96f_46accf_46ae12_46af04 (2 154.00 3 153.00 2 156.00){0.00 0.00 0.00 0.00 61.20 0}{61.20 0.00 0.00 0.00 122.40 0}{122.40 153.00 154.50 156.00 183.60 2}{183.60 0.00 0.00 0.00 244.80 0}{244.80 0.00 0.00 0.00 306.00 0}
COMM 4b-0: 46a96f_46accf_46ae12_46af04 (2 3.00 3 3.00 3 3.00){0.00 0.00 0.00 0.00 1.20 0}{1.20 0.00 0.00 0.00 2.40 0}{2.40 3.00 3.00 3.00 3.60 2}{3.60 0.00 0.00 0.00 4.80 0}{4.80 0.00 0.00 0.00 6.00 0}
10 2 
12 102 
14 16 
1a 2 
1b 0 

RANKS: 1 -1 0 4 1
EVENT55: 1004 46a96f_46accf_46ae12_46af04
COMP 4c-0: 48253a_4828ba_4829f3_482ae7_45f408 (2 101.00 3 101.00 3 101.00){0.00 0.00 0.00 0.00 40.40 0}{40.40 0.00 0.00 0.00 80.80 0}{80.80 101.00 101.00 101.00 121.20 2}{121.20 0.00 0.00 0.00 161.60 0}{161.60 0.00 0.00 0.00 202.00 0}
COMP 4c-1: 48b495_48b719_48b7ed_48b8a6_45f359 (2 105.00 0 105.00 0 105.00){0.00 0.00 0.00 0.00 42.00 0}{42.00 0.00 0.00 0.00 84.00 0}{84.00 105.00 105.00 105.00 126.00 2}{126.00 0.00 0.00 0.00 168.00 0}{168.00 0.00 0.00 0.00 210.00 0}
COMM 4b-0: 48253a_4828ba_4829f3_482ae7_45f408 (2 53.33 2 42.00 3 59.00){0.00 0.00 0.00 0.00 23.60 0}{23.60 42.00 42.00 42.00 47.20 1}{47.20 59.00 59.00 59.00 70.80 1}{70.80 0.00 0.00 0.00 94.40 0}{94.40 0.00 0.00 0.00 118.00 0}
COMM 4b-1: 48b495_48b719_48b7ed_48b8a6_45f359 (2 29.33 1 6.00 0 41.00){0.00 6.00 6.00 6.00 16.40 1}{16.40 0.00 0.00 0.00 32.80 0}{32.80 41.00 41.00 41.00 49.20 1}{49.20 0.00 0.00 0.00 65.60 0}{65.60 0.00 0.00 0.00 82.00 0}
10 2 
12 1 
14 16 
18 3 

RANKS: 1 -1 0 4 1
EVENT56: 1045 4732cf_473343_4733a9_473404
COMP 4c-0: 46a96f_46accf_46ae12_46af04 (4 12145.80 0 590.00 1 20016.00){0.00 0.00 0.00 0.00 236.00 0}{236.00 0.00 0.00 0.00 472.00 0}{472.00 590.00 590.00 590.00 944.00 1}{944.00 0.00 0.00 0.00 1180.00 0}{1180.00 19539.00 19849.67 20016.00 38808.00 3}

