RANKS: 1 -1 0 4 1
EVENT0: 1084 47924c_47930b_4793a1_4793fc
33 2 
34 0 

RANKS: 1 -1 0 4 1
EVENT1: 1011 46d429_46d758_46d873_46d95f
COMP 4c-0: 46d429_46d758_46d873_46d95f (32 15.79 1 14.00 0 16.00){0.00 0.00 0.00 0.00 6.00 0}{6.00 0.00 0.00 0.00 12.00 0}{12.00 14.00 15.81 16.00 18.00 32}{18.00 0.00 0.00 0.00 24.00 0}{24.00 0.00 0.00 0.00 30.00 0}
COMP 4c-1: 47924c_47930b_4793a1_4793fc (4 54.80 1 24.00 0 101.00){0.00 24.00 24.00 24.00 40.40 3}{40.40 0.00 0.00 0.00 80.80 0}{80.80 101.00 101.00 101.00 121.20 1}{121.20 0.00 0.00 0.00 161.60 0}{161.60 0.00 0.00 0.00 202.00 0}
COMM 4b-0: 46d429_46d758_46d873_46d95f (32 12.27 2 1.00 2 70.00){0.00 1.00 1.00 1.00 1.20 1}{1.20 2.00 2.00 2.00 2.40 5}{2.40 3.00 3.33 3.57 3.60 12}{3.60 4.00 5.20 5.67 6.00 5}{6.00 8.00 36.11 70.00 132.00 9}
COMM 4b-1: 47924c_47930b_4793a1_4793fc (4 316.40 0 17.00 2 575.00){0.00 0.00 0.00 0.00 6.80 0}{6.80 0.00 0.00 0.00 13.60 0}{13.60 17.00 17.00 17.00 27.20 1}{27.20 0.00 0.00 0.00 34.00 0}{34.00 483.00 516.00 575.00 932.00 3}
LOOP0: iter: ( 9 )[ 1 -1 0 4 1 ] mem: ( 1 )[ 1 -1 0 4 1 ]
10 2 
12 1 1 1 1 1 5 1 1 1 
14 14 14 14 16 16 16 14 14 14 
19 0 

RANKS: 1 -1 2 1 0
EVENT2: 1113 48217a_4824fa_482633_482727
COMP 4c-0: 46d429_46d758_46d873_46d95f (1 152266.00 2 152266.00 2 152266.00){0.00 0.00 0.00 0.00 60906.40 0}{60906.40 0.00 0.00 0.00 121812.80 0}{121812.80 152266.00 152266.00 152266.00 182719.20 1}{182719.20 0.00 0.00 0.00 243625.60 0}{243625.60 0.00 0.00 0.00 304532.00 0}
COMM 4b-0: 46d429_46d758_46d873_46d95f (1 322.00 2 322.00 2 322.00){0.00 0.00 0.00 0.00 128.80 0}{128.80 0.00 0.00 0.00 257.60 0}{257.60 322.00 322.00 322.00 386.40 1}{386.40 0.00 0.00 0.00 515.20 0}{515.20 0.00 0.00 0.00 644.00 0}
10 2 
12 20480 
14 16 
1a 1 
1b 0 

RANKS: 1 -1 1 2 1
EVENT3: 1090 47a046_47a41b_47a586_47a6a7
COMP 4c-0: 46d429_46d758_46d873_46d95f (1 152198.00 1 152198.00 1 152198.00){0.00 0.00 0.00 0.00 60879.20 0}{60879.20 0.00 0.00 0.00 121758.40 0}{121758.40 152198.00 152198.00 152198.00 182637.60 1}{182637.60 0.00 0.00 0.00 243516.80 0}{243516.80 0.00 0.00 0.00 304396.00 0}
COMP 4c-1: 48217a_4824fa_482633_482727 (1 15.00 2 15.00 2 15.00){0.00 0.00 0.00 0.00 6.00 0}{6.00 0.00 0.00 0.00 12.00 0}{12.00 15.00 15.00 15.00 18.00 1}{18.00 0.00 0.00 0.00 24.00 0}{24.00 0.00 0.00 0.00 30.00 0}
COMP 4c-2: 48b0d5_48b359_48b42d_48b4e6 (1 21405.00 2 21405.00 2 21405.00){0.00 0.00 0.00 0.00 8562.00 0}{8562.00 0.00 0.00 0.00 17124.00 0}{17124.00 21405.00 21405.00 21405.00 25686.00 1}{25686.00 0.00 0.00 0.00 34248.00 0}{34248.00 0.00 0.00 0.00 42810.00 0}
COMM 4b-0: 46d429_46d758_46d873_46d95f (1 5.00 1 5.00 1 5.00){0.00 0.00 0.00 0.00 2.00 0}{2.00 0.00 0.00 0.00 4.00 0}{4.00 5.00 5.00 5.00 6.00 1}{6.00 0.00 0.00 0.00 8.00 0}{8.00 0.00 0.00 0.00 10.00 0}
COMM 4b-1: 48217a_4824fa_482633_482727 (1 5.00 2 5.00 2 5.00){0.00 0.00 0.00 0.00 2.00 0}{2.00 0.00 0.00 0.00 4.00 0}{4.00 5.00 5.00 5.00 6.00 1}{6.00 0.00 0.00 0.00 8.00 0}{8.00 0.00 0.00 0.00 10.00 0}
COMM 4b-2: 48b0d5_48b359_48b42d_48b4e6 (1 2.00 2 2.00 2 2.00){0.00 0.00 0.00 0.00 0.80 0}{0.80 0.00 0.00 0.00 1.60 0}{1.60 2.00 2.00 2.00 2.40 1}{2.40 0.00 0.00 0.00 3.20 0}{3.20 0.00 0.00 0.00 4.00 0}
LOOP0: iter: ( 2 )[ 1 -1 2 1 0 ] mem: ( 2 )[ 1 -1 2 1 0 ]
10 2 
12 20480 
14 16 
1b 0 
2b 2147483647 

RANKS: 1 -1 1 2 1
EVENT4: 1148 48b0d5_48b359_48b42d_48b4e6
COMP 4c-0: 47a046_47a41b_47a586_47a6a7 (3 15.75 2 15.00 1 16.00){0.00 0.00 0.00 0.00 6.40 0}{6.40 0.00 0.00 0.00 12.80 0}{12.80 15.00 15.67 16.00 19.20 3}{19.20 0.00 0.00 0.00 25.60 0}{25.60 0.00 0.00 0.00 32.00 0}
COMM 4b-0: 47a046_47a41b_47a586_47a6a7 (3 260.25 2 113.00 1 312.00){0.00 113.00 113.00 113.00 124.80 1}{124.80 0.00 0.00 0.00 249.60 0}{249.60 304.00 308.00 312.00 374.40 2}{374.40 0.00 0.00 0.00 499.20 0}{499.20 0.00 0.00 0.00 624.00 0}
1c 9999 

RANKS: 1 -1 1 2 1
EVENT5: 1113 48217a_4824fa_482633_482727
COMP 4c-0: 48217a_4824fa_482633_482727 (2 29445.33 1 21435.00 2 45466.00){0.00 0.00 0.00 0.00 8574.00 0}{8574.00 0.00 0.00 0.00 17148.00 0}{17148.00 21435.00 21435.00 21435.00 34296.00 1}{34296.00 0.00 0.00 0.00 42870.00 0}{42870.00 45466.00 45466.00 45466.00 48062.00 1}
COMP 4c-1: 48b0d5_48b359_48b42d_48b4e6 (2 156.67 1 156.00 2 158.00){0.00 0.00 0.00 0.00 62.40 0}{62.40 0.00 0.00 0.00 124.80 0}{124.80 156.00 157.00 158.00 187.20 2}{187.20 0.00 0.00 0.00 249.60 0}{249.60 0.00 0.00 0.00 312.00 0}
COMM 4b-0: 48217a_4824fa_482633_482727 (2 113.00 1 113.00 1 113.00){0.00 0.00 0.00 0.00 45.20 0}{45.20 0.00 0.00 0.00 90.40 0}{90.40 113.00 113.00 113.00 135.60 2}{135.60 0.00 0.00 0.00 180.80 0}{180.80 0.00 0.00 0.00 226.00 0}
COMM 4b-1: 48b0d5_48b359_48b42d_48b4e6 (2 237.33 2 104.00 1 304.00){0.00 104.00 104.00 104.00 121.60 1}{121.60 0.00 0.00 0.00 243.20 0}{243.20 304.00 304.00 304.00 364.80 1}{364.80 0.00 0.00 0.00 486.40 0}{486.40 0.00 0.00 0.00 608.00 0}
LOOP0: iter: ( 2 )[ 1 -1 1 2 1 ] mem: ( 1 )[ 1 -1 1 2 1 ]
10 2 
12 20480 
14 16 
1a ( 3 2 )[ 1 -1 1 1 0 ]
1a ( 2 1 )[ 1 -1 2 1 0 ]
1b 0 

RANKS: 1 -1 1 3 1
EVENT6: 1090 47a046_47a41b_47a586_47a6a7
COMP 4c-0: 46d429_46d758_46d873_46d95f (1 152205.00 3 152205.00 3 152205.00){0.00 0.00 0.00 0.00 60882.00 0}{60882.00 0.00 0.00 0.00 121764.00 0}{121764.00 152205.00 152205.00 152205.00 182646.00 1}{182646.00 0.00 0.00 0.00 243528.00 0}{243528.00 0.00 0.00 0.00 304410.00 0}
COMP 4c-1: 48217a_4824fa_482633_482727 (5 14696.67 1 16.00 3 45396.00){0.00 0.00 0.00 0.00 6.40 0}{6.40 0.00 0.00 0.00 12.80 0}{12.80 16.00 16.00 16.00 32.00 2}{32.00 21363.00 21368.00 21373.00 42694.00 2}{42694.00 45396.00 45396.00 45396.00 48098.00 1}
COMP 4c-2: 48b0d5_48b359_48b42d_48b4e6 (2 37433.00 2 21413.00 1 45443.00){0.00 0.00 0.00 0.00 18177.20 0}{18177.20 21413.00 21413.00 21413.00 36354.40 1}{36354.40 45443.00 45443.00 45443.00 54531.60 1}{54531.60 0.00 0.00 0.00 72708.80 0}{72708.80 0.00 0.00 0.00 90886.00 0}
COMM 4b-0: 46d429_46d758_46d873_46d95f (1 5.00 3 5.00 3 5.00){0.00 0.00 0.00 0.00 2.00 0}{2.00 0.00 0.00 0.00 4.00 0}{4.00 5.00 5.00 5.00 6.00 1}{6.00 0.00 0.00 0.00 8.00 0}{8.00 0.00 0.00 0.00 10.00 0}
COMM 4b-1: 48217a_4824fa_482633_482727 (5 2.33 1 2.00 3 3.00){0.00 0.00 0.00 0.00 0.80 0}{0.80 0.00 0.00 0.00 1.60 0}{1.60 2.00 2.00 2.00 2.40 3}{2.40 3.00 3.00 3.00 3.20 2}{3.20 0.00 0.00 0.00 4.00 0}
COMM 4b-2: 48b0d5_48b359_48b42d_48b4e6 (2 2.00 1 2.00 1 2.00){0.00 0.00 0.00 0.00 0.80 0}{0.80 0.00 0.00 0.00 1.60 0}{1.60 2.00 2.00 2.00 2.40 2}{2.40 0.00 0.00 0.00 3.20 0}{3.20 0.00 0.00 0.00 4.00 0}
LOOP0: iter: ( 2 )[ 1 -1 1 2 1 ]( 4 )[ 1 -1 3 1 0 ] mem: ( 2 )[ 1 -1 1 2 1 ]( 3 )[ 1 -1 3 1 0 ]
10 2 
12 20480 
14 16 
1b 0 
2b 2147483647 

RANKS: 1 -1 1 3 1
EVENT7: 1148 48b0d5_48b359_48b42d_48b4e6
COMP 4c-0: 47a046_47a41b_47a586_47a6a7 (8 15.00 3 14.00 3 16.00){0.00 0.00 0.00 0.00 6.00 0}{6.00 0.00 0.00 0.00 12.00 0}{12.00 14.00 15.00 16.00 18.00 8}{18.00 0.00 0.00 0.00 24.00 0}{24.00 0.00 0.00 0.00 30.00 0}
COMM 4b-0: 47a046_47a41b_47a586_47a6a7 (8 187.44 1 106.00 3 309.00){0.00 0.00 0.00 0.00 50.00 0}{50.00 0.00 0.00 0.00 100.00 0}{100.00 106.00 115.50 125.00 150.00 2}{150.00 163.00 185.25 220.00 250.00 4}{250.00 281.00 295.00 309.00 368.00 2}
1c 9999 

RANKS: 1 -1 0 4 1
EVENT8: 1113 48217a_4824fa_482633_482727
COMP 4c-0: 46d429_46d758_46d873_46d95f (1 152260.00 0 152260.00 0 152260.00){0.00 0.00 0.00 0.00 60904.00 0}{60904.00 0.00 0.00 0.00 121808.00 0}{121808.00 152260.00 152260.00 152260.00 182712.00 1}{182712.00 0.00 0.00 0.00 243616.00 0}{243616.00 0.00 0.00 0.00 304520.00 0}
COMP 4c-1: 48217a_4824fa_482633_482727 (1 21442.00 1 21442.00 1 21442.00){0.00 0.00 0.00 0.00 8576.80 0}{8576.80 0.00 0.00 0.00 17153.60 0}{17153.60 21442.00 21442.00 21442.00 25730.40 1}{25730.40 0.00 0.00 0.00 34307.20 0}{34307.20 0.00 0.00 0.00 42884.00 0}
COMP 4c-2: 48b0d5_48b359_48b42d_48b4e6 (9 11090.30 3 155.00 0 45521.00){0.00 155.00 156.00 158.00 8591.20 6}{8591.20 0.00 0.00 0.00 17182.40 0}{17182.40 21478.00 21484.00 21490.00 34364.80 2}{34364.80 0.00 0.00 0.00 42956.00 0}{42956.00 45521.00 45521.00 45521.00 48086.00 1}
COMM 4b-0: 46d429_46d758_46d873_46d95f (1 310.00 0 310.00 0 310.00){0.00 0.00 0.00 0.00 124.00 0}{124.00 0.00 0.00 0.00 248.00 0}{248.00 310.00 310.00 310.00 372.00 1}{372.00 0.00 0.00 0.00 496.00 0}{496.00 0.00 0.00 0.00 620.00 0}
COMM 4b-1: 48217a_4824fa_482633_482727 (1 108.00 1 108.00 1 108.00){0.00 0.00 0.00 0.00 43.20 0}{43.20 0.00 0.00 0.00 86.40 0}{86.40 108.00 108.00 108.00 129.60 1}{129.60 0.00 0.00 0.00 172.80 0}{172.80 0.00 0.00 0.00 216.00 0}
COMM 4b-2: 48b0d5_48b359_48b42d_48b4e6 (9 131.60 2 102.00 3 280.00){0.00 0.00 0.00 0.00 44.40 0}{44.40 0.00 0.00 0.00 88.80 0}{88.80 102.00 105.71 111.00 177.60 7}{177.60 185.00 185.00 185.00 222.00 1}{222.00 280.00 280.00 280.00 338.00 1}
LOOP0: iter: ( 4 )[ 1 -1 0 1 0 ]( 2 )[ 1 -1 1 1 0 ] mem: ( 3 )[ 1 -1 0 1 0 ]( 1 )[ 1 -1 1 1 0 ]
10 2 
12 20480 
14 16 
1a ( 1 2 )[ 1 -1 0 1 0 ]
1a ( 3 2 )[ 1 -1 1 2 2 ]
1a ( 2 )[ 1 -1 2 1 0 ]
1b 0 

RANKS: 1 -1 0 2 1
EVENT9: 1090 47a046_47a41b_47a586_47a6a7
COMP 4c-0: 48217a_4824fa_482633_482727 (5 14.83 0 14.00 1 16.00){0.00 0.00 0.00 0.00 6.00 0}{6.00 0.00 0.00 0.00 12.00 0}{12.00 14.00 14.80 16.00 18.00 5}{18.00 0.00 0.00 0.00 24.00 0}{24.00 0.00 0.00 0.00 30.00 0}
COMM 4b-0: 48217a_4824fa_482633_482727 (5 2.50 0 1.00 0 4.00){0.00 1.00 1.00 1.00 1.60 1}{1.60 2.00 2.00 2.00 3.20 3}{3.20 4.00 4.00 4.00 4.80 1}{4.80 0.00 0.00 0.00 6.40 0}{6.40 0.00 0.00 0.00 8.00 0}
10 2 
12 20480 
14 16 
1b 0 
2b 2147483647 

RANKS: 1 -1 0 2 1
EVENT10: 1148 48b0d5_48b359_48b42d_48b4e6
COMP 4c-0: 47a046_47a41b_47a586_47a6a7 (5 15.33 0 15.00 0 16.00){0.00 0.00 0.00 0.00 6.40 0}{6.40 0.00 0.00 0.00 12.80 0}{12.80 15.00 15.20 16.00 19.20 5}{19.20 0.00 0.00 0.00 25.60 0}{25.60 0.00 0.00 0.00 32.00 0}
COMM 4b-0: 47a046_47a41b_47a586_47a6a7 (5 222.50 1 122.00 0 332.00){0.00 122.00 122.00 122.00 132.80 1}{132.80 173.00 183.00 198.00 265.60 3}{265.60 332.00 332.00 332.00 398.40 1}{398.40 0.00 0.00 0.00 531.20 0}{531.20 0.00 0.00 0.00 664.00 0}
1c 9999 

RANKS: 1 -1 0 4 1
EVENT11: 1004 46a5af_46a90f_46aa52_46ab44
COMP 4c-0: 48217a_4824fa_482633_482727 (2 44551.67 2 44549.00 3 44553.00){0.00 0.00 0.00 0.00 17821.20 0}{17821.20 0.00 0.00 0.00 35642.40 0}{35642.40 44549.00 44551.00 44553.00 53463.60 2}{53463.60 0.00 0.00 0.00 71284.80 0}{71284.80 0.00 0.00 0.00 89106.00 0}
COMP 4c-1: 48b0d5_48b359_48b42d_48b4e6 (2 44602.67 1 44600.00 0 44604.00){0.00 0.00 0.00 0.00 17841.60 0}{17841.60 0.00 0.00 0.00 35683.20 0}{35683.20 44600.00 44602.00 44604.00 53524.80 2}{53524.80 0.00 0.00 0.00 71366.40 0}{71366.40 0.00 0.00 0.00 89208.00 0}
COMM 4b-0: 48217a_4824fa_482633_482727 (2 148.67 2 92.00 3 177.00){0.00 0.00 0.00 0.00 70.80 0}{70.80 92.00 92.00 92.00 141.60 1}{141.60 177.00 177.00 177.00 212.40 1}{212.40 0.00 0.00 0.00 283.20 0}{283.20 0.00 0.00 0.00 354.00 0}
COMM 4b-1: 48b0d5_48b359_48b42d_48b4e6 (2 82.00 0 39.00 1 168.00){0.00 0.00 0.00 0.00 15.60 0}{15.60 0.00 0.00 0.00 31.20 0}{31.20 39.00 39.00 39.00 62.40 1}{62.40 0.00 0.00 0.00 78.00 0}{78.00 168.00 168.00 168.00 258.00 1}
10 2 
12 5 
14 16 
18 3 

RANKS: 1 -1 0 4 1
EVENT12: 1010 46cf40_46d175_46d219_46d295
COMP 4c-0: 46a5af_46a90f_46aa52_46ab44 (4 14.40 0 14.00 3 15.00){0.00 0.00 0.00 0.00 5.60 0}{5.60 0.00 0.00 0.00 11.20 0}{11.20 14.00 14.50 15.00 16.80 4}{16.80 0.00 0.00 0.00 22.40 0}{22.40 0.00 0.00 0.00 28.00 0}
COMM 4b-0: 46a5af_46a90f_46aa52_46ab44 (4 180.60 2 146.00 3 285.00){0.00 0.00 0.00 0.00 62.40 0}{62.40 0.00 0.00 0.00 124.80 0}{124.80 146.00 154.00 160.00 187.20 3}{187.20 0.00 0.00 0.00 249.60 0}{249.60 285.00 285.00 285.00 312.00 1}
10 2 

RANKS: 1 -1 1 3 1
EVENT13: 1102 47d6b9_47da7e_47dbe8_47dd07
COMP 4c-0: 46cf40_46d175_46d219_46d295 (3 3331.00 1 3331.00 1 3331.00){0.00 0.00 0.00 0.00 1332.40 0}{1332.40 0.00 0.00 0.00 2664.80 0}{2664.80 3331.00 3331.00 3331.00 3997.20 3}{3997.20 0.00 0.00 0.00 5329.60 0}{5329.60 0.00 0.00 0.00 6662.00 0}
COMP 4c-1: 47d6b9_47da7e_47dbe8_47dd07 (123 696.34 3 15.00 3 1399.00){0.00 0.00 0.00 0.00 6.00 0}{6.00 0.00 0.00 0.00 12.00 0}{12.00 15.00 16.97 17.00 24.00 62}{24.00 0.00 0.00 0.00 30.00 0}{30.00 1398.00 1398.02 1399.00 2766.00 61}
COMP 4c-2: 48217a_4824fa_482633_482727 (246 730.36 1 711.00 1 750.00){0.00 0.00 0.00 0.00 298.40 0}{298.40 0.00 0.00 0.00 596.80 0}{596.80 711.00 730.30 750.00 895.20 246}{895.20 0.00 0.00 0.00 1193.60 0}{1193.60 0.00 0.00 0.00 1492.00 0}
COMM 4b-0: 46cf40_46d175_46d219_46d295 (3 241.75 1 199.00 3 349.00){0.00 0.00 0.00 0.00 79.60 0}{79.60 0.00 0.00 0.00 159.20 0}{159.20 199.00 209.50 220.00 238.80 2}{238.80 0.00 0.00 0.00 318.40 0}{318.40 349.00 349.00 349.00 398.00 1}
COMM 4b-1: 47d6b9_47da7e_47dbe8_47dd07 (123 4.67 3 1.00 3 115.00){0.00 1.00 1.00 1.00 1.60 31}{1.60 2.00 2.48 3.00 3.20 48}{3.20 4.00 4.00 4.00 4.00 25}{4.00 5.00 7.29 21.00 38.00 17}{38.00 88.00 101.50 115.00 138.00 2}
COMM 4b-2: 48217a_4824fa_482633_482727 (246 8.99 1 2.00 1 462.00){0.00 2.00 3.24 7.00 9.60 238}{9.60 0.00 0.00 0.00 19.20 0}{19.20 24.00 33.50 43.00 48.00 2}{48.00 62.00 62.00 62.00 76.00 1}{76.00 88.00 259.40 462.00 848.00 5}
LOOP0: iter: ( 124 )[ 1 -1 1 3 1 ] mem: ( 2 )[ 1 -1 1 2 1 ]( 1 )[ 1 -1 3 1 0 ]
10 2 
12 155 
14 16 
1b 0 
2b ( 3 3 3 3 3 3 3 3 3 3 3 3 3 3 3 3 3 3 3 3 3 3 3 3 3 3 3 3 3 3 3 3 3 3 3 3 3 3 3 3 3 3 3 3 3 3 3 3 3 3 3 3 3 3 3 3 3 3 3 3 3 3 2 2 2 2 2 2 2 2 2 2 2 2 2 2 2 2 2 2 2 2 2 2 2 2 2 2 2 2 2 2 2 2 2 2 2 2 2 2 2 2 2 2 2 2 2 2 2 2 2 2 2 2 2 2 2 2 2 2 2 2 2 2 )[ 1 -1 1 1 0 ]
2b ( 3 2 )[ 1 -1 3 1 0 ]
2b ( 2 2 2 2 2 2 2 2 2 2 2 2 2 2 2 2 2 2 2 2 2 2 2 2 2 2 2 2 2 2 2 2 2 2 2 2 2 2 2 2 2 2 2 2 2 2 2 2 2 2 2 2 2 2 2 2 2 2 2 2 2 2 1 1 1 1 1 1 1 1 1 1 1 1 1 1 1 1 1 1 1 1 1 1 1 1 1 1 1 1 1 1 1 1 1 1 1 1 1 1 1 1 1 1 1 1 1 1 1 1 1 1 1 1 1 1 1 1 1 1 1 1 1 1 )[ 1 -1 2 1 0 ]

RANKS: 1 -1 2 1 0
EVENT14: 1113 48217a_4824fa_482633_482727
COMP 4c-0: 47d6b9_47da7e_47dbe8_47dd07 (124 660.90 2 655.00 2 666.00){0.00 0.00 0.00 0.00 266.00 0}{266.00 0.00 0.00 0.00 532.00 0}{532.00 655.00 660.86 666.00 798.00 124}{798.00 0.00 0.00 0.00 1064.00 0}{1064.00 0.00 0.00 0.00 1330.00 0}
COMM 4b-0: 47d6b9_47da7e_47dbe8_47dd07 (124 3.21 2 2.00 2 92.00){0.00 0.00 0.00 0.00 1.60 0}{1.60 2.00 2.32 3.00 3.20 120}{3.20 4.00 4.00 4.00 6.40 1}{6.40 0.00 0.00 0.00 8.00 0}{8.00 11.00 38.00 92.00 176.00 3}
10 2 
12 155 
14 16 
1a 1 1 1 1 1 1 1 1 1 1 1 1 1 1 1 1 1 1 1 1 1 1 1 1 1 1 1 1 1 1 1 1 1 1 1 1 1 1 1 1 1 1 1 1 1 1 1 1 1 1 1 1 1 1 1 1 1 1 1 1 1 1 2 2 2 2 2 2 2 2 2 2 2 2 2 2 2 2 2 2 2 2 2 2 2 2 2 2 2 2 2 2 2 2 2 2 2 2 2 2 2 2 2 2 2 2 2 2 2 2 2 2 2 2 2 2 2 2 2 2 2 2 2 2 
1b 0 

RANKS: 1 -1 0 4 1
EVENT15: 1113 48217a_4824fa_482633_482727
COMP 4c-0: 46a5af_46a90f_46aa52_46ab44 (1 133461.00 2 133461.00 2 133461.00){0.00 0.00 0.00 0.00 53384.40 0}{53384.40 0.00 0.00 0.00 106768.80 0}{106768.80 133461.00 133461.00 133461.00 160153.20 1}{160153.20 0.00 0.00 0.00 213537.60 0}{213537.60 0.00 0.00 0.00 266922.00 0}
COMP 4c-1: 46cf40_46d175_46d219_46d295 (1 3981.00 0 3981.00 0 3981.00){0.00 0.00 0.00 0.00 1592.40 0}{1592.40 0.00 0.00 0.00 3184.80 0}{3184.80 3981.00 3981.00 3981.00 4777.20 1}{4777.20 0.00 0.00 0.00 6369.60 0}{6369.60 0.00 0.00 0.00 7962.00 0}
COMP 4c-2: 47d6b9_47da7e_47dbe8_47dd07 (125 671.55 1 655.00 3 2000.00){0.00 0.00 0.00 0.00 266.00 0}{266.00 0.00 0.00 0.00 532.00 0}{532.00 655.00 660.89 666.00 1064.00 124}{1064.00 0.00 0.00 0.00 1330.00 0}{1330.00 2000.00 2000.00 2000.00 2670.00 1}
COMP 4c-3: 48217a_4824fa_482633_482727 (247 707.86 0 15.00 2 5808.00){0.00 0.00 0.00 0.00 6.00 0}{6.00 0.00 0.00 0.00 12.00 0}{12.00 15.00 16.97 17.00 30.00 124}{30.00 1349.00 1373.96 1398.00 2766.00 122}{2766.00 5808.00 5808.00 5808.00 8850.00 1}
COMM 4b-0: 46a5af_46a90f_46aa52_46ab44 (1 113.00 2 113.00 2 113.00){0.00 0.00 0.00 0.00 45.20 0}{45.20 0.00 0.00 0.00 90.40 0}{90.40 113.00 113.00 113.00 135.60 1}{135.60 0.00 0.00 0.00 180.80 0}{180.80 0.00 0.00 0.00 226.00 0}
COMM 4b-1: 46cf40_46d175_46d219_46d295 (1 5.00 0 5.00 0 5.00){0.00 0.00 0.00 0.00 2.00 0}{2.00 0.00 0.00 0.00 4.00 0}{4.00 5.00 5.00 5.00 6.00 1}{6.00 0.00 0.00 0.00 8.00 0}{8.00 0.00 0.00 0.00 10.00 0}
COMM 4b-2: 47d6b9_47da7e_47dbe8_47dd07 (125 3.47 1 2.00 1 87.00){0.00 0.00 0.00 0.00 1.60 0}{1.60 2.00 2.62 3.00 3.20 120}{3.20 4.00 4.50 5.00 6.40 2}{6.40 0.00 0.00 0.00 8.00 0}{8.00 10.00 36.67 87.00 166.00 3}
COMM 4b-3: 48217a_4824fa_482633_482727 (247 4.10 0 1.00 2 109.00){0.00 1.00 1.00 1.00 1.20 46}{1.20 2.00 2.00 2.00 2.40 139}{2.40 3.00 3.00 3.00 4.80 53}{4.80 0.00 0.00 0.00 6.00 0}{6.00 10.00 59.11 109.00 206.00 9}
LOOP0: iter: ( 124 )[ 1 -1 0 2 3 ]( 2 )[ 1 -1 2 1 0 ] mem: ( 1 )[ 1 -1 0 2 3 ]( 5 )[ 1 -1 2 1 0 ]
10 2 
12 ( 155 )[ 2 -1 0 2 1 -1 3 1 0 ]
12 ( 20480 )[ 1 -1 2 1 0 ]
14 16 
1a ( 1 2 )[ 1 -1 0 1 0 ]
1a ( 2 2 2 2 2 2 2 2 2 2 2 2 2 2 2 2 2 2 2 2 2 2 2 2 2 2 2 2 2 2 2 2 2 2 2 2 2 2 2 2 2 2 2 2 2 2 2 2 2 2 2 2 2 2 2 2 2 2 2 2 2 2 3 3 3 3 3 3 3 3 3 3 3 3 3 3 3 3 3 3 3 3 3 3 3 3 3 3 3 3 3 3 3 3 3 3 3 3 3 3 3 3 3 3 3 3 3 3 3 3 3 3 3 3 3 3 3 3 3 3 3 3 3 3 )[ 1 -1 1 1 0 ]
1a ( 3 2 )[ 1 -1 3 1 0 ]
1a ( 1 )[ 1 -1 2 1 0 ]
1b 0 

RANKS: 1 -1 0 1 0
EVENT16: 1102 47d6b9_47da7e_47dbe8_47dd07
COMP 4c-0: 47d6b9_47da7e_47dbe8_47dd07 (123 672.71 0 15.00 0 1350.00){0.00 0.00 0.00 0.00 6.00 0}{6.00 0.00 0.00 0.00 12.00 0}{12.00 15.00 16.97 17.00 24.00 62}{24.00 0.00 0.00 0.00 30.00 0}{30.00 1349.00 1349.98 1350.00 2668.00 61}
COMP 4c-1: 48217a_4824fa_482633_482727 (1 709.00 0 709.00 0 709.00){0.00 0.00 0.00 0.00 283.60 0}{283.60 0.00 0.00 0.00 567.20 0}{567.20 709.00 709.00 709.00 850.80 1}{850.80 0.00 0.00 0.00 1134.40 0}{1134.40 0.00 0.00 0.00 1418.00 0}
COMM 4b-0: 47d6b9_47da7e_47dbe8_47dd07 (123 7.01 0 1.00 0 349.00){0.00 1.00 1.00 1.00 1.60 44}{1.60 2.00 2.31 3.00 3.20 26}{3.20 4.00 4.00 4.00 4.00 18}{4.00 5.00 5.33 6.00 6.00 6}{6.00 8.00 22.72 349.00 692.00 29}
COMM 4b-1: 48217a_4824fa_482633_482727 (1 1052.00 0 1052.00 0 1052.00){0.00 0.00 0.00 0.00 420.80 0}{420.80 0.00 0.00 0.00 841.60 0}{841.60 1052.00 1052.00 1052.00 1262.40 1}{1262.40 0.00 0.00 0.00 1683.20 0}{1683.20 0.00 0.00 0.00 2104.00 0}
LOOP0: iter: ( 124 )[ 1 -1 0 1 0 ] mem: ( 1 )[ 1 -1 0 1 0 ]
10 2 
12 155 
14 16 
1b 0 
2b 1 2 

RANKS: 1 -1 1 3 1
EVENT17: 1090 47a046_47a41b_47a586_47a6a7
COMP 4c-0: 46a5af_46a90f_46aa52_46ab44 (2 133394.33 1 133392.00 3 133399.00){0.00 0.00 0.00 0.00 53356.80 0}{53356.80 0.00 0.00 0.00 106713.60 0}{106713.60 133392.00 133395.50 133399.00 160070.40 2}{160070.40 0.00 0.00 0.00 213427.20 0}{213427.20 0.00 0.00 0.00 266784.00 0}
COMP 4c-1: 48217a_4824fa_482633_482727 (6 8566.43 2 15.00 3 21369.00){0.00 15.00 15.00 15.00 2293.20 2}{2293.20 0.00 0.00 0.00 4586.40 0}{4586.40 5731.00 5732.00 5733.00 9172.80 2}{9172.80 0.00 0.00 0.00 11466.00 0}{11466.00 21369.00 21369.00 21369.00 31272.00 2}
COMP 4c-2: 48b0d5_48b359_48b42d_48b4e6 (2 21413.00 2 21413.00 2 21413.00){0.00 0.00 0.00 0.00 8565.20 0}{8565.20 0.00 0.00 0.00 17130.40 0}{17130.40 21413.00 21413.00 21413.00 25695.60 2}{25695.60 0.00 0.00 0.00 34260.80 0}{34260.80 0.00 0.00 0.00 42826.00 0}
COMM 4b-0: 46a5af_46a90f_46aa52_46ab44 (2 2.00 1 2.00 1 2.00){0.00 0.00 0.00 0.00 0.80 0}{0.80 0.00 0.00 0.00 1.60 0}{1.60 2.00 2.00 2.00 2.40 2}{2.40 0.00 0.00 0.00 3.20 0}{3.20 0.00 0.00 0.00 4.00 0}
COMM 4b-1: 48217a_4824fa_482633_482727 (6 1.86 3 1.00 3 3.00){0.00 0.00 0.00 0.00 0.80 0}{0.80 1.00 1.00 1.00 1.60 2}{1.60 2.00 2.00 2.00 2.40 3}{2.40 3.00 3.00 3.00 3.20 1}{3.20 0.00 0.00 0.00 4.00 0}
COMM 4b-2: 48b0d5_48b359_48b42d_48b4e6 (2 2.00 2 2.00 2 2.00){0.00 0.00 0.00 0.00 0.80 0}{0.80 0.00 0.00 0.00 1.60 0}{1.60 2.00 2.00 2.00 2.40 2}{2.40 0.00 0.00 0.00 3.20 0}{3.20 0.00 0.00 0.00 4.00 0}
LOOP0: iter: ( 2 )[ 1 -1 1 3 1 ] mem: ( 6 )[ 1 -1 1 1 0 ]( 4 )[ 1 -1 3 1 0 ]( 2 )[ 1 -1 2 1 0 ]
LOOP1: iter: ( 2 )[ 1 -1 3 1 0 ] mem: ( 3 )[ 1 -1 3 1 0 ]
10 2 
12 20480 
14 16 
1b 0 
2b 2147483647 

RANKS: 1 -1 1 3 1
EVENT18: 1148 48b0d5_48b359_48b42d_48b4e6
COMP 4c-0: 47a046_47a41b_47a586_47a6a7 (10 15.00 1 15.00 1 15.00){0.00 0.00 0.00 0.00 6.00 0}{6.00 0.00 0.00 0.00 12.00 0}{12.00 15.00 15.00 15.00 18.00 10}{18.00 0.00 0.00 0.00 24.00 0}{24.00 0.00 0.00 0.00 30.00 0}
COMM 4b-0: 47a046_47a41b_47a586_47a6a7 (10 283.09 2 97.00 3 859.00){0.00 97.00 98.00 99.00 124.80 2}{124.80 130.00 151.00 167.00 249.60 4}{249.60 312.00 312.00 312.00 374.40 1}{374.40 405.00 415.50 426.00 624.00 2}{624.00 859.00 859.00 859.00 1094.00 1}
1c 9999 

RANKS: 1 -1 0 4 1
EVENT19: 1113 48217a_4824fa_482633_482727
COMP 4c-0: 46a5af_46a90f_46aa52_46ab44 (1 133455.00 0 133455.00 0 133455.00){0.00 0.00 0.00 0.00 53382.00 0}{53382.00 0.00 0.00 0.00 106764.00 0}{106764.00 133455.00 133455.00 133455.00 160146.00 1}{160146.00 0.00 0.00 0.00 213528.00 0}{213528.00 0.00 0.00 0.00 266910.00 0}
COMP 4c-1: 47d6b9_47da7e_47dbe8_47dd07 (1 6446.00 0 6446.00 0 6446.00){0.00 0.00 0.00 0.00 2578.40 0}{2578.40 0.00 0.00 0.00 5156.80 0}{5156.80 6446.00 6446.00 6446.00 7735.20 1}{7735.20 0.00 0.00 0.00 10313.60 0}{10313.60 0.00 0.00 0.00 12892.00 0}
COMP 4c-2: 48217a_4824fa_482633_482727 (2 21442.00 1 21442.00 1 21442.00){0.00 0.00 0.00 0.00 8576.80 0}{8576.80 0.00 0.00 0.00 17153.60 0}{17153.60 21442.00 21442.00 21442.00 25730.40 2}{25730.40 0.00 0.00 0.00 34307.20 0}{34307.20 0.00 0.00 0.00 42884.00 0}
COMP 4c-3: 48b0d5_48b359_48b42d_48b4e6 (10 5972.82 1 155.00 0 21485.00){0.00 155.00 155.75 157.00 8594.00 8}{8594.00 0.00 0.00 0.00 17188.00 0}{17188.00 21485.00 21485.00 21485.00 25782.00 2}{25782.00 0.00 0.00 0.00 34376.00 0}{34376.00 0.00 0.00 0.00 42970.00 0}
COMM 4b-0: 46a5af_46a90f_46aa52_46ab44 (1 110.00 0 110.00 0 110.00){0.00 0.00 0.00 0.00 44.00 0}{44.00 0.00 0.00 0.00 88.00 0}{88.00 110.00 110.00 110.00 132.00 1}{132.00 0.00 0.00 0.00 176.00 0}{176.00 0.00 0.00 0.00 220.00 0}
COMM 4b-1: 47d6b9_47da7e_47dbe8_47dd07 (1 109.00 0 109.00 0 109.00){0.00 0.00 0.00 0.00 43.60 0}{43.60 0.00 0.00 0.00 87.20 0}{87.20 109.00 109.00 109.00 130.80 1}{130.80 0.00 0.00 0.00 174.40 0}{174.40 0.00 0.00 0.00 218.00 0}
COMM 4b-2: 48217a_4824fa_482633_482727 (2 124.67 1 107.00 1 160.00){0.00 0.00 0.00 0.00 42.80 0}{42.80 0.00 0.00 0.00 85.60 0}{85.60 107.00 107.00 107.00 128.40 1}{128.40 160.00 160.00 160.00 171.20 1}{171.20 0.00 0.00 0.00 214.00 0}
COMM 4b-3: 48b0d5_48b359_48b42d_48b4e6 (10 109.91 2 100.00 0 178.00){0.00 0.00 0.00 0.00 42.80 0}{42.80 0.00 0.00 0.00 85.60 0}{85.60 100.00 102.67 108.00 128.40 9}{128.40 0.00 0.00 0.00 171.20 0}{171.20 178.00 178.00 178.00 214.00 1}
LOOP0: iter: ( 2 )[ 1 -1 0 2 1 ] mem: ( 4 )[ 1 -1 0 1 0 ]( 1 )[ 1 -1 1 1 0 ]
LOOP1: iter: ( 2 )[ 1 -1 0 1 0 ] mem: ( 3 )[ 1 -1 0 1 0 ]
10 2 
12 20480 
14 16 
1a ( 1 2 )[ 1 -1 0 1 0 ]
1a ( 3 2 )[ 1 -1 1 2 2 ]
1a ( 2 )[ 1 -1 2 1 0 ]
1b 0 

RANKS: 1 -1 0 2 1
EVENT20: 1090 47a046_47a41b_47a586_47a6a7
COMP 4c-0: 48217a_4824fa_482633_482727 (6 15.14 0 14.00 1 16.00){0.00 0.00 0.00 0.00 6.00 0}{6.00 0.00 0.00 0.00 12.00 0}{12.00 14.00 15.17 16.00 18.00 6}{18.00 0.00 0.00 0.00 24.00 0}{24.00 0.00 0.00 0.00 30.00 0}
COMM 4b-0: 48217a_4824fa_482633_482727 (6 1.71 1 1.00 0 2.00){0.00 0.00 0.00 0.00 0.80 0}{0.80 1.00 1.00 1.00 1.60 2}{1.60 2.00 2.00 2.00 2.40 4}{2.40 0.00 0.00 0.00 3.20 0}{3.20 0.00 0.00 0.00 4.00 0}
10 2 
12 20480 
14 16 
1b 0 
2b 2147483647 

RANKS: 1 -1 0 2 1
EVENT21: 1148 48b0d5_48b359_48b42d_48b4e6
COMP 4c-0: 47a046_47a41b_47a586_47a6a7 (6 15.00 0 15.00 0 15.00){0.00 0.00 0.00 0.00 6.00 0}{6.00 0.00 0.00 0.00 12.00 0}{12.00 15.00 15.00 15.00 18.00 6}{18.00 0.00 0.00 0.00 24.00 0}{24.00 0.00 0.00 0.00 30.00 0}
COMM 4b-0: 47a046_47a41b_47a586_47a6a7 (6 130.29 1 94.00 0 154.00){0.00 0.00 0.00 0.00 55.20 0}{55.20 94.00 95.50 97.00 110.40 2}{110.40 138.00 145.75 154.00 165.60 4}{165.60 0.00 0.00 0.00 220.80 0}{220.80 0.00 0.00 0.00 276.00 0}
1c 9999 

RANKS: 1 -1 0 4 1
EVENT22: 1004 46a5af_46a90f_46aa52_46ab44
COMP 4c-0: 48217a_4824fa_482633_482727 (4 43002.40 2 41968.00 3 44552.00){0.00 0.00 0.00 0.00 16788.80 0}{16788.80 0.00 0.00 0.00 33577.60 0}{33577.60 41968.00 43260.00 44552.00 50366.40 4}{50366.40 0.00 0.00 0.00 67155.20 0}{67155.20 0.00 0.00 0.00 83944.00 0}
COMP 4c-1: 48b0d5_48b359_48b42d_48b4e6 (4 43053.40 1 42019.00 0 44603.00){0.00 0.00 0.00 0.00 16809.20 0}{16809.20 0.00 0.00 0.00 33618.40 0}{33618.40 42019.00 43311.00 44603.00 50427.60 4}{50427.60 0.00 0.00 0.00 67236.80 0}{67236.80 0.00 0.00 0.00 84046.00 0}
COMM 4b-0: 48217a_4824fa_482633_482727 (4 66.40 2 30.00 3 93.00){0.00 30.00 30.00 30.00 34.80 1}{34.80 35.00 35.00 35.00 69.60 1}{69.60 87.00 90.00 93.00 104.40 2}{104.40 0.00 0.00 0.00 139.20 0}{139.20 0.00 0.00 0.00 174.00 0}
COMM 4b-1: 48b0d5_48b359_48b42d_48b4e6 (4 59.40 0 22.00 1 126.00){0.00 0.00 0.00 0.00 8.80 0}{8.80 0.00 0.00 0.00 17.60 0}{17.60 22.00 22.00 22.00 35.20 2}{35.20 0.00 0.00 0.00 44.00 0}{44.00 105.00 115.50 126.00 166.00 2}
10 2 
12 1 5 
14 16 
18 1 3 

RANKS: 1 -1 0 4 1
EVENT23: 1010 46cf40_46d175_46d219_46d295
COMP 4c-0: 46a5af_46a90f_46aa52_46ab44 (4 21.40 3 20.00 3 23.00){0.00 0.00 0.00 0.00 8.40 0}{8.40 0.00 0.00 0.00 16.80 0}{16.80 20.00 21.50 23.00 25.20 4}{25.20 0.00 0.00 0.00 33.60 0}{33.60 0.00 0.00 0.00 42.00 0}
COMM 4b-0: 46a5af_46a90f_46aa52_46ab44 (4 24.20 2 6.00 3 36.00){0.00 6.00 6.00 6.00 12.00 1}{12.00 19.00 19.00 19.00 24.00 1}{24.00 30.00 33.00 36.00 36.00 2}{36.00 0.00 0.00 0.00 48.00 0}{48.00 0.00 0.00 0.00 60.00 0}
10 2 

RANKS: 1 -1 2 1 0
EVENT24: 1102 47d6b9_47da7e_47dbe8_47dd07
COMP 4c-0: 46cf40_46d175_46d219_46d295 (1 3326.00 2 3326.00 2 3326.00){0.00 0.00 0.00 0.00 1330.40 0}{1330.40 0.00 0.00 0.00 2660.80 0}{2660.80 3326.00 3326.00 3326.00 3991.20 1}{3991.20 0.00 0.00 0.00 5321.60 0}{5321.60 0.00 0.00 0.00 6652.00 0}
COMP 4c-1: 48217a_4824fa_482633_482727 (123 730.41 2 711.00 2 750.00){0.00 0.00 0.00 0.00 298.40 0}{298.40 0.00 0.00 0.00 596.80 0}{596.80 711.00 730.28 750.00 895.20 123}{895.20 0.00 0.00 0.00 1193.60 0}{1193.60 0.00 0.00 0.00 1492.00 0}
COMM 4b-0: 46cf40_46d175_46d219_46d295 (1 405.00 2 405.00 2 405.00){0.00 0.00 0.00 0.00 162.00 0}{162.00 0.00 0.00 0.00 324.00 0}{324.00 405.00 405.00 405.00 486.00 1}{486.00 0.00 0.00 0.00 648.00 0}{648.00 0.00 0.00 0.00 810.00 0}
COMM 4b-1: 48217a_4824fa_482633_482727 (123 6.90 2 2.00 2 420.00){0.00 2.00 3.25 6.00 8.40 121}{8.40 0.00 0.00 0.00 16.80 0}{16.80 21.00 21.00 21.00 33.60 1}{33.60 0.00 0.00 0.00 42.00 0}{42.00 420.00 420.00 420.00 798.00 1}
LOOP0: iter: ( 124 )[ 1 -1 2 1 0 ] mem: ( 2 )[ 1 -1 2 1 0 ]
10 2 
12 155 
14 16 
1b 0 
2b 2 2 2 2 2 2 2 2 2 2 2 2 2 2 2 2 2 2 2 2 2 2 2 2 2 2 2 2 2 2 2 2 2 2 2 2 2 2 2 2 2 2 2 2 2 2 2 2 2 2 2 2 2 2 2 2 2 2 2 2 2 2 1 1 1 1 1 1 1 1 1 1 1 1 1 1 1 1 1 1 1 1 1 1 1 1 1 1 1 1 1 1 1 1 1 1 1 1 1 1 1 1 1 1 1 1 1 1 1 1 1 1 1 1 1 1 1 1 1 1 1 1 1 1 

RANKS: 1 -1 0 2 2
EVENT25: 1113 48217a_4824fa_482633_482727
COMP 4c-0: 46cf40_46d175_46d219_46d295 (1 3980.00 0 3980.00 0 3980.00){0.00 0.00 0.00 0.00 1592.00 0}{1592.00 0.00 0.00 0.00 3184.00 0}{3184.00 3980.00 3980.00 3980.00 4776.00 1}{4776.00 0.00 0.00 0.00 6368.00 0}{6368.00 0.00 0.00 0.00 7960.00 0}
COMP 4c-1: 47d6b9_47da7e_47dbe8_47dd07 (124 660.50 2 655.00 2 666.00){0.00 0.00 0.00 0.00 266.00 0}{266.00 0.00 0.00 0.00 532.00 0}{532.00 655.00 660.46 666.00 798.00 124}{798.00 0.00 0.00 0.00 1064.00 0}{1064.00 0.00 0.00 0.00 1330.00 0}
COMP 4c-2: 48217a_4824fa_482633_482727 (30627 702.57 0 15.00 0 1399.00){0.00 0.00 0.00 0.00 6.00 0}{6.00 0.00 0.00 0.00 12.00 0}{12.00 15.00 17.56 18.00 24.00 15438}{24.00 0.00 0.00 0.00 30.00 0}{30.00 1397.00 1398.84 1399.00 2766.00 15189}
COMP 4c-3: 48b0d5_48b359_48b42d_48b4e6 (248 45997.44 0 45984.00 0 46002.00){0.00 0.00 0.00 0.00 18393.60 0}{18393.60 0.00 0.00 0.00 36787.20 0}{36787.20 45984.00 45997.50 46002.00 55180.80 248}{55180.80 0.00 0.00 0.00 73574.40 0}{73574.40 0.00 0.00 0.00 91968.00 0}
COMM 4b-0: 46cf40_46d175_46d219_46d295 (1 5.00 0 5.00 0 5.00){0.00 0.00 0.00 0.00 2.00 0}{2.00 0.00 0.00 0.00 4.00 0}{4.00 5.00 5.00 5.00 6.00 1}{6.00 0.00 0.00 0.00 8.00 0}{8.00 0.00 0.00 0.00 10.00 0}
COMM 4b-1: 47d6b9_47da7e_47dbe8_47dd07 (124 2.55 2 2.00 2 10.00){0.00 0.00 0.00 0.00 1.60 0}{1.60 2.00 2.40 3.00 3.20 121}{3.20 4.00 4.00 4.00 6.40 1}{6.40 0.00 0.00 0.00 8.00 0}{8.00 10.00 10.00 10.00 12.00 2}
COMM 4b-2: 48217a_4824fa_482633_482727 (30627 2.34 0 1.00 0 22.00){0.00 0.00 0.00 0.00 0.80 0}{0.80 1.00 1.00 1.00 1.60 4649}{1.60 2.00 2.00 2.32 2.40 17270}{2.40 3.00 3.00 4.00 4.00 8194}{4.00 8.00 15.17 22.00 26.00 514}
COMM 4b-3: 48b0d5_48b359_48b42d_48b4e6 (248 8.53 0 7.00 0 23.00){0.00 0.00 0.00 0.00 3.20 0}{3.20 0.00 0.00 0.00 6.40 0}{6.40 7.00 8.39 9.00 9.60 234}{9.60 10.00 10.00 10.00 16.00 13}{16.00 23.00 23.00 23.00 30.00 1}
LOOP0: iter: ( 249 )[ 1 -1 0 1 0 ] mem: ( 5 )[ 1 -1 0 1 0 ]
LOOP1: iter: ( 124 )[ 1 -1 0 1 0 ] mem: ( 1 )[ 1 -1 0 1 0 ]
10 2 
12 155 
14 16 
1a ( 1 2 )[ 1 -1 0 1 0 ]
1a ( 1 1 1 1 1 1 1 1 1 1 1 1 1 1 1 1 1 1 1 1 1 1 1 1 1 1 1 1 1 1 1 1 1 1 1 1 1 1 1 1 1 1 1 1 1 1 1 1 1 1 1 1 1 1 1 1 1 1 1 1 1 1 2 2 2 2 2 2 2 2 2 2 2 2 2 2 2 2 2 2 2 2 2 2 2 2 2 2 2 2 2 2 2 2 2 2 2 2 2 2 2 2 2 2 2 2 2 2 2 2 2 2 2 2 2 2 2 2 2 2 2 2 2 2 )[ 1 -1 2 1 0 ]
1b 0 

RANKS: 2 -1 0 2 1 -1 3 1 0
EVENT26: 1102 47d6b9_47da7e_47dbe8_47dd07
COMP 4c-0: 46cf40_46d175_46d219_46d295 (2 3326.00 1 3326.00 1 3326.00){0.00 0.00 0.00 0.00 1330.40 0}{1330.40 0.00 0.00 0.00 2660.80 0}{2660.80 3326.00 3326.00 3326.00 3991.20 2}{3991.20 0.00 0.00 0.00 5321.60 0}{5321.60 0.00 0.00 0.00 6652.00 0}
COMP 4c-1: 47d6b9_47da7e_47dbe8_47dd07 (61254 690.42 0 15.00 3 1399.00){0.00 0.00 0.00 0.00 6.00 0}{6.00 0.00 0.00 0.00 12.00 0}{12.00 15.00 17.45 18.00 24.00 30876}{24.00 0.00 0.00 0.00 30.00 0}{30.00 1349.00 1374.45 1399.00 2668.00 30378}
COMP 4c-2: 48217a_4824fa_482633_482727 (31124 1085.23 0 709.00 3 45298.00){0.00 0.00 0.00 0.00 284.00 0}{284.00 0.00 0.00 0.00 568.00 0}{568.00 709.00 730.13 750.00 1136.00 30876}{1136.00 0.00 0.00 0.00 1420.00 0}{1420.00 45283.00 45296.71 45298.00 89176.00 248}
COMP 4c-3: 48b0d5_48b359_48b42d_48b4e6 (248 45343.97 1 45330.00 1 45345.00){0.00 0.00 0.00 0.00 18132.00 0}{18132.00 0.00 0.00 0.00 36264.00 0}{36264.00 45330.00 45344.02 45345.00 54396.00 248}{54396.00 0.00 0.00 0.00 72528.00 0}{72528.00 0.00 0.00 0.00 90660.00 0}
COMM 4b-0: 46cf40_46d175_46d219_46d295 (2 461.00 1 371.00 3 641.00){0.00 0.00 0.00 0.00 148.40 0}{148.40 0.00 0.00 0.00 296.80 0}{296.80 371.00 371.00 371.00 445.20 1}{445.20 0.00 0.00 0.00 593.60 0}{593.60 641.00 641.00 641.00 742.00 1}
COMM 4b-1: 47d6b9_47da7e_47dbe8_47dd07 (61254 7.10 0 1.00 0 1637.00){0.00 1.00 1.34 1.35 1.60 16715}{1.60 1.67 1.99 2.00 2.00 1070}{2.00 2.16 9.22 30.00 30.00 43357}{30.00 31.00 36.20 40.00 40.00 51}{40.00 41.00 145.44 1637.00 3234.00 61}
COMM 4b-2: 48217a_4824fa_482633_482727 (31124 26.92 1 1.00 0 2446.00){0.00 1.00 3.22 19.00 454.00 30337}{454.00 499.78 668.12 893.56 908.00 535}{908.00 1135.00 1231.50 1320.00 1362.00 4}{1362.00 1374.00 1507.88 1916.00 2270.00 245}{2270.00 2426.00 2433.00 2446.00 2622.00 3}
COMM 4b-3: 48b0d5_48b359_48b42d_48b4e6 (248 309.69 1 13.00 1 522.00){0.00 13.00 13.00 13.00 124.00 1}{124.00 174.00 203.80 246.00 248.00 5}{248.00 255.00 303.13 352.00 372.00 229}{372.00 463.00 480.00 490.00 496.00 9}{496.00 499.00 508.75 522.00 620.00 4}
LOOP0: iter: ( 124 )[ 1 -1 0 1 0 ]( 249 )[ 1 -1 1 2 2 ] mem: ( 1 )[ 1 -1 0 1 0 ]( 7 )[ 1 -1 1 1 0 ]( 5 )[ 1 -1 3 1 0 ]
LOOP1: iter: ( 124 )[ 1 -1 1 2 2 ] mem: ( 2 )[ 1 -1 1 1 0 ]( 1 )[ 1 -1 3 1 0 ]
10 2 
12 155 
14 16 
1b 0 
2b ( 1 2 )[ 1 -1 0 1 0 ]
2b ( 3 3 3 3 3 3 3 3 3 3 3 3 3 3 3 3 3 3 3 3 3 3 3 3 3 3 3 3 3 3 3 3 3 3 3 3 3 3 3 3 3 3 3 3 3 3 3 3 3 3 3 3 3 3 3 3 3 3 3 3 3 3 2 2 2 2 2 2 2 2 2 2 2 2 2 2 2 2 2 2 2 2 2 2 2 2 2 2 2 2 2 2 2 2 2 2 2 2 2 2 2 2 2 2 2 2 2 2 2 2 2 2 2 2 2 2 2 2 2 2 2 2 2 2 )[ 1 -1 1 1 0 ]
2b ( 3 2 )[ 1 -1 3 1 0 ]

RANKS: 1 -1 0 4 1
EVENT27: 1113 48217a_4824fa_482633_482727
COMP 4c-0: 47d6b9_47da7e_47dbe8_47dd07 (31374 717.01 1 655.00 0 6447.00){0.00 655.00 671.00 2001.00 2578.40 31125}{2578.40 0.00 0.00 0.00 5156.80 0}{5156.80 6446.00 6446.00 6447.00 7735.20 249}{7735.20 0.00 0.00 0.00 10313.60 0}{10313.60 0.00 0.00 0.00 12892.00 0}
COMP 4c-1: 48217a_4824fa_482633_482727 (30628 678.28 3 15.00 2 5807.00){0.00 0.00 0.00 0.00 6.00 0}{6.00 0.00 0.00 0.00 12.00 0}{12.00 15.00 17.12 18.00 30.00 15438}{30.00 1349.00 1349.97 1351.00 2668.00 15189}{2668.00 5807.00 5807.00 5807.00 8946.00 1}
COMP 4c-2: 48b0d5_48b359_48b42d_48b4e6 (249 21485.03 0 21485.00 0 21486.00){0.00 0.00 0.00 0.00 8594.00 0}{8594.00 0.00 0.00 0.00 17188.00 0}{17188.00 21485.00 21485.03 21486.00 25782.00 249}{25782.00 0.00 0.00 0.00 34376.00 0}{34376.00 0.00 0.00 0.00 42970.00 0}
COMM 4b-0: 47d6b9_47da7e_47dbe8_47dd07 (31374 3.63 1 2.00 0 158.00){0.00 2.00 2.78 15.00 43.60 31125}{43.60 0.00 0.00 0.00 87.20 0}{87.20 107.00 108.47 121.00 130.80 248}{130.80 158.00 158.00 158.00 174.40 1}{174.40 0.00 0.00 0.00 218.00 0}
COMM 4b-1: 48217a_4824fa_482633_482727 (30628 2.33 3 1.00 2 108.00){0.00 1.00 1.00 1.00 1.60 3965}{1.60 2.00 2.00 2.00 2.40 17621}{2.40 3.00 3.00 4.00 4.00 8529}{4.00 9.00 12.72 24.00 24.00 512}{24.00 108.00 108.00 108.00 192.00 1}
COMM 4b-2: 48b0d5_48b359_48b42d_48b4e6 (249 106.61 0 105.00 0 172.00){0.00 0.00 0.00 0.00 42.00 0}{42.00 0.00 0.00 0.00 84.00 0}{84.00 105.00 106.35 117.00 126.00 248}{126.00 0.00 0.00 0.00 168.00 0}{168.00 172.00 172.00 172.00 210.00 1}
LOOP0: iter: ( 2 )[ 1 -1 0 1 0 ]( 124 )[ 1 -1 3 1 0 ] mem: ( 3 )[ 1 -1 0 1 0 ]( 1 )[ 1 -1 3 1 0 ]
10 2 
12 ( 20480 )[ 1 -1 0 2 2 ]
12 ( 155 )[ 1 -1 1 2 2 ]
14 16 
1a ( 1 2 )[ 1 -1 0 1 0 ]
1a ( 2 2 2 2 2 2 2 2 2 2 2 2 2 2 2 2 2 2 2 2 2 2 2 2 2 2 2 2 2 2 2 2 2 2 2 2 2 2 2 2 2 2 2 2 2 2 2 2 2 2 2 2 2 2 2 2 2 2 2 2 2 2 3 3 3 3 3 3 3 3 3 3 3 3 3 3 3 3 3 3 3 3 3 3 3 3 3 3 3 3 3 3 3 3 3 3 3 3 3 3 3 3 3 3 3 3 3 3 3 3 3 3 3 3 3 3 3 3 3 3 3 3 3 3 )[ 1 -1 1 1 0 ]
1a ( 3 2 )[ 1 -1 3 1 0 ]
1a ( 1 )[ 1 -1 2 1 0 ]
1b 0 

RANKS: 1 -1 0 4 1
EVENT28: 1090 47a046_47a41b_47a586_47a6a7
COMP 4c-0: 48217a_4824fa_482633_482727 (1493 5481.86 0 14.00 3 21370.00){0.00 0.00 0.00 0.00 5.60 0}{5.60 0.00 0.00 0.00 11.20 0}{11.20 14.00 15.04 25.00 28.00 510}{28.00 28.31 3898.27 5733.00 11434.00 734}{11434.00 21369.00 21369.00 21370.00 31306.00 249}
COMP 4c-1: 48b0d5_48b359_48b42d_48b4e6 (248 21413.00 2 21413.00 2 21413.00){0.00 0.00 0.00 0.00 8565.20 0}{8565.20 0.00 0.00 0.00 17130.40 0}{17130.40 21413.00 21413.00 21413.00 25695.60 248}{25695.60 0.00 0.00 0.00 34260.80 0}{34260.80 0.00 0.00 0.00 42826.00 0}
COMM 4b-0: 48217a_4824fa_482633_482727 (1493 2.05 0 1.00 0 3.00){0.00 0.00 0.00 0.00 0.80 0}{0.80 1.00 1.00 1.00 1.60 195}{1.60 2.00 2.00 2.00 2.40 1024}{2.40 3.00 3.00 3.00 3.20 274}{3.20 0.00 0.00 0.00 4.00 0}
COMM 4b-1: 48b0d5_48b359_48b42d_48b4e6 (248 2.27 2 1.00 2 3.00){0.00 0.00 0.00 0.00 0.80 0}{0.80 1.00 1.00 1.00 1.60 1}{1.60 2.00 2.00 2.00 2.40 178}{2.40 3.00 3.00 3.00 3.20 69}{3.20 0.00 0.00 0.00 4.00 0}
LOOP0: iter: ( 2 )[ 1 -1 3 1 0 ]( 248 )[ 1 -1 2 1 0 ] mem: ( 3 )[ 1 -1 3 1 0 ]( 5 )[ 1 -1 2 1 0 ]
LOOP1: iter: ( 2 )[ 1 -1 2 1 0 ] mem: ( 2 )[ 1 -1 2 1 0 ]
10 2 
12 20480 
14 16 
1b 0 
2b 2147483647 

RANKS: 1 -1 0 4 1
EVENT29: 1148 48b0d5_48b359_48b42d_48b4e6
COMP 4c-0: 47a046_47a41b_47a586_47a6a7 (1741 14.77 0 14.00 0 15.00){0.00 0.00 0.00 0.00 6.00 0}{6.00 0.00 0.00 0.00 12.00 0}{12.00 14.00 14.77 15.00 18.00 1741}{18.00 0.00 0.00 0.00 24.00 0}{24.00 0.00 0.00 0.00 30.00 0}
COMM 4b-0: 47a046_47a41b_47a586_47a6a7 (1741 342.36 2 95.00 3 2036.00){0.00 95.00 96.57 96.58 106.40 246}{106.40 112.00 187.11 337.00 378.00 983}{378.00 383.00 553.02 694.00 700.00 256}{700.00 760.28 762.29 774.33 848.67 7}{848.67 858.00 970.57 2036.00 3223.33 249}
1c 9999 

RANKS: 1 -1 2 1 0
EVENT30: 1113 48217a_4824fa_482633_482727
COMP 4c-0: 47d6b9_47da7e_47dbe8_47dd07 (30504 663.97 2 656.00 2 669.00){0.00 0.00 0.00 0.00 266.00 0}{266.00 0.00 0.00 0.00 532.00 0}{532.00 656.00 663.97 669.00 798.00 30504}{798.00 0.00 0.00 0.00 1064.00 0}{1064.00 0.00 0.00 0.00 1330.00 0}
COMP 4c-1: 48b0d5_48b359_48b42d_48b4e6 (248 157.71 2 157.00 2 158.00){0.00 0.00 0.00 0.00 62.80 0}{62.80 0.00 0.00 0.00 125.60 0}{125.60 157.00 157.72 158.00 188.40 248}{188.40 0.00 0.00 0.00 251.20 0}{251.20 0.00 0.00 0.00 314.00 0}
COMM 4b-0: 47d6b9_47da7e_47dbe8_47dd07 (30504 2.62 2 2.00 2 18.00){0.00 2.00 2.46 4.00 4.00 29767}{4.00 5.00 5.05 6.00 8.00 219}{8.00 9.00 9.78 10.00 10.00 264}{10.00 11.00 12.22 13.00 14.00 253}{14.00 18.00 18.00 18.00 22.00 1}
COMM 4b-1: 48b0d5_48b359_48b42d_48b4e6 (248 100.58 2 99.00 2 285.00){0.00 0.00 0.00 0.00 40.00 0}{40.00 0.00 0.00 0.00 80.00 0}{80.00 99.00 99.83 116.00 160.00 247}{160.00 0.00 0.00 0.00 200.00 0}{200.00 285.00 285.00 285.00 370.00 1}
LOOP0: iter: ( 124 )[ 1 -1 2 1 0 ] mem: ( 2 )[ 1 -1 2 1 0 ]
10 2 
12 20480 155 155 155 155 155 155 155 155 155 155 155 155 155 155 155 155 155 155 155 155 155 155 155 155 155 155 155 155 155 155 155 155 155 155 155 155 155 155 155 155 155 155 155 155 155 155 155 155 155 155 155 155 155 155 155 155 155 155 155 155 155 155 155 155 155 155 155 155 155 155 155 155 155 155 155 155 155 155 155 155 155 155 155 155 155 155 155 155 155 155 155 155 155 155 155 155 155 155 155 155 155 155 155 155 155 155 155 155 155 155 155 155 155 155 155 155 155 155 155 155 155 155 155 
14 16 
1a 2 1 1 1 1 1 1 1 1 1 1 1 1 1 1 1 1 1 1 1 1 1 1 1 1 1 1 1 1 1 1 1 1 1 1 1 1 1 1 1 1 1 1 1 1 1 1 1 1 1 1 1 1 1 1 1 1 1 1 1 1 1 1 2 2 2 2 2 2 2 2 2 2 2 2 2 2 2 2 2 2 2 2 2 2 2 2 2 2 2 2 2 2 2 2 2 2 2 2 2 2 2 2 2 2 2 2 2 2 2 2 2 2 2 2 2 2 2 2 2 2 2 2 2 
1b 0 

RANKS: 1 -1 2 1 0
EVENT31: 1102 47d6b9_47da7e_47dbe8_47dd07
COMP 4c-0: 48217a_4824fa_482633_482727 (30752 1087.38 2 707.00 2 45280.00){0.00 707.00 726.64 747.00 18112.00 30504}{18112.00 0.00 0.00 0.00 36224.00 0}{36224.00 45279.00 45279.79 45280.00 54336.00 248}{54336.00 0.00 0.00 0.00 72448.00 0}{72448.00 0.00 0.00 0.00 90560.00 0}
COMM 4b-0: 48217a_4824fa_482633_482727 (30752 9.97 2 1.00 2 1340.00){0.00 1.00 3.27 162.00 200.00 30256}{200.00 218.00 253.33 292.00 300.00 3}{300.00 314.00 408.41 475.00 500.00 475}{500.00 512.00 512.00 512.00 524.00 1}{524.00 548.00 719.18 1340.00 1582.00 17}
10 2 
12 155 
14 16 
1b 0 
2b 2 2 2 2 2 2 2 2 2 2 2 2 2 2 2 2 2 2 2 2 2 2 2 2 2 2 2 2 2 2 2 2 2 2 2 2 2 2 2 2 2 2 2 2 2 2 2 2 2 2 2 2 2 2 2 2 2 2 2 2 2 2 1 1 1 1 1 1 1 1 1 1 1 1 1 1 1 1 1 1 1 1 1 1 1 1 1 1 1 1 1 1 1 1 1 1 1 1 1 1 1 1 1 1 1 1 1 1 1 1 1 1 1 1 1 1 1 1 1 1 1 1 1 1 

RANKS: 1 -1 0 4 1
EVENT32: 1113 48217a_4824fa_482633_482727
COMP 4c-0: 47d6b9_47da7e_47dbe8_47dd07 (248 659.00 2 659.00 2 660.00){0.00 0.00 0.00 0.00 263.60 0}{263.60 0.00 0.00 0.00 527.20 0}{527.20 659.00 659.00 660.00 790.80 248}{790.80 0.00 0.00 0.00 1054.40 0}{1054.40 0.00 0.00 0.00 1318.00 0}
COMP 4c-1: 48217a_4824fa_482633_482727 (620 11054.41 0 15.00 1 21442.00){0.00 0.00 0.00 0.00 6.00 0}{6.00 0.00 0.00 0.00 12.00 0}{12.00 15.00 17.73 18.00 30.00 62}{30.00 1398.00 1398.98 1399.00 2766.00 61}{2766.00 5804.00 13638.51 21442.00 40116.00 497}
COMP 4c-2: 48b0d5_48b359_48b42d_48b4e6 (748 277.60 1 155.00 0 46002.00){0.00 155.00 155.18 156.00 18400.80 747}{18400.80 0.00 0.00 0.00 36801.60 0}{36801.60 46002.00 46002.00 46002.00 55202.40 1}{55202.40 0.00 0.00 0.00 73603.20 0}{73603.20 0.00 0.00 0.00 92004.00 0}
COMM 4b-0: 47d6b9_47da7e_47dbe8_47dd07 (248 2.49 2 2.00 2 4.00){0.00 0.00 0.00 0.00 0.80 0}{0.80 0.00 0.00 0.00 1.60 0}{1.60 2.00 2.00 2.00 2.40 126}{2.40 3.00 3.00 3.00 3.20 121}{3.20 4.00 4.00 4.00 4.00 1}
COMM 4b-1: 48217a_4824fa_482633_482727 (620 86.70 0 1.00 2 122.00){0.00 1.00 1.00 1.00 1.20 16}{1.20 2.00 2.00 2.00 2.40 68}{2.40 3.00 3.00 3.00 6.00 37}{6.00 10.00 15.00 20.00 34.00 2}{34.00 105.00 107.73 122.00 176.00 497}
COMM 4b-2: 48b0d5_48b359_48b42d_48b4e6 (748 131.39 0 10.00 1 283.00){0.00 0.00 0.00 0.00 8.00 0}{8.00 10.00 10.00 10.00 20.00 1}{20.00 99.00 102.84 171.00 178.00 502}{178.00 189.70 189.70 189.70 201.40 235}{201.40 208.00 218.50 283.00 364.60 10}
LOOP0: iter: ( 124 )[ 1 -1 0 1 0 ]( 2 )[ 1 -1 1 2 1 ] mem: ( 1 )[ 1 -1 0 3 1 ]
10 2 
12 ( 155 )[ 1 -1 0 1 0 ]
12 ( 20480 )[ 1 -1 1 2 2 ]
12 ( 155 20480 )[ 1 -1 2 1 0 ]
14 16 
1a ( 1 2 )[ 1 -1 0 1 0 ]
1a ( 3 2 )[ 1 -1 1 2 2 ]
1a ( 2 1 )[ 1 -1 2 1 0 ]
1b 0 

RANKS: 1 -1 1 2 1
EVENT33: 1090 47a046_47a41b_47a586_47a6a7
COMP 4c-0: 48217a_4824fa_482633_482727 (250 16.05 1 16.00 2 29.00){0.00 0.00 0.00 0.00 6.40 0}{6.40 0.00 0.00 0.00 12.80 0}{12.80 16.00 16.00 16.00 19.20 249}{19.20 0.00 0.00 0.00 25.60 0}{25.60 29.00 29.00 29.00 32.00 1}
COMP 4c-1: 48b0d5_48b359_48b42d_48b4e6 (1 21413.00 2 21413.00 2 21413.00){0.00 0.00 0.00 0.00 8565.20 0}{8565.20 0.00 0.00 0.00 17130.40 0}{17130.40 21413.00 21413.00 21413.00 25695.60 1}{25695.60 0.00 0.00 0.00 34260.80 0}{34260.80 0.00 0.00 0.00 42826.00 0}
COMM 4b-0: 48217a_4824fa_482633_482727 (250 1.72 1 1.00 1 2.00){0.00 0.00 0.00 0.00 0.80 0}{0.80 1.00 1.00 1.00 1.60 70}{1.60 2.00 2.00 2.00 2.40 180}{2.40 0.00 0.00 0.00 3.20 0}{3.20 0.00 0.00 0.00 4.00 0}
COMM 4b-1: 48b0d5_48b359_48b42d_48b4e6 (1 3.00 2 3.00 2 3.00){0.00 0.00 0.00 0.00 1.20 0}{1.20 0.00 0.00 0.00 2.40 0}{2.40 3.00 3.00 3.00 3.60 1}{3.60 0.00 0.00 0.00 4.80 0}{4.80 0.00 0.00 0.00 6.00 0}
LOOP0: iter: ( 2 )[ 1 -1 2 1 0 ] mem: ( 2 )[ 1 -1 2 1 0 ]
10 2 
12 20480 
14 16 
1b 0 
2b 2147483647 

RANKS: 1 -1 1 2 1
EVENT34: 1148 48b0d5_48b359_48b42d_48b4e6
COMP 4c-0: 47a046_47a41b_47a586_47a6a7 (251 14.98 1 14.00 1 15.00){0.00 0.00 0.00 0.00 6.00 0}{6.00 0.00 0.00 0.00 12.00 0}{12.00 14.00 14.98 15.00 18.00 251}{18.00 0.00 0.00 0.00 24.00 0}{24.00 0.00 0.00 0.00 30.00 0}
COMM 4b-0: 47a046_47a41b_47a586_47a6a7 (251 95.75 1 93.00 2 232.00){0.00 0.00 0.00 0.00 38.40 0}{38.40 0.00 0.00 0.00 76.80 0}{76.80 93.00 95.10 107.00 115.20 249}{115.20 121.00 121.00 121.00 192.00 1}{192.00 232.00 232.00 232.00 272.00 1}
1c 9999 

RANKS: 1 -1 2 1 0
EVENT35: 1113 48217a_4824fa_482633_482727
COMP 4c-0: 47d6b9_47da7e_47dbe8_47dd07 (123 663.99 2 659.00 2 669.00){0.00 0.00 0.00 0.00 266.40 0}{266.40 0.00 0.00 0.00 532.80 0}{532.80 659.00 663.98 669.00 799.20 123}{799.20 0.00 0.00 0.00 1065.60 0}{1065.60 0.00 0.00 0.00 1332.00 0}
COMP 4c-1: 48b0d5_48b359_48b42d_48b4e6 (1 158.00 2 158.00 2 158.00){0.00 0.00 0.00 0.00 63.20 0}{63.20 0.00 0.00 0.00 126.40 0}{126.40 158.00 158.00 158.00 189.60 1}{189.60 0.00 0.00 0.00 252.80 0}{252.80 0.00 0.00 0.00 316.00 0}
COMM 4b-0: 47d6b9_47da7e_47dbe8_47dd07 (123 2.72 2 2.00 2 13.00){0.00 2.00 2.00 2.00 2.00 56}{2.00 3.00 3.00 3.00 4.00 64}{4.00 5.00 5.00 5.00 8.00 1}{8.00 10.00 10.00 10.00 10.00 1}{10.00 13.00 13.00 13.00 16.00 1}
COMM 4b-1: 48b0d5_48b359_48b42d_48b4e6 (1 100.00 2 100.00 2 100.00){0.00 0.00 0.00 0.00 40.00 0}{40.00 0.00 0.00 0.00 80.00 0}{80.00 100.00 100.00 100.00 120.00 1}{120.00 0.00 0.00 0.00 160.00 0}{160.00 0.00 0.00 0.00 200.00 0}
LOOP0: iter: ( 124 )[ 1 -1 2 1 0 ] mem: ( 2 )[ 1 -1 2 1 0 ]
10 2 
12 20480 155 155 155 155 155 155 155 155 155 155 155 155 155 155 155 155 155 155 155 155 155 155 155 155 155 155 155 155 155 155 155 155 155 155 155 155 155 155 155 155 155 155 155 155 155 155 155 155 155 155 155 155 155 155 155 155 155 155 155 155 155 155 155 155 155 155 155 155 155 155 155 155 155 155 155 155 155 155 155 155 155 155 155 155 155 155 155 155 155 155 155 155 155 155 155 155 155 155 155 155 155 155 155 155 155 155 155 155 155 155 155 155 155 155 155 155 155 155 155 155 155 155 155 
14 16 
1a 2 1 1 1 1 1 1 1 1 1 1 1 1 1 1 1 1 1 1 1 1 1 1 1 1 1 1 1 1 1 1 1 1 1 1 1 1 1 1 1 1 1 1 1 1 1 1 1 1 1 1 1 1 1 1 1 1 1 1 1 1 1 1 2 2 2 2 2 2 2 2 2 2 2 2 2 2 2 2 2 2 2 2 2 2 2 2 2 2 2 2 2 2 2 2 2 2 2 2 2 2 2 2 2 2 2 2 2 2 2 2 2 2 2 2 2 2 2 2 2 2 2 2 2 
1b 0 

RANKS: 1 -1 0 4 1
EVENT36: 1102 47d6b9_47da7e_47dbe8_47dd07
COMP 4c-0: 47d6b9_47da7e_47dbe8_47dd07 (246 687.84 0 15.00 3 1399.00){0.00 0.00 0.00 0.00 6.00 0}{6.00 0.00 0.00 0.00 12.00 0}{12.00 15.00 17.69 18.00 24.00 124}{24.00 0.00 0.00 0.00 30.00 0}{30.00 1350.00 1374.49 1399.00 2670.00 122}
COMP 4c-1: 48217a_4824fa_482633_482727 (249 1084.75 2 707.00 3 45298.00){0.00 0.00 0.00 0.00 284.00 0}{284.00 0.00 0.00 0.00 568.00 0}{568.00 707.00 728.34 750.00 1136.00 247}{1136.00 0.00 0.00 0.00 1420.00 0}{1420.00 45280.00 45289.00 45298.00 89176.00 2}
COMP 4c-2: 48b0d5_48b359_48b42d_48b4e6 (1 45345.00 1 45345.00 1 45345.00){0.00 0.00 0.00 0.00 18138.00 0}{18138.00 0.00 0.00 0.00 36276.00 0}{36276.00 45345.00 45345.00 45345.00 54414.00 1}{54414.00 0.00 0.00 0.00 72552.00 0}{72552.00 0.00 0.00 0.00 90690.00 0}
COMM 4b-0: 47d6b9_47da7e_47dbe8_47dd07 (246 6.78 0 1.00 3 29.00){0.00 0.00 0.00 0.00 0.80 0}{0.80 1.00 1.00 1.00 1.60 49}{1.60 2.00 2.00 2.00 2.00 35}{2.00 3.00 9.48 24.00 28.00 161}{28.00 29.00 29.00 29.00 30.00 1}
COMM 4b-1: 48217a_4824fa_482633_482727 (249 24.63 2 1.00 0 1471.00){0.00 1.00 7.17 528.00 588.40 246}{588.40 712.00 725.50 739.00 1176.80 2}{1176.80 1471.00 1471.00 1471.00 1765.20 1}{1765.20 0.00 0.00 0.00 2353.60 0}{2353.60 0.00 0.00 0.00 2942.00 0}
COMM 4b-2: 48b0d5_48b359_48b42d_48b4e6 (1 495.00 1 495.00 1 495.00){0.00 0.00 0.00 0.00 198.00 0}{198.00 0.00 0.00 0.00 396.00 0}{396.00 495.00 495.00 495.00 594.00 1}{594.00 0.00 0.00 0.00 792.00 0}{792.00 0.00 0.00 0.00 990.00 0}
LOOP0: iter: ( 124 )[ 2 -1 0 2 1 -1 3 1 0 ] mem: ( 1 )[ 1 -1 0 2 3 ]( 2 )[ 1 -1 1 1 0 ]
10 2 
12 155 
14 16 
1b 0 
2b ( 1 2 )[ 1 -1 0 1 0 ]
2b ( 3 3 3 3 3 3 3 3 3 3 3 3 3 3 3 3 3 3 3 3 3 3 3 3 3 3 3 3 3 3 3 3 3 3 3 3 3 3 3 3 3 3 3 3 3 3 3 3 3 3 3 3 3 3 3 3 3 3 3 3 3 3 2 2 2 2 2 2 2 2 2 2 2 2 2 2 2 2 2 2 2 2 2 2 2 2 2 2 2 2 2 2 2 2 2 2 2 2 2 2 2 2 2 2 2 2 2 2 2 2 2 2 2 2 2 2 2 2 2 2 2 2 2 2 )[ 1 -1 1 1 0 ]
2b ( 3 2 )[ 1 -1 3 1 0 ]
2b ( 2 2 2 2 2 2 2 2 2 2 2 2 2 2 2 2 2 2 2 2 2 2 2 2 2 2 2 2 2 2 2 2 2 2 2 2 2 2 2 2 2 2 2 2 2 2 2 2 2 2 2 2 2 2 2 2 2 2 2 2 2 2 1 1 1 1 1 1 1 1 1 1 1 1 1 1 1 1 1 1 1 1 1 1 1 1 1 1 1 1 1 1 1 1 1 1 1 1 1 1 1 1 1 1 1 1 1 1 1 1 1 1 1 1 1 1 1 1 1 1 1 1 1 1 )[ 1 -1 2 1 0 ]

RANKS: 1 -1 1 3 1
EVENT37: 1113 48217a_4824fa_482633_482727
COMP 4c-0: 47d6b9_47da7e_47dbe8_47dd07 (126 670.71 1 655.00 3 2001.00){0.00 0.00 0.00 0.00 266.00 0}{266.00 0.00 0.00 0.00 532.00 0}{532.00 655.00 660.11 665.00 1064.00 125}{1064.00 0.00 0.00 0.00 1330.00 0}{1330.00 2001.00 2001.00 2001.00 2672.00 1}
COMP 4c-1: 48217a_4824fa_482633_482727 (123 673.20 3 15.00 3 1350.00){0.00 0.00 0.00 0.00 6.00 0}{6.00 0.00 0.00 0.00 12.00 0}{12.00 15.00 17.94 18.00 24.00 62}{24.00 0.00 0.00 0.00 30.00 0}{30.00 1350.00 1350.00 1350.00 2670.00 61}
COMM 4b-0: 47d6b9_47da7e_47dbe8_47dd07 (126 2.79 1 2.00 1 12.00){0.00 2.00 2.00 2.00 2.40 51}{2.40 3.00 3.00 3.00 4.80 71}{4.80 5.00 5.50 6.00 7.20 2}{7.20 0.00 0.00 0.00 9.60 0}{9.60 10.00 11.00 12.00 12.00 2}
COMM 4b-1: 48217a_4824fa_482633_482727 (123 2.29 3 1.00 3 15.00){0.00 0.00 0.00 0.00 0.80 0}{0.80 1.00 1.00 1.00 1.60 16}{1.60 2.00 2.00 2.00 2.40 74}{2.40 3.00 3.00 3.00 4.00 31}{4.00 10.00 12.50 15.00 26.00 2}
LOOP0: iter: ( 124 )[ 1 -1 3 1 0 ] mem: ( 1 )[ 1 -1 3 1 0 ]
10 2 
12 155 
14 16 
1a ( 2 2 2 2 2 2 2 2 2 2 2 2 2 2 2 2 2 2 2 2 2 2 2 2 2 2 2 2 2 2 2 2 2 2 2 2 2 2 2 2 2 2 2 2 2 2 2 2 2 2 2 2 2 2 2 2 2 2 2 2 2 2 3 3 3 3 3 3 3 3 3 3 3 3 3 3 3 3 3 3 3 3 3 3 3 3 3 3 3 3 3 3 3 3 3 3 3 3 3 3 3 3 3 3 3 3 3 3 3 3 3 3 3 3 3 3 3 3 3 3 3 3 3 3 )[ 1 -1 1 1 0 ]
1a ( 3 2 )[ 1 -1 3 1 0 ]
1a ( 2 )[ 1 -1 2 1 0 ]
1b 0 

RANKS: 1 -1 0 4 1
EVENT38: 1004 46a5af_46a90f_46aa52_46ab44
COMP 4c-0: 47d6b9_47da7e_47dbe8_47dd07 (1 6115.00 0 6115.00 0 6115.00){0.00 0.00 0.00 0.00 2446.00 0}{2446.00 0.00 0.00 0.00 4892.00 0}{4892.00 6115.00 6115.00 6115.00 7338.00 1}{7338.00 0.00 0.00 0.00 9784.00 0}{9784.00 0.00 0.00 0.00 12230.00 0}
COMP 4c-1: 48217a_4824fa_482633_482727 (3 5475.00 2 5473.00 1 5476.00){0.00 0.00 0.00 0.00 2190.40 0}{2190.40 0.00 0.00 0.00 4380.80 0}{4380.80 5473.00 5474.67 5476.00 6571.20 3}{6571.20 0.00 0.00 0.00 8761.60 0}{8761.60 0.00 0.00 0.00 10952.00 0}
COMM 4b-0: 47d6b9_47da7e_47dbe8_47dd07 (1 11.00 0 11.00 0 11.00){0.00 0.00 0.00 0.00 4.40 0}{4.40 0.00 0.00 0.00 8.80 0}{8.80 11.00 11.00 11.00 13.20 1}{13.20 0.00 0.00 0.00 17.60 0}{17.60 0.00 0.00 0.00 22.00 0}
COMM 4b-1: 48217a_4824fa_482633_482727 (3 531.75 2 231.00 3 1042.00){0.00 0.00 0.00 0.00 170.80 0}{170.80 231.00 231.00 231.00 341.60 1}{341.60 427.00 427.00 427.00 683.20 1}{683.20 0.00 0.00 0.00 854.00 0}{854.00 1042.00 1042.00 1042.00 1230.00 1}
10 2 
12 5 
14 16 
18 3 

RANKS: 1 -1 2 1 0
EVENT39: 1113 48217a_4824fa_482633_482727
COMP 4c-0: 46a5af_46a90f_46aa52_46ab44 (1 2926.00 2 2926.00 2 2926.00){0.00 0.00 0.00 0.00 1170.40 0}{1170.40 0.00 0.00 0.00 2340.80 0}{2340.80 2926.00 2926.00 2926.00 3511.20 1}{3511.20 0.00 0.00 0.00 4681.60 0}{4681.60 0.00 0.00 0.00 5852.00 0}
COMM 4b-0: 46a5af_46a90f_46aa52_46ab44 (1 108.00 2 108.00 2 108.00){0.00 0.00 0.00 0.00 43.20 0}{43.20 0.00 0.00 0.00 86.40 0}{86.40 108.00 108.00 108.00 129.60 1}{129.60 0.00 0.00 0.00 172.80 0}{172.80 0.00 0.00 0.00 216.00 0}
10 2 
12 20480 
14 16 
1a 1 
1b 0 

RANKS: 1 -1 1 3 1
EVENT40: 1090 47a046_47a41b_47a586_47a6a7
COMP 4c-0: 46a5af_46a90f_46aa52_46ab44 (2 2852.00 1 2852.00 1 2852.00){0.00 0.00 0.00 0.00 1140.80 0}{1140.80 0.00 0.00 0.00 2281.60 0}{2281.60 2852.00 2852.00 2852.00 3422.40 2}{3422.40 0.00 0.00 0.00 4563.20 0}{4563.20 0.00 0.00 0.00 5704.00 0}
COMP 4c-1: 48217a_4824fa_482633_482727 (2 14251.00 2 15.00 3 21369.00){0.00 15.00 15.00 15.00 8547.60 1}{8547.60 0.00 0.00 0.00 17095.20 0}{17095.20 21369.00 21369.00 21369.00 25642.80 1}{25642.80 0.00 0.00 0.00 34190.40 0}{34190.40 0.00 0.00 0.00 42738.00 0}
COMP 4c-2: 48b0d5_48b359_48b42d_48b4e6 (1 21413.00 2 21413.00 2 21413.00){0.00 0.00 0.00 0.00 8565.20 0}{8565.20 0.00 0.00 0.00 17130.40 0}{17130.40 21413.00 21413.00 21413.00 25695.60 1}{25695.60 0.00 0.00 0.00 34260.80 0}{34260.80 0.00 0.00 0.00 42826.00 0}
COMM 4b-0: 46a5af_46a90f_46aa52_46ab44 (2 2.00 1 2.00 1 2.00){0.00 0.00 0.00 0.00 0.80 0}{0.80 0.00 0.00 0.00 1.60 0}{1.60 2.00 2.00 2.00 2.40 2}{2.40 0.00 0.00 0.00 3.20 0}{3.20 0.00 0.00 0.00 4.00 0}
COMM 4b-1: 48217a_4824fa_482633_482727 (2 2.00 3 2.00 3 2.00){0.00 0.00 0.00 0.00 0.80 0}{0.80 0.00 0.00 0.00 1.60 0}{1.60 2.00 2.00 2.00 2.40 2}{2.40 0.00 0.00 0.00 3.20 0}{3.20 0.00 0.00 0.00 4.00 0}
COMM 4b-2: 48b0d5_48b359_48b42d_48b4e6 (1 2.00 2 2.00 2 2.00){0.00 0.00 0.00 0.00 0.80 0}{0.80 0.00 0.00 0.00 1.60 0}{1.60 2.00 2.00 2.00 2.40 1}{2.40 0.00 0.00 0.00 3.20 0}{3.20 0.00 0.00 0.00 4.00 0}
LOOP0: iter: ( 2 )[ 1 -1 2 2 1 ] mem: ( 3 )[ 1 -1 3 1 0 ]( 2 )[ 1 -1 2 1 0 ]
10 2 
12 20480 
14 16 
1b 0 
2b 2147483647 

RANKS: 1 -1 1 3 1
EVENT41: 1148 48b0d5_48b359_48b42d_48b4e6
COMP 4c-0: 47a046_47a41b_47a586_47a6a7 (5 14.83 3 14.00 1 15.00){0.00 0.00 0.00 0.00 6.00 0}{6.00 0.00 0.00 0.00 12.00 0}{12.00 14.00 14.80 15.00 18.00 5}{18.00 0.00 0.00 0.00 24.00 0}{24.00 0.00 0.00 0.00 30.00 0}
COMM 4b-0: 47a046_47a41b_47a586_47a6a7 (5 106.67 1 99.00 2 126.00){0.00 0.00 0.00 0.00 39.60 0}{39.60 0.00 0.00 0.00 79.20 0}{79.20 99.00 103.75 108.00 118.80 4}{118.80 126.00 126.00 126.00 158.40 1}{158.40 0.00 0.00 0.00 198.00 0}
1c 9999 

RANKS: 1 -1 0 4 1
EVENT42: 1113 48217a_4824fa_482633_482727
COMP 4c-0: 46a5af_46a90f_46aa52_46ab44 (1 2926.00 0 2926.00 0 2926.00){0.00 0.00 0.00 0.00 1170.40 0}{1170.40 0.00 0.00 0.00 2340.80 0}{2340.80 2926.00 2926.00 2926.00 3511.20 1}{3511.20 0.00 0.00 0.00 4681.60 0}{4681.60 0.00 0.00 0.00 5852.00 0}
COMP 4c-1: 48217a_4824fa_482633_482727 (1 21442.00 1 21442.00 1 21442.00){0.00 0.00 0.00 0.00 8576.80 0}{8576.80 0.00 0.00 0.00 17153.60 0}{17153.60 21442.00 21442.00 21442.00 25730.40 1}{25730.40 0.00 0.00 0.00 34307.20 0}{34307.20 0.00 0.00 0.00 42884.00 0}
COMP 4c-2: 48b0d5_48b359_48b42d_48b4e6 (5 7265.33 1 155.00 0 21485.00){0.00 155.00 155.50 157.00 8594.00 4}{8594.00 0.00 0.00 0.00 17188.00 0}{17188.00 21485.00 21485.00 21485.00 25782.00 1}{25782.00 0.00 0.00 0.00 34376.00 0}{34376.00 0.00 0.00 0.00 42970.00 0}
COMM 4b-0: 46a5af_46a90f_46aa52_46ab44 (1 111.00 0 111.00 0 111.00){0.00 0.00 0.00 0.00 44.40 0}{44.40 0.00 0.00 0.00 88.80 0}{88.80 111.00 111.00 111.00 133.20 1}{133.20 0.00 0.00 0.00 177.60 0}{177.60 0.00 0.00 0.00 222.00 0}
COMM 4b-1: 48217a_4824fa_482633_482727 (1 106.00 1 106.00 1 106.00){0.00 0.00 0.00 0.00 42.40 0}{42.40 0.00 0.00 0.00 84.80 0}{84.80 106.00 106.00 106.00 127.20 1}{127.20 0.00 0.00 0.00 169.60 0}{169.60 0.00 0.00 0.00 212.00 0}
COMM 4b-2: 48b0d5_48b359_48b42d_48b4e6 (5 108.33 2 100.00 0 120.00){0.00 0.00 0.00 0.00 48.00 0}{48.00 0.00 0.00 0.00 96.00 0}{96.00 100.00 106.00 120.00 144.00 5}{144.00 0.00 0.00 0.00 192.00 0}{192.00 0.00 0.00 0.00 240.00 0}
LOOP0: iter: ( 2 )[ 1 -1 0 2 1 ] mem: ( 3 )[ 1 -1 0 1 0 ]( 1 )[ 1 -1 1 1 0 ]
10 2 
12 20480 
14 16 
1a ( 1 2 )[ 1 -1 0 1 0 ]
1a ( 3 2 )[ 1 -1 1 2 2 ]
1a ( 2 )[ 1 -1 2 1 0 ]
1b 0 

RANKS: 1 -1 0 2 1
EVENT43: 1090 47a046_47a41b_47a586_47a6a7
COMP 4c-0: 48217a_4824fa_482633_482727 (3 14.75 0 14.00 1 16.00){0.00 0.00 0.00 0.00 5.60 0}{5.60 0.00 0.00 0.00 11.20 0}{11.20 14.00 15.00 16.00 16.80 3}{16.80 0.00 0.00 0.00 22.40 0}{22.40 0.00 0.00 0.00 28.00 0}
COMM 4b-0: 48217a_4824fa_482633_482727 (3 1.50 0 1.00 0 2.00){0.00 0.00 0.00 0.00 0.80 0}{0.80 1.00 1.00 1.00 1.60 2}{1.60 2.00 2.00 2.00 2.40 1}{2.40 0.00 0.00 0.00 3.20 0}{3.20 0.00 0.00 0.00 4.00 0}
10 2 
12 20480 
14 16 
1b 0 
2b 2147483647 

RANKS: 1 -1 0 2 1
EVENT44: 1148 48b0d5_48b359_48b42d_48b4e6
COMP 4c-0: 47a046_47a41b_47a586_47a6a7 (3 15.00 0 15.00 0 15.00){0.00 0.00 0.00 0.00 6.00 0}{6.00 0.00 0.00 0.00 12.00 0}{12.00 15.00 15.00 15.00 18.00 3}{18.00 0.00 0.00 0.00 24.00 0}{24.00 0.00 0.00 0.00 30.00 0}
COMM 4b-0: 47a046_47a41b_47a586_47a6a7 (3 130.50 1 95.00 0 151.00){0.00 0.00 0.00 0.00 55.20 0}{55.20 95.00 95.00 95.00 110.40 1}{110.40 138.00 144.50 151.00 165.60 2}{165.60 0.00 0.00 0.00 220.80 0}{220.80 0.00 0.00 0.00 276.00 0}
1c 9999 

RANKS: 1 -1 0 4 1
EVENT45: 1004 46a5af_46a90f_46aa52_46ab44
COMP 4c-0: 46a5af_46a90f_46aa52_46ab44 (8 10063.00 0 15.00 0 22623.00){0.00 0.00 0.00 0.00 6.00 0}{6.00 0.00 0.00 0.00 12.00 0}{12.00 15.00 15.00 15.00 24.00 4}{24.00 0.00 0.00 0.00 30.00 0}{30.00 22623.00 22623.00 22623.00 45216.00 4}
COMP 4c-1: 48217a_4824fa_482633_482727 (2 44550.67 2 44548.00 3 44552.00){0.00 0.00 0.00 0.00 17820.80 0}{17820.80 0.00 0.00 0.00 35641.60 0}{35641.60 44548.00 44550.00 44552.00 53462.40 2}{53462.40 0.00 0.00 0.00 71283.20 0}{71283.20 0.00 0.00 0.00 89104.00 0}
COMP 4c-2: 48b0d5_48b359_48b42d_48b4e6 (2 44601.67 1 44599.00 0 44603.00){0.00 0.00 0.00 0.00 17841.20 0}{17841.20 0.00 0.00 0.00 35682.40 0}{35682.40 44599.00 44601.00 44603.00 53523.60 2}{53523.60 0.00 0.00 0.00 71364.80 0}{71364.80 0.00 0.00 0.00 89206.00 0}
COMM 4b-0: 46a5af_46a90f_46aa52_46ab44 (8 12.78 2 5.00 3 22.00){0.00 5.00 5.50 6.00 7.20 2}{7.20 9.00 11.50 14.00 14.40 4}{14.40 18.00 18.00 18.00 21.60 1}{21.60 22.00 22.00 22.00 28.80 1}{28.80 0.00 0.00 0.00 36.00 0}
COMM 4b-1: 48217a_4824fa_482633_482727 (2 79.33 2 26.00 3 106.00){0.00 26.00 26.00 26.00 42.40 1}{42.40 0.00 0.00 0.00 84.80 0}{84.80 106.00 106.00 106.00 127.20 1}{127.20 0.00 0.00 0.00 169.60 0}{169.60 0.00 0.00 0.00 212.00 0}
COMM 4b-2: 48b0d5_48b359_48b42d_48b4e6 (2 60.67 0 22.00 1 138.00){0.00 0.00 0.00 0.00 8.80 0}{8.80 0.00 0.00 0.00 17.60 0}{17.60 22.00 22.00 22.00 35.20 1}{35.20 0.00 0.00 0.00 44.00 0}{44.00 138.00 138.00 138.00 232.00 1}
LOOP0: iter: ( 3 )[ 1 -1 0 4 1 ] mem: ( 1 )[ 1 -1 0 4 1 ]
10 2 
12 5 1 5 
14 16 
18 3 1 3 

RANKS: 1 -1 0 2 1
EVENT46: 1090 47a046_47a41b_47a586_47a6a7_45ecb0
COMP 4c-0: 46a5af_46a90f_46aa52_46ab44 (2 64.00 0 64.00 0 64.00){0.00 0.00 0.00 0.00 25.60 0}{25.60 0.00 0.00 0.00 51.20 0}{51.20 64.00 64.00 64.00 76.80 2}{76.80 0.00 0.00 0.00 102.40 0}{102.40 0.00 0.00 0.00 128.00 0}
COMM 4b-0: 46a5af_46a90f_46aa52_46ab44 (2 2.00 0 2.00 0 2.00){0.00 0.00 0.00 0.00 0.80 0}{0.80 0.00 0.00 0.00 1.60 0}{1.60 2.00 2.00 2.00 2.40 2}{2.40 0.00 0.00 0.00 3.20 0}{3.20 0.00 0.00 0.00 4.00 0}
10 2 
12 64 
14 16 
1b 0 
2b 2147483647 

RANKS: 1 -1 0 2 1
EVENT47: 1148 48b0d5_48b359_48b42d_48b4e6_45ecc9
COMP 4c-0: 47a046_47a41b_47a586_47a6a7_45ecb0 (2 16.33 0 16.00 1 17.00){0.00 0.00 0.00 0.00 6.40 0}{6.40 0.00 0.00 0.00 12.80 0}{12.80 16.00 16.50 17.00 19.20 2}{19.20 0.00 0.00 0.00 25.60 0}{25.60 0.00 0.00 0.00 32.00 0}
COMM 4b-0: 47a046_47a41b_47a586_47a6a7_45ecb0 (2 3.33 0 3.00 1 4.00){0.00 0.00 0.00 0.00 1.20 0}{1.20 0.00 0.00 0.00 2.40 0}{2.40 3.00 3.00 3.00 3.60 1}{3.60 4.00 4.00 4.00 4.80 1}{4.80 0.00 0.00 0.00 6.00 0}
1c 9999 

RANKS: 1 -1 2 1 0
EVENT48: 1113 48217a_4824fa_482633_482727_45ed9e
COMP 4c-0: 46a5af_46a90f_46aa52_46ab44 (1 63.00 2 63.00 2 63.00){0.00 0.00 0.00 0.00 25.20 0}{25.20 0.00 0.00 0.00 50.40 0}{50.40 63.00 63.00 63.00 75.60 1}{75.60 0.00 0.00 0.00 100.80 0}{100.80 0.00 0.00 0.00 126.00 0}
COMM 4b-0: 46a5af_46a90f_46aa52_46ab44 (1 4.00 2 4.00 2 4.00){0.00 0.00 0.00 0.00 1.60 0}{1.60 0.00 0.00 0.00 3.20 0}{3.20 4.00 4.00 4.00 4.80 1}{4.80 0.00 0.00 0.00 6.40 0}{6.40 0.00 0.00 0.00 8.00 0}
10 2 
12 64 
14 16 
1a 2 
1b 0 

RANKS: 1 -1 0 2 2
EVENT49: 1090 47a046_47a41b_47a586_47a6a7_45edfa
COMP 4c-0: 48217a_4824fa_482633_482727_45ed9e (1 16.00 2 16.00 2 16.00){0.00 0.00 0.00 0.00 6.40 0}{6.40 0.00 0.00 0.00 12.80 0}{12.80 16.00 16.00 16.00 19.20 1}{19.20 0.00 0.00 0.00 25.60 0}{25.60 0.00 0.00 0.00 32.00 0}
COMP 4c-1: 48b0d5_48b359_48b42d_48b4e6_45ecc9 (1 17.00 0 17.00 0 17.00){0.00 0.00 0.00 0.00 6.80 0}{6.80 0.00 0.00 0.00 13.60 0}{13.60 17.00 17.00 17.00 20.40 1}{20.40 0.00 0.00 0.00 27.20 0}{27.20 0.00 0.00 0.00 34.00 0}
COMM 4b-0: 48217a_4824fa_482633_482727_45ed9e (1 2.00 2 2.00 2 2.00){0.00 0.00 0.00 0.00 0.80 0}{0.80 0.00 0.00 0.00 1.60 0}{1.60 2.00 2.00 2.00 2.40 1}{2.40 0.00 0.00 0.00 3.20 0}{3.20 0.00 0.00 0.00 4.00 0}
COMM 4b-1: 48b0d5_48b359_48b42d_48b4e6_45ecc9 (1 1.00 0 1.00 0 1.00){0.00 0.00 0.00 0.00 0.40 0}{0.40 0.00 0.00 0.00 0.80 0}{0.80 1.00 1.00 1.00 1.20 1}{1.20 0.00 0.00 0.00 1.60 0}{1.60 0.00 0.00 0.00 2.00 0}
10 2 
12 68 
14 16 
1b 0 
2b 2147483647 

RANKS: 1 -1 0 2 2
EVENT50: 1148 48b0d5_48b359_48b42d_48b4e6_45ee0f
COMP 4c-0: 47a046_47a41b_47a586_47a6a7_45edfa (2 16.00 0 16.00 0 16.00){0.00 0.00 0.00 0.00 6.40 0}{6.40 0.00 0.00 0.00 12.80 0}{12.80 16.00 16.00 16.00 19.20 2}{19.20 0.00 0.00 0.00 25.60 0}{25.60 0.00 0.00 0.00 32.00 0}
COMM 4b-0: 47a046_47a41b_47a586_47a6a7_45edfa (2 3.00 0 3.00 0 3.00){0.00 0.00 0.00 0.00 1.20 0}{1.20 0.00 0.00 0.00 2.40 0}{2.40 3.00 3.00 3.00 3.60 2}{3.60 0.00 0.00 0.00 4.80 0}{4.80 0.00 0.00 0.00 6.00 0}
1c 9999 

RANKS: 1 -1 3 1 0
EVENT51: 1113 48217a_4824fa_482633_482727_45ed9e
COMP 4c-0: 46a5af_46a90f_46aa52_46ab44 (1 63.00 3 63.00 3 63.00){0.00 0.00 0.00 0.00 25.20 0}{25.20 0.00 0.00 0.00 50.40 0}{50.40 63.00 63.00 63.00 75.60 1}{75.60 0.00 0.00 0.00 100.80 0}{100.80 0.00 0.00 0.00 126.00 0}
COMM 4b-0: 46a5af_46a90f_46aa52_46ab44 (1 4.00 3 4.00 3 4.00){0.00 0.00 0.00 0.00 1.60 0}{1.60 0.00 0.00 0.00 3.20 0}{3.20 4.00 4.00 4.00 4.80 1}{4.80 0.00 0.00 0.00 6.40 0}{6.40 0.00 0.00 0.00 8.00 0}
10 2 
12 64 
14 16 
1a 2 
1b 0 

RANKS: 1 -1 1 2 2
EVENT52: 1113 48217a_4824fa_482633_482727_45ef0f
COMP 4c-0: 48217a_4824fa_482633_482727_45ed9e (1 17.00 3 17.00 3 17.00){0.00 0.00 0.00 0.00 6.80 0}{6.80 0.00 0.00 0.00 13.60 0}{13.60 17.00 17.00 17.00 20.40 1}{20.40 0.00 0.00 0.00 27.20 0}{27.20 0.00 0.00 0.00 34.00 0}
COMP 4c-1: 48b0d5_48b359_48b42d_48b4e6_45ecc9 (1 17.00 1 17.00 1 17.00){0.00 0.00 0.00 0.00 6.80 0}{6.80 0.00 0.00 0.00 13.60 0}{13.60 17.00 17.00 17.00 20.40 1}{20.40 0.00 0.00 0.00 27.20 0}{27.20 0.00 0.00 0.00 34.00 0}
COMM 4b-0: 48217a_4824fa_482633_482727_45ed9e (1 2.00 3 2.00 3 2.00){0.00 0.00 0.00 0.00 0.80 0}{0.80 0.00 0.00 0.00 1.60 0}{1.60 2.00 2.00 2.00 2.40 1}{2.40 0.00 0.00 0.00 3.20 0}{3.20 0.00 0.00 0.00 4.00 0}
COMM 4b-1: 48b0d5_48b359_48b42d_48b4e6_45ecc9 (1 4.00 1 4.00 1 4.00){0.00 0.00 0.00 0.00 1.60 0}{1.60 0.00 0.00 0.00 3.20 0}{3.20 4.00 4.00 4.00 4.80 1}{4.80 0.00 0.00 0.00 6.40 0}{6.40 0.00 0.00 0.00 8.00 0}
10 2 
12 68 
14 16 
1a 3 
1b 0 

RANKS: 1 -1 0 4 1
EVENT53: 1004 46a5af_46a90f_46aa52_46ab44_466841
COMP 4c-0: 48217a_4824fa_482633_482727_45ef0f (2 32.67 3 32.00 1 33.00){0.00 0.00 0.00 0.00 13.20 0}{13.20 0.00 0.00 0.00 26.40 0}{26.40 32.00 32.50 33.00 39.60 2}{39.60 0.00 0.00 0.00 52.80 0}{52.80 0.00 0.00 0.00 66.00 0}
COMP 4c-1: 48b0d5_48b359_48b42d_48b4e6_45ee0f (2 34.33 2 33.00 0 35.00){0.00 0.00 0.00 0.00 14.00 0}{14.00 0.00 0.00 0.00 28.00 0}{28.00 33.00 34.00 35.00 42.00 2}{42.00 0.00 0.00 0.00 56.00 0}{56.00 0.00 0.00 0.00 70.00 0}
COMM 4b-0: 48217a_4824fa_482633_482727_45ef0f (2 28.00 1 11.00 3 62.00){0.00 0.00 0.00 0.00 4.40 0}{4.40 0.00 0.00 0.00 8.80 0}{8.80 11.00 11.00 11.00 17.60 1}{17.60 0.00 0.00 0.00 22.00 0}{22.00 62.00 62.00 62.00 102.00 1}
COMM 4b-1: 48b0d5_48b359_48b42d_48b4e6_45ee0f (2 15.00 0 5.00 2 35.00){0.00 0.00 0.00 0.00 2.00 0}{2.00 0.00 0.00 0.00 4.00 0}{4.00 5.00 5.00 5.00 8.00 1}{8.00 0.00 0.00 0.00 10.00 0}{10.00 35.00 35.00 35.00 60.00 1}
10 2 
12 1 
14 16 
18 3 

RANKS: 1 -1 0 2 2
EVENT54: 1090 47a046_47a41b_47a586_47a6a7
COMP 4c-0: 46a5af_46a90f_46aa52_46ab44_466841 (2 67.00 0 67.00 0 67.00){0.00 0.00 0.00 0.00 26.80 0}{26.80 0.00 0.00 0.00 53.60 0}{53.60 67.00 67.00 67.00 80.40 2}{80.40 0.00 0.00 0.00 107.20 0}{107.20 0.00 0.00 0.00 134.00 0}
COMM 4b-0: 46a5af_46a90f_46aa52_46ab44_466841 (2 1.00 0 1.00 0 1.00){0.00 0.00 0.00 0.00 0.40 0}{0.40 0.00 0.00 0.00 0.80 0}{0.80 1.00 1.00 1.00 1.20 2}{1.20 0.00 0.00 0.00 1.60 0}{1.60 0.00 0.00 0.00 2.00 0}
10 2 
12 64 
14 16 
1b 0 
2b 2147483647 

RANKS: 1 -1 0 2 2
EVENT55: 1148 48b0d5_48b359_48b42d_48b4e6
COMP 4c-0: 47a046_47a41b_47a586_47a6a7 (2 15.00 0 15.00 0 15.00){0.00 0.00 0.00 0.00 6.00 0}{6.00 0.00 0.00 0.00 12.00 0}{12.00 15.00 15.00 15.00 18.00 2}{18.00 0.00 0.00 0.00 24.00 0}{24.00 0.00 0.00 0.00 30.00 0}
COMM 4b-0: 47a046_47a41b_47a586_47a6a7 (2 2.67 2 2.00 0 3.00){0.00 0.00 0.00 0.00 1.20 0}{1.20 2.00 2.00 2.00 2.40 1}{2.40 3.00 3.00 3.00 3.60 1}{3.60 0.00 0.00 0.00 4.80 0}{4.80 0.00 0.00 0.00 6.00 0}
1c 9999 

RANKS: 1 -1 1 2 2
EVENT56: 1113 48217a_4824fa_482633_482727
COMP 4c-0: 46a5af_46a90f_46aa52_46ab44_466841 (2 67.00 1 67.00 1 67.00){0.00 0.00 0.00 0.00 26.80 0}{26.80 0.00 0.00 0.00 53.60 0}{53.60 67.00 67.00 67.00 80.40 2}{80.40 0.00 0.00 0.00 107.20 0}{107.20 0.00 0.00 0.00 134.00 0}
COMM 4b-0: 46a5af_46a90f_46aa52_46ab44_466841 (2 2.67 3 2.00 1 3.00){0.00 0.00 0.00 0.00 1.20 0}{1.20 2.00 2.00 2.00 2.40 1}{2.40 3.00 3.00 3.00 3.60 1}{3.60 0.00 0.00 0.00 4.80 0}{4.80 0.00 0.00 0.00 6.00 0}
10 2 
12 64 
14 16 
1a 3 
1b 0 

RANKS: 1 -1 0 4 1
EVENT57: 1004 46a5af_46a90f_46aa52_46ab44_466c14
COMP 4c-0: 48217a_4824fa_482633_482727 (2 50.00 1 50.00 1 50.00){0.00 0.00 0.00 0.00 20.00 0}{20.00 0.00 0.00 0.00 40.00 0}{40.00 50.00 50.00 50.00 60.00 2}{60.00 0.00 0.00 0.00 80.00 0}{80.00 0.00 0.00 0.00 100.00 0}
COMP 4c-1: 48b0d5_48b359_48b42d_48b4e6 (2 51.00 0 51.00 0 51.00){0.00 0.00 0.00 0.00 20.40 0}{20.40 0.00 0.00 0.00 40.80 0}{40.80 51.00 51.00 51.00 61.20 2}{61.20 0.00 0.00 0.00 81.60 0}{81.60 0.00 0.00 0.00 102.00 0}
COMM 4b-0: 48217a_4824fa_482633_482727 (2 30.67 1 29.00 3 34.00){0.00 0.00 0.00 0.00 11.60 0}{11.60 0.00 0.00 0.00 23.20 0}{23.20 29.00 31.50 34.00 34.80 2}{34.80 0.00 0.00 0.00 46.40 0}{46.40 0.00 0.00 0.00 58.00 0}
COMM 4b-1: 48b0d5_48b359_48b42d_48b4e6 (2 10.00 2 4.00 0 13.00){0.00 4.00 4.00 4.00 5.20 1}{5.20 0.00 0.00 0.00 10.40 0}{10.40 13.00 13.00 13.00 15.60 1}{15.60 0.00 0.00 0.00 20.80 0}{20.80 0.00 0.00 0.00 26.00 0}
10 2 
12 1 
14 16 
18 3 

RANKS: 1 -1 0 2 1
EVENT58: 1090 47a046_47a41b_47a586_47a6a7_45f0e8
COMP 4c-0: 46a5af_46a90f_46aa52_46ab44_466c14 (2 70.00 0 70.00 0 70.00){0.00 0.00 0.00 0.00 28.00 0}{28.00 0.00 0.00 0.00 56.00 0}{56.00 70.00 70.00 70.00 84.00 2}{84.00 0.00 0.00 0.00 112.00 0}{112.00 0.00 0.00 0.00 140.00 0}
COMM 4b-0: 46a5af_46a90f_46aa52_46ab44_466c14 (2 1.00 0 1.00 0 1.00){0.00 0.00 0.00 0.00 0.40 0}{0.40 0.00 0.00 0.00 0.80 0}{0.80 1.00 1.00 1.00 1.20 2}{1.20 0.00 0.00 0.00 1.60 0}{1.60 0.00 0.00 0.00 2.00 0}
10 2 
12 64 
14 16 
1b 0 
2b 2147483647 

RANKS: 1 -1 0 2 1
EVENT59: 1148 48b0d5_48b359_48b42d_48b4e6_45f0fd
COMP 4c-0: 47a046_47a41b_47a586_47a6a7_45f0e8 (2 16.00 0 16.00 0 16.00){0.00 0.00 0.00 0.00 6.40 0}{6.40 0.00 0.00 0.00 12.80 0}{12.80 16.00 16.00 16.00 19.20 2}{19.20 0.00 0.00 0.00 25.60 0}{25.60 0.00 0.00 0.00 32.00 0}
COMM 4b-0: 47a046_47a41b_47a586_47a6a7_45f0e8 (2 2.67 1 2.00 0 3.00){0.00 0.00 0.00 0.00 1.20 0}{1.20 2.00 2.00 2.00 2.40 1}{2.40 3.00 3.00 3.00 3.60 1}{3.60 0.00 0.00 0.00 4.80 0}{4.80 0.00 0.00 0.00 6.00 0}
1c 9999 

RANKS: 1 -1 2 2 1
EVENT60: 1113 48217a_4824fa_482633_482727_45f1aa
COMP 4c-0: 46a5af_46a90f_46aa52_46ab44_466c14 (2 69.00 3 69.00 3 69.00){0.00 0.00 0.00 0.00 27.60 0}{27.60 0.00 0.00 0.00 55.20 0}{55.20 69.00 69.00 69.00 82.80 2}{82.80 0.00 0.00 0.00 110.40 0}{110.40 0.00 0.00 0.00 138.00 0}
COMM 4b-0: 46a5af_46a90f_46aa52_46ab44_466c14 (2 2.00 3 2.00 3 2.00){0.00 0.00 0.00 0.00 0.80 0}{0.80 0.00 0.00 0.00 1.60 0}{1.60 2.00 2.00 2.00 2.40 2}{2.40 0.00 0.00 0.00 3.20 0}{3.20 0.00 0.00 0.00 4.00 0}
10 2 
12 64 
14 16 
1a 2 
1b 0 

RANKS: 1 -1 0 4 1
EVENT61: 1004 46a5af_46a90f_46aa52_46ab44
COMP 4c-0: 48217a_4824fa_482633_482727_45f1aa (2 47.00 3 47.00 3 47.00){0.00 0.00 0.00 0.00 18.80 0}{18.80 0.00 0.00 0.00 37.60 0}{37.60 47.00 47.00 47.00 56.40 2}{56.40 0.00 0.00 0.00 75.20 0}{75.20 0.00 0.00 0.00 94.00 0}
COMP 4c-1: 48b0d5_48b359_48b42d_48b4e6_45f0fd (2 50.00 0 50.00 0 50.00){0.00 0.00 0.00 0.00 20.00 0}{20.00 0.00 0.00 0.00 40.00 0}{40.00 50.00 50.00 50.00 60.00 2}{60.00 0.00 0.00 0.00 80.00 0}{80.00 0.00 0.00 0.00 100.00 0}
COMM 4b-0: 48217a_4824fa_482633_482727_45f1aa (2 37.67 2 35.00 3 39.00){0.00 0.00 0.00 0.00 15.60 0}{15.60 0.00 0.00 0.00 31.20 0}{31.20 35.00 37.00 39.00 46.80 2}{46.80 0.00 0.00 0.00 62.40 0}{62.40 0.00 0.00 0.00 78.00 0}
COMM 4b-1: 48b0d5_48b359_48b42d_48b4e6_45f0fd (2 6.33 0 5.00 1 9.00){0.00 0.00 0.00 0.00 2.00 0}{2.00 0.00 0.00 0.00 4.00 0}{4.00 5.00 5.00 5.00 6.00 1}{6.00 0.00 0.00 0.00 8.00 0}{8.00 9.00 9.00 9.00 10.00 1}
10 2 
12 1 
14 16 
18 3 

RANKS: 1 -1 0 4 1
EVENT62: 1045 472f0f_472f83_472fe9_473044
COMP 4c-0: 46a5af_46a90f_46aa52_46ab44 (4 11270.00 0 574.00 2 18996.00){0.00 0.00 0.00 0.00 229.60 0}{229.60 0.00 0.00 0.00 459.20 0}{459.20 574.00 574.00 574.00 918.40 1}{918.40 0.00 0.00 0.00 1148.00 0}{1148.00 17777.00 18400.67 18996.00 34406.00 3}

