RANKS: 1 -1 0 4 1
EVENT0: 1084 478d7c_478e3b_478ed1_478f2c
33 2 
34 0 

RANKS: 1 -1 0 4 1
EVENT1: 1011 46cf59_46d288_46d3a3_46d48f
COMP 4b-0: 46cf59_46d288_46d3a3_46d48f (32 5.73 0 5.00 0 6.00){0.00 0.00 0.00 0.00 2.40 0}{2.40 0.00 0.00 0.00 4.80 0}{4.80 5.00 5.72 6.00 7.20 32}{7.20 0.00 0.00 0.00 9.60 0}{9.60 0.00 0.00 0.00 12.00 0}
COMP 4b-1: 478d7c_478e3b_478ed1_478f2c (4 263.60 3 58.00 0 571.00){0.00 58.00 58.67 59.00 228.40 3}{228.40 0.00 0.00 0.00 456.80 0}{456.80 571.00 571.00 571.00 685.20 1}{685.20 0.00 0.00 0.00 913.60 0}{913.60 0.00 0.00 0.00 1142.00 0}
COMM 4b-0: 46cf59_46d288_46d3a3_46d48f (32 12.12 2 1.00 0 79.00){0.00 0.00 0.00 0.00 0.80 0}{0.80 1.00 1.00 1.00 1.60 1}{1.60 2.00 2.08 2.33 2.40 12}{2.40 3.00 3.18 4.00 4.00 11}{4.00 12.00 42.12 79.00 154.00 8}
COMM 4b-1: 478d7c_478e3b_478ed1_478f2c (4 678.80 0 19.00 1 1408.00){0.00 0.00 0.00 0.00 7.60 0}{7.60 0.00 0.00 0.00 15.20 0}{15.20 19.00 19.00 19.00 30.40 1}{30.40 0.00 0.00 0.00 38.00 0}{38.00 547.00 1118.67 1408.00 2764.00 3}
LOOP0: iter: ( 9 )[ 1 -1 0 4 1 ] mem: ( 1 )[ 1 -1 0 4 1 ]
10 2 
12 1 1 1 1 1 5 1 1 1 
14 14 14 14 16 16 16 14 14 14 
19 0 

RANKS: 1 -1 2 1 0
EVENT2: 1113 481caa_48202a_482163_482257
COMP 4b-0: 46cf59_46d288_46d3a3_46d48f (1 34198.00 2 34198.00 2 34198.00){0.00 0.00 0.00 0.00 13679.20 0}{13679.20 0.00 0.00 0.00 27358.40 0}{27358.40 34198.00 34198.00 34198.00 41037.60 1}{41037.60 0.00 0.00 0.00 54716.80 0}{54716.80 0.00 0.00 0.00 68396.00 0}
COMM 4b-0: 46cf59_46d288_46d3a3_46d48f (1 309.00 2 309.00 2 309.00){0.00 0.00 0.00 0.00 123.60 0}{123.60 0.00 0.00 0.00 247.20 0}{247.20 309.00 309.00 309.00 370.80 1}{370.80 0.00 0.00 0.00 494.40 0}{494.40 0.00 0.00 0.00 618.00 0}
10 2 
12 20480 
14 16 
1a 1 
1b 0 

RANKS: 1 -1 1 2 1
EVENT3: 1090 479b76_479f4b_47a0b6_47a1d7
COMP 4b-0: 46cf59_46d288_46d3a3_46d48f (1 34136.00 1 34136.00 1 34136.00){0.00 0.00 0.00 0.00 13654.40 0}{13654.40 0.00 0.00 0.00 27308.80 0}{27308.80 34136.00 34136.00 34136.00 40963.20 1}{40963.20 0.00 0.00 0.00 54617.60 0}{54617.60 0.00 0.00 0.00 68272.00 0}
COMP 4b-1: 481caa_48202a_482163_482257 (1 11.00 2 11.00 2 11.00){0.00 0.00 0.00 0.00 4.40 0}{4.40 0.00 0.00 0.00 8.80 0}{8.80 11.00 11.00 11.00 13.20 1}{13.20 0.00 0.00 0.00 17.60 0}{17.60 0.00 0.00 0.00 22.00 0}
COMP 4b-2: 48ac05_48ae89_48af5d_48b016 (1 5772.00 2 5772.00 2 5772.00){0.00 0.00 0.00 0.00 2308.80 0}{2308.80 0.00 0.00 0.00 4617.60 0}{4617.60 5772.00 5772.00 5772.00 6926.40 1}{6926.40 0.00 0.00 0.00 9235.20 0}{9235.20 0.00 0.00 0.00 11544.00 0}
COMM 4b-0: 46cf59_46d288_46d3a3_46d48f (1 5.00 1 5.00 1 5.00){0.00 0.00 0.00 0.00 2.00 0}{2.00 0.00 0.00 0.00 4.00 0}{4.00 5.00 5.00 5.00 6.00 1}{6.00 0.00 0.00 0.00 8.00 0}{8.00 0.00 0.00 0.00 10.00 0}
COMM 4b-1: 481caa_48202a_482163_482257 (1 4.00 2 4.00 2 4.00){0.00 0.00 0.00 0.00 1.60 0}{1.60 0.00 0.00 0.00 3.20 0}{3.20 4.00 4.00 4.00 4.80 1}{4.80 0.00 0.00 0.00 6.40 0}{6.40 0.00 0.00 0.00 8.00 0}
COMM 4b-2: 48ac05_48ae89_48af5d_48b016 (1 3.00 2 3.00 2 3.00){0.00 0.00 0.00 0.00 1.20 0}{1.20 0.00 0.00 0.00 2.40 0}{2.40 3.00 3.00 3.00 3.60 1}{3.60 0.00 0.00 0.00 4.80 0}{4.80 0.00 0.00 0.00 6.00 0}
LOOP0: iter: ( 2 )[ 1 -1 2 1 0 ] mem: ( 2 )[ 1 -1 2 1 0 ]
10 2 
12 20480 
14 16 
1b 0 
2b 2147483647 

RANKS: 1 -1 1 2 1
EVENT4: 1148 48ac05_48ae89_48af5d_48b016
COMP 4b-0: 479b76_479f4b_47a0b6_47a1d7 (3 12.25 2 6.00 1 15.00){0.00 6.00 6.00 6.00 6.00 1}{6.00 0.00 0.00 0.00 12.00 0}{12.00 13.00 14.00 15.00 18.00 2}{18.00 0.00 0.00 0.00 24.00 0}{24.00 0.00 0.00 0.00 30.00 0}
COMM 4b-0: 479b76_479f4b_47a0b6_47a1d7 (3 206.50 2 101.00 2 249.00){0.00 0.00 0.00 0.00 95.20 0}{95.20 101.00 101.00 101.00 190.40 1}{190.40 238.00 243.50 249.00 285.60 2}{285.60 0.00 0.00 0.00 380.80 0}{380.80 0.00 0.00 0.00 476.00 0}
1c 9999 

RANKS: 1 -1 1 2 1
EVENT5: 1113 481caa_48202a_482163_482257
COMP 4b-0: 481caa_48202a_482163_482257 (2 7479.33 1 5763.00 2 10912.00){0.00 0.00 0.00 0.00 2305.20 0}{2305.20 0.00 0.00 0.00 4610.40 0}{4610.40 5763.00 5763.00 5763.00 6915.60 1}{6915.60 0.00 0.00 0.00 9220.80 0}{9220.80 10912.00 10912.00 10912.00 11526.00 1}
COMP 4b-1: 48ac05_48ae89_48af5d_48b016 (2 127.67 2 109.00 1 137.00){0.00 0.00 0.00 0.00 54.80 0}{54.80 109.00 109.00 109.00 109.60 1}{109.60 137.00 137.00 137.00 164.40 1}{164.40 0.00 0.00 0.00 219.20 0}{219.20 0.00 0.00 0.00 274.00 0}
COMM 4b-0: 481caa_48202a_482163_482257 (2 134.33 2 115.00 1 144.00){0.00 0.00 0.00 0.00 57.60 0}{57.60 115.00 115.00 115.00 115.20 1}{115.20 144.00 144.00 144.00 172.80 1}{172.80 0.00 0.00 0.00 230.40 0}{230.40 0.00 0.00 0.00 288.00 0}
COMM 4b-1: 48ac05_48ae89_48af5d_48b016 (2 195.00 2 105.00 1 240.00){0.00 0.00 0.00 0.00 96.00 0}{96.00 105.00 105.00 105.00 192.00 1}{192.00 240.00 240.00 240.00 288.00 1}{288.00 0.00 0.00 0.00 384.00 0}{384.00 0.00 0.00 0.00 480.00 0}
LOOP0: iter: ( 2 )[ 1 -1 1 2 1 ] mem: ( 1 )[ 1 -1 1 2 1 ]
10 2 
12 20480 
14 16 
1a ( 3 2 )[ 1 -1 1 1 0 ]
1a ( 2 1 )[ 1 -1 2 1 0 ]
1b 0 

RANKS: 1 -1 1 3 1
EVENT6: 1090 479b76_479f4b_47a0b6_47a1d7
COMP 4b-0: 46cf59_46d288_46d3a3_46d48f (1 34038.00 3 34038.00 3 34038.00){0.00 0.00 0.00 0.00 13615.20 0}{13615.20 0.00 0.00 0.00 27230.40 0}{27230.40 34038.00 34038.00 34038.00 40845.60 1}{40845.60 0.00 0.00 0.00 54460.80 0}{54460.80 0.00 0.00 0.00 68076.00 0}
COMP 4b-1: 481caa_48202a_482163_482257 (5 3591.50 2 7.00 3 10839.00){0.00 0.00 0.00 0.00 3.20 0}{3.20 0.00 0.00 0.00 6.40 0}{6.40 7.00 7.50 8.00 16.00 2}{16.00 4980.00 5343.50 5707.00 9944.00 2}{9944.00 10839.00 10839.00 10839.00 11734.00 1}
COMP 4b-2: 48ac05_48ae89_48af5d_48b016 (2 8917.67 2 5035.00 1 10859.00){0.00 0.00 0.00 0.00 4343.60 0}{4343.60 5035.00 5035.00 5035.00 8687.20 1}{8687.20 10859.00 10859.00 10859.00 13030.80 1}{13030.80 0.00 0.00 0.00 17374.40 0}{17374.40 0.00 0.00 0.00 21718.00 0}
COMM 4b-0: 46cf59_46d288_46d3a3_46d48f (1 5.00 3 5.00 3 5.00){0.00 0.00 0.00 0.00 2.00 0}{2.00 0.00 0.00 0.00 4.00 0}{4.00 5.00 5.00 5.00 6.00 1}{6.00 0.00 0.00 0.00 8.00 0}{8.00 0.00 0.00 0.00 10.00 0}
COMM 4b-1: 481caa_48202a_482163_482257 (5 2.33 1 2.00 3 3.00){0.00 0.00 0.00 0.00 0.80 0}{0.80 0.00 0.00 0.00 1.60 0}{1.60 2.00 2.00 2.00 2.40 3}{2.40 3.00 3.00 3.00 3.20 2}{3.20 0.00 0.00 0.00 4.00 0}
COMM 4b-2: 48ac05_48ae89_48af5d_48b016 (2 2.00 1 2.00 1 2.00){0.00 0.00 0.00 0.00 0.80 0}{0.80 0.00 0.00 0.00 1.60 0}{1.60 2.00 2.00 2.00 2.40 2}{2.40 0.00 0.00 0.00 3.20 0}{3.20 0.00 0.00 0.00 4.00 0}
LOOP0: iter: ( 2 )[ 1 -1 1 2 1 ]( 4 )[ 1 -1 3 1 0 ] mem: ( 2 )[ 1 -1 1 2 1 ]( 3 )[ 1 -1 3 1 0 ]
10 2 
12 20480 
14 16 
1b 0 
2b 2147483647 

RANKS: 1 -1 1 3 1
EVENT7: 1148 48ac05_48ae89_48af5d_48b016
COMP 4b-0: 479b76_479f4b_47a0b6_47a1d7 (8 7.00 3 5.00 3 14.00){0.00 0.00 0.00 0.00 2.80 0}{2.80 5.00 5.00 5.00 5.60 2}{5.60 6.00 6.40 7.00 8.40 5}{8.40 0.00 0.00 0.00 11.20 0}{11.20 14.00 14.00 14.00 14.00 1}
COMM 4b-0: 479b76_479f4b_47a0b6_47a1d7 (8 245.00 3 103.00 1 409.00){0.00 0.00 0.00 0.00 49.60 0}{49.60 0.00 0.00 0.00 99.20 0}{99.20 103.00 145.00 190.00 198.40 4}{198.40 0.00 0.00 0.00 248.00 0}{248.00 306.00 375.25 409.00 570.00 4}
1c 9999 

RANKS: 1 -1 0 4 1
EVENT8: 1113 481caa_48202a_482163_482257
COMP 4b-0: 46cf59_46d288_46d3a3_46d48f (1 34132.00 0 34132.00 0 34132.00){0.00 0.00 0.00 0.00 13652.80 0}{13652.80 0.00 0.00 0.00 27305.60 0}{27305.60 34132.00 34132.00 34132.00 40958.40 1}{40958.40 0.00 0.00 0.00 54611.20 0}{54611.20 0.00 0.00 0.00 68264.00 0}
COMP 4b-1: 481caa_48202a_482163_482257 (1 5002.00 1 5002.00 1 5002.00){0.00 0.00 0.00 0.00 2000.80 0}{2000.80 0.00 0.00 0.00 4001.60 0}{4001.60 5002.00 5002.00 5002.00 6002.40 1}{6002.40 0.00 0.00 0.00 8003.20 0}{8003.20 0.00 0.00 0.00 10004.00 0}
COMP 4b-2: 48ac05_48ae89_48af5d_48b016 (9 2859.80 3 107.00 0 11109.00){0.00 107.00 120.67 144.00 2338.40 6}{2338.40 0.00 0.00 0.00 4676.80 0}{4676.80 5073.00 5459.50 5846.00 7015.20 2}{7015.20 0.00 0.00 0.00 9353.60 0}{9353.60 11109.00 11109.00 11109.00 11692.00 1}
COMM 4b-0: 46cf59_46d288_46d3a3_46d48f (1 311.00 0 311.00 0 311.00){0.00 0.00 0.00 0.00 124.40 0}{124.40 0.00 0.00 0.00 248.80 0}{248.80 311.00 311.00 311.00 373.20 1}{373.20 0.00 0.00 0.00 497.60 0}{497.60 0.00 0.00 0.00 622.00 0}
COMM 4b-1: 481caa_48202a_482163_482257 (1 108.00 1 108.00 1 108.00){0.00 0.00 0.00 0.00 43.20 0}{43.20 0.00 0.00 0.00 86.40 0}{86.40 108.00 108.00 108.00 129.60 1}{129.60 0.00 0.00 0.00 172.80 0}{172.80 0.00 0.00 0.00 216.00 0}
COMM 4b-2: 48ac05_48ae89_48af5d_48b016 (9 125.10 2 101.00 3 249.00){0.00 0.00 0.00 0.00 53.20 0}{53.20 101.00 102.75 104.00 106.40 4}{106.40 107.00 114.50 133.00 159.60 4}{159.60 0.00 0.00 0.00 212.80 0}{212.80 249.00 249.00 249.00 266.00 1}
LOOP0: iter: ( 4 )[ 1 -1 0 1 0 ]( 2 )[ 1 -1 1 1 0 ] mem: ( 3 )[ 1 -1 0 1 0 ]( 1 )[ 1 -1 1 1 0 ]
10 2 
12 20480 
14 16 
1a ( 1 2 )[ 1 -1 0 1 0 ]
1a ( 3 2 )[ 1 -1 1 2 2 ]
1a ( 2 )[ 1 -1 2 1 0 ]
1b 0 

RANKS: 1 -1 0 2 1
EVENT9: 1090 479b76_479f4b_47a0b6_47a1d7
COMP 4b-0: 481caa_48202a_482163_482257 (5 8.00 0 6.00 0 11.00){0.00 0.00 0.00 0.00 4.40 0}{4.40 6.00 6.50 7.00 8.80 4}{8.80 11.00 11.00 11.00 13.20 1}{13.20 0.00 0.00 0.00 17.60 0}{17.60 0.00 0.00 0.00 22.00 0}
COMM 4b-0: 481caa_48202a_482163_482257 (5 2.17 0 1.00 0 3.00){0.00 1.00 1.00 1.00 1.20 1}{1.20 2.00 2.00 2.00 2.40 3}{2.40 3.00 3.00 3.00 3.60 1}{3.60 0.00 0.00 0.00 4.80 0}{4.80 0.00 0.00 0.00 6.00 0}
10 2 
12 20480 
14 16 
1b 0 
2b 2147483647 

RANKS: 1 -1 0 2 1
EVENT10: 1148 48ac05_48ae89_48af5d_48b016
COMP 4b-0: 479b76_479f4b_47a0b6_47a1d7 (5 8.00 0 6.00 0 12.00){0.00 0.00 0.00 0.00 4.80 0}{4.80 6.00 6.00 6.00 9.60 4}{9.60 12.00 12.00 12.00 14.40 1}{14.40 0.00 0.00 0.00 19.20 0}{19.20 0.00 0.00 0.00 24.00 0}
COMM 4b-0: 479b76_479f4b_47a0b6_47a1d7 (5 216.83 1 123.00 0 297.00){0.00 0.00 0.00 0.00 118.80 0}{118.80 123.00 176.75 223.00 237.60 4}{237.60 297.00 297.00 297.00 356.40 1}{356.40 0.00 0.00 0.00 475.20 0}{475.20 0.00 0.00 0.00 594.00 0}
1c 9999 

RANKS: 1 -1 0 4 1
EVENT11: 1004 46a0df_46a43f_46a582_46a674
COMP 4b-0: 481caa_48202a_482163_482257 (2 10295.67 2 10287.00 3 10300.00){0.00 0.00 0.00 0.00 4120.00 0}{4120.00 0.00 0.00 0.00 8240.00 0}{8240.00 10287.00 10293.50 10300.00 12360.00 2}{12360.00 0.00 0.00 0.00 16480.00 0}{16480.00 0.00 0.00 0.00 20600.00 0}
COMP 4b-1: 48ac05_48ae89_48af5d_48b016 (2 10384.00 1 10342.00 0 10405.00){0.00 0.00 0.00 0.00 4162.00 0}{4162.00 0.00 0.00 0.00 8324.00 0}{8324.00 10342.00 10373.50 10405.00 12486.00 2}{12486.00 0.00 0.00 0.00 16648.00 0}{16648.00 0.00 0.00 0.00 20810.00 0}
COMM 4b-0: 481caa_48202a_482163_482257 (2 217.67 2 171.00 3 241.00){0.00 0.00 0.00 0.00 96.40 0}{96.40 171.00 171.00 171.00 192.80 1}{192.80 241.00 241.00 241.00 289.20 1}{289.20 0.00 0.00 0.00 385.60 0}{385.60 0.00 0.00 0.00 482.00 0}
COMM 4b-1: 48ac05_48ae89_48af5d_48b016 (2 102.67 0 36.00 1 236.00){0.00 0.00 0.00 0.00 14.40 0}{14.40 0.00 0.00 0.00 28.80 0}{28.80 36.00 36.00 36.00 57.60 1}{57.60 0.00 0.00 0.00 72.00 0}{72.00 236.00 236.00 236.00 400.00 1}
10 2 
12 5 
14 16 
18 3 

RANKS: 1 -1 0 4 1
EVENT12: 1010 46ca70_46cca5_46cd49_46cdc5
COMP 4b-0: 46a0df_46a43f_46a582_46a674 (4 5.20 0 5.00 3 6.00){0.00 0.00 0.00 0.00 2.00 0}{2.00 0.00 0.00 0.00 4.00 0}{4.00 5.00 5.25 6.00 6.00 4}{6.00 0.00 0.00 0.00 8.00 0}{8.00 0.00 0.00 0.00 10.00 0}
COMM 4b-0: 46a0df_46a43f_46a582_46a674 (4 178.20 1 146.00 3 283.00){0.00 0.00 0.00 0.00 63.20 0}{63.20 0.00 0.00 0.00 126.40 0}{126.40 146.00 150.00 158.00 189.60 3}{189.60 0.00 0.00 0.00 252.80 0}{252.80 283.00 283.00 283.00 316.00 1}
10 2 

RANKS: 1 -1 1 3 1
EVENT13: 1102 47d1e9_47d5ae_47d718_47d837
COMP 4b-0: 46ca70_46cca5_46cd49_46cdc5 (3 557.75 1 556.00 2 560.00){0.00 0.00 0.00 0.00 222.40 0}{222.40 0.00 0.00 0.00 444.80 0}{444.80 556.00 558.33 560.00 667.20 3}{667.20 0.00 0.00 0.00 889.60 0}{889.60 0.00 0.00 0.00 1112.00 0}
COMP 4b-1: 47d1e9_47d5ae_47d718_47d837 (123 169.60 3 5.00 3 349.00){0.00 0.00 0.00 0.00 2.80 0}{2.80 5.00 5.00 5.00 5.60 3}{5.60 6.00 6.10 7.00 11.20 59}{11.20 0.00 0.00 0.00 14.00 0}{14.00 337.00 338.51 349.00 670.00 61}
COMP 4b-2: 481caa_48202a_482163_482257 (246 147.53 1 141.00 1 162.00){0.00 0.00 0.00 0.00 62.40 0}{62.40 0.00 0.00 0.00 124.80 0}{124.80 141.00 147.49 162.00 187.20 246}{187.20 0.00 0.00 0.00 249.60 0}{249.60 0.00 0.00 0.00 312.00 0}
COMM 4b-0: 46ca70_46cca5_46cd49_46cdc5 (3 242.25 1 207.00 3 338.00){0.00 0.00 0.00 0.00 82.80 0}{82.80 0.00 0.00 0.00 165.60 0}{165.60 207.00 212.00 217.00 248.40 2}{248.40 0.00 0.00 0.00 331.20 0}{331.20 338.00 338.00 338.00 414.00 1}
COMM 4b-1: 47d1e9_47d5ae_47d718_47d837 (123 4.19 3 1.00 3 108.00){0.00 1.00 1.00 1.00 1.60 27}{1.60 2.00 2.51 3.00 3.20 70}{3.20 4.00 4.00 4.00 4.00 14}{4.00 5.00 5.12 6.00 6.00 8}{6.00 7.00 54.25 108.00 178.00 4}
COMM 4b-2: 481caa_48202a_482163_482257 (246 8.43 1 2.00 2 470.00){0.00 0.00 0.00 0.00 1.20 0}{1.20 2.00 2.95 4.00 4.80 233}{4.80 5.00 5.33 6.00 6.00 6}{6.00 21.00 93.40 140.00 166.00 5}{166.00 422.00 446.00 470.00 678.00 2}
LOOP0: iter: ( 124 )[ 1 -1 1 3 1 ] mem: ( 2 )[ 1 -1 1 2 1 ]( 1 )[ 1 -1 3 1 0 ]
10 2 
12 155 
14 16 
1b 0 
2b ( 3 3 3 3 3 3 3 3 3 3 3 3 3 3 3 3 3 3 3 3 3 3 3 3 3 3 3 3 3 3 3 3 3 3 3 3 3 3 3 3 3 3 3 3 3 3 3 3 3 3 3 3 3 3 3 3 3 3 3 3 3 3 2 2 2 2 2 2 2 2 2 2 2 2 2 2 2 2 2 2 2 2 2 2 2 2 2 2 2 2 2 2 2 2 2 2 2 2 2 2 2 2 2 2 2 2 2 2 2 2 2 2 2 2 2 2 2 2 2 2 2 2 2 2 )[ 1 -1 1 1 0 ]
2b ( 3 2 )[ 1 -1 3 1 0 ]
2b ( 2 2 2 2 2 2 2 2 2 2 2 2 2 2 2 2 2 2 2 2 2 2 2 2 2 2 2 2 2 2 2 2 2 2 2 2 2 2 2 2 2 2 2 2 2 2 2 2 2 2 2 2 2 2 2 2 2 2 2 2 2 2 1 1 1 1 1 1 1 1 1 1 1 1 1 1 1 1 1 1 1 1 1 1 1 1 1 1 1 1 1 1 1 1 1 1 1 1 1 1 1 1 1 1 1 1 1 1 1 1 1 1 1 1 1 1 1 1 1 1 1 1 1 1 )[ 1 -1 2 1 0 ]

RANKS: 1 -1 2 1 0
EVENT14: 1113 481caa_48202a_482163_482257
COMP 4b-0: 47d1e9_47d5ae_47d718_47d837 (124 189.19 2 182.00 2 204.00){0.00 0.00 0.00 0.00 79.20 0}{79.20 0.00 0.00 0.00 158.40 0}{158.40 182.00 189.12 204.00 237.60 124}{237.60 0.00 0.00 0.00 316.80 0}{316.80 0.00 0.00 0.00 396.00 0}
COMM 4b-0: 47d1e9_47d5ae_47d718_47d837 (124 3.24 2 2.00 2 94.00){0.00 0.00 0.00 0.00 1.60 0}{1.60 2.00 2.33 3.00 3.20 120}{3.20 4.00 4.00 4.00 6.40 1}{6.40 0.00 0.00 0.00 8.00 0}{8.00 11.00 39.00 94.00 180.00 3}
10 2 
12 155 
14 16 
1a 1 1 1 1 1 1 1 1 1 1 1 1 1 1 1 1 1 1 1 1 1 1 1 1 1 1 1 1 1 1 1 1 1 1 1 1 1 1 1 1 1 1 1 1 1 1 1 1 1 1 1 1 1 1 1 1 1 1 1 1 1 1 2 2 2 2 2 2 2 2 2 2 2 2 2 2 2 2 2 2 2 2 2 2 2 2 2 2 2 2 2 2 2 2 2 2 2 2 2 2 2 2 2 2 2 2 2 2 2 2 2 2 2 2 2 2 2 2 2 2 2 2 2 2 
1b 0 

RANKS: 1 -1 0 4 1
EVENT15: 1113 481caa_48202a_482163_482257
COMP 4b-0: 46a0df_46a43f_46a582_46a674 (1 28401.00 2 28401.00 2 28401.00){0.00 0.00 0.00 0.00 11360.40 0}{11360.40 0.00 0.00 0.00 22720.80 0}{22720.80 28401.00 28401.00 28401.00 34081.20 1}{34081.20 0.00 0.00 0.00 45441.60 0}{45441.60 0.00 0.00 0.00 56802.00 0}
COMP 4b-1: 46ca70_46cca5_46cd49_46cdc5 (1 743.00 0 743.00 0 743.00){0.00 0.00 0.00 0.00 297.20 0}{297.20 0.00 0.00 0.00 594.40 0}{594.40 743.00 743.00 743.00 891.60 1}{891.60 0.00 0.00 0.00 1188.80 0}{1188.80 0.00 0.00 0.00 1486.00 0}
COMP 4b-2: 47d1e9_47d5ae_47d718_47d837 (125 191.89 1 182.00 3 523.00){0.00 0.00 0.00 0.00 80.40 0}{80.40 0.00 0.00 0.00 160.80 0}{160.80 182.00 189.15 204.00 321.60 124}{321.60 0.00 0.00 0.00 402.00 0}{402.00 523.00 523.00 523.00 644.00 1}
COMP 4b-3: 481caa_48202a_482163_482257 (247 168.61 0 4.00 2 1057.00){0.00 0.00 0.00 0.00 3.20 0}{3.20 4.00 5.76 6.00 6.40 119}{6.40 7.00 7.00 7.00 8.00 4}{8.00 23.00 325.54 353.00 668.00 123}{668.00 1057.00 1057.00 1057.00 1446.00 1}
COMM 4b-0: 46a0df_46a43f_46a582_46a674 (1 114.00 2 114.00 2 114.00){0.00 0.00 0.00 0.00 45.60 0}{45.60 0.00 0.00 0.00 91.20 0}{91.20 114.00 114.00 114.00 136.80 1}{136.80 0.00 0.00 0.00 182.40 0}{182.40 0.00 0.00 0.00 228.00 0}
COMM 4b-1: 46ca70_46cca5_46cd49_46cdc5 (1 4.00 0 4.00 0 4.00){0.00 0.00 0.00 0.00 1.60 0}{1.60 0.00 0.00 0.00 3.20 0}{3.20 4.00 4.00 4.00 4.80 1}{4.80 0.00 0.00 0.00 6.40 0}{6.40 0.00 0.00 0.00 8.00 0}
COMM 4b-2: 47d1e9_47d5ae_47d718_47d837 (125 3.33 1 2.00 1 82.00){0.00 2.00 2.00 2.00 2.00 61}{2.00 3.00 3.00 3.00 4.00 59}{4.00 5.00 5.00 5.00 8.00 2}{8.00 0.00 0.00 0.00 10.00 0}{10.00 11.00 35.33 82.00 154.00 3}
COMM 4b-3: 481caa_48202a_482163_482257 (247 3.90 0 1.00 2 111.00){0.00 0.00 0.00 0.00 0.80 0}{0.80 1.00 1.00 1.00 1.60 64}{1.60 2.00 2.00 2.00 2.40 140}{2.40 3.00 3.00 3.00 4.00 34}{4.00 9.00 57.78 111.00 202.00 9}
LOOP0: iter: ( 124 )[ 1 -1 0 2 3 ]( 2 )[ 1 -1 2 1 0 ] mem: ( 1 )[ 1 -1 0 2 3 ]( 5 )[ 1 -1 2 1 0 ]
10 2 
12 ( 155 )[ 2 -1 0 2 1 -1 3 1 0 ]
12 ( 20480 )[ 1 -1 2 1 0 ]
14 16 
1a ( 1 2 )[ 1 -1 0 1 0 ]
1a ( 2 2 2 2 2 2 2 2 2 2 2 2 2 2 2 2 2 2 2 2 2 2 2 2 2 2 2 2 2 2 2 2 2 2 2 2 2 2 2 2 2 2 2 2 2 2 2 2 2 2 2 2 2 2 2 2 2 2 2 2 2 2 3 3 3 3 3 3 3 3 3 3 3 3 3 3 3 3 3 3 3 3 3 3 3 3 3 3 3 3 3 3 3 3 3 3 3 3 3 3 3 3 3 3 3 3 3 3 3 3 3 3 3 3 3 3 3 3 3 3 3 3 3 3 )[ 1 -1 1 1 0 ]
1a ( 3 2 )[ 1 -1 3 1 0 ]
1a ( 1 )[ 1 -1 2 1 0 ]
1b 0 

RANKS: 1 -1 0 1 0
EVENT16: 1102 47d1e9_47d5ae_47d718_47d837
COMP 4b-0: 47d1e9_47d5ae_47d718_47d837 (123 159.34 0 6.00 0 330.00){0.00 0.00 0.00 0.00 2.40 0}{2.40 0.00 0.00 0.00 4.80 0}{4.80 6.00 6.10 7.00 9.60 62}{9.60 0.00 0.00 0.00 12.00 0}{12.00 316.00 317.61 330.00 648.00 61}
COMP 4b-1: 481caa_48202a_482163_482257 (1 149.00 0 149.00 0 149.00){0.00 0.00 0.00 0.00 59.60 0}{59.60 0.00 0.00 0.00 119.20 0}{119.20 149.00 149.00 149.00 178.80 1}{178.80 0.00 0.00 0.00 238.40 0}{238.40 0.00 0.00 0.00 298.00 0}
COMM 4b-0: 47d1e9_47d5ae_47d718_47d837 (123 6.98 0 1.00 0 326.00){0.00 1.00 1.00 1.00 1.60 52}{1.60 2.00 3.00 4.00 4.00 34}{4.00 5.00 5.33 6.00 6.00 6}{6.00 8.00 11.70 20.00 30.00 30}{30.00 326.00 326.00 326.00 622.00 1}
COMM 4b-1: 481caa_48202a_482163_482257 (1 1010.00 0 1010.00 0 1010.00){0.00 0.00 0.00 0.00 404.00 0}{404.00 0.00 0.00 0.00 808.00 0}{808.00 1010.00 1010.00 1010.00 1212.00 1}{1212.00 0.00 0.00 0.00 1616.00 0}{1616.00 0.00 0.00 0.00 2020.00 0}
LOOP0: iter: ( 124 )[ 1 -1 0 1 0 ] mem: ( 1 )[ 1 -1 0 1 0 ]
10 2 
12 155 
14 16 
1b 0 
2b 1 2 

RANKS: 1 -1 1 3 1
EVENT17: 1090 479b76_479f4b_47a0b6_47a1d7
COMP 4b-0: 46a0df_46a43f_46a582_46a674 (2 28246.33 3 28205.00 1 28267.00){0.00 0.00 0.00 0.00 11306.80 0}{11306.80 0.00 0.00 0.00 22613.60 0}{22613.60 28205.00 28236.00 28267.00 33920.40 2}{33920.40 0.00 0.00 0.00 45227.20 0}{45227.20 0.00 0.00 0.00 56534.00 0}
COMP 4b-1: 481caa_48202a_482163_482257 (6 1852.00 2 5.00 3 4980.00){0.00 5.00 5.50 6.00 400.00 2}{400.00 0.00 0.00 0.00 800.00 0}{800.00 1000.00 1002.50 1005.00 1600.00 2}{1600.00 0.00 0.00 0.00 2000.00 0}{2000.00 4968.00 4974.00 4980.00 7960.00 2}
COMP 4b-2: 48ac05_48ae89_48af5d_48b016 (2 5022.33 2 5019.00 2 5024.00){0.00 0.00 0.00 0.00 2009.60 0}{2009.60 0.00 0.00 0.00 4019.20 0}{4019.20 5019.00 5021.50 5024.00 6028.80 2}{6028.80 0.00 0.00 0.00 8038.40 0}{8038.40 0.00 0.00 0.00 10048.00 0}
COMM 4b-0: 46a0df_46a43f_46a582_46a674 (2 2.67 3 2.00 1 3.00){0.00 0.00 0.00 0.00 1.20 0}{1.20 2.00 2.00 2.00 2.40 1}{2.40 3.00 3.00 3.00 3.60 1}{3.60 0.00 0.00 0.00 4.80 0}{4.80 0.00 0.00 0.00 6.00 0}
COMM 4b-1: 481caa_48202a_482163_482257 (6 2.14 1 2.00 3 3.00){0.00 0.00 0.00 0.00 0.80 0}{0.80 0.00 0.00 0.00 1.60 0}{1.60 2.00 2.00 2.00 2.40 5}{2.40 3.00 3.00 3.00 3.20 1}{3.20 0.00 0.00 0.00 4.00 0}
COMM 4b-2: 48ac05_48ae89_48af5d_48b016 (2 2.00 2 2.00 2 2.00){0.00 0.00 0.00 0.00 0.80 0}{0.80 0.00 0.00 0.00 1.60 0}{1.60 2.00 2.00 2.00 2.40 2}{2.40 0.00 0.00 0.00 3.20 0}{3.20 0.00 0.00 0.00 4.00 0}
LOOP0: iter: ( 2 )[ 1 -1 1 3 1 ] mem: ( 6 )[ 1 -1 1 1 0 ]( 4 )[ 1 -1 3 1 0 ]( 2 )[ 1 -1 2 1 0 ]
LOOP1: iter: ( 2 )[ 1 -1 3 1 0 ] mem: ( 3 )[ 1 -1 3 1 0 ]
10 2 
12 20480 
14 16 
1b 0 
2b 2147483647 

RANKS: 1 -1 1 3 1
EVENT18: 1148 48ac05_48ae89_48af5d_48b016
COMP 4b-0: 479b76_479f4b_47a0b6_47a1d7 (10 6.64 2 5.00 2 12.00){0.00 0.00 0.00 0.00 2.40 0}{2.40 0.00 0.00 0.00 4.80 0}{4.80 5.00 6.11 7.00 7.20 9}{7.20 0.00 0.00 0.00 9.60 0}{9.60 12.00 12.00 12.00 12.00 1}
COMM 4b-0: 479b76_479f4b_47a0b6_47a1d7 (10 287.00 2 98.00 3 726.00){0.00 98.00 110.75 141.00 144.00 4}{144.00 147.00 212.50 278.00 288.00 2}{288.00 360.00 401.00 425.00 576.00 3}{576.00 0.00 0.00 0.00 720.00 0}{720.00 726.00 726.00 726.00 732.00 1}
1c 9999 

RANKS: 1 -1 0 4 1
EVENT19: 1113 481caa_48202a_482163_482257
COMP 4b-0: 46a0df_46a43f_46a582_46a674 (1 28245.00 0 28245.00 0 28245.00){0.00 0.00 0.00 0.00 11298.00 0}{11298.00 0.00 0.00 0.00 22596.00 0}{22596.00 28245.00 28245.00 28245.00 33894.00 1}{33894.00 0.00 0.00 0.00 45192.00 0}{45192.00 0.00 0.00 0.00 56490.00 0}
COMP 4b-1: 47d1e9_47d5ae_47d718_47d837 (1 1259.00 0 1259.00 0 1259.00){0.00 0.00 0.00 0.00 503.60 0}{503.60 0.00 0.00 0.00 1007.20 0}{1007.20 1259.00 1259.00 1259.00 1510.80 1}{1510.80 0.00 0.00 0.00 2014.40 0}{2014.40 0.00 0.00 0.00 2518.00 0}
COMP 4b-2: 481caa_48202a_482163_482257 (2 4995.00 1 4993.00 1 4996.00){0.00 0.00 0.00 0.00 1998.40 0}{1998.40 0.00 0.00 0.00 3996.80 0}{3996.80 4993.00 4994.50 4996.00 5995.20 2}{5995.20 0.00 0.00 0.00 7993.60 0}{7993.60 0.00 0.00 0.00 9992.00 0}
COMP 4b-3: 48ac05_48ae89_48af5d_48b016 (10 1442.55 3 80.00 0 5049.00){0.00 80.00 92.62 109.00 2015.60 8}{2015.60 0.00 0.00 0.00 4031.20 0}{4031.20 5039.00 5044.00 5049.00 6046.80 2}{6046.80 0.00 0.00 0.00 8062.40 0}{8062.40 0.00 0.00 0.00 10078.00 0}
COMM 4b-0: 46a0df_46a43f_46a582_46a674 (1 166.00 0 166.00 0 166.00){0.00 0.00 0.00 0.00 66.40 0}{66.40 0.00 0.00 0.00 132.80 0}{132.80 166.00 166.00 166.00 199.20 1}{199.20 0.00 0.00 0.00 265.60 0}{265.60 0.00 0.00 0.00 332.00 0}
COMM 4b-1: 47d1e9_47d5ae_47d718_47d837 (1 109.00 0 109.00 0 109.00){0.00 0.00 0.00 0.00 43.60 0}{43.60 0.00 0.00 0.00 87.20 0}{87.20 109.00 109.00 109.00 130.80 1}{130.80 0.00 0.00 0.00 174.40 0}{174.40 0.00 0.00 0.00 218.00 0}
COMM 4b-2: 481caa_48202a_482163_482257 (2 144.33 1 109.00 1 215.00){0.00 0.00 0.00 0.00 43.60 0}{43.60 0.00 0.00 0.00 87.20 0}{87.20 109.00 109.00 109.00 130.80 1}{130.80 0.00 0.00 0.00 174.40 0}{174.40 215.00 215.00 215.00 218.00 1}
COMM 4b-3: 48ac05_48ae89_48af5d_48b016 (10 113.91 2 99.00 0 224.00){0.00 0.00 0.00 0.00 42.40 0}{42.40 0.00 0.00 0.00 84.80 0}{84.80 99.00 102.56 106.00 169.60 9}{169.60 0.00 0.00 0.00 212.00 0}{212.00 224.00 224.00 224.00 236.00 1}
LOOP0: iter: ( 2 )[ 1 -1 0 2 1 ] mem: ( 4 )[ 1 -1 0 1 0 ]( 1 )[ 1 -1 1 1 0 ]
LOOP1: iter: ( 2 )[ 1 -1 0 1 0 ] mem: ( 3 )[ 1 -1 0 1 0 ]
10 2 
12 20480 
14 16 
1a ( 1 2 )[ 1 -1 0 1 0 ]
1a ( 3 2 )[ 1 -1 1 2 2 ]
1a ( 2 )[ 1 -1 2 1 0 ]
1b 0 

RANKS: 1 -1 0 2 1
EVENT20: 1090 479b76_479f4b_47a0b6_47a1d7
COMP 4b-0: 481caa_48202a_482163_482257 (6 6.43 0 6.00 1 8.00){0.00 0.00 0.00 0.00 2.40 0}{2.40 0.00 0.00 0.00 4.80 0}{4.80 6.00 6.20 7.00 7.20 5}{7.20 8.00 8.00 8.00 9.60 1}{9.60 0.00 0.00 0.00 12.00 0}
COMM 4b-0: 481caa_48202a_482163_482257 (6 1.86 0 1.00 0 2.00){0.00 0.00 0.00 0.00 0.80 0}{0.80 1.00 1.00 1.00 1.60 1}{1.60 2.00 2.00 2.00 2.40 5}{2.40 0.00 0.00 0.00 3.20 0}{3.20 0.00 0.00 0.00 4.00 0}
10 2 
12 20480 
14 16 
1b 0 
2b 2147483647 

RANKS: 1 -1 0 2 1
EVENT21: 1148 48ac05_48ae89_48af5d_48b016
COMP 4b-0: 479b76_479f4b_47a0b6_47a1d7 (6 6.57 0 6.00 0 10.00){0.00 0.00 0.00 0.00 2.40 0}{2.40 0.00 0.00 0.00 4.80 0}{4.80 6.00 6.00 6.00 7.20 5}{7.20 0.00 0.00 0.00 9.60 0}{9.60 10.00 10.00 10.00 12.00 1}
COMM 4b-0: 479b76_479f4b_47a0b6_47a1d7 (6 128.71 1 95.00 0 154.00){0.00 0.00 0.00 0.00 51.20 0}{51.20 95.00 96.50 98.00 102.40 2}{102.40 128.00 142.00 150.00 153.60 3}{153.60 154.00 154.00 154.00 204.80 1}{204.80 0.00 0.00 0.00 256.00 0}
1c 9999 

RANKS: 1 -1 0 4 1
EVENT22: 1004 46a0df_46a43f_46a582_46a674
COMP 4b-0: 481caa_48202a_482163_482257 (4 10086.60 2 9886.00 2 10479.00){0.00 0.00 0.00 0.00 3954.80 0}{3954.80 0.00 0.00 0.00 7909.60 0}{7909.60 9886.00 10136.50 10479.00 11864.40 4}{11864.40 0.00 0.00 0.00 15819.20 0}{15819.20 0.00 0.00 0.00 19774.00 0}
COMP 4b-1: 48ac05_48ae89_48af5d_48b016 (4 10107.40 1 9922.00 0 10372.00){0.00 0.00 0.00 0.00 3982.80 0}{3982.80 0.00 0.00 0.00 7965.60 0}{7965.60 9922.00 10145.00 10372.00 11948.40 4}{11948.40 0.00 0.00 0.00 15931.20 0}{15931.20 0.00 0.00 0.00 19914.00 0}
COMM 4b-0: 481caa_48202a_482163_482257 (4 120.00 2 25.00 3 239.00){0.00 25.00 25.00 25.00 45.20 1}{45.20 0.00 0.00 0.00 90.40 0}{90.40 110.00 111.50 113.00 180.80 2}{180.80 0.00 0.00 0.00 226.00 0}{226.00 239.00 239.00 239.00 252.00 1}
COMM 4b-1: 48ac05_48ae89_48af5d_48b016 (4 105.40 0 20.00 1 250.00){0.00 0.00 0.00 0.00 8.00 0}{8.00 0.00 0.00 0.00 16.00 0}{16.00 20.00 20.00 20.00 40.00 1}{40.00 117.00 118.50 120.00 194.00 2}{194.00 250.00 250.00 250.00 306.00 1}
10 2 
12 1 5 
14 16 
18 1 3 

RANKS: 1 -1 0 4 1
EVENT23: 1010 46ca70_46cca5_46cd49_46cdc5
COMP 4b-0: 46a0df_46a43f_46a582_46a674 (4 8.80 0 8.00 3 10.00){0.00 0.00 0.00 0.00 3.20 0}{3.20 0.00 0.00 0.00 6.40 0}{6.40 8.00 8.67 9.00 9.60 3}{9.60 10.00 10.00 10.00 12.80 1}{12.80 0.00 0.00 0.00 16.00 0}
COMM 4b-0: 46a0df_46a43f_46a582_46a674 (4 159.00 3 6.00 0 204.00){0.00 6.00 6.00 6.00 81.60 1}{81.60 0.00 0.00 0.00 163.20 0}{163.20 185.00 195.00 204.00 244.80 3}{244.80 0.00 0.00 0.00 326.40 0}{326.40 0.00 0.00 0.00 408.00 0}
10 2 

RANKS: 1 -1 2 1 0
EVENT24: 1102 47d1e9_47d5ae_47d718_47d837
COMP 4b-0: 46ca70_46cca5_46cd49_46cdc5 (1 560.00 2 560.00 2 560.00){0.00 0.00 0.00 0.00 224.00 0}{224.00 0.00 0.00 0.00 448.00 0}{448.00 560.00 560.00 560.00 672.00 1}{672.00 0.00 0.00 0.00 896.00 0}{896.00 0.00 0.00 0.00 1120.00 0}
COMP 4b-1: 481caa_48202a_482163_482257 (123 147.14 2 141.00 2 161.00){0.00 0.00 0.00 0.00 59.60 0}{59.60 0.00 0.00 0.00 119.20 0}{119.20 141.00 147.12 161.00 178.80 123}{178.80 0.00 0.00 0.00 238.40 0}{238.40 0.00 0.00 0.00 298.00 0}
COMM 4b-0: 46ca70_46cca5_46cd49_46cdc5 (1 365.00 2 365.00 2 365.00){0.00 0.00 0.00 0.00 146.00 0}{146.00 0.00 0.00 0.00 292.00 0}{292.00 365.00 365.00 365.00 438.00 1}{438.00 0.00 0.00 0.00 584.00 0}{584.00 0.00 0.00 0.00 730.00 0}
COMM 4b-1: 481caa_48202a_482163_482257 (123 8.85 2 2.00 2 512.00){0.00 2.00 3.02 9.00 9.20 120}{9.20 0.00 0.00 0.00 18.40 0}{18.40 23.00 23.00 23.00 46.00 1}{46.00 178.00 178.00 178.00 310.00 1}{310.00 512.00 512.00 512.00 714.00 1}
LOOP0: iter: ( 124 )[ 1 -1 2 1 0 ] mem: ( 2 )[ 1 -1 2 1 0 ]
10 2 
12 155 
14 16 
1b 0 
2b 2 2 2 2 2 2 2 2 2 2 2 2 2 2 2 2 2 2 2 2 2 2 2 2 2 2 2 2 2 2 2 2 2 2 2 2 2 2 2 2 2 2 2 2 2 2 2 2 2 2 2 2 2 2 2 2 2 2 2 2 2 2 1 1 1 1 1 1 1 1 1 1 1 1 1 1 1 1 1 1 1 1 1 1 1 1 1 1 1 1 1 1 1 1 1 1 1 1 1 1 1 1 1 1 1 1 1 1 1 1 1 1 1 1 1 1 1 1 1 1 1 1 1 1 

RANKS: 1 -1 0 2 2
EVENT25: 1113 481caa_48202a_482163_482257
COMP 4b-0: 46ca70_46cca5_46cd49_46cdc5 (1 884.00 0 884.00 0 884.00){0.00 0.00 0.00 0.00 353.60 0}{353.60 0.00 0.00 0.00 707.20 0}{707.20 884.00 884.00 884.00 1060.80 1}{1060.80 0.00 0.00 0.00 1414.40 0}{1414.40 0.00 0.00 0.00 1768.00 0}
COMP 4b-1: 47d1e9_47d5ae_47d718_47d837 (124 188.91 2 182.00 2 203.00){0.00 0.00 0.00 0.00 78.80 0}{78.80 0.00 0.00 0.00 157.60 0}{157.60 182.00 188.85 203.00 236.40 124}{236.40 0.00 0.00 0.00 315.20 0}{315.20 0.00 0.00 0.00 394.00 0}
COMP 4b-2: 481caa_48202a_482163_482257 (30627 171.00 0 4.00 0 535.00){0.00 0.00 0.00 0.00 2.00 0}{2.00 4.00 4.00 4.00 4.00 20}{4.00 5.00 5.87 8.00 8.00 15394}{8.00 0.00 0.00 0.00 10.00 0}{10.00 13.00 338.33 535.00 666.00 15213}
COMP 4b-3: 48ac05_48ae89_48af5d_48b016 (248 10703.02 0 10673.00 0 11138.00){0.00 0.00 0.00 0.00 4274.00 0}{4274.00 0.00 0.00 0.00 8548.00 0}{8548.00 10673.00 10703.09 11138.00 12822.00 248}{12822.00 0.00 0.00 0.00 17096.00 0}{17096.00 0.00 0.00 0.00 21370.00 0}
COMM 4b-0: 46ca70_46cca5_46cd49_46cdc5 (1 5.00 0 5.00 0 5.00){0.00 0.00 0.00 0.00 2.00 0}{2.00 0.00 0.00 0.00 4.00 0}{4.00 5.00 5.00 5.00 6.00 1}{6.00 0.00 0.00 0.00 8.00 0}{8.00 0.00 0.00 0.00 10.00 0}
COMM 4b-1: 47d1e9_47d5ae_47d718_47d837 (124 2.42 2 2.00 2 11.00){0.00 0.00 0.00 0.00 1.60 0}{1.60 2.00 2.26 3.00 3.20 121}{3.20 4.00 4.00 4.00 6.40 1}{6.40 0.00 0.00 0.00 8.00 0}{8.00 11.00 11.00 11.00 14.00 2}
COMM 4b-2: 481caa_48202a_482163_482257 (30627 2.17 0 1.00 0 22.00){0.00 0.00 0.00 0.00 0.80 0}{0.80 1.00 1.00 1.00 1.60 6417}{1.60 2.00 2.00 2.20 2.40 18640}{2.40 3.00 3.00 4.00 4.00 5061}{4.00 8.00 15.10 22.00 28.00 509}
COMM 4b-3: 48ac05_48ae89_48af5d_48b016 (248 8.06 0 7.00 0 9.00){0.00 0.00 0.00 0.00 3.20 0}{3.20 0.00 0.00 0.00 6.40 0}{6.40 7.00 8.06 9.00 9.60 248}{9.60 0.00 0.00 0.00 12.80 0}{12.80 0.00 0.00 0.00 16.00 0}
LOOP0: iter: ( 249 )[ 1 -1 0 1 0 ] mem: ( 5 )[ 1 -1 0 1 0 ]
LOOP1: iter: ( 124 )[ 1 -1 0 1 0 ] mem: ( 1 )[ 1 -1 0 1 0 ]
10 2 
12 155 
14 16 
1a ( 1 2 )[ 1 -1 0 1 0 ]
1a ( 1 1 1 1 1 1 1 1 1 1 1 1 1 1 1 1 1 1 1 1 1 1 1 1 1 1 1 1 1 1 1 1 1 1 1 1 1 1 1 1 1 1 1 1 1 1 1 1 1 1 1 1 1 1 1 1 1 1 1 1 1 1 2 2 2 2 2 2 2 2 2 2 2 2 2 2 2 2 2 2 2 2 2 2 2 2 2 2 2 2 2 2 2 2 2 2 2 2 2 2 2 2 2 2 2 2 2 2 2 2 2 2 2 2 2 2 2 2 2 2 2 2 2 2 )[ 1 -1 2 1 0 ]
1b 0 

RANKS: 2 -1 0 2 1 -1 3 1 0
EVENT26: 1102 47d1e9_47d5ae_47d718_47d837
COMP 4b-0: 46ca70_46cca5_46cd49_46cdc5 (2 540.67 1 540.00 3 542.00){0.00 0.00 0.00 0.00 216.00 0}{216.00 0.00 0.00 0.00 432.00 0}{432.00 540.00 541.00 542.00 648.00 2}{648.00 0.00 0.00 0.00 864.00 0}{864.00 0.00 0.00 0.00 1080.00 0}
COMP 4b-1: 47d1e9_47d5ae_47d718_47d837 (61254 165.95 0 5.00 3 2027.00){0.00 0.00 0.00 0.00 2.40 0}{2.40 0.00 0.00 0.00 4.80 0}{4.80 5.00 6.12 8.00 12.00 30827}{12.00 13.00 327.83 597.00 626.00 30426}{626.00 2027.00 2027.00 2027.00 3428.00 1}
COMP 4b-2: 481caa_48202a_482163_482257 (31124 229.78 1 141.00 3 10655.00){0.00 0.00 0.00 0.00 114.40 0}{114.40 141.00 147.80 164.00 171.60 30865}{171.60 177.00 193.11 229.00 286.00 9}{286.00 336.00 351.00 366.00 386.00 2}{386.00 10412.00 10434.32 10655.00 20924.00 248}
COMP 4b-3: 48ac05_48ae89_48af5d_48b016 (248 10455.05 1 10435.00 1 10735.00){0.00 0.00 0.00 0.00 4175.20 0}{4175.20 0.00 0.00 0.00 8350.40 0}{8350.40 10435.00 10455.12 10735.00 12525.60 248}{12525.60 0.00 0.00 0.00 16700.80 0}{16700.80 0.00 0.00 0.00 20876.00 0}
COMM 4b-0: 46ca70_46cca5_46cd49_46cdc5 (2 439.00 1 353.00 3 611.00){0.00 0.00 0.00 0.00 141.20 0}{141.20 0.00 0.00 0.00 282.40 0}{282.40 353.00 353.00 353.00 423.60 1}{423.60 0.00 0.00 0.00 564.80 0}{564.80 611.00 611.00 611.00 706.00 1}
COMM 4b-1: 47d1e9_47d5ae_47d718_47d837 (61254 6.42 0 1.00 0 373.00){0.00 1.00 1.73 4.00 4.00 29035}{4.00 4.56 10.36 26.00 26.00 31874}{26.00 27.00 31.06 38.00 38.00 312}{38.00 39.00 45.83 55.00 58.00 23}{58.00 72.00 200.20 373.00 688.00 10}
COMM 4b-2: 481caa_48202a_482163_482257 (31124 25.11 1 1.00 0 3128.00){0.00 1.00 3.13 395.33 424.00 30381}{424.00 500.00 685.49 686.10 848.00 493}{848.00 1060.00 1173.60 1244.00 1272.00 5}{1272.00 1307.00 1387.18 1821.00 2120.00 244}{2120.00 3128.00 3128.00 3128.00 4136.00 1}
COMM 4b-3: 48ac05_48ae89_48af5d_48b016 (248 332.16 1 15.00 1 790.00){0.00 15.00 35.00 55.00 140.00 2}{140.00 225.00 321.87 378.00 420.00 230}{420.00 423.00 483.93 524.00 560.00 14}{560.00 693.00 693.00 693.00 700.00 1}{700.00 790.00 790.00 790.00 880.00 1}
LOOP0: iter: ( 124 )[ 1 -1 0 1 0 ]( 249 )[ 1 -1 1 2 2 ] mem: ( 1 )[ 1 -1 0 1 0 ]( 7 )[ 1 -1 1 1 0 ]( 5 )[ 1 -1 3 1 0 ]
LOOP1: iter: ( 124 )[ 1 -1 1 2 2 ] mem: ( 2 )[ 1 -1 1 1 0 ]( 1 )[ 1 -1 3 1 0 ]
10 2 
12 155 
14 16 
1b 0 
2b ( 1 2 )[ 1 -1 0 1 0 ]
2b ( 3 3 3 3 3 3 3 3 3 3 3 3 3 3 3 3 3 3 3 3 3 3 3 3 3 3 3 3 3 3 3 3 3 3 3 3 3 3 3 3 3 3 3 3 3 3 3 3 3 3 3 3 3 3 3 3 3 3 3 3 3 3 2 2 2 2 2 2 2 2 2 2 2 2 2 2 2 2 2 2 2 2 2 2 2 2 2 2 2 2 2 2 2 2 2 2 2 2 2 2 2 2 2 2 2 2 2 2 2 2 2 2 2 2 2 2 2 2 2 2 2 2 2 2 )[ 1 -1 1 1 0 ]
2b ( 3 2 )[ 1 -1 3 1 0 ]

RANKS: 1 -1 0 4 1
EVENT27: 1113 481caa_48202a_482163_482257
COMP 4b-0: 47d1e9_47d5ae_47d718_47d837 (31374 200.00 1 182.00 0 1277.00){0.00 182.00 189.11 389.00 496.80 30876}{496.80 506.00 508.26 529.00 993.60 249}{993.60 1231.00 1238.69 1277.00 1490.40 249}{1490.40 0.00 0.00 0.00 1987.20 0}{1987.20 0.00 0.00 0.00 2484.00 0}
COMP 4b-1: 481caa_48202a_482163_482257 (30628 160.46 3 4.00 2 1058.00){0.00 0.00 0.00 0.00 2.00 0}{2.00 4.00 5.76 9.00 10.00 15414}{10.00 11.00 317.13 520.00 638.00 15212}{638.00 678.00 678.00 678.00 718.00 1}{718.00 1058.00 1058.00 1058.00 1398.00 1}
COMP 4b-2: 48ac05_48ae89_48af5d_48b016 (249 5035.19 0 5023.00 0 5250.00){0.00 0.00 0.00 0.00 2015.20 0}{2015.20 0.00 0.00 0.00 4030.40 0}{4030.40 5023.00 5035.18 5250.00 6045.60 249}{6045.60 0.00 0.00 0.00 8060.80 0}{8060.80 0.00 0.00 0.00 10076.00 0}
COMM 4b-0: 47d1e9_47d5ae_47d718_47d837 (31374 3.55 1 2.00 0 122.00){0.00 2.00 2.71 30.00 43.20 31125}{43.20 0.00 0.00 0.00 86.40 0}{86.40 106.00 108.04 122.00 129.60 249}{129.60 0.00 0.00 0.00 172.80 0}{172.80 0.00 0.00 0.00 216.00 0}
COMM 4b-1: 481caa_48202a_482163_482257 (30628 2.17 3 1.00 2 111.00){0.00 1.00 1.99 4.00 4.00 30117}{4.00 7.00 10.00 14.00 14.00 270}{14.00 15.00 15.56 18.00 18.00 239}{18.00 20.00 20.00 20.00 22.00 1}{22.00 111.00 111.00 111.00 200.00 1}
COMM 4b-2: 48ac05_48ae89_48af5d_48b016 (249 106.20 0 105.00 0 117.00){0.00 0.00 0.00 0.00 42.40 0}{42.40 0.00 0.00 0.00 84.80 0}{84.80 105.00 106.20 117.00 127.20 249}{127.20 0.00 0.00 0.00 169.60 0}{169.60 0.00 0.00 0.00 212.00 0}
LOOP0: iter: ( 2 )[ 1 -1 0 1 0 ]( 124 )[ 1 -1 3 1 0 ] mem: ( 3 )[ 1 -1 0 1 0 ]( 1 )[ 1 -1 3 1 0 ]
10 2 
12 ( 20480 )[ 1 -1 0 2 2 ]
12 ( 155 )[ 1 -1 1 2 2 ]
14 16 
1a ( 1 2 )[ 1 -1 0 1 0 ]
1a ( 2 2 2 2 2 2 2 2 2 2 2 2 2 2 2 2 2 2 2 2 2 2 2 2 2 2 2 2 2 2 2 2 2 2 2 2 2 2 2 2 2 2 2 2 2 2 2 2 2 2 2 2 2 2 2 2 2 2 2 2 2 2 3 3 3 3 3 3 3 3 3 3 3 3 3 3 3 3 3 3 3 3 3 3 3 3 3 3 3 3 3 3 3 3 3 3 3 3 3 3 3 3 3 3 3 3 3 3 3 3 3 3 3 3 3 3 3 3 3 3 3 3 3 3 )[ 1 -1 1 1 0 ]
1a ( 3 2 )[ 1 -1 3 1 0 ]
1a ( 1 )[ 1 -1 2 1 0 ]
1b 0 

RANKS: 1 -1 0 4 1
EVENT28: 1090 479b76_479f4b_47a0b6_47a1d7
COMP 4b-0: 481caa_48202a_482163_482257 (1493 1167.66 0 5.00 3 5170.00){0.00 0.00 0.00 0.00 2.80 0}{2.80 5.00 7.77 13.00 14.00 742}{14.00 19.00 19.00 19.00 24.00 1}{24.00 28.00 1000.78 1200.00 1948.00 501}{1948.00 4954.00 4969.10 5170.00 8392.00 249}
COMP 4b-1: 48ac05_48ae89_48af5d_48b016 (248 5009.05 2 4996.00 2 5068.00){0.00 0.00 0.00 0.00 2004.00 0}{2004.00 0.00 0.00 0.00 4008.00 0}{4008.00 4996.00 5009.05 5068.00 6012.00 248}{6012.00 0.00 0.00 0.00 8016.00 0}{8016.00 0.00 0.00 0.00 10020.00 0}
COMM 4b-0: 481caa_48202a_482163_482257 (1493 1.99 0 1.00 3 4.00){0.00 0.00 0.00 0.00 0.40 0}{0.40 0.00 0.00 0.00 0.80 0}{0.80 1.00 1.00 1.00 1.60 233}{1.60 2.00 2.00 2.00 2.00 1040}{2.00 3.00 3.00 4.00 4.00 220}
COMM 4b-1: 48ac05_48ae89_48af5d_48b016 (248 2.23 2 2.00 2 3.00){0.00 0.00 0.00 0.00 0.80 0}{0.80 0.00 0.00 0.00 1.60 0}{1.60 2.00 2.00 2.00 2.40 190}{2.40 3.00 3.00 3.00 3.20 58}{3.20 0.00 0.00 0.00 4.00 0}
LOOP0: iter: ( 2 )[ 1 -1 3 1 0 ]( 248 )[ 1 -1 2 1 0 ] mem: ( 3 )[ 1 -1 3 1 0 ]( 5 )[ 1 -1 2 1 0 ]
LOOP1: iter: ( 2 )[ 1 -1 2 1 0 ] mem: ( 2 )[ 1 -1 2 1 0 ]
10 2 
12 20480 
14 16 
1b 0 
2b 2147483647 

RANKS: 1 -1 0 4 1
EVENT29: 1148 48ac05_48ae89_48af5d_48b016
COMP 4b-0: 479b76_479f4b_47a0b6_47a1d7 (1741 6.04 0 5.00 3 16.00){0.00 0.00 0.00 0.00 2.80 0}{2.80 5.00 5.00 5.00 5.60 80}{5.60 5.79 6.07 7.00 11.20 1657}{11.20 13.00 13.33 14.00 14.00 3}{14.00 16.00 16.00 16.00 18.00 1}
COMM 4b-0: 479b76_479f4b_47a0b6_47a1d7 (1741 314.53 2 95.00 3 1064.00){0.00 0.00 0.00 0.00 54.40 0}{54.40 95.00 156.70 246.00 272.00 1232}{272.00 303.00 345.83 363.50 364.00 6}{364.00 407.00 700.35 860.34 918.00 502}{918.00 1064.00 1064.00 1064.00 1210.00 1}
1c 9999 

RANKS: 1 -1 2 1 0
EVENT30: 1113 481caa_48202a_482163_482257
COMP 4b-0: 47d1e9_47d5ae_47d718_47d837 (30504 191.07 2 183.00 2 1880.00){0.00 0.00 0.00 0.00 82.40 0}{82.40 0.00 0.00 0.00 164.80 0}{164.80 183.00 191.00 301.00 329.60 30501}{329.60 387.00 388.50 390.00 412.00 2}{412.00 1880.00 1880.00 1880.00 3348.00 1}
COMP 4b-1: 48ac05_48ae89_48af5d_48b016 (248 84.06 2 82.00 2 95.00){0.00 0.00 0.00 0.00 33.60 0}{33.60 0.00 0.00 0.00 67.20 0}{67.20 82.00 84.06 95.00 100.80 248}{100.80 0.00 0.00 0.00 134.40 0}{134.40 0.00 0.00 0.00 168.00 0}
COMM 4b-0: 47d1e9_47d5ae_47d718_47d837 (30504 2.54 2 2.00 2 43.00){0.00 2.00 2.36 4.00 5.60 29744}{5.60 6.00 6.76 8.00 8.40 247}{8.40 9.00 9.62 11.00 11.20 263}{11.20 12.00 12.35 13.00 14.00 246}{14.00 16.00 24.75 43.00 72.00 4}
COMM 4b-1: 48ac05_48ae89_48af5d_48b016 (248 100.39 2 99.00 2 105.00){0.00 0.00 0.00 0.00 40.00 0}{40.00 0.00 0.00 0.00 80.00 0}{80.00 99.00 100.39 105.00 120.00 248}{120.00 0.00 0.00 0.00 160.00 0}{160.00 0.00 0.00 0.00 200.00 0}
LOOP0: iter: ( 124 )[ 1 -1 2 1 0 ] mem: ( 2 )[ 1 -1 2 1 0 ]
10 2 
12 20480 155 155 155 155 155 155 155 155 155 155 155 155 155 155 155 155 155 155 155 155 155 155 155 155 155 155 155 155 155 155 155 155 155 155 155 155 155 155 155 155 155 155 155 155 155 155 155 155 155 155 155 155 155 155 155 155 155 155 155 155 155 155 155 155 155 155 155 155 155 155 155 155 155 155 155 155 155 155 155 155 155 155 155 155 155 155 155 155 155 155 155 155 155 155 155 155 155 155 155 155 155 155 155 155 155 155 155 155 155 155 155 155 155 155 155 155 155 155 155 155 155 155 155 
14 16 
1a 2 1 1 1 1 1 1 1 1 1 1 1 1 1 1 1 1 1 1 1 1 1 1 1 1 1 1 1 1 1 1 1 1 1 1 1 1 1 1 1 1 1 1 1 1 1 1 1 1 1 1 1 1 1 1 1 1 1 1 1 1 1 1 2 2 2 2 2 2 2 2 2 2 2 2 2 2 2 2 2 2 2 2 2 2 2 2 2 2 2 2 2 2 2 2 2 2 2 2 2 2 2 2 2 2 2 2 2 2 2 2 2 2 2 2 2 2 2 2 2 2 2 2 2 
1b 0 

RANKS: 1 -1 2 1 0
EVENT31: 1102 47d1e9_47d5ae_47d718_47d837
COMP 4b-0: 481caa_48202a_482163_482257 (30752 228.32 2 139.00 2 10824.00){0.00 139.00 145.12 352.00 4165.20 30504}{4165.20 0.00 0.00 0.00 8330.40 0}{8330.40 10401.00 10420.54 10824.00 12495.60 248}{12495.60 0.00 0.00 0.00 16660.80 0}{16660.80 0.00 0.00 0.00 20826.00 0}
COMM 4b-0: 481caa_48202a_482163_482257 (30752 10.19 2 1.00 2 789.00){0.00 1.00 3.06 72.00 135.60 30256}{135.60 0.00 0.00 0.00 271.20 0}{271.20 314.00 362.00 406.00 406.80 5}{406.80 410.00 444.73 659.00 678.00 490}{678.00 789.00 789.00 789.00 900.00 1}
10 2 
12 155 
14 16 
1b 0 
2b 2 2 2 2 2 2 2 2 2 2 2 2 2 2 2 2 2 2 2 2 2 2 2 2 2 2 2 2 2 2 2 2 2 2 2 2 2 2 2 2 2 2 2 2 2 2 2 2 2 2 2 2 2 2 2 2 2 2 2 2 2 2 1 1 1 1 1 1 1 1 1 1 1 1 1 1 1 1 1 1 1 1 1 1 1 1 1 1 1 1 1 1 1 1 1 1 1 1 1 1 1 1 1 1 1 1 1 1 1 1 1 1 1 1 1 1 1 1 1 1 1 1 1 1 

RANKS: 1 -1 0 4 1
EVENT32: 1113 481caa_48202a_482163_482257
COMP 4b-0: 47d1e9_47d5ae_47d718_47d837 (248 185.56 2 184.00 2 210.00){0.00 0.00 0.00 0.00 74.00 0}{74.00 0.00 0.00 0.00 148.00 0}{148.00 184.00 185.56 210.00 222.00 248}{222.00 0.00 0.00 0.00 296.00 0}{296.00 0.00 0.00 0.00 370.00 0}
COMP 4b-1: 481caa_48202a_482163_482257 (620 2457.32 0 4.00 1 5372.00){0.00 0.00 0.00 0.00 3.20 0}{3.20 4.00 5.86 6.00 6.40 57}{6.40 7.00 7.00 7.00 8.00 5}{8.00 337.00 339.28 356.00 668.00 61}{668.00 1038.00 3028.02 5372.00 9292.00 497}
COMP 4b-2: 48ac05_48ae89_48af5d_48b016 (748 117.11 3 78.00 0 10893.00){0.00 78.00 88.26 120.00 4357.20 747}{4357.20 0.00 0.00 0.00 8714.40 0}{8714.40 10893.00 10893.00 10893.00 13071.60 1}{13071.60 0.00 0.00 0.00 17428.80 0}{17428.80 0.00 0.00 0.00 21786.00 0}
COMM 4b-0: 47d1e9_47d5ae_47d718_47d837 (248 2.37 2 2.00 2 3.00){0.00 0.00 0.00 0.00 0.80 0}{0.80 0.00 0.00 0.00 1.60 0}{1.60 2.00 2.00 2.00 2.40 157}{2.40 3.00 3.00 3.00 3.20 91}{3.20 0.00 0.00 0.00 4.00 0}
COMM 4b-1: 481caa_48202a_482163_482257 (620 88.69 0 1.00 1 158.00){0.00 1.00 1.00 1.00 1.60 27}{1.60 2.00 2.00 2.00 2.40 68}{2.40 3.00 3.04 4.00 4.00 26}{4.00 9.00 15.50 22.00 40.00 2}{40.00 107.00 110.26 158.00 174.00 497}
COMM 4b-2: 48ac05_48ae89_48af5d_48b016 (748 132.71 0 9.00 3 214.00){0.00 0.00 0.00 0.00 7.20 0}{7.20 9.00 9.00 9.00 18.00 1}{18.00 100.00 102.50 181.00 182.00 501}{182.00 194.66 194.70 204.00 207.32 238}{207.32 209.00 211.25 214.00 220.68 8}
LOOP0: iter: ( 124 )[ 1 -1 0 1 0 ]( 2 )[ 1 -1 1 2 1 ] mem: ( 1 )[ 1 -1 0 3 1 ]
10 2 
12 ( 155 )[ 1 -1 0 1 0 ]
12 ( 20480 )[ 1 -1 1 2 2 ]
12 ( 155 20480 )[ 1 -1 2 1 0 ]
14 16 
1a ( 1 2 )[ 1 -1 0 1 0 ]
1a ( 3 2 )[ 1 -1 1 2 2 ]
1a ( 2 1 )[ 1 -1 2 1 0 ]
1b 0 

RANKS: 1 -1 1 2 1
EVENT33: 1090 479b76_479f4b_47a0b6_47a1d7
COMP 4b-0: 481caa_48202a_482163_482257 (250 7.17 1 6.00 2 12.00){0.00 0.00 0.00 0.00 2.80 0}{2.80 0.00 0.00 0.00 5.60 0}{5.60 6.00 7.15 8.00 8.40 249}{8.40 0.00 0.00 0.00 11.20 0}{11.20 12.00 12.00 12.00 14.00 1}
COMP 4b-1: 48ac05_48ae89_48af5d_48b016 (1 5004.00 2 5004.00 2 5004.00){0.00 0.00 0.00 0.00 2001.60 0}{2001.60 0.00 0.00 0.00 4003.20 0}{4003.20 5004.00 5004.00 5004.00 6004.80 1}{6004.80 0.00 0.00 0.00 8006.40 0}{8006.40 0.00 0.00 0.00 10008.00 0}
COMM 4b-0: 481caa_48202a_482163_482257 (250 2.06 1 1.00 1 12.00){0.00 0.00 0.00 0.00 0.80 0}{0.80 1.00 1.00 1.00 1.60 15}{1.60 2.00 2.04 3.00 3.20 233}{3.20 0.00 0.00 0.00 4.00 0}{4.00 12.00 12.00 12.00 20.00 2}
COMM 4b-1: 48ac05_48ae89_48af5d_48b016 (1 2.00 2 2.00 2 2.00){0.00 0.00 0.00 0.00 0.80 0}{0.80 0.00 0.00 0.00 1.60 0}{1.60 2.00 2.00 2.00 2.40 1}{2.40 0.00 0.00 0.00 3.20 0}{3.20 0.00 0.00 0.00 4.00 0}
LOOP0: iter: ( 2 )[ 1 -1 2 1 0 ] mem: ( 2 )[ 1 -1 2 1 0 ]
10 2 
12 20480 
14 16 
1b 0 
2b 2147483647 

RANKS: 1 -1 1 2 1
EVENT34: 1148 48ac05_48ae89_48af5d_48b016
COMP 4b-0: 479b76_479f4b_47a0b6_47a1d7 (251 6.04 1 5.00 1 8.00){0.00 0.00 0.00 0.00 3.20 0}{3.20 5.00 5.94 6.00 6.40 232}{6.40 7.00 7.11 8.00 9.60 19}{9.60 0.00 0.00 0.00 12.80 0}{12.80 0.00 0.00 0.00 16.00 0}
COMM 4b-0: 479b76_479f4b_47a0b6_47a1d7 (251 97.46 1 95.00 2 196.00){0.00 0.00 0.00 0.00 38.00 0}{38.00 0.00 0.00 0.00 76.00 0}{76.00 95.00 96.91 113.00 114.00 249}{114.00 139.00 139.00 139.00 190.00 1}{190.00 196.00 196.00 196.00 202.00 1}
1c 9999 

RANKS: 1 -1 2 1 0
EVENT35: 1113 481caa_48202a_482163_482257
COMP 4b-0: 47d1e9_47d5ae_47d718_47d837 (123 191.02 2 184.00 2 215.00){0.00 0.00 0.00 0.00 78.80 0}{78.80 0.00 0.00 0.00 157.60 0}{157.60 184.00 190.98 215.00 236.40 123}{236.40 0.00 0.00 0.00 315.20 0}{315.20 0.00 0.00 0.00 394.00 0}
COMP 4b-1: 48ac05_48ae89_48af5d_48b016 (1 84.00 2 84.00 2 84.00){0.00 0.00 0.00 0.00 33.60 0}{33.60 0.00 0.00 0.00 67.20 0}{67.20 84.00 84.00 84.00 100.80 1}{100.80 0.00 0.00 0.00 134.40 0}{134.40 0.00 0.00 0.00 168.00 0}
COMM 4b-0: 47d1e9_47d5ae_47d718_47d837 (123 2.60 2 2.00 2 12.00){0.00 2.00 2.00 2.00 2.40 71}{2.40 3.00 3.00 3.00 4.80 49}{4.80 6.00 6.00 6.00 7.20 1}{7.20 9.00 9.00 9.00 9.60 1}{9.60 12.00 12.00 12.00 12.00 1}
COMM 4b-1: 48ac05_48ae89_48af5d_48b016 (1 100.00 2 100.00 2 100.00){0.00 0.00 0.00 0.00 40.00 0}{40.00 0.00 0.00 0.00 80.00 0}{80.00 100.00 100.00 100.00 120.00 1}{120.00 0.00 0.00 0.00 160.00 0}{160.00 0.00 0.00 0.00 200.00 0}
LOOP0: iter: ( 124 )[ 1 -1 2 1 0 ] mem: ( 2 )[ 1 -1 2 1 0 ]
10 2 
12 20480 155 155 155 155 155 155 155 155 155 155 155 155 155 155 155 155 155 155 155 155 155 155 155 155 155 155 155 155 155 155 155 155 155 155 155 155 155 155 155 155 155 155 155 155 155 155 155 155 155 155 155 155 155 155 155 155 155 155 155 155 155 155 155 155 155 155 155 155 155 155 155 155 155 155 155 155 155 155 155 155 155 155 155 155 155 155 155 155 155 155 155 155 155 155 155 155 155 155 155 155 155 155 155 155 155 155 155 155 155 155 155 155 155 155 155 155 155 155 155 155 155 155 155 
14 16 
1a 2 1 1 1 1 1 1 1 1 1 1 1 1 1 1 1 1 1 1 1 1 1 1 1 1 1 1 1 1 1 1 1 1 1 1 1 1 1 1 1 1 1 1 1 1 1 1 1 1 1 1 1 1 1 1 1 1 1 1 1 1 1 1 2 2 2 2 2 2 2 2 2 2 2 2 2 2 2 2 2 2 2 2 2 2 2 2 2 2 2 2 2 2 2 2 2 2 2 2 2 2 2 2 2 2 2 2 2 2 2 2 2 2 2 2 2 2 2 2 2 2 2 2 2 
1b 0 

RANKS: 1 -1 0 4 1
EVENT36: 1102 47d1e9_47d5ae_47d718_47d837
COMP 4b-0: 47d1e9_47d5ae_47d718_47d837 (246 165.35 0 5.00 3 352.00){0.00 0.00 0.00 0.00 2.00 0}{2.00 0.00 0.00 0.00 4.00 0}{4.00 5.00 6.17 7.00 8.00 124}{8.00 0.00 0.00 0.00 10.00 0}{10.00 316.00 328.45 352.00 628.00 122}
COMP 4b-1: 481caa_48202a_482163_482257 (249 228.46 2 139.00 3 10435.00){0.00 0.00 0.00 0.00 57.20 0}{57.20 0.00 0.00 0.00 114.40 0}{114.40 139.00 146.28 162.00 228.80 247}{228.80 0.00 0.00 0.00 286.00 0}{286.00 10407.00 10421.00 10435.00 20584.00 2}
COMP 4b-2: 48ac05_48ae89_48af5d_48b016 (1 10494.00 1 10494.00 1 10494.00){0.00 0.00 0.00 0.00 4197.60 0}{4197.60 0.00 0.00 0.00 8395.20 0}{8395.20 10494.00 10494.00 10494.00 12592.80 1}{12592.80 0.00 0.00 0.00 16790.40 0}{16790.40 0.00 0.00 0.00 20988.00 0}
COMM 4b-0: 47d1e9_47d5ae_47d718_47d837 (246 6.17 0 1.00 0 45.00){0.00 0.00 0.00 0.00 0.80 0}{0.80 1.00 1.00 1.00 1.60 63}{1.60 2.00 2.00 2.00 2.00 27}{2.00 3.00 8.79 26.00 28.00 155}{28.00 45.00 45.00 45.00 62.00 1}
COMM 4b-1: 481caa_48202a_482163_482257 (249 23.96 1 2.00 0 1307.00){0.00 2.00 4.81 429.00 522.80 245}{522.80 664.00 732.33 778.00 1045.60 3}{1045.60 1307.00 1307.00 1307.00 1568.40 1}{1568.40 0.00 0.00 0.00 2091.20 0}{2091.20 0.00 0.00 0.00 2614.00 0}
COMM 4b-2: 48ac05_48ae89_48af5d_48b016 (1 495.00 1 495.00 1 495.00){0.00 0.00 0.00 0.00 198.00 0}{198.00 0.00 0.00 0.00 396.00 0}{396.00 495.00 495.00 495.00 594.00 1}{594.00 0.00 0.00 0.00 792.00 0}{792.00 0.00 0.00 0.00 990.00 0}
LOOP0: iter: ( 124 )[ 2 -1 0 2 1 -1 3 1 0 ] mem: ( 1 )[ 1 -1 0 2 3 ]( 2 )[ 1 -1 1 1 0 ]
10 2 
12 155 
14 16 
1b 0 
2b ( 1 2 )[ 1 -1 0 1 0 ]
2b ( 3 3 3 3 3 3 3 3 3 3 3 3 3 3 3 3 3 3 3 3 3 3 3 3 3 3 3 3 3 3 3 3 3 3 3 3 3 3 3 3 3 3 3 3 3 3 3 3 3 3 3 3 3 3 3 3 3 3 3 3 3 3 2 2 2 2 2 2 2 2 2 2 2 2 2 2 2 2 2 2 2 2 2 2 2 2 2 2 2 2 2 2 2 2 2 2 2 2 2 2 2 2 2 2 2 2 2 2 2 2 2 2 2 2 2 2 2 2 2 2 2 2 2 2 )[ 1 -1 1 1 0 ]
2b ( 3 2 )[ 1 -1 3 1 0 ]
2b ( 2 2 2 2 2 2 2 2 2 2 2 2 2 2 2 2 2 2 2 2 2 2 2 2 2 2 2 2 2 2 2 2 2 2 2 2 2 2 2 2 2 2 2 2 2 2 2 2 2 2 2 2 2 2 2 2 2 2 2 2 2 2 1 1 1 1 1 1 1 1 1 1 1 1 1 1 1 1 1 1 1 1 1 1 1 1 1 1 1 1 1 1 1 1 1 1 1 1 1 1 1 1 1 1 1 1 1 1 1 1 1 1 1 1 1 1 1 1 1 1 1 1 1 1 )[ 1 -1 2 1 0 ]

RANKS: 1 -1 1 3 1
EVENT37: 1113 481caa_48202a_482163_482257
COMP 4b-0: 47d1e9_47d5ae_47d718_47d837 (126 191.87 1 182.00 3 508.00){0.00 0.00 0.00 0.00 79.20 0}{79.20 0.00 0.00 0.00 158.40 0}{158.40 182.00 189.29 214.00 316.80 125}{316.80 0.00 0.00 0.00 396.00 0}{396.00 508.00 508.00 508.00 620.00 1}
COMP 4b-1: 481caa_48202a_482163_482257 (123 159.04 3 5.00 3 325.00){0.00 0.00 0.00 0.00 2.00 0}{2.00 0.00 0.00 0.00 4.00 0}{4.00 5.00 5.70 6.00 8.00 61}{8.00 0.00 0.00 0.00 10.00 0}{10.00 13.00 312.39 325.00 624.00 62}
COMM 4b-0: 47d1e9_47d5ae_47d718_47d837 (126 2.66 1 2.00 1 10.00){0.00 2.00 2.00 2.00 2.40 64}{2.40 3.00 3.00 3.00 4.80 58}{4.80 6.00 6.00 6.00 7.20 2}{7.20 8.00 8.00 8.00 9.60 1}{9.60 10.00 10.00 10.00 12.00 1}
COMM 4b-1: 481caa_48202a_482163_482257 (123 2.15 3 1.00 3 16.00){0.00 0.00 0.00 0.00 0.80 0}{0.80 1.00 1.00 1.00 1.60 30}{1.60 2.00 2.00 2.00 2.40 65}{2.40 3.00 3.00 3.00 4.00 26}{4.00 10.00 13.00 16.00 28.00 2}
LOOP0: iter: ( 124 )[ 1 -1 3 1 0 ] mem: ( 1 )[ 1 -1 3 1 0 ]
10 2 
12 155 
14 16 
1a ( 2 2 2 2 2 2 2 2 2 2 2 2 2 2 2 2 2 2 2 2 2 2 2 2 2 2 2 2 2 2 2 2 2 2 2 2 2 2 2 2 2 2 2 2 2 2 2 2 2 2 2 2 2 2 2 2 2 2 2 2 2 2 3 3 3 3 3 3 3 3 3 3 3 3 3 3 3 3 3 3 3 3 3 3 3 3 3 3 3 3 3 3 3 3 3 3 3 3 3 3 3 3 3 3 3 3 3 3 3 3 3 3 3 3 3 3 3 3 3 3 3 3 3 3 )[ 1 -1 1 1 0 ]
1a ( 3 2 )[ 1 -1 3 1 0 ]
1a ( 2 )[ 1 -1 2 1 0 ]
1b 0 

RANKS: 1 -1 0 4 1
EVENT38: 1004 46a0df_46a43f_46a582_46a674
COMP 4b-0: 47d1e9_47d5ae_47d718_47d837 (1 1006.00 0 1006.00 0 1006.00){0.00 0.00 0.00 0.00 402.40 0}{402.40 0.00 0.00 0.00 804.80 0}{804.80 1006.00 1006.00 1006.00 1207.20 1}{1207.20 0.00 0.00 0.00 1609.60 0}{1609.60 0.00 0.00 0.00 2012.00 0}
COMP 4b-1: 481caa_48202a_482163_482257 (3 810.00 1 810.00 1 810.00){0.00 0.00 0.00 0.00 324.00 0}{324.00 0.00 0.00 0.00 648.00 0}{648.00 810.00 810.00 810.00 972.00 3}{972.00 0.00 0.00 0.00 1296.00 0}{1296.00 0.00 0.00 0.00 1620.00 0}
COMM 4b-0: 47d1e9_47d5ae_47d718_47d837 (1 11.00 0 11.00 0 11.00){0.00 0.00 0.00 0.00 4.40 0}{4.40 0.00 0.00 0.00 8.80 0}{8.80 11.00 11.00 11.00 13.20 1}{13.20 0.00 0.00 0.00 17.60 0}{17.60 0.00 0.00 0.00 22.00 0}
COMM 4b-1: 481caa_48202a_482163_482257 (3 539.75 2 218.00 3 963.00){0.00 0.00 0.00 0.00 195.60 0}{195.60 218.00 218.00 218.00 391.20 1}{391.20 489.00 489.00 489.00 586.80 1}{586.80 0.00 0.00 0.00 782.40 0}{782.40 963.00 963.00 963.00 978.00 1}
10 2 
12 5 
14 16 
18 3 

RANKS: 1 -1 2 1 0
EVENT39: 1113 481caa_48202a_482163_482257
COMP 4b-0: 46a0df_46a43f_46a582_46a674 (1 623.00 2 623.00 2 623.00){0.00 0.00 0.00 0.00 249.20 0}{249.20 0.00 0.00 0.00 498.40 0}{498.40 623.00 623.00 623.00 747.60 1}{747.60 0.00 0.00 0.00 996.80 0}{996.80 0.00 0.00 0.00 1246.00 0}
COMM 4b-0: 46a0df_46a43f_46a582_46a674 (1 112.00 2 112.00 2 112.00){0.00 0.00 0.00 0.00 44.80 0}{44.80 0.00 0.00 0.00 89.60 0}{89.60 112.00 112.00 112.00 134.40 1}{134.40 0.00 0.00 0.00 179.20 0}{179.20 0.00 0.00 0.00 224.00 0}
10 2 
12 20480 
14 16 
1a 1 
1b 0 

RANKS: 1 -1 1 3 1
EVENT40: 1090 479b76_479f4b_47a0b6_47a1d7
COMP 4b-0: 46a0df_46a43f_46a582_46a674 (2 579.33 1 577.00 3 584.00){0.00 0.00 0.00 0.00 230.80 0}{230.80 0.00 0.00 0.00 461.60 0}{461.60 577.00 580.50 584.00 692.40 2}{692.40 0.00 0.00 0.00 923.20 0}{923.20 0.00 0.00 0.00 1154.00 0}
COMP 4b-1: 481caa_48202a_482163_482257 (2 3311.33 2 14.00 3 4960.00){0.00 14.00 14.00 14.00 1984.00 1}{1984.00 0.00 0.00 0.00 3968.00 0}{3968.00 4960.00 4960.00 4960.00 5952.00 1}{5952.00 0.00 0.00 0.00 7936.00 0}{7936.00 0.00 0.00 0.00 9920.00 0}
COMP 4b-2: 48ac05_48ae89_48af5d_48b016 (1 5030.00 2 5030.00 2 5030.00){0.00 0.00 0.00 0.00 2012.00 0}{2012.00 0.00 0.00 0.00 4024.00 0}{4024.00 5030.00 5030.00 5030.00 6036.00 1}{6036.00 0.00 0.00 0.00 8048.00 0}{8048.00 0.00 0.00 0.00 10060.00 0}
COMM 4b-0: 46a0df_46a43f_46a582_46a674 (2 1.67 3 1.00 1 2.00){0.00 0.00 0.00 0.00 0.80 0}{0.80 1.00 1.00 1.00 1.60 1}{1.60 2.00 2.00 2.00 2.40 1}{2.40 0.00 0.00 0.00 3.20 0}{3.20 0.00 0.00 0.00 4.00 0}
COMM 4b-1: 481caa_48202a_482163_482257 (2 2.00 3 2.00 3 2.00){0.00 0.00 0.00 0.00 0.80 0}{0.80 0.00 0.00 0.00 1.60 0}{1.60 2.00 2.00 2.00 2.40 2}{2.40 0.00 0.00 0.00 3.20 0}{3.20 0.00 0.00 0.00 4.00 0}
COMM 4b-2: 48ac05_48ae89_48af5d_48b016 (1 2.00 2 2.00 2 2.00){0.00 0.00 0.00 0.00 0.80 0}{0.80 0.00 0.00 0.00 1.60 0}{1.60 2.00 2.00 2.00 2.40 1}{2.40 0.00 0.00 0.00 3.20 0}{3.20 0.00 0.00 0.00 4.00 0}
LOOP0: iter: ( 2 )[ 1 -1 2 2 1 ] mem: ( 3 )[ 1 -1 3 1 0 ]( 2 )[ 1 -1 2 1 0 ]
10 2 
12 20480 
14 16 
1b 0 
2b 2147483647 

RANKS: 1 -1 1 3 1
EVENT41: 1148 48ac05_48ae89_48af5d_48b016
COMP 4b-0: 479b76_479f4b_47a0b6_47a1d7 (5 6.17 1 6.00 2 7.00){0.00 0.00 0.00 0.00 2.40 0}{2.40 0.00 0.00 0.00 4.80 0}{4.80 6.00 6.20 7.00 7.20 5}{7.20 0.00 0.00 0.00 9.60 0}{9.60 0.00 0.00 0.00 12.00 0}
COMM 4b-0: 479b76_479f4b_47a0b6_47a1d7 (5 109.67 2 99.00 2 116.00){0.00 0.00 0.00 0.00 46.00 0}{46.00 0.00 0.00 0.00 92.00 0}{92.00 99.00 108.60 116.00 138.00 5}{138.00 0.00 0.00 0.00 184.00 0}{184.00 0.00 0.00 0.00 230.00 0}
1c 9999 

RANKS: 1 -1 0 4 1
EVENT42: 1113 481caa_48202a_482163_482257
COMP 4b-0: 46a0df_46a43f_46a582_46a674 (1 627.00 0 627.00 0 627.00){0.00 0.00 0.00 0.00 250.80 0}{250.80 0.00 0.00 0.00 501.60 0}{501.60 627.00 627.00 627.00 752.40 1}{752.40 0.00 0.00 0.00 1003.20 0}{1003.20 0.00 0.00 0.00 1254.00 0}
COMP 4b-1: 481caa_48202a_482163_482257 (1 4994.00 1 4994.00 1 4994.00){0.00 0.00 0.00 0.00 1997.60 0}{1997.60 0.00 0.00 0.00 3995.20 0}{3995.20 4994.00 4994.00 4994.00 5992.80 1}{5992.80 0.00 0.00 0.00 7990.40 0}{7990.40 0.00 0.00 0.00 9988.00 0}
COMP 4b-2: 48ac05_48ae89_48af5d_48b016 (5 1734.50 3 80.00 0 5030.00){0.00 80.00 86.75 92.00 2012.00 4}{2012.00 0.00 0.00 0.00 4024.00 0}{4024.00 5030.00 5030.00 5030.00 6036.00 1}{6036.00 0.00 0.00 0.00 8048.00 0}{8048.00 0.00 0.00 0.00 10060.00 0}
COMM 4b-0: 46a0df_46a43f_46a582_46a674 (1 108.00 0 108.00 0 108.00){0.00 0.00 0.00 0.00 43.20 0}{43.20 0.00 0.00 0.00 86.40 0}{86.40 108.00 108.00 108.00 129.60 1}{129.60 0.00 0.00 0.00 172.80 0}{172.80 0.00 0.00 0.00 216.00 0}
COMM 4b-1: 481caa_48202a_482163_482257 (1 113.00 1 113.00 1 113.00){0.00 0.00 0.00 0.00 45.20 0}{45.20 0.00 0.00 0.00 90.40 0}{90.40 113.00 113.00 113.00 135.60 1}{135.60 0.00 0.00 0.00 180.80 0}{180.80 0.00 0.00 0.00 226.00 0}
COMM 4b-2: 48ac05_48ae89_48af5d_48b016 (5 120.67 2 100.00 0 153.00){0.00 0.00 0.00 0.00 61.20 0}{61.20 100.00 104.50 115.00 122.40 4}{122.40 153.00 153.00 153.00 183.60 1}{183.60 0.00 0.00 0.00 244.80 0}{244.80 0.00 0.00 0.00 306.00 0}
LOOP0: iter: ( 2 )[ 1 -1 0 2 1 ] mem: ( 3 )[ 1 -1 0 1 0 ]( 1 )[ 1 -1 1 1 0 ]
10 2 
12 20480 
14 16 
1a ( 1 2 )[ 1 -1 0 1 0 ]
1a ( 3 2 )[ 1 -1 1 2 2 ]
1a ( 2 )[ 1 -1 2 1 0 ]
1b 0 

RANKS: 1 -1 0 2 1
EVENT43: 1090 479b76_479f4b_47a0b6_47a1d7
COMP 4b-0: 481caa_48202a_482163_482257 (3 6.00 0 5.00 1 7.00){0.00 0.00 0.00 0.00 2.40 0}{2.40 0.00 0.00 0.00 4.80 0}{4.80 5.00 6.00 7.00 7.20 3}{7.20 0.00 0.00 0.00 9.60 0}{9.60 0.00 0.00 0.00 12.00 0}
COMM 4b-0: 481caa_48202a_482163_482257 (3 2.00 0 2.00 0 2.00){0.00 0.00 0.00 0.00 0.80 0}{0.80 0.00 0.00 0.00 1.60 0}{1.60 2.00 2.00 2.00 2.40 3}{2.40 0.00 0.00 0.00 3.20 0}{3.20 0.00 0.00 0.00 4.00 0}
10 2 
12 20480 
14 16 
1b 0 
2b 2147483647 

RANKS: 1 -1 0 2 1
EVENT44: 1148 48ac05_48ae89_48af5d_48b016
COMP 4b-0: 479b76_479f4b_47a0b6_47a1d7 (3 8.00 1 5.00 0 15.00){0.00 0.00 0.00 0.00 2.40 0}{2.40 0.00 0.00 0.00 4.80 0}{4.80 5.00 5.50 6.00 9.60 2}{9.60 0.00 0.00 0.00 12.00 0}{12.00 15.00 15.00 15.00 18.00 1}
COMM 4b-0: 479b76_479f4b_47a0b6_47a1d7 (3 129.50 1 96.00 0 144.00){0.00 0.00 0.00 0.00 55.60 0}{55.60 96.00 96.00 96.00 111.20 1}{111.20 139.00 141.50 144.00 166.80 2}{166.80 0.00 0.00 0.00 222.40 0}{222.40 0.00 0.00 0.00 278.00 0}
1c 9999 

RANKS: 1 -1 0 4 1
EVENT45: 1004 46a0df_46a43f_46a582_46a674
COMP 4b-0: 46a0df_46a43f_46a582_46a674 (8 2133.89 3 6.00 2 4908.00){0.00 0.00 0.00 0.00 2.80 0}{2.80 0.00 0.00 0.00 5.60 0}{5.60 6.00 6.33 7.00 11.20 3}{11.20 0.00 0.00 0.00 14.00 0}{14.00 15.00 3835.80 4908.00 9492.00 5}
COMP 4b-1: 481caa_48202a_482163_482257 (2 10257.33 2 10254.00 3 10259.00){0.00 0.00 0.00 0.00 4103.60 0}{4103.60 0.00 0.00 0.00 8207.20 0}{8207.20 10254.00 10256.50 10259.00 12310.80 2}{12310.80 0.00 0.00 0.00 16414.40 0}{16414.40 0.00 0.00 0.00 20518.00 0}
COMP 4b-2: 48ac05_48ae89_48af5d_48b016 (2 10348.00 1 10302.00 0 10371.00){0.00 0.00 0.00 0.00 4148.40 0}{4148.40 0.00 0.00 0.00 8296.80 0}{8296.80 10302.00 10336.50 10371.00 12445.20 2}{12445.20 0.00 0.00 0.00 16593.60 0}{16593.60 0.00 0.00 0.00 20742.00 0}
COMM 4b-0: 46a0df_46a43f_46a582_46a674 (8 63.89 1 4.00 3 176.00){0.00 4.00 4.00 4.00 4.80 1}{4.80 6.00 7.00 8.00 9.60 2}{9.60 12.00 14.00 16.00 19.20 2}{19.20 0.00 0.00 0.00 24.00 0}{24.00 168.00 172.33 176.00 322.00 3}
COMM 4b-1: 481caa_48202a_482163_482257 (2 175.67 2 149.00 3 189.00){0.00 0.00 0.00 0.00 75.60 0}{75.60 149.00 149.00 149.00 151.20 1}{151.20 189.00 189.00 189.00 226.80 1}{226.80 0.00 0.00 0.00 302.40 0}{302.40 0.00 0.00 0.00 378.00 0}
COMM 4b-2: 48ac05_48ae89_48af5d_48b016 (2 74.00 0 19.00 1 184.00){0.00 0.00 0.00 0.00 7.60 0}{7.60 0.00 0.00 0.00 15.20 0}{15.20 19.00 19.00 19.00 30.40 1}{30.40 0.00 0.00 0.00 38.00 0}{38.00 184.00 184.00 184.00 330.00 1}
LOOP0: iter: ( 3 )[ 1 -1 0 4 1 ] mem: ( 1 )[ 1 -1 0 4 1 ]
10 2 
12 5 1 5 
14 16 
18 3 1 3 

RANKS: 1 -1 0 2 1
EVENT46: 1090 479b76_479f4b_47a0b6_47a1d7_45e7e0
COMP 4b-0: 46a0df_46a43f_46a582_46a674 (2 46.33 1 45.00 0 47.00){0.00 0.00 0.00 0.00 18.80 0}{18.80 0.00 0.00 0.00 37.60 0}{37.60 45.00 46.00 47.00 56.40 2}{56.40 0.00 0.00 0.00 75.20 0}{75.20 0.00 0.00 0.00 94.00 0}
COMM 4b-0: 46a0df_46a43f_46a582_46a674 (2 1.00 0 1.00 0 1.00){0.00 0.00 0.00 0.00 0.40 0}{0.40 0.00 0.00 0.00 0.80 0}{0.80 1.00 1.00 1.00 1.20 2}{1.20 0.00 0.00 0.00 1.60 0}{1.60 0.00 0.00 0.00 2.00 0}
10 2 
12 64 
14 16 
1b 0 
2b 2147483647 

RANKS: 1 -1 0 2 1
EVENT47: 1148 48ac05_48ae89_48af5d_48b016_45e7f9
COMP 4b-0: 479b76_479f4b_47a0b6_47a1d7_45e7e0 (2 6.33 0 6.00 1 7.00){0.00 0.00 0.00 0.00 2.40 0}{2.40 0.00 0.00 0.00 4.80 0}{4.80 6.00 6.50 7.00 7.20 2}{7.20 0.00 0.00 0.00 9.60 0}{9.60 0.00 0.00 0.00 12.00 0}
COMM 4b-0: 479b76_479f4b_47a0b6_47a1d7_45e7e0 (2 3.00 0 3.00 0 3.00){0.00 0.00 0.00 0.00 1.20 0}{1.20 0.00 0.00 0.00 2.40 0}{2.40 3.00 3.00 3.00 3.60 2}{3.60 0.00 0.00 0.00 4.80 0}{4.80 0.00 0.00 0.00 6.00 0}
1c 9999 

RANKS: 1 -1 2 1 0
EVENT48: 1113 481caa_48202a_482163_482257_45e8ce
COMP 4b-0: 46a0df_46a43f_46a582_46a674 (1 43.00 2 43.00 2 43.00){0.00 0.00 0.00 0.00 17.20 0}{17.20 0.00 0.00 0.00 34.40 0}{34.40 43.00 43.00 43.00 51.60 1}{51.60 0.00 0.00 0.00 68.80 0}{68.80 0.00 0.00 0.00 86.00 0}
COMM 4b-0: 46a0df_46a43f_46a582_46a674 (1 4.00 2 4.00 2 4.00){0.00 0.00 0.00 0.00 1.60 0}{1.60 0.00 0.00 0.00 3.20 0}{3.20 4.00 4.00 4.00 4.80 1}{4.80 0.00 0.00 0.00 6.40 0}{6.40 0.00 0.00 0.00 8.00 0}
10 2 
12 64 
14 16 
1a 2 
1b 0 

RANKS: 1 -1 0 2 2
EVENT49: 1090 479b76_479f4b_47a0b6_47a1d7_45e92a
COMP 4b-0: 481caa_48202a_482163_482257_45e8ce (1 10.00 2 10.00 2 10.00){0.00 0.00 0.00 0.00 4.00 0}{4.00 0.00 0.00 0.00 8.00 0}{8.00 10.00 10.00 10.00 12.00 1}{12.00 0.00 0.00 0.00 16.00 0}{16.00 0.00 0.00 0.00 20.00 0}
COMP 4b-1: 48ac05_48ae89_48af5d_48b016_45e7f9 (1 7.00 0 7.00 0 7.00){0.00 0.00 0.00 0.00 2.80 0}{2.80 0.00 0.00 0.00 5.60 0}{5.60 7.00 7.00 7.00 8.40 1}{8.40 0.00 0.00 0.00 11.20 0}{11.20 0.00 0.00 0.00 14.00 0}
COMM 4b-0: 481caa_48202a_482163_482257_45e8ce (1 1.00 2 1.00 2 1.00){0.00 0.00 0.00 0.00 0.40 0}{0.40 0.00 0.00 0.00 0.80 0}{0.80 1.00 1.00 1.00 1.20 1}{1.20 0.00 0.00 0.00 1.60 0}{1.60 0.00 0.00 0.00 2.00 0}
COMM 4b-1: 48ac05_48ae89_48af5d_48b016_45e7f9 (1 1.00 0 1.00 0 1.00){0.00 0.00 0.00 0.00 0.40 0}{0.40 0.00 0.00 0.00 0.80 0}{0.80 1.00 1.00 1.00 1.20 1}{1.20 0.00 0.00 0.00 1.60 0}{1.60 0.00 0.00 0.00 2.00 0}
10 2 
12 68 
14 16 
1b 0 
2b 2147483647 

RANKS: 1 -1 0 2 2
EVENT50: 1148 48ac05_48ae89_48af5d_48b016_45e93f
COMP 4b-0: 479b76_479f4b_47a0b6_47a1d7_45e92a (2 6.33 0 5.00 2 9.00){0.00 0.00 0.00 0.00 2.00 0}{2.00 0.00 0.00 0.00 4.00 0}{4.00 5.00 5.00 5.00 6.00 1}{6.00 0.00 0.00 0.00 8.00 0}{8.00 9.00 9.00 9.00 10.00 1}
COMM 4b-0: 479b76_479f4b_47a0b6_47a1d7_45e92a (2 2.33 0 2.00 2 3.00){0.00 0.00 0.00 0.00 0.80 0}{0.80 0.00 0.00 0.00 1.60 0}{1.60 2.00 2.00 2.00 2.40 1}{2.40 3.00 3.00 3.00 3.20 1}{3.20 0.00 0.00 0.00 4.00 0}
1c 9999 

RANKS: 1 -1 3 1 0
EVENT51: 1113 481caa_48202a_482163_482257_45e8ce
COMP 4b-0: 46a0df_46a43f_46a582_46a674 (1 49.00 3 49.00 3 49.00){0.00 0.00 0.00 0.00 19.60 0}{19.60 0.00 0.00 0.00 39.20 0}{39.20 49.00 49.00 49.00 58.80 1}{58.80 0.00 0.00 0.00 78.40 0}{78.40 0.00 0.00 0.00 98.00 0}
COMM 4b-0: 46a0df_46a43f_46a582_46a674 (1 3.00 3 3.00 3 3.00){0.00 0.00 0.00 0.00 1.20 0}{1.20 0.00 0.00 0.00 2.40 0}{2.40 3.00 3.00 3.00 3.60 1}{3.60 0.00 0.00 0.00 4.80 0}{4.80 0.00 0.00 0.00 6.00 0}
10 2 
12 64 
14 16 
1a 2 
1b 0 

RANKS: 1 -1 1 2 2
EVENT52: 1113 481caa_48202a_482163_482257_45ea3f
COMP 4b-0: 481caa_48202a_482163_482257_45e8ce (1 5.00 3 5.00 3 5.00){0.00 0.00 0.00 0.00 2.00 0}{2.00 0.00 0.00 0.00 4.00 0}{4.00 5.00 5.00 5.00 6.00 1}{6.00 0.00 0.00 0.00 8.00 0}{8.00 0.00 0.00 0.00 10.00 0}
COMP 4b-1: 48ac05_48ae89_48af5d_48b016_45e7f9 (1 11.00 1 11.00 1 11.00){0.00 0.00 0.00 0.00 4.40 0}{4.40 0.00 0.00 0.00 8.80 0}{8.80 11.00 11.00 11.00 13.20 1}{13.20 0.00 0.00 0.00 17.60 0}{17.60 0.00 0.00 0.00 22.00 0}
COMM 4b-0: 481caa_48202a_482163_482257_45e8ce (1 2.00 3 2.00 3 2.00){0.00 0.00 0.00 0.00 0.80 0}{0.80 0.00 0.00 0.00 1.60 0}{1.60 2.00 2.00 2.00 2.40 1}{2.40 0.00 0.00 0.00 3.20 0}{3.20 0.00 0.00 0.00 4.00 0}
COMM 4b-1: 48ac05_48ae89_48af5d_48b016_45e7f9 (1 4.00 1 4.00 1 4.00){0.00 0.00 0.00 0.00 1.60 0}{1.60 0.00 0.00 0.00 3.20 0}{3.20 4.00 4.00 4.00 4.80 1}{4.80 0.00 0.00 0.00 6.40 0}{6.40 0.00 0.00 0.00 8.00 0}
10 2 
12 68 
14 16 
1a 3 
1b 0 

RANKS: 1 -1 0 4 1
EVENT53: 1004 46a0df_46a43f_46a582_46a674_466371
COMP 4b-0: 481caa_48202a_482163_482257_45ea3f (2 12.00 1 12.00 1 12.00){0.00 0.00 0.00 0.00 4.80 0}{4.80 0.00 0.00 0.00 9.60 0}{9.60 12.00 12.00 12.00 14.40 2}{14.40 0.00 0.00 0.00 19.20 0}{19.20 0.00 0.00 0.00 24.00 0}
COMP 4b-1: 48ac05_48ae89_48af5d_48b016_45e93f (2 10.67 0 10.00 2 12.00){0.00 0.00 0.00 0.00 4.00 0}{4.00 0.00 0.00 0.00 8.00 0}{8.00 10.00 11.00 12.00 12.00 2}{12.00 0.00 0.00 0.00 16.00 0}{16.00 0.00 0.00 0.00 20.00 0}
COMM 4b-0: 481caa_48202a_482163_482257_45ea3f (2 28.33 1 16.00 3 53.00){0.00 0.00 0.00 0.00 6.40 0}{6.40 0.00 0.00 0.00 12.80 0}{12.80 16.00 16.00 16.00 25.60 1}{25.60 0.00 0.00 0.00 32.00 0}{32.00 53.00 53.00 53.00 74.00 1}
COMM 4b-1: 48ac05_48ae89_48af5d_48b016_45e93f (2 12.67 0 4.00 2 30.00){0.00 0.00 0.00 0.00 1.60 0}{1.60 0.00 0.00 0.00 3.20 0}{3.20 4.00 4.00 4.00 6.40 1}{6.40 0.00 0.00 0.00 8.00 0}{8.00 30.00 30.00 30.00 52.00 1}
10 2 
12 1 
14 16 
18 3 

RANKS: 1 -1 0 2 2
EVENT54: 1090 479b76_479f4b_47a0b6_47a1d7
COMP 4b-0: 46a0df_46a43f_46a582_46a674_466371 (2 26.00 0 26.00 0 26.00){0.00 0.00 0.00 0.00 10.40 0}{10.40 0.00 0.00 0.00 20.80 0}{20.80 26.00 26.00 26.00 31.20 2}{31.20 0.00 0.00 0.00 41.60 0}{41.60 0.00 0.00 0.00 52.00 0}
COMM 4b-0: 46a0df_46a43f_46a582_46a674_466371 (2 0.67 2 0.00 0 1.00){0.00 0.00 0.00 0.00 0.40 1}{0.40 0.00 0.00 0.00 0.80 0}{0.80 1.00 1.00 1.00 1.20 1}{1.20 0.00 0.00 0.00 1.60 0}{1.60 0.00 0.00 0.00 2.00 0}
10 2 
12 64 
14 16 
1b 0 
2b 2147483647 

RANKS: 1 -1 0 2 2
EVENT55: 1148 48ac05_48ae89_48af5d_48b016
COMP 4b-0: 479b76_479f4b_47a0b6_47a1d7 (2 4.67 2 4.00 0 5.00){0.00 0.00 0.00 0.00 2.00 0}{2.00 4.00 4.00 4.00 4.00 1}{4.00 5.00 5.00 5.00 6.00 1}{6.00 0.00 0.00 0.00 8.00 0}{8.00 0.00 0.00 0.00 10.00 0}
COMM 4b-0: 479b76_479f4b_47a0b6_47a1d7 (2 2.00 0 2.00 0 2.00){0.00 0.00 0.00 0.00 0.80 0}{0.80 0.00 0.00 0.00 1.60 0}{1.60 2.00 2.00 2.00 2.40 2}{2.40 0.00 0.00 0.00 3.20 0}{3.20 0.00 0.00 0.00 4.00 0}
1c 9999 

RANKS: 1 -1 1 2 2
EVENT56: 1113 481caa_48202a_482163_482257
COMP 4b-0: 46a0df_46a43f_46a582_46a674_466371 (2 27.33 1 27.00 3 28.00){0.00 0.00 0.00 0.00 10.80 0}{10.80 0.00 0.00 0.00 21.60 0}{21.60 27.00 27.50 28.00 32.40 2}{32.40 0.00 0.00 0.00 43.20 0}{43.20 0.00 0.00 0.00 54.00 0}
COMM 4b-0: 46a0df_46a43f_46a582_46a674_466371 (2 2.00 1 2.00 1 2.00){0.00 0.00 0.00 0.00 0.80 0}{0.80 0.00 0.00 0.00 1.60 0}{1.60 2.00 2.00 2.00 2.40 2}{2.40 0.00 0.00 0.00 3.20 0}{3.20 0.00 0.00 0.00 4.00 0}
10 2 
12 64 
14 16 
1a 3 
1b 0 

RANKS: 1 -1 0 4 1
EVENT57: 1004 46a0df_46a43f_46a582_46a674_466744
COMP 4b-0: 481caa_48202a_482163_482257 (2 19.00 3 13.00 1 22.00){0.00 0.00 0.00 0.00 8.80 0}{8.80 13.00 13.00 13.00 17.60 1}{17.60 22.00 22.00 22.00 26.40 1}{26.40 0.00 0.00 0.00 35.20 0}{35.20 0.00 0.00 0.00 44.00 0}
COMP 4b-1: 48ac05_48ae89_48af5d_48b016 (2 16.33 2 15.00 0 17.00){0.00 0.00 0.00 0.00 6.80 0}{6.80 0.00 0.00 0.00 13.60 0}{13.60 15.00 16.00 17.00 20.40 2}{20.40 0.00 0.00 0.00 27.20 0}{27.20 0.00 0.00 0.00 34.00 0}
COMM 4b-0: 481caa_48202a_482163_482257 (2 20.67 1 17.00 3 28.00){0.00 0.00 0.00 0.00 6.80 0}{6.80 0.00 0.00 0.00 13.60 0}{13.60 17.00 17.00 17.00 20.40 1}{20.40 0.00 0.00 0.00 27.20 0}{27.20 28.00 28.00 28.00 34.00 1}
COMM 4b-1: 48ac05_48ae89_48af5d_48b016 (2 6.33 2 5.00 0 7.00){0.00 0.00 0.00 0.00 2.80 0}{2.80 5.00 5.00 5.00 5.60 1}{5.60 7.00 7.00 7.00 8.40 1}{8.40 0.00 0.00 0.00 11.20 0}{11.20 0.00 0.00 0.00 14.00 0}
10 2 
12 1 
14 16 
18 3 

RANKS: 1 -1 0 2 1
EVENT58: 1090 479b76_479f4b_47a0b6_47a1d7_45ec18
COMP 4b-0: 46a0df_46a43f_46a582_46a674_466744 (2 31.00 0 31.00 0 31.00){0.00 0.00 0.00 0.00 12.40 0}{12.40 0.00 0.00 0.00 24.80 0}{24.80 31.00 31.00 31.00 37.20 2}{37.20 0.00 0.00 0.00 49.60 0}{49.60 0.00 0.00 0.00 62.00 0}
COMM 4b-0: 46a0df_46a43f_46a582_46a674_466744 (2 1.00 0 1.00 0 1.00){0.00 0.00 0.00 0.00 0.40 0}{0.40 0.00 0.00 0.00 0.80 0}{0.80 1.00 1.00 1.00 1.20 2}{1.20 0.00 0.00 0.00 1.60 0}{1.60 0.00 0.00 0.00 2.00 0}
10 2 
12 64 
14 16 
1b 0 
2b 2147483647 

RANKS: 1 -1 0 2 1
EVENT59: 1148 48ac05_48ae89_48af5d_48b016_45ec2d
COMP 4b-0: 479b76_479f4b_47a0b6_47a1d7_45ec18 (2 5.67 1 5.00 0 6.00){0.00 0.00 0.00 0.00 2.40 0}{2.40 0.00 0.00 0.00 4.80 0}{4.80 5.00 5.50 6.00 7.20 2}{7.20 0.00 0.00 0.00 9.60 0}{9.60 0.00 0.00 0.00 12.00 0}
COMM 4b-0: 479b76_479f4b_47a0b6_47a1d7_45ec18 (2 2.00 0 2.00 0 2.00){0.00 0.00 0.00 0.00 0.80 0}{0.80 0.00 0.00 0.00 1.60 0}{1.60 2.00 2.00 2.00 2.40 2}{2.40 0.00 0.00 0.00 3.20 0}{3.20 0.00 0.00 0.00 4.00 0}
1c 9999 

RANKS: 1 -1 2 2 1
EVENT60: 1113 481caa_48202a_482163_482257_45ecda
COMP 4b-0: 46a0df_46a43f_46a582_46a674_466744 (2 29.33 3 29.00 2 30.00){0.00 0.00 0.00 0.00 11.60 0}{11.60 0.00 0.00 0.00 23.20 0}{23.20 29.00 29.50 30.00 34.80 2}{34.80 0.00 0.00 0.00 46.40 0}{46.40 0.00 0.00 0.00 58.00 0}
COMM 4b-0: 46a0df_46a43f_46a582_46a674_466744 (2 2.33 3 2.00 2 3.00){0.00 0.00 0.00 0.00 0.80 0}{0.80 0.00 0.00 0.00 1.60 0}{1.60 2.00 2.00 2.00 2.40 1}{2.40 3.00 3.00 3.00 3.20 1}{3.20 0.00 0.00 0.00 4.00 0}
10 2 
12 64 
14 16 
1a 2 
1b 0 

RANKS: 1 -1 0 4 1
EVENT61: 1004 46a0df_46a43f_46a582_46a674
COMP 4b-0: 481caa_48202a_482163_482257_45ecda (2 13.00 3 13.00 3 13.00){0.00 0.00 0.00 0.00 5.20 0}{5.20 0.00 0.00 0.00 10.40 0}{10.40 13.00 13.00 13.00 15.60 2}{15.60 0.00 0.00 0.00 20.80 0}{20.80 0.00 0.00 0.00 26.00 0}
COMP 4b-1: 48ac05_48ae89_48af5d_48b016_45ec2d (2 14.33 1 13.00 0 15.00){0.00 0.00 0.00 0.00 6.00 0}{6.00 0.00 0.00 0.00 12.00 0}{12.00 13.00 14.00 15.00 18.00 2}{18.00 0.00 0.00 0.00 24.00 0}{24.00 0.00 0.00 0.00 30.00 0}
COMM 4b-0: 481caa_48202a_482163_482257_45ecda (2 31.00 3 31.00 3 31.00){0.00 0.00 0.00 0.00 12.40 0}{12.40 0.00 0.00 0.00 24.80 0}{24.80 31.00 31.00 31.00 37.20 2}{37.20 0.00 0.00 0.00 49.60 0}{49.60 0.00 0.00 0.00 62.00 0}
COMM 4b-1: 48ac05_48ae89_48af5d_48b016_45ec2d (2 6.33 1 5.00 0 7.00){0.00 0.00 0.00 0.00 2.80 0}{2.80 5.00 5.00 5.00 5.60 1}{5.60 7.00 7.00 7.00 8.40 1}{8.40 0.00 0.00 0.00 11.20 0}{11.20 0.00 0.00 0.00 14.00 0}
10 2 
12 1 
14 16 
18 3 

RANKS: 1 -1 0 4 1
EVENT62: 1045 472a3f_472ab3_472b19_472b74
COMP 4b-0: 46a0df_46a43f_46a582_46a674 (4 3365.20 1 3361.00 0 3369.00){0.00 0.00 0.00 0.00 1347.60 0}{1347.60 0.00 0.00 0.00 2695.20 0}{2695.20 3361.00 3364.25 3369.00 4042.80 4}{4042.80 0.00 0.00 0.00 5390.40 0}{5390.40 0.00 0.00 0.00 6738.00 0}

