RANKS: 1 -1 0 8 1
EVENT0: 1084 478e20_478edf_478f75_478fd0
33 2 
34 0 

RANKS: 1 -1 0 8 1
EVENT1: 1011 46cffd_46d32c_46d447_46d533
COMP 4b-0: 46cffd_46d32c_46d447_46d533 (64 5.74 0 5.00 0 7.00){0.00 0.00 0.00 0.00 2.40 0}{2.40 0.00 0.00 0.00 4.80 0}{4.80 5.00 5.73 7.00 7.20 64}{7.20 0.00 0.00 0.00 9.60 0}{9.60 0.00 0.00 0.00 12.00 0}
COMP 4b-1: 478e20_478edf_478f75_478fd0 (8 100.11 3 49.00 0 270.00){0.00 49.00 51.57 55.00 108.00 7}{108.00 0.00 0.00 0.00 216.00 0}{216.00 270.00 270.00 270.00 324.00 1}{324.00 0.00 0.00 0.00 432.00 0}{432.00 0.00 0.00 0.00 540.00 0}
COMM 4b-0: 46cffd_46d32c_46d447_46d533 (64 17.80 7 1.00 1 105.00){0.00 1.00 1.83 2.00 2.40 6}{2.40 2.45 2.87 4.00 4.80 38}{4.80 6.00 6.33 7.00 9.60 3}{9.60 10.00 10.00 10.00 12.00 1}{12.00 50.17 62.62 105.00 176.00 16}
COMM 4b-1: 478e20_478edf_478f75_478fd0 (8 302.44 0 19.00 6 720.00){0.00 0.00 0.00 0.00 15.20 0}{15.20 19.00 19.00 19.00 38.00 1}{38.00 92.00 92.00 92.00 146.00 2}{146.00 247.00 354.00 408.00 670.00 3}{670.00 718.00 719.00 720.00 770.00 2}
LOOP0: iter: ( 9 )[ 1 -1 0 8 1 ] mem: ( 1 )[ 1 -1 0 8 1 ]
10 2 
12 1 1 1 1 1 5 1 1 1 
14 14 14 14 16 16 16 14 14 14 
19 0 

RANKS: 1 -1 4 1 0
EVENT2: 1113 481d4e_4820ce_482207_4822fb
COMP 4b-0: 46cffd_46d32c_46d447_46d533 (1 17805.00 4 17805.00 4 17805.00){0.00 0.00 0.00 0.00 7122.00 0}{7122.00 0.00 0.00 0.00 14244.00 0}{14244.00 17805.00 17805.00 17805.00 21366.00 1}{21366.00 0.00 0.00 0.00 28488.00 0}{28488.00 0.00 0.00 0.00 35610.00 0}
COMM 4b-0: 46cffd_46d32c_46d447_46d533 (1 3204.00 4 3204.00 4 3204.00){0.00 0.00 0.00 0.00 1281.60 0}{1281.60 0.00 0.00 0.00 2563.20 0}{2563.20 3204.00 3204.00 3204.00 3844.80 1}{3844.80 0.00 0.00 0.00 5126.40 0}{5126.40 0.00 0.00 0.00 6408.00 0}
10 2 
12 20480 
14 16 
1a 1 
1b 0 

RANKS: 1 -1 1 6 1
EVENT3: 1090 479c1a_479fef_47a15a_47a27b
COMP 4b-0: 46cffd_46d32c_46d447_46d533 (5 17808.83 3 17255.00 2 18177.00){0.00 0.00 0.00 0.00 7144.40 0}{7144.40 0.00 0.00 0.00 14288.80 0}{14288.80 17255.00 17798.40 18177.00 21433.20 5}{21433.20 0.00 0.00 0.00 28577.60 0}{28577.60 0.00 0.00 0.00 35722.00 0}
COMP 4b-1: 481d4e_4820ce_482207_4822fb (3 4260.25 4 12.00 6 5813.00){0.00 12.00 12.00 12.00 2243.20 1}{2243.20 0.00 0.00 0.00 4486.40 0}{4486.40 5608.00 5710.50 5813.00 6729.60 2}{6729.60 0.00 0.00 0.00 8972.80 0}{8972.80 0.00 0.00 0.00 11216.00 0}
COMP 4b-2: 48aca9_48af2d_48b001_48b0ba (7 399.12 1 42.00 4 2876.00){0.00 0.00 0.00 0.00 16.80 0}{16.80 0.00 0.00 0.00 33.60 0}{33.60 42.00 45.83 50.00 67.20 6}{67.20 0.00 0.00 0.00 84.00 0}{84.00 2876.00 2876.00 2876.00 5668.00 1}
COMM 4b-0: 46cffd_46d32c_46d447_46d533 (5 4.00 1 4.00 1 4.00){0.00 0.00 0.00 0.00 1.60 0}{1.60 0.00 0.00 0.00 3.20 0}{3.20 4.00 4.00 4.00 4.80 5}{4.80 0.00 0.00 0.00 6.40 0}{6.40 0.00 0.00 0.00 8.00 0}
COMM 4b-1: 481d4e_4820ce_482207_4822fb (3 2.00 5 1.00 4 4.00){0.00 0.00 0.00 0.00 0.40 0}{0.40 0.00 0.00 0.00 0.80 0}{0.80 1.00 1.00 1.00 1.60 1}{1.60 2.00 2.00 2.00 2.00 1}{2.00 4.00 4.00 4.00 6.00 1}
COMM 4b-2: 48aca9_48af2d_48b001_48b0ba (7 2.50 1 1.00 2 7.00){0.00 0.00 0.00 0.00 0.40 0}{0.40 0.00 0.00 0.00 0.80 0}{0.80 1.00 1.00 1.00 1.60 5}{1.60 0.00 0.00 0.00 2.00 0}{2.00 7.00 7.00 7.00 12.00 2}
LOOP0: iter: ( 2 )[ 2 -2 1 2 3 2 1 -1 6 1 0 ] mem: ( 3 )[ 1 -1 1 2 1 ]( 6 )[ 1 -1 5 2 1 ]( 2 )[ 1 -1 4 1 0 ]
LOOP1: iter: ( 2 )[ 1 -1 5 2 1 ] mem: ( 3 )[ 1 -1 5 2 1 ]
10 2 
12 ( 20480 )[ 2 -1 1 3 1 -1 5 2 1 ]
12 ( 20480 10240 )[ 1 -1 4 1 0 ]
14 16 
1b 0 
2b 2147483647 

RANKS: 1 -1 1 2 1
EVENT4: 1113 481d4e_4820ce_482207_4822fb
COMP 4b-0: 479c1a_479fef_47a15a_47a27b (4 65.20 1 43.00 2 82.00){0.00 0.00 0.00 0.00 30.40 0}{30.40 43.00 46.00 49.00 60.80 2}{60.80 76.00 79.00 82.00 91.20 2}{91.20 0.00 0.00 0.00 121.60 0}{121.60 0.00 0.00 0.00 152.00 0}
COMM 4b-0: 479c1a_479fef_47a15a_47a27b (4 5331.80 2 149.00 1 13024.00){0.00 149.00 203.67 276.00 5209.60 3}{5209.60 0.00 0.00 0.00 10419.20 0}{10419.20 13024.00 13024.00 13024.00 15628.80 1}{15628.80 0.00 0.00 0.00 20838.40 0}{20838.40 0.00 0.00 0.00 26048.00 0}
10 2 
12 20480 
14 16 
1a 1 7 
1b 0 

RANKS: 1 -1 1 4 1
EVENT5: 1148 48aca9_48af2d_48b001_48b0ba
COMP 4b-0: 479c1a_479fef_47a15a_47a27b (3 10.00 4 5.00 3 12.00){0.00 0.00 0.00 0.00 4.80 0}{4.80 5.00 5.00 5.00 9.60 1}{9.60 11.00 11.50 12.00 14.40 2}{14.40 0.00 0.00 0.00 19.20 0}{19.20 0.00 0.00 0.00 24.00 0}
COMP 4b-1: 481d4e_4820ce_482207_4822fb (4 10.60 1 5.00 1 14.00){0.00 5.00 5.00 5.00 5.60 1}{5.60 9.00 10.00 11.00 11.20 2}{11.20 14.00 14.00 14.00 16.80 1}{16.80 0.00 0.00 0.00 22.40 0}{22.40 0.00 0.00 0.00 28.00 0}
COMM 4b-0: 479c1a_479fef_47a15a_47a27b (3 3202.50 4 54.00 4 11514.00){0.00 54.00 54.00 54.00 248.40 1}{248.40 0.00 0.00 0.00 496.80 0}{496.80 621.00 621.00 621.00 993.60 1}{993.60 0.00 0.00 0.00 1242.00 0}{1242.00 11514.00 11514.00 11514.00 21786.00 1}
COMM 4b-1: 481d4e_4820ce_482207_4822fb (4 2606.80 1 1.00 2 13022.00){0.00 1.00 1.00 1.00 2.00 2}{2.00 0.00 0.00 0.00 4.00 0}{4.00 5.00 5.00 5.00 8.00 1}{8.00 0.00 0.00 0.00 10.00 0}{10.00 13022.00 13022.00 13022.00 26034.00 1}
1c 9999 

RANKS: 1 -1 1 6 1
EVENT6: 1113 481d4e_4820ce_482207_4822fb
COMP 4b-0: 479c1a_479fef_47a15a_47a27b (8 69.33 5 45.00 6 81.00){0.00 0.00 0.00 0.00 31.60 0}{31.60 45.00 49.00 53.00 63.20 2}{63.20 65.00 74.50 81.00 94.80 6}{94.80 0.00 0.00 0.00 126.40 0}{126.40 0.00 0.00 0.00 158.00 0}
COMP 4b-1: 481d4e_4820ce_482207_4822fb (2 3915.67 3 3154.00 4 5439.00){0.00 0.00 0.00 0.00 1261.60 0}{1261.60 0.00 0.00 0.00 2523.20 0}{2523.20 3154.00 3154.00 3154.00 3784.80 1}{3784.80 0.00 0.00 0.00 5046.40 0}{5046.40 5439.00 5439.00 5439.00 6308.00 1}
COMP 4b-2: 48aca9_48af2d_48b001_48b0ba (4 1888.40 4 42.00 2 3116.00){0.00 42.00 73.00 104.00 1236.00 2}{1236.00 0.00 0.00 0.00 2472.00 0}{2472.00 3090.00 3103.00 3116.00 3708.00 2}{3708.00 0.00 0.00 0.00 4944.00 0}{4944.00 0.00 0.00 0.00 6180.00 0}
COMM 4b-0: 479c1a_479fef_47a15a_47a27b (8 3251.78 5 103.00 5 13965.00){0.00 103.00 190.86 386.00 5586.00 7}{5586.00 0.00 0.00 0.00 11172.00 0}{11172.00 13965.00 13965.00 13965.00 16758.00 1}{16758.00 0.00 0.00 0.00 22344.00 0}{22344.00 0.00 0.00 0.00 27930.00 0}
COMM 4b-1: 481d4e_4820ce_482207_4822fb (2 913.67 4 467.00 3 1137.00){0.00 0.00 0.00 0.00 454.80 0}{454.80 467.00 467.00 467.00 909.60 1}{909.60 1137.00 1137.00 1137.00 1364.40 1}{1364.40 0.00 0.00 0.00 1819.20 0}{1819.20 0.00 0.00 0.00 2274.00 0}
COMM 4b-2: 48aca9_48af2d_48b001_48b0ba (4 3417.20 4 64.00 3 13123.00){0.00 64.00 64.00 64.00 505.20 1}{505.20 0.00 0.00 0.00 1010.40 0}{1010.40 1263.00 1318.00 1373.00 2020.80 2}{2020.80 0.00 0.00 0.00 2526.00 0}{2526.00 13123.00 13123.00 13123.00 23720.00 1}
LOOP0: iter: ( 2 )[ 1 -1 3 2 1 ] mem: ( 1 )[ 1 -1 3 2 1 ]
10 2 
12 ( 10240 )[ 1 -1 1 2 1 ]
12 ( 20480 10240 )[ 1 -1 3 1 0 ]
12 ( 20480 )[ 1 -1 5 2 1 ]
12 ( 10240 20480 )[ 1 -1 4 1 0 ]
14 16 
1a ( 4 )[ 1 -1 1 2 1 ]
1a ( 7 4 )[ 1 -1 3 1 0 ]
1a ( 1 7 )[ 1 -1 5 2 1 ]
1a ( 4 1 )[ 1 -1 4 1 0 ]
1b 0 

RANKS: 1 -1 1 2 1
EVENT7: 1090 479c1a_479fef_47a15a_47a27b
COMP 4b-0: 481d4e_4820ce_482207_4822fb (2 5.00 1 5.00 1 5.00){0.00 0.00 0.00 0.00 2.00 0}{2.00 0.00 0.00 0.00 4.00 0}{4.00 5.00 5.00 5.00 6.00 2}{6.00 0.00 0.00 0.00 8.00 0}{8.00 0.00 0.00 0.00 10.00 0}
COMM 4b-0: 481d4e_4820ce_482207_4822fb (2 1.00 1 1.00 1 1.00){0.00 0.00 0.00 0.00 0.40 0}{0.40 0.00 0.00 0.00 0.80 0}{0.80 1.00 1.00 1.00 1.20 2}{1.20 0.00 0.00 0.00 1.60 0}{1.60 0.00 0.00 0.00 2.00 0}
10 2 
12 10240 
14 16 
1b 0 
2b 2147483647 

RANKS: 1 -2 1 2 4 2 1
EVENT8: 1148 48aca9_48af2d_48b001_48b0ba
COMP 4b-0: 479c1a_479fef_47a15a_47a27b (2 7.00 2 5.00 1 8.00){0.00 0.00 0.00 0.00 3.20 0}{3.20 5.00 5.00 5.00 6.40 1}{6.40 8.00 8.00 8.00 9.60 1}{9.60 0.00 0.00 0.00 12.80 0}{12.80 0.00 0.00 0.00 16.00 0}
COMP 4b-1: 481d4e_4820ce_482207_4822fb (10 8.18 6 5.00 6 15.00){0.00 0.00 0.00 0.00 3.20 0}{3.20 5.00 5.50 6.00 6.40 2}{6.40 7.00 7.33 8.00 9.60 6}{9.60 12.00 12.00 12.00 12.80 1}{12.80 15.00 15.00 15.00 16.00 1}
COMM 4b-0: 479c1a_479fef_47a15a_47a27b (2 51.00 1 51.00 1 51.00){0.00 0.00 0.00 0.00 20.40 0}{20.40 0.00 0.00 0.00 40.80 0}{40.80 51.00 51.00 51.00 61.20 2}{61.20 0.00 0.00 0.00 81.60 0}{81.60 0.00 0.00 0.00 102.00 0}
COMM 4b-1: 481d4e_4820ce_482207_4822fb (10 1241.36 1 1.00 6 13637.00){0.00 0.00 0.00 0.00 0.80 0}{0.80 1.00 1.00 1.00 2.00 6}{2.00 3.00 3.00 3.00 4.00 2}{4.00 5.00 5.00 5.00 6.00 1}{6.00 13637.00 13637.00 13637.00 27268.00 1}
LOOP0: iter: ( 2 )[ 1 -1 1 2 1 ] mem: ( 3 )[ 1 -1 1 2 1 ]
1c 9999 

RANKS: 1 -1 1 7 1
EVENT9: 1090 479c1a_479fef_47a15a_47a27b
COMP 4b-0: 46cffd_46d32c_46d447_46d533 (1 18103.00 7 18103.00 7 18103.00){0.00 0.00 0.00 0.00 7241.20 0}{7241.20 0.00 0.00 0.00 14482.40 0}{14482.40 18103.00 18103.00 18103.00 21723.60 1}{21723.60 0.00 0.00 0.00 28964.80 0}{28964.80 0.00 0.00 0.00 36206.00 0}
COMP 4b-1: 481d4e_4820ce_482207_4822fb (5 1867.50 4 6.00 7 5616.00){0.00 0.00 0.00 0.00 2.80 0}{2.80 0.00 0.00 0.00 5.60 0}{5.60 6.00 6.50 7.00 14.00 2}{14.00 2547.00 2784.50 3022.00 5080.00 2}{5080.00 5616.00 5616.00 5616.00 6152.00 1}
COMP 4b-2: 48aca9_48af2d_48b001_48b0ba (10 3337.55 1 49.00 3 5641.00){0.00 49.00 49.00 49.00 2230.80 2}{2230.80 2622.00 2848.80 3226.00 4461.60 5}{4461.60 5576.00 5598.00 5641.00 6692.40 3}{6692.40 0.00 0.00 0.00 8923.20 0}{8923.20 0.00 0.00 0.00 11154.00 0}
COMM 4b-0: 46cffd_46d32c_46d447_46d533 (1 5.00 7 5.00 7 5.00){0.00 0.00 0.00 0.00 2.00 0}{2.00 0.00 0.00 0.00 4.00 0}{4.00 5.00 5.00 5.00 6.00 1}{6.00 0.00 0.00 0.00 8.00 0}{8.00 0.00 0.00 0.00 10.00 0}
COMM 4b-1: 481d4e_4820ce_482207_4822fb (5 1.67 7 1.00 7 3.00){0.00 0.00 0.00 0.00 0.80 0}{0.80 1.00 1.00 1.00 1.60 3}{1.60 2.00 2.00 2.00 2.40 1}{2.40 3.00 3.00 3.00 3.20 1}{3.20 0.00 0.00 0.00 4.00 0}
COMM 4b-2: 48aca9_48af2d_48b001_48b0ba (10 1.18 1 1.00 5 2.00){0.00 0.00 0.00 0.00 0.40 0}{0.40 0.00 0.00 0.00 0.80 0}{0.80 1.00 1.00 1.00 1.20 8}{1.20 0.00 0.00 0.00 1.60 0}{1.60 2.00 2.00 2.00 2.00 2}
LOOP0: iter: ( 2 )[ 1 -1 3 2 1 ]( 4 )[ 1 -1 7 1 0 ] mem: ( 2 )[ 1 -1 3 2 1 ]( 3 )[ 1 -1 7 1 0 ]
10 2 
12 ( 20480 )[ 1 -1 1 2 1 ]
12 ( 10240 20480 )[ 1 -1 3 1 0 ]
12 ( 20480 10240 )[ 1 -1 4 2 3 ]
12 ( 10240 )[ 1 -1 5 2 1 ]
14 16 
1b 0 
2b 2147483647 

RANKS: 1 -1 1 2 1
EVENT10: 1113 481d4e_4820ce_482207_4822fb
COMP 4b-0: 479c1a_479fef_47a15a_47a27b (4 74.60 1 60.00 2 94.00){0.00 0.00 0.00 0.00 31.20 0}{31.20 60.00 60.00 60.00 62.40 1}{62.40 63.00 70.50 78.00 93.60 2}{93.60 94.00 94.00 94.00 124.80 1}{124.80 0.00 0.00 0.00 156.00 0}
COMM 4b-0: 479c1a_479fef_47a15a_47a27b (4 162.60 1 101.00 1 239.00){0.00 0.00 0.00 0.00 95.60 0}{95.60 101.00 111.67 130.00 191.20 3}{191.20 239.00 239.00 239.00 286.80 1}{286.80 0.00 0.00 0.00 382.40 0}{382.40 0.00 0.00 0.00 478.00 0}
10 2 
12 20480 
14 16 
1a 1 7 
1b 0 

RANKS: 1 -1 1 7 1
EVENT11: 1148 48aca9_48af2d_48b001_48b0ba
COMP 4b-0: 479c1a_479fef_47a15a_47a27b (12 6.69 5 5.00 7 14.00){0.00 0.00 0.00 0.00 2.40 0}{2.40 0.00 0.00 0.00 4.80 0}{4.80 5.00 5.56 6.00 7.20 9}{7.20 8.00 8.50 9.00 12.00 2}{12.00 14.00 14.00 14.00 16.00 1}
COMP 4b-1: 481d4e_4820ce_482207_4822fb (2 7.00 1 7.00 1 7.00){0.00 0.00 0.00 0.00 2.80 0}{2.80 0.00 0.00 0.00 5.60 0}{5.60 7.00 7.00 7.00 8.40 2}{8.40 0.00 0.00 0.00 11.20 0}{11.20 0.00 0.00 0.00 14.00 0}
COMM 4b-0: 479c1a_479fef_47a15a_47a27b (12 182.77 7 52.00 7 633.00){0.00 0.00 0.00 0.00 21.60 0}{21.60 0.00 0.00 0.00 43.20 0}{43.20 52.00 53.00 54.00 86.40 8}{86.40 0.00 0.00 0.00 108.00 0}{108.00 319.00 474.50 633.00 798.00 4}
COMM 4b-1: 481d4e_4820ce_482207_4822fb (2 1.00 1 1.00 1 1.00){0.00 0.00 0.00 0.00 0.40 0}{0.40 0.00 0.00 0.00 0.80 0}{0.80 1.00 1.00 1.00 1.20 2}{1.20 0.00 0.00 0.00 1.60 0}{1.60 0.00 0.00 0.00 2.00 0}
1c 9999 

RANKS: 1 -1 0 8 1
EVENT12: 1113 481d4e_4820ce_482207_4822fb
COMP 4b-0: 46cffd_46d32c_46d447_46d533 (1 17344.00 0 17344.00 0 17344.00){0.00 0.00 0.00 0.00 6937.60 0}{6937.60 0.00 0.00 0.00 13875.20 0}{13875.20 17344.00 17344.00 17344.00 20812.80 1}{20812.80 0.00 0.00 0.00 27750.40 0}{27750.40 0.00 0.00 0.00 34688.00 0}
COMP 4b-1: 481d4e_4820ce_482207_4822fb (1 2565.00 3 2565.00 3 2565.00){0.00 0.00 0.00 0.00 1026.00 0}{1026.00 0.00 0.00 0.00 2052.00 0}{2052.00 2565.00 2565.00 2565.00 3078.00 1}{3078.00 0.00 0.00 0.00 4104.00 0}{4104.00 0.00 0.00 0.00 5130.00 0}
COMP 4b-2: 48aca9_48af2d_48b001_48b0ba (15 1259.06 7 40.00 0 5552.00){0.00 40.00 63.20 122.00 1224.00 10}{1224.00 0.00 0.00 0.00 2448.00 0}{2448.00 2493.00 2725.25 3060.00 3672.00 4}{3672.00 0.00 0.00 0.00 4896.00 0}{4896.00 5552.00 5552.00 5552.00 6120.00 1}
COMM 4b-0: 46cffd_46d32c_46d447_46d533 (1 2911.00 0 2911.00 0 2911.00){0.00 0.00 0.00 0.00 1164.40 0}{1164.40 0.00 0.00 0.00 2328.80 0}{2328.80 2911.00 2911.00 2911.00 3493.20 1}{3493.20 0.00 0.00 0.00 4657.60 0}{4657.60 0.00 0.00 0.00 5822.00 0}
COMM 4b-1: 481d4e_4820ce_482207_4822fb (1 327.00 3 327.00 3 327.00){0.00 0.00 0.00 0.00 130.80 0}{130.80 0.00 0.00 0.00 261.60 0}{261.60 327.00 327.00 327.00 392.40 1}{392.40 0.00 0.00 0.00 523.20 0}{523.20 0.00 0.00 0.00 654.00 0}
COMM 4b-2: 48aca9_48af2d_48b001_48b0ba (15 1124.19 6 59.00 7 13746.00){0.00 59.00 158.38 387.00 436.40 13}{436.40 0.00 0.00 0.00 872.80 0}{872.80 1091.00 1091.00 1091.00 1745.60 1}{1745.60 0.00 0.00 0.00 2182.00 0}{2182.00 13746.00 13746.00 13746.00 25310.00 1}
LOOP0: iter: ( 4 )[ 1 -1 0 1 0 ]( 2 )[ 1 -1 3 1 0 ] mem: ( 3 )[ 1 -1 0 1 0 ]( 1 )[ 1 -1 3 1 0 ]
10 2 
12 ( 20480 10240 )[ 2 -1 0 2 3 -1 7 1 0 ]
12 ( 10240 )[ 2 -2 1 2 3 2 1 -1 6 1 0 ]
14 16 
1a ( 1 4 )[ 1 -1 0 1 0 ]
1a ( 4 )[ 2 -2 1 2 3 2 1 -1 6 1 0 ]
1a ( 7 4 )[ 1 -1 3 2 4 ]
1b 0 

RANKS: 1 -1 0 4 1
EVENT13: 1090 479c1a_479fef_47a15a_47a27b
COMP 4b-0: 481d4e_4820ce_482207_4822fb (7 8.00 1 5.00 0 13.00){0.00 5.00 5.00 5.00 5.20 2}{5.20 6.00 7.00 9.00 10.40 4}{10.40 13.00 13.00 13.00 15.60 1}{15.60 0.00 0.00 0.00 20.80 0}{20.80 0.00 0.00 0.00 26.00 0}
COMM 4b-0: 481d4e_4820ce_482207_4822fb (7 1.75 0 1.00 0 3.00){0.00 1.00 1.00 1.00 1.20 4}{1.20 2.00 2.00 2.00 2.40 2}{2.40 3.00 3.00 3.00 3.60 1}{3.60 0.00 0.00 0.00 4.80 0}{4.80 0.00 0.00 0.00 6.00 0}
10 2 
12 ( 20480 10240 )[ 1 -1 0 1 0 ]
12 ( 10240 )[ 1 -1 1 3 1 ]
14 16 
1b 0 
2b 2147483647 

RANKS: 1 -1 0 4 1
EVENT14: 1148 48aca9_48af2d_48b001_48b0ba
COMP 4b-0: 479c1a_479fef_47a15a_47a27b (7 7.62 0 5.00 0 11.00){0.00 0.00 0.00 0.00 4.40 0}{4.40 5.00 6.50 8.00 8.80 6}{8.80 11.00 11.00 11.00 13.20 1}{13.20 0.00 0.00 0.00 17.60 0}{17.60 0.00 0.00 0.00 22.00 0}
COMM 4b-0: 479c1a_479fef_47a15a_47a27b (7 2871.38 1 50.00 0 11091.00){0.00 50.00 131.50 348.00 4436.40 6}{4436.40 0.00 0.00 0.00 8872.80 0}{8872.80 11091.00 11091.00 11091.00 13309.20 1}{13309.20 0.00 0.00 0.00 17745.60 0}{17745.60 0.00 0.00 0.00 22182.00 0}
1c 9999 

RANKS: 1 -1 0 8 1
EVENT15: 1004 46a183_46a4e3_46a626_46a718
COMP 4b-0: 481d4e_4820ce_482207_4822fb (4 5227.00 4 5048.00 4 5502.00){0.00 0.00 0.00 0.00 2067.20 0}{2067.20 0.00 0.00 0.00 4134.40 0}{4134.40 5048.00 5241.75 5502.00 6201.60 4}{6201.60 0.00 0.00 0.00 8268.80 0}{8268.80 0.00 0.00 0.00 10336.00 0}
COMP 4b-1: 48aca9_48af2d_48b001_48b0ba (4 5134.40 0 4973.00 2 5281.00){0.00 0.00 0.00 0.00 1989.20 0}{1989.20 0.00 0.00 0.00 3978.40 0}{3978.40 4973.00 5174.75 5281.00 5967.60 4}{5967.60 0.00 0.00 0.00 7956.80 0}{7956.80 0.00 0.00 0.00 9946.00 0}
COMM 4b-0: 481d4e_4820ce_482207_4822fb (4 400.00 6 25.00 4 640.00){0.00 25.00 25.00 25.00 204.80 1}{204.80 311.00 311.00 311.00 409.60 1}{409.60 512.00 512.00 512.00 614.40 1}{614.40 640.00 640.00 640.00 819.20 1}{819.20 0.00 0.00 0.00 1024.00 0}
COMM 4b-1: 48aca9_48af2d_48b001_48b0ba (4 524.80 2 308.00 0 705.00){0.00 0.00 0.00 0.00 282.00 0}{282.00 308.00 404.67 542.00 564.00 3}{564.00 705.00 705.00 705.00 846.00 1}{846.00 0.00 0.00 0.00 1128.00 0}{1128.00 0.00 0.00 0.00 1410.00 0}
10 2 
12 5 
14 16 
18 3 

RANKS: 1 -1 0 8 1
EVENT16: 1010 46cb14_46cd49_46cded_46ce69
COMP 4b-0: 46a183_46a4e3_46a626_46a718 (8 5.78 0 5.00 2 7.00){0.00 0.00 0.00 0.00 2.00 0}{2.00 0.00 0.00 0.00 4.00 0}{4.00 5.00 5.71 6.00 6.00 7}{6.00 7.00 7.00 7.00 8.00 1}{8.00 0.00 0.00 0.00 10.00 0}
COMM 4b-0: 46a183_46a4e3_46a626_46a718 (8 121.11 0 13.00 7 255.00){0.00 0.00 0.00 0.00 5.20 0}{5.20 0.00 0.00 0.00 10.40 0}{10.40 13.00 14.00 15.00 26.00 2}{26.00 131.00 136.25 140.00 236.00 4}{236.00 249.00 252.00 255.00 274.00 2}
10 2 

RANKS: 2 -2 1 2 3 2 1 -1 6 1 0
EVENT17: 1102 47d28d_47d652_47d7bc_47d8db
COMP 4b-0: 46cb14_46cd49_46cded_46ce69 (5 287.83 4 275.00 1 291.00){0.00 0.00 0.00 0.00 116.40 0}{116.40 0.00 0.00 0.00 232.80 0}{232.80 275.00 287.20 291.00 349.20 5}{349.20 0.00 0.00 0.00 465.60 0}{465.60 0.00 0.00 0.00 582.00 0}
COMP 4b-1: 47d28d_47d652_47d7bc_47d8db (124 6.16 5 5.00 6 120.00){0.00 0.00 0.00 0.00 2.00 0}{2.00 0.00 0.00 0.00 4.00 0}{4.00 5.00 5.19 6.00 6.00 120}{6.00 7.00 7.33 8.00 10.00 3}{10.00 120.00 120.00 120.00 230.00 1}
COMP 4b-2: 481d4e_4820ce_482207_4822fb (367 83.88 4 74.00 6 206.00){0.00 0.00 0.00 0.00 66.40 0}{66.40 74.00 82.47 93.00 99.60 361}{99.60 130.00 130.00 130.00 132.80 1}{132.80 134.00 135.00 136.00 166.00 2}{166.00 202.00 204.00 206.00 246.00 3}
COMM 4b-0: 46cb14_46cd49_46cded_46ce69 (5 112.83 1 8.00 6 342.00){0.00 0.00 0.00 0.00 3.20 0}{3.20 0.00 0.00 0.00 6.40 0}{6.40 8.00 9.50 11.00 16.00 2}{16.00 31.00 31.00 31.00 46.00 1}{46.00 277.00 309.50 342.00 508.00 2}
COMM 4b-1: 47d28d_47d652_47d7bc_47d8db (124 10.02 5 1.00 5 108.00){0.00 1.00 1.00 1.00 1.60 11}{1.60 2.00 2.92 3.11 3.20 51}{3.20 4.00 4.71 8.00 8.00 28}{8.00 9.00 21.84 41.00 64.00 31}{64.00 80.00 93.00 108.00 152.00 3}
COMM 4b-2: 481d4e_4820ce_482207_4822fb (367 28.05 1 1.00 4 5499.00){0.00 1.00 2.63 9.00 9.60 297}{9.60 11.00 11.00 11.00 12.00 1}{12.00 13.00 19.00 25.00 38.00 2}{38.00 59.64 60.44 101.00 104.00 66}{104.00 5499.00 5499.00 5499.00 10894.00 1}
LOOP0: iter: ( 62 )[ 1 -2 1 2 4 2 1 ]( 124 )[ 1 -1 4 1 0 ] mem: ( 2 )[ 2 -2 1 2 3 2 1 -1 6 1 0 ]
LOOP1: iter: ( 2 )[ 1 -1 5 2 1 ] mem: ( 1 )[ 1 -1 5 2 1 ]
10 2 
12 ( 155 )[ 1 -1 1 2 1 ]
12 ( 155 80 )[ 1 -1 5 2 1 ]
12 ( 75 75 75 75 75 75 75 75 75 75 75 75 75 75 75 75 75 75 75 75 75 75 75 75 75 75 75 75 75 75 75 75 75 75 75 75 75 75 75 75 75 75 75 75 75 75 75 75 75 75 75 75 75 75 75 75 75 75 75 75 75 75 155 155 155 155 155 155 155 155 155 155 155 155 155 155 155 155 155 155 155 155 155 155 155 155 155 155 155 155 155 155 155 155 155 155 155 155 155 155 155 155 155 155 155 155 155 155 155 155 155 155 155 155 155 155 155 155 155 155 155 155 155 155 )[ 1 -1 4 1 0 ]
14 16 
1b 0 
2b ( 7 )[ 1 -1 1 2 1 ]
2b ( 7 4 )[ 1 -1 5 2 1 ]
2b ( 4 4 4 4 4 4 4 4 4 4 4 4 4 4 4 4 4 4 4 4 4 4 4 4 4 4 4 4 4 4 4 4 4 4 4 4 4 4 4 4 4 4 4 4 4 4 4 4 4 4 4 4 4 4 4 4 4 4 4 4 4 4 1 1 1 1 1 1 1 1 1 1 1 1 1 1 1 1 1 1 1 1 1 1 1 1 1 1 1 1 1 1 1 1 1 1 1 1 1 1 1 1 1 1 1 1 1 1 1 1 1 1 1 1 1 1 1 1 1 1 1 1 1 1 )[ 1 -1 4 1 0 ]

RANKS: 1 -2 0 2 4 3 1
EVENT18: 1113 481d4e_4820ce_482207_4822fb
COMP 4b-0: 46cb14_46cd49_46cded_46ce69 (1 366.00 0 366.00 0 366.00){0.00 0.00 0.00 0.00 146.40 0}{146.40 0.00 0.00 0.00 292.80 0}{292.80 366.00 366.00 366.00 439.20 1}{439.20 0.00 0.00 0.00 585.60 0}{585.60 0.00 0.00 0.00 732.00 0}
COMP 4b-1: 47d28d_47d652_47d7bc_47d8db (372 103.94 4 92.00 4 237.00){0.00 0.00 0.00 0.00 84.80 0}{84.80 92.00 102.28 120.00 127.20 366}{127.20 139.00 153.50 168.00 212.00 2}{212.00 213.00 213.00 213.00 214.00 1}{214.00 235.00 236.00 237.00 260.00 3}
COMP 4b-2: 481d4e_4820ce_482207_4822fb (247 46.26 1 4.00 0 221.00){0.00 0.00 0.00 0.00 2.00 0}{2.00 4.00 4.00 4.00 4.00 27}{4.00 5.00 5.35 8.00 8.00 158}{8.00 9.00 9.00 9.00 10.00 1}{10.00 168.00 172.20 221.00 328.00 61}
COMM 4b-0: 46cb14_46cd49_46cded_46ce69 (1 4.00 0 4.00 0 4.00){0.00 0.00 0.00 0.00 1.60 0}{1.60 0.00 0.00 0.00 3.20 0}{3.20 4.00 4.00 4.00 4.80 1}{4.80 0.00 0.00 0.00 6.40 0}{6.40 0.00 0.00 0.00 8.00 0}
COMM 4b-1: 47d28d_47d652_47d7bc_47d8db (372 3.95 1 2.00 5 85.00){0.00 0.00 0.00 0.00 1.20 0}{1.20 2.00 2.13 2.32 2.40 268}{2.40 3.00 3.02 4.00 4.80 91}{4.80 6.00 6.00 6.00 6.00 2}{6.00 11.00 55.82 85.00 158.00 11}
COMM 4b-2: 481d4e_4820ce_482207_4822fb (247 2.39 0 1.00 0 92.00){0.00 0.00 0.00 0.00 0.80 0}{0.80 1.00 1.00 1.00 1.60 122}{1.60 2.00 2.00 2.00 2.00 101}{2.00 3.00 3.00 3.00 4.00 18}{4.00 5.00 35.50 92.00 180.00 6}
LOOP0: iter: ( 124 )[ 1 -1 0 1 0 ]( 2 )[ 1 -1 1 2 1 ] mem: ( 1 )[ 1 -1 0 3 1 ]
10 2 
12 ( 155 75 )[ 1 -1 0 1 0 ]
12 ( 155 80 )[ 1 -1 1 2 1 ]
12 ( 155 )[ 1 -1 5 2 1 ]
12 ( 155 155 155 155 155 155 155 155 155 155 155 155 155 155 155 155 155 155 155 155 155 155 155 155 155 155 155 155 155 155 155 155 155 155 155 155 155 155 155 155 155 155 155 155 155 155 155 155 155 155 155 155 155 155 155 155 155 155 155 155 155 155 75 75 75 75 75 75 75 75 75 75 75 75 75 75 75 75 75 75 75 75 75 75 75 75 75 75 75 75 75 75 75 75 75 75 75 75 75 75 75 75 75 75 75 75 75 75 75 75 75 75 75 75 75 75 75 75 75 75 75 75 75 75 )[ 1 -1 4 1 0 ]
14 16 
1a ( 1 4 )[ 1 -1 0 3 1 ]
1a ( 1 )[ 1 -1 5 2 1 ]
1a ( 1 1 1 1 1 1 1 1 1 1 1 1 1 1 1 1 1 1 1 1 1 1 1 1 1 1 1 1 1 1 1 1 1 1 1 1 1 1 1 1 1 1 1 1 1 1 1 1 1 1 1 1 1 1 1 1 1 1 1 1 1 1 4 4 4 4 4 4 4 4 4 4 4 4 4 4 4 4 4 4 4 4 4 4 4 4 4 4 4 4 4 4 4 4 4 4 4 4 4 4 4 4 4 4 4 4 4 4 4 4 4 4 4 4 4 4 4 4 4 4 4 4 4 4 )[ 1 -1 4 1 0 ]
1b 0 

RANKS: 2 -1 0 4 1 -1 5 3 1
EVENT19: 1102 47d28d_47d652_47d7bc_47d8db
COMP 4b-0: 46cb14_46cd49_46cded_46ce69 (2 285.67 3 285.00 7 287.00){0.00 0.00 0.00 0.00 114.00 0}{114.00 0.00 0.00 0.00 228.00 0}{228.00 285.00 286.00 287.00 342.00 2}{342.00 0.00 0.00 0.00 456.00 0}{456.00 0.00 0.00 0.00 570.00 0}
COMP 4b-1: 47d28d_47d652_47d7bc_47d8db (370 59.64 2 4.00 0 221.00){0.00 0.00 0.00 0.00 2.40 0}{2.40 4.00 4.00 4.00 4.80 1}{4.80 5.00 5.81 8.00 9.60 247}{9.60 0.00 0.00 0.00 12.00 0}{12.00 158.00 169.51 221.00 398.00 122}
COMP 4b-2: 481d4e_4820ce_482207_4822fb (372 79.80 3 74.00 2 247.00){0.00 0.00 0.00 0.00 32.40 0}{32.40 0.00 0.00 0.00 64.80 0}{64.80 74.00 79.19 91.00 129.60 370}{129.60 136.00 136.00 136.00 162.00 1}{162.00 247.00 247.00 247.00 332.00 1}
COMM 4b-0: 46cb14_46cd49_46cded_46ce69 (2 348.33 3 312.00 7 421.00){0.00 0.00 0.00 0.00 124.80 0}{124.80 0.00 0.00 0.00 249.60 0}{249.60 312.00 312.00 312.00 374.40 1}{374.40 421.00 421.00 421.00 499.20 1}{499.20 0.00 0.00 0.00 624.00 0}
COMM 4b-1: 47d28d_47d652_47d7bc_47d8db (370 24.70 0 1.00 0 553.00){0.00 0.00 0.00 0.00 0.80 0}{0.80 1.00 1.21 2.00 2.00 197}{2.00 3.00 3.46 6.00 6.00 54}{6.00 22.00 65.92 119.00 120.00 115}{120.00 178.00 289.00 553.00 986.00 4}
COMM 4b-2: 481d4e_4820ce_482207_4822fb (372 66.07 2 1.00 0 6013.00){0.00 1.00 34.01 2036.00 2405.20 371}{2405.20 0.00 0.00 0.00 4810.40 0}{4810.40 6013.00 6013.00 6013.00 7215.60 1}{7215.60 0.00 0.00 0.00 9620.80 0}{9620.80 0.00 0.00 0.00 12026.00 0}
LOOP0: iter: ( 124 )[ 2 -1 0 2 3 -1 7 1 0 ]( 62 )[ 1 -2 1 2 4 2 1 ] mem: ( 1 )[ 1 -1 0 2 7 ]( 2 )[ 2 -1 1 3 1 -1 5 2 1 ]
LOOP1: iter: ( 2 )[ 1 -1 1 2 1 ] mem: ( 1 )[ 1 -1 1 2 1 ]
10 2 
12 ( 155 75 )[ 1 -1 0 2 7 ]
12 ( 155 80 )[ 1 -1 1 2 1 ]
12 ( 155 155 155 155 155 155 155 155 155 155 155 155 155 155 155 155 155 155 155 155 155 155 155 155 155 155 155 155 155 155 155 155 155 155 155 155 155 155 155 155 155 155 155 155 155 155 155 155 155 155 155 155 155 155 155 155 155 155 155 155 155 155 75 75 75 75 75 75 75 75 75 75 75 75 75 75 75 75 75 75 75 75 75 75 75 75 75 75 75 75 75 75 75 75 75 75 75 75 75 75 75 75 75 75 75 75 75 75 75 75 75 75 75 75 75 75 75 75 75 75 75 75 75 75 )[ 1 -1 3 1 0 ]
12 ( 155 )[ 1 -1 5 2 1 ]
14 16 
1b 0 
2b ( 1 4 )[ 1 -1 0 3 1 ]
2b ( 7 7 7 7 7 7 7 7 7 7 7 7 7 7 7 7 7 7 7 7 7 7 7 7 7 7 7 7 7 7 7 7 7 7 7 7 7 7 7 7 7 7 7 7 7 7 7 7 7 7 7 7 7 7 7 7 7 7 7 7 7 7 4 4 4 4 4 4 4 4 4 4 4 4 4 4 4 4 4 4 4 4 4 4 4 4 4 4 4 4 4 4 4 4 4 4 4 4 4 4 4 4 4 4 4 4 4 4 4 4 4 4 4 4 4 4 4 4 4 4 4 4 4 4 )[ 1 -1 3 1 0 ]
2b ( 7 4 )[ 1 -1 7 1 0 ]
2b ( 1 )[ 1 -1 5 2 1 ]

RANKS: 1 -1 1 7 1
EVENT20: 1113 481d4e_4820ce_482207_4822fb
COMP 4b-0: 46a183_46a4e3_46a626_46a718 (1 13641.00 4 13641.00 4 13641.00){0.00 0.00 0.00 0.00 5456.40 0}{5456.40 0.00 0.00 0.00 10912.80 0}{10912.80 13641.00 13641.00 13641.00 16369.20 1}{16369.20 0.00 0.00 0.00 21825.60 0}{21825.60 0.00 0.00 0.00 27282.00 0}
COMP 4b-1: 47d28d_47d652_47d7bc_47d8db (373 99.73 3 92.00 7 269.00){0.00 0.00 0.00 0.00 40.00 0}{40.00 0.00 0.00 0.00 80.00 0}{80.00 92.00 98.81 146.00 160.00 371}{160.00 0.00 0.00 0.00 200.00 0}{200.00 269.00 269.00 269.00 338.00 2}
COMP 4b-2: 481d4e_4820ce_482207_4822fb (248 46.95 5 4.00 4 515.00){0.00 0.00 0.00 0.00 2.40 0}{2.40 4.00 4.00 4.00 4.80 8}{4.80 4.85 5.43 7.00 12.00 178}{12.00 166.00 166.75 176.00 320.00 61}{320.00 515.00 515.00 515.00 710.00 1}
COMM 4b-0: 46a183_46a4e3_46a626_46a718 (1 918.00 4 918.00 4 918.00){0.00 0.00 0.00 0.00 367.20 0}{367.20 0.00 0.00 0.00 734.40 0}{734.40 918.00 918.00 918.00 1101.60 1}{1101.60 0.00 0.00 0.00 1468.80 0}{1468.80 0.00 0.00 0.00 1836.00 0}
COMM 4b-1: 47d28d_47d652_47d7bc_47d8db (373 3.09 1 2.00 3 85.00){0.00 0.00 0.00 0.00 1.20 0}{1.20 2.00 2.00 2.00 2.40 216}{2.40 3.00 3.00 3.00 3.60 149}{3.60 4.00 4.00 4.00 6.00 2}{6.00 10.00 44.33 85.00 164.00 6}
COMM 4b-2: 481d4e_4820ce_482207_4822fb (248 2.82 7 1.00 4 132.00){0.00 0.00 0.00 0.00 0.80 0}{0.80 1.00 1.13 1.27 1.60 127}{1.60 2.00 2.00 2.00 2.40 87}{2.40 3.00 3.00 3.00 4.00 29}{4.00 12.00 59.20 132.00 136.00 5}
LOOP0: iter: ( 124 )[ 1 -1 7 1 0 ]( 2 )[ 1 -1 4 3 1 ] mem: ( 1 )[ 1 -1 5 3 1 ]( 5 )[ 1 -1 4 1 0 ]
10 2 
12 ( 155 )[ 1 -1 1 2 1 ]
12 ( 75 75 75 75 75 75 75 75 75 75 75 75 75 75 75 75 75 75 75 75 75 75 75 75 75 75 75 75 75 75 75 75 75 75 75 75 75 75 75 75 75 75 75 75 75 75 75 75 75 75 75 75 75 75 75 75 75 75 75 75 75 75 155 155 155 155 155 155 155 155 155 155 155 155 155 155 155 155 155 155 155 155 155 155 155 155 155 155 155 155 155 155 155 155 155 155 155 155 155 155 155 155 155 155 155 155 155 155 155 155 155 155 155 155 155 155 155 155 155 155 155 155 155 155 )[ 1 -1 3 1 0 ]
12 ( 155 75 )[ 1 -1 7 1 0 ]
12 ( 155 80 )[ 1 -1 5 2 1 ]
12 ( 20480 )[ 1 -1 4 1 0 ]
14 16 
1a ( 7 )[ 1 -1 1 2 1 ]
1a ( 4 4 4 4 4 4 4 4 4 4 4 4 4 4 4 4 4 4 4 4 4 4 4 4 4 4 4 4 4 4 4 4 4 4 4 4 4 4 4 4 4 4 4 4 4 4 4 4 4 4 4 4 4 4 4 4 4 4 4 4 4 4 7 7 7 7 7 7 7 7 7 7 7 7 7 7 7 7 7 7 7 7 7 7 7 7 7 7 7 7 7 7 7 7 7 7 7 7 7 7 7 7 7 7 7 7 7 7 7 7 7 7 7 7 7 7 7 7 7 7 7 7 7 7 )[ 1 -1 3 1 0 ]
1a ( 7 4 )[ 1 -1 5 3 1 ]
1a ( 1 )[ 1 -1 4 1 0 ]
1b 0 

RANKS: 1 -1 1 7 1
EVENT21: 1090 479c1a_479fef_47a15a_47a27b
COMP 4b-0: 46a183_46a4e3_46a626_46a718 (6 14292.43 3 13615.00 6 14699.00){0.00 0.00 0.00 0.00 5737.60 0}{5737.60 0.00 0.00 0.00 11475.20 0}{11475.20 13615.00 14283.83 14699.00 17212.80 6}{17212.80 0.00 0.00 0.00 22950.40 0}{22950.40 0.00 0.00 0.00 28688.00 0}
COMP 4b-1: 481d4e_4820ce_482207_4822fb (10 784.64 4 5.00 7 2541.00){0.00 5.00 5.00 5.00 212.40 2}{212.40 0.00 0.00 0.00 424.80 0}{424.80 475.00 501.50 531.00 849.60 6}{849.60 0.00 0.00 0.00 1062.00 0}{1062.00 2540.00 2540.50 2541.00 4020.00 2}
COMP 4b-2: 48aca9_48af2d_48b001_48b0ba (10 477.45 5 36.00 4 2459.00){0.00 0.00 0.00 0.00 16.40 0}{16.40 0.00 0.00 0.00 32.80 0}{32.80 36.00 37.75 41.00 65.60 8}{65.60 0.00 0.00 0.00 82.00 0}{82.00 2450.00 2454.50 2459.00 4836.00 2}
COMM 4b-0: 46a183_46a4e3_46a626_46a718 (6 1.43 3 1.00 1 2.00){0.00 0.00 0.00 0.00 0.80 0}{0.80 1.00 1.00 1.00 1.60 4}{1.60 2.00 2.00 2.00 2.40 2}{2.40 0.00 0.00 0.00 3.20 0}{3.20 0.00 0.00 0.00 4.00 0}
COMM 4b-1: 481d4e_4820ce_482207_4822fb (10 1.64 7 1.00 1 2.00){0.00 0.00 0.00 0.00 0.80 0}{0.80 1.00 1.00 1.00 1.60 4}{1.60 2.00 2.00 2.00 2.40 6}{2.40 0.00 0.00 0.00 3.20 0}{3.20 0.00 0.00 0.00 4.00 0}
COMM 4b-2: 48aca9_48af2d_48b001_48b0ba (10 1.27 1 1.00 2 3.00){0.00 0.00 0.00 0.00 0.40 0}{0.40 0.00 0.00 0.00 0.80 0}{0.80 1.00 1.00 1.00 1.60 8}{1.60 2.00 2.00 2.00 2.00 1}{2.00 3.00 3.00 3.00 4.00 1}
LOOP0: iter: ( 2 )[ 1 -1 1 7 1 ] mem: ( 7 )[ 1 -2 1 2 4 2 1 ]( 6 )[ 1 -1 3 1 0 ]( 4 )[ 1 -1 7 1 0 ]( 2 )[ 1 -1 4 1 0 ]
LOOP1: iter: ( 2 )[ 2 -2 1 2 4 2 1 -1 7 1 0 ] mem: ( 3 )[ 2 -2 1 2 4 2 1 -1 7 1 0 ]
10 2 
12 ( 20480 )[ 2 -1 1 3 1 -1 5 2 1 ]
12 ( 20480 10240 )[ 1 -1 4 2 3 ]
14 16 
1b 0 
2b 2147483647 

RANKS: 1 -2 1 2 4 2 1
EVENT22: 1113 481d4e_4820ce_482207_4822fb
COMP 4b-0: 479c1a_479fef_47a15a_47a27b (16 43.53 1 40.00 1 48.00){0.00 0.00 0.00 0.00 18.00 0}{18.00 0.00 0.00 0.00 36.00 0}{36.00 40.00 43.44 48.00 54.00 16}{54.00 0.00 0.00 0.00 72.00 0}{72.00 0.00 0.00 0.00 90.00 0}
COMM 4b-0: 479c1a_479fef_47a15a_47a27b (16 138.76 5 98.00 1 510.00){0.00 0.00 0.00 0.00 42.00 0}{42.00 0.00 0.00 0.00 84.00 0}{84.00 98.00 112.43 161.00 168.00 14}{168.00 170.00 170.00 170.00 210.00 1}{210.00 510.00 510.00 510.00 810.00 1}
10 2 
12 20480 
14 16 
1a 1 7 
1b 0 

RANKS: 1 -1 1 7 1
EVENT23: 1148 48aca9_48af2d_48b001_48b0ba
COMP 4b-0: 479c1a_479fef_47a15a_47a27b (10 6.18 7 5.00 4 9.00){0.00 0.00 0.00 0.00 2.40 0}{2.40 0.00 0.00 0.00 4.80 0}{4.80 5.00 5.62 7.00 7.20 8}{7.20 8.00 8.50 9.00 9.60 2}{9.60 0.00 0.00 0.00 12.00 0}
COMP 4b-1: 481d4e_4820ce_482207_4822fb (16 5.88 5 5.00 5 8.00){0.00 0.00 0.00 0.00 2.40 0}{2.40 0.00 0.00 0.00 4.80 0}{4.80 5.00 5.73 7.00 7.20 15}{7.20 8.00 8.00 8.00 9.60 1}{9.60 0.00 0.00 0.00 12.00 0}
COMM 4b-0: 479c1a_479fef_47a15a_47a27b (10 1317.64 4 156.00 3 3769.00){0.00 156.00 469.38 1225.00 1507.60 8}{1507.60 0.00 0.00 0.00 3015.20 0}{3015.20 3201.00 3485.00 3769.00 4522.80 2}{4522.80 0.00 0.00 0.00 6030.40 0}{6030.40 0.00 0.00 0.00 7538.00 0}
COMM 4b-1: 481d4e_4820ce_482207_4822fb (16 28.71 1 0.00 6 219.00){0.00 0.00 1.08 2.00 12.00 12}{12.00 0.00 0.00 0.00 24.00 0}{24.00 30.00 30.50 31.00 48.00 2}{48.00 0.00 0.00 0.00 60.00 0}{60.00 165.00 192.00 219.00 270.00 2}
1c 9999 

RANKS: 2 -1 0 5 1 -1 7 1 0
EVENT24: 1113 481d4e_4820ce_482207_4822fb
COMP 4b-0: 46a183_46a4e3_46a626_46a718 (1 13641.00 0 13641.00 0 13641.00){0.00 0.00 0.00 0.00 5456.40 0}{5456.40 0.00 0.00 0.00 10912.80 0}{10912.80 13641.00 13641.00 13641.00 16369.20 1}{16369.20 0.00 0.00 0.00 21825.60 0}{21825.60 0.00 0.00 0.00 27282.00 0}
COMP 4b-1: 47d28d_47d652_47d7bc_47d8db (1 600.00 0 600.00 0 600.00){0.00 0.00 0.00 0.00 240.00 0}{240.00 0.00 0.00 0.00 480.00 0}{480.00 600.00 600.00 600.00 720.00 1}{720.00 0.00 0.00 0.00 960.00 0}{960.00 0.00 0.00 0.00 1200.00 0}
COMP 4b-2: 481d4e_4820ce_482207_4822fb (2 2442.67 3 2436.00 3 2446.00){0.00 0.00 0.00 0.00 978.40 0}{978.40 0.00 0.00 0.00 1956.80 0}{1956.80 2436.00 2441.00 2446.00 2935.20 2}{2935.20 0.00 0.00 0.00 3913.60 0}{3913.60 0.00 0.00 0.00 4892.00 0}
COMP 4b-3: 48aca9_48af2d_48b001_48b0ba (14 1241.00 4 39.00 2 2700.00){0.00 39.00 58.75 83.00 993.20 8}{993.20 0.00 0.00 0.00 1986.40 0}{1986.40 2476.00 2610.33 2700.00 2979.60 6}{2979.60 0.00 0.00 0.00 3972.80 0}{3972.80 0.00 0.00 0.00 4966.00 0}
COMM 4b-0: 46a183_46a4e3_46a626_46a718 (1 873.00 0 873.00 0 873.00){0.00 0.00 0.00 0.00 349.20 0}{349.20 0.00 0.00 0.00 698.40 0}{698.40 873.00 873.00 873.00 1047.60 1}{1047.60 0.00 0.00 0.00 1396.80 0}{1396.80 0.00 0.00 0.00 1746.00 0}
COMM 4b-1: 47d28d_47d652_47d7bc_47d8db (1 138.00 0 138.00 0 138.00){0.00 0.00 0.00 0.00 55.20 0}{55.20 0.00 0.00 0.00 110.40 0}{110.40 138.00 138.00 138.00 165.60 1}{165.60 0.00 0.00 0.00 220.80 0}{220.80 0.00 0.00 0.00 276.00 0}
COMM 4b-2: 481d4e_4820ce_482207_4822fb (2 57.33 3 56.00 3 58.00){0.00 0.00 0.00 0.00 23.20 0}{23.20 0.00 0.00 0.00 46.40 0}{46.40 56.00 57.00 58.00 69.60 2}{69.60 0.00 0.00 0.00 92.80 0}{92.80 0.00 0.00 0.00 116.00 0}
COMM 4b-3: 48aca9_48af2d_48b001_48b0ba (14 107.40 0 56.00 7 300.00){0.00 0.00 0.00 0.00 46.40 0}{46.40 56.00 57.12 58.00 69.60 8}{69.60 88.00 90.50 93.00 116.00 2}{116.00 177.00 180.50 184.00 238.00 2}{238.00 254.00 277.00 300.00 362.00 2}
LOOP0: iter: ( 2 )[ 1 -1 0 2 3 ] mem: ( 4 )[ 1 -1 0 1 0 ]( 1 )[ 1 -1 3 1 0 ]
LOOP1: iter: ( 2 )[ 1 -1 0 1 0 ] mem: ( 3 )[ 1 -1 0 1 0 ]
10 2 
12 ( 20480 10240 )[ 2 -1 0 2 3 -1 7 1 0 ]
12 ( 10240 )[ 2 -1 1 2 1 -1 4 1 0 ]
14 16 
1a ( 1 4 )[ 1 -1 0 1 0 ]
1a ( 4 )[ 2 -1 1 2 1 -1 4 1 0 ]
1a ( 7 4 )[ 1 -1 3 2 4 ]
1b 0 

RANKS: 2 -1 0 4 1 -1 5 2 1
EVENT25: 1090 479c1a_479fef_47a15a_47a27b
COMP 4b-0: 481d4e_4820ce_482207_4822fb (10 5.09 0 5.00 1 6.00){0.00 0.00 0.00 0.00 2.00 0}{2.00 0.00 0.00 0.00 4.00 0}{4.00 5.00 5.10 6.00 6.00 10}{6.00 0.00 0.00 0.00 8.00 0}{8.00 0.00 0.00 0.00 10.00 0}
COMP 4b-1: 48aca9_48af2d_48b001_48b0ba (4 2648.20 6 2643.00 6 2652.00){0.00 0.00 0.00 0.00 1060.40 0}{1060.40 0.00 0.00 0.00 2120.80 0}{2120.80 2643.00 2647.50 2652.00 3181.20 4}{3181.20 0.00 0.00 0.00 4241.60 0}{4241.60 0.00 0.00 0.00 5302.00 0}
COMM 4b-0: 481d4e_4820ce_482207_4822fb (10 1.18 0 1.00 0 2.00){0.00 0.00 0.00 0.00 0.80 0}{0.80 1.00 1.00 1.00 1.60 9}{1.60 2.00 2.00 2.00 2.40 1}{2.40 0.00 0.00 0.00 3.20 0}{3.20 0.00 0.00 0.00 4.00 0}
COMM 4b-1: 48aca9_48af2d_48b001_48b0ba (4 1.00 5 1.00 5 1.00){0.00 0.00 0.00 0.00 0.40 0}{0.40 0.00 0.00 0.00 0.80 0}{0.80 1.00 1.00 1.00 1.20 4}{1.20 0.00 0.00 0.00 1.60 0}{1.60 0.00 0.00 0.00 2.00 0}
10 2 
12 ( 20480 10240 )[ 1 -1 0 1 0 ]
12 ( 10240 )[ 2 -1 1 3 1 -1 5 2 1 ]
14 16 
1b 0 
2b 2147483647 

RANKS: 2 -1 0 4 1 -1 5 2 1
EVENT26: 1148 48aca9_48af2d_48b001_48b0ba
COMP 4b-0: 479c1a_479fef_47a15a_47a27b (14 5.33 0 5.00 0 7.00){0.00 0.00 0.00 0.00 2.00 0}{2.00 0.00 0.00 0.00 4.00 0}{4.00 5.00 5.08 6.00 6.00 12}{6.00 7.00 7.00 7.00 8.00 2}{8.00 0.00 0.00 0.00 10.00 0}
COMM 4b-0: 479c1a_479fef_47a15a_47a27b (14 241.80 1 50.00 6 735.00){0.00 50.00 54.25 66.00 66.80 8}{66.80 0.00 0.00 0.00 133.60 0}{133.60 167.00 167.00 167.00 267.20 1}{267.20 0.00 0.00 0.00 334.00 0}{334.00 387.00 571.80 735.00 894.00 5}
1c 9999 

RANKS: 1 -1 5 2 1
EVENT27: 1113 481d4e_4820ce_482207_4822fb
COMP 4b-0: 48aca9_48af2d_48b001_48b0ba (4 41.20 6 38.00 5 43.00){0.00 0.00 0.00 0.00 17.20 0}{17.20 0.00 0.00 0.00 34.40 0}{34.40 38.00 40.75 43.00 51.60 4}{51.60 0.00 0.00 0.00 68.80 0}{68.80 0.00 0.00 0.00 86.00 0}
COMM 4b-0: 48aca9_48af2d_48b001_48b0ba (4 64.80 6 62.00 5 68.00){0.00 0.00 0.00 0.00 25.20 0}{25.20 0.00 0.00 0.00 50.40 0}{50.40 62.00 65.25 68.00 75.60 4}{75.60 0.00 0.00 0.00 100.80 0}{100.80 0.00 0.00 0.00 126.00 0}
10 2 
12 10240 
14 16 
1a 4 
1b 0 

RANKS: 1 -1 0 8 1
EVENT28: 1004 46a183_46a4e3_46a626_46a718
COMP 4b-0: 481d4e_4820ce_482207_4822fb (8 5031.33 4 4747.00 5 5225.00){0.00 0.00 0.00 0.00 1986.80 0}{1986.80 0.00 0.00 0.00 3973.60 0}{3973.60 4747.00 5039.37 5225.00 5960.40 8}{5960.40 0.00 0.00 0.00 7947.20 0}{7947.20 0.00 0.00 0.00 9934.00 0}
COMP 4b-1: 48aca9_48af2d_48b001_48b0ba (8 5010.33 3 4760.00 2 5403.00){0.00 0.00 0.00 0.00 1905.20 0}{1905.20 0.00 0.00 0.00 3810.40 0}{3810.40 4760.00 5041.25 5403.00 5715.60 8}{5715.60 0.00 0.00 0.00 7620.80 0}{7620.80 0.00 0.00 0.00 9526.00 0}
COMM 4b-0: 481d4e_4820ce_482207_4822fb (8 471.22 6 183.00 4 777.00){0.00 183.00 207.25 232.00 262.80 4}{262.80 0.00 0.00 0.00 525.60 0}{525.60 567.00 688.75 777.00 788.40 4}{788.40 0.00 0.00 0.00 1051.20 0}{1051.20 0.00 0.00 0.00 1314.00 0}
COMM 4b-1: 48aca9_48af2d_48b001_48b0ba (8 486.56 2 9.00 3 911.00){0.00 9.00 113.75 219.00 286.80 4}{286.80 0.00 0.00 0.00 573.60 0}{573.60 717.00 765.33 828.00 860.40 3}{860.40 911.00 911.00 911.00 1147.20 1}{1147.20 0.00 0.00 0.00 1434.00 0}
10 2 
12 1 5 
14 16 
18 1 3 

RANKS: 1 -1 0 8 1
EVENT29: 1010 46cb14_46cd49_46cded_46ce69
COMP 4b-0: 46a183_46a4e3_46a626_46a718 (8 8.89 0 8.00 1 10.00){0.00 0.00 0.00 0.00 3.20 0}{3.20 0.00 0.00 0.00 6.40 0}{6.40 8.00 8.40 9.00 9.60 5}{9.60 10.00 10.00 10.00 12.80 3}{12.80 0.00 0.00 0.00 16.00 0}
COMM 4b-0: 46a183_46a4e3_46a626_46a718 (8 20.89 2 8.00 0 35.00){0.00 8.00 10.75 14.00 14.00 4}{14.00 19.00 22.50 26.00 28.00 2}{28.00 30.00 32.50 35.00 42.00 2}{42.00 0.00 0.00 0.00 56.00 0}{56.00 0.00 0.00 0.00 70.00 0}
10 2 

RANKS: 2 -2 1 2 3 2 1 -1 6 1 0
EVENT30: 1102 47d28d_47d652_47d7bc_47d8db
COMP 4b-0: 46cb14_46cd49_46cded_46ce69 (5 268.67 4 256.00 4 272.00){0.00 0.00 0.00 0.00 108.40 0}{108.40 0.00 0.00 0.00 216.80 0}{216.80 256.00 268.20 272.00 325.20 5}{325.20 0.00 0.00 0.00 433.60 0}{433.60 0.00 0.00 0.00 542.00 0}
COMP 4b-1: 47d28d_47d652_47d7bc_47d8db (124 5.27 6 4.00 6 12.00){0.00 0.00 0.00 0.00 2.00 0}{2.00 4.00 4.00 4.00 4.00 1}{4.00 5.00 5.23 6.00 8.00 122}{8.00 0.00 0.00 0.00 10.00 0}{10.00 12.00 12.00 12.00 14.00 1}
COMP 4b-2: 481d4e_4820ce_482207_4822fb (30623 85.43 4 74.00 1 177.00){0.00 0.00 0.00 0.00 32.80 0}{32.80 0.00 0.00 0.00 65.60 0}{65.60 74.00 85.37 98.00 98.40 30567}{98.40 99.00 117.98 136.00 164.00 55}{164.00 177.00 177.00 177.00 190.00 1}
COMP 4b-3: 48aca9_48af2d_48b001_48b0ba (496 5336.89 2 5316.00 1 5579.00){0.00 0.00 0.00 0.00 2129.20 0}{2129.20 0.00 0.00 0.00 4258.40 0}{4258.40 5316.00 5336.92 5579.00 6387.60 496}{6387.60 0.00 0.00 0.00 8516.80 0}{8516.80 0.00 0.00 0.00 10646.00 0}
COMM 4b-0: 46cb14_46cd49_46cded_46ce69 (5 350.83 1 238.00 6 576.00){0.00 0.00 0.00 0.00 190.40 0}{190.40 238.00 260.00 282.00 285.60 2}{285.60 375.00 375.00 375.00 380.80 1}{380.80 396.00 396.00 396.00 476.00 1}{476.00 576.00 576.00 576.00 676.00 1}
COMM 4b-1: 47d28d_47d652_47d7bc_47d8db (124 5.78 6 1.00 5 23.00){0.00 1.00 1.30 1.31 1.60 37}{1.60 2.00 2.00 2.00 2.40 5}{2.40 3.00 3.10 4.00 4.00 10}{4.00 5.00 7.83 11.00 12.00 64}{12.00 14.00 16.25 23.00 24.00 8}
COMM 4b-2: 481d4e_4820ce_482207_4822fb (30623 3.23 1 1.00 4 4685.00){0.00 1.00 2.85 10.00 10.00 30307}{10.00 10.14 11.36 17.00 18.00 185}{18.00 42.96 42.97 44.00 70.00 129}{70.00 238.00 238.00 238.00 406.00 1}{406.00 4685.00 4685.00 4685.00 8964.00 1}
COMM 4b-3: 48aca9_48af2d_48b001_48b0ba (496 77.11 1 3.00 2 593.00){0.00 3.00 4.94 10.00 14.00 248}{14.00 33.00 52.75 71.00 80.00 4}{80.00 135.18 143.09 245.75 262.00 238}{262.00 287.00 287.00 287.00 312.00 1}{312.00 437.00 508.20 593.00 874.00 5}
LOOP0: iter: ( 249 )[ 1 -1 1 2 1 ]( 62 )[ 1 -1 5 2 1 ]( 124 )[ 1 -1 4 1 0 ] mem: ( 10 )[ 1 -1 1 2 1 ]( 2 )[ 1 -1 4 3 1 ]
LOOP1: iter: ( 62 )[ 1 -1 1 2 1 ]( 2 )[ 1 -1 5 2 1 ] mem: ( 2 )[ 1 -1 1 2 1 ]( 1 )[ 1 -1 5 2 1 ]
10 2 
12 ( 155 )[ 1 -1 1 2 1 ]
12 ( 155 80 )[ 1 -1 5 2 1 ]
12 ( 75 75 75 75 75 75 75 75 75 75 75 75 75 75 75 75 75 75 75 75 75 75 75 75 75 75 75 75 75 75 75 75 75 75 75 75 75 75 75 75 75 75 75 75 75 75 75 75 75 75 75 75 75 75 75 75 75 75 75 75 75 75 155 155 155 155 155 155 155 155 155 155 155 155 155 155 155 155 155 155 155 155 155 155 155 155 155 155 155 155 155 155 155 155 155 155 155 155 155 155 155 155 155 155 155 155 155 155 155 155 155 155 155 155 155 155 155 155 155 155 155 155 155 155 )[ 1 -1 4 1 0 ]
14 16 
1b 0 
2b ( 7 )[ 1 -1 1 2 1 ]
2b ( 7 4 )[ 1 -1 5 2 1 ]
2b ( 4 4 4 4 4 4 4 4 4 4 4 4 4 4 4 4 4 4 4 4 4 4 4 4 4 4 4 4 4 4 4 4 4 4 4 4 4 4 4 4 4 4 4 4 4 4 4 4 4 4 4 4 4 4 4 4 4 4 4 4 4 4 1 1 1 1 1 1 1 1 1 1 1 1 1 1 1 1 1 1 1 1 1 1 1 1 1 1 1 1 1 1 1 1 1 1 1 1 1 1 1 1 1 1 1 1 1 1 1 1 1 1 1 1 1 1 1 1 1 1 1 1 1 1 )[ 1 -1 4 1 0 ]

RANKS: 1 -2 0 2 4 3 1
EVENT31: 1113 481d4e_4820ce_482207_4822fb
COMP 4b-0: 46cb14_46cd49_46cded_46ce69 (1 499.00 0 499.00 0 499.00){0.00 0.00 0.00 0.00 199.60 0}{199.60 0.00 0.00 0.00 399.20 0}{399.20 499.00 499.00 499.00 598.80 1}{598.80 0.00 0.00 0.00 798.40 0}{798.40 0.00 0.00 0.00 998.00 0}
COMP 4b-1: 47d28d_47d652_47d7bc_47d8db (31124 104.26 4 92.00 1 367.00){0.00 0.00 0.00 0.00 41.60 0}{41.60 0.00 0.00 0.00 83.20 0}{83.20 92.00 104.19 124.00 124.80 31080}{124.80 127.00 149.14 180.00 208.00 43}{208.00 367.00 367.00 367.00 526.00 1}
COMP 4b-2: 481d4e_4820ce_482207_4822fb (61503 45.83 0 4.00 0 230.00){0.00 0.00 0.00 0.00 2.00 0}{2.00 4.00 4.00 4.00 4.00 31}{4.00 4.80 5.18 8.00 8.00 46203}{8.00 9.00 9.40 10.00 10.00 10}{10.00 11.00 169.02 230.00 328.00 15259}
COMP 4b-3: 48aca9_48af2d_48b001_48b0ba (248 5112.65 0 5098.00 0 5249.00){0.00 0.00 0.00 0.00 2039.20 0}{2039.20 0.00 0.00 0.00 4078.40 0}{4078.40 5098.00 5112.71 5249.00 6117.60 248}{6117.60 0.00 0.00 0.00 8156.80 0}{8156.80 0.00 0.00 0.00 10196.00 0}
COMM 4b-0: 46cb14_46cd49_46cded_46ce69 (1 4.00 0 4.00 0 4.00){0.00 0.00 0.00 0.00 1.60 0}{1.60 0.00 0.00 0.00 3.20 0}{3.20 4.00 4.00 4.00 4.80 1}{4.80 0.00 0.00 0.00 6.40 0}{6.40 0.00 0.00 0.00 8.00 0}
COMM 4b-1: 47d28d_47d652_47d7bc_47d8db (31124 2.57 1 2.00 1 17.00){0.00 0.00 0.00 0.00 1.20 0}{1.20 2.00 2.02 2.36 2.40 10395}{2.40 2.41 2.61 4.00 4.80 20220}{4.80 5.00 5.75 6.00 6.00 4}{6.00 7.00 12.27 17.00 22.00 505}
COMM 4b-2: 481d4e_4820ce_482207_4822fb (61503 1.72 0 1.00 0 23.00){0.00 1.00 1.00 1.00 1.60 28686}{1.60 2.00 2.00 2.27 2.40 26930}{2.40 3.00 3.00 4.00 4.00 5363}{4.00 5.00 12.97 18.00 20.00 519}{20.00 21.00 22.00 23.00 24.00 5}
COMM 4b-3: 48aca9_48af2d_48b001_48b0ba (248 3.44 0 3.00 0 7.00){0.00 0.00 0.00 0.00 2.40 0}{2.40 3.00 3.00 3.00 3.60 143}{3.60 4.00 4.00 4.00 4.80 103}{4.80 5.00 5.00 5.00 6.00 1}{6.00 7.00 7.00 7.00 8.00 1}
LOOP0: iter: ( 249 )[ 1 -1 0 1 0 ]( 2 )[ 1 -1 1 2 1 ] mem: ( 5 )[ 1 -1 0 1 0 ]( 1 )[ 1 -1 1 2 1 ]
LOOP1: iter: ( 124 )[ 1 -1 0 1 0 ] mem: ( 1 )[ 1 -1 0 1 0 ]
10 2 
12 ( 155 75 )[ 1 -1 0 1 0 ]
12 ( 155 80 )[ 1 -1 1 2 1 ]
12 ( 155 )[ 1 -1 5 2 1 ]
12 ( 155 155 155 155 155 155 155 155 155 155 155 155 155 155 155 155 155 155 155 155 155 155 155 155 155 155 155 155 155 155 155 155 155 155 155 155 155 155 155 155 155 155 155 155 155 155 155 155 155 155 155 155 155 155 155 155 155 155 155 155 155 155 75 75 75 75 75 75 75 75 75 75 75 75 75 75 75 75 75 75 75 75 75 75 75 75 75 75 75 75 75 75 75 75 75 75 75 75 75 75 75 75 75 75 75 75 75 75 75 75 75 75 75 75 75 75 75 75 75 75 75 75 75 75 )[ 1 -1 4 1 0 ]
14 16 
1a ( 1 4 )[ 1 -1 0 3 1 ]
1a ( 1 )[ 1 -1 5 2 1 ]
1a ( 1 1 1 1 1 1 1 1 1 1 1 1 1 1 1 1 1 1 1 1 1 1 1 1 1 1 1 1 1 1 1 1 1 1 1 1 1 1 1 1 1 1 1 1 1 1 1 1 1 1 1 1 1 1 1 1 1 1 1 1 1 1 4 4 4 4 4 4 4 4 4 4 4 4 4 4 4 4 4 4 4 4 4 4 4 4 4 4 4 4 4 4 4 4 4 4 4 4 4 4 4 4 4 4 4 4 4 4 4 4 4 4 4 4 4 4 4 4 4 4 4 4 4 4 )[ 1 -1 4 1 0 ]
1b 0 

RANKS: 2 -1 0 4 1 -1 5 3 1
EVENT32: 1102 47d28d_47d652_47d7bc_47d8db
COMP 4b-0: 46cb14_46cd49_46cded_46ce69 (2 264.33 3 263.00 7 267.00){0.00 0.00 0.00 0.00 105.20 0}{105.20 0.00 0.00 0.00 210.40 0}{210.40 263.00 265.00 267.00 315.60 2}{315.60 0.00 0.00 0.00 420.80 0}{420.80 0.00 0.00 0.00 526.00 0}
COMP 4b-1: 47d28d_47d652_47d7bc_47d8db (92130 58.36 1 4.00 7 329.00){0.00 0.00 0.00 0.00 2.40 0}{2.40 4.00 5.74 9.00 9.60 61606}{9.60 10.00 10.24 11.00 12.00 9}{12.00 12.24 164.60 249.00 306.00 30514}{306.00 329.00 329.00 329.00 352.00 1}
COMP 4b-2: 481d4e_4820ce_482207_4822fb (92876 92.67 0 73.00 7 5353.00){0.00 0.00 0.00 0.00 59.20 0}{59.20 73.00 79.48 138.00 148.00 92621}{148.00 174.00 180.50 187.00 200.00 2}{200.00 229.67 235.00 251.00 302.00 4}{302.00 380.00 4995.67 5353.00 10404.00 249}
COMP 4b-3: 48aca9_48af2d_48b001_48b0ba (248 5021.70 3 5006.00 3 5367.00){0.00 0.00 0.00 0.00 2002.40 0}{2002.40 0.00 0.00 0.00 4004.80 0}{4004.80 5006.00 5021.76 5367.00 6007.20 248}{6007.20 0.00 0.00 0.00 8009.60 0}{8009.60 0.00 0.00 0.00 10012.00 0}
COMM 4b-0: 46cb14_46cd49_46cded_46ce69 (2 598.33 3 519.00 7 757.00){0.00 0.00 0.00 0.00 207.60 0}{207.60 0.00 0.00 0.00 415.20 0}{415.20 519.00 519.00 519.00 622.80 1}{622.80 757.00 757.00 757.00 830.40 1}{830.40 0.00 0.00 0.00 1038.00 0}
COMM 4b-1: 47d28d_47d652_47d7bc_47d8db (92130 23.94 1 0.00 0 318.00){0.00 0.00 0.00 0.00 0.80 2}{0.80 1.00 1.52 2.00 2.00 45800}{2.00 2.00 45.91 132.00 132.00 46250}{132.00 133.00 154.18 182.71 204.00 67}{204.00 210.00 252.18 318.00 418.00 11}
COMM 4b-2: 481d4e_4820ce_482207_4822fb (92876 42.29 1 1.00 0 6824.00){0.00 1.00 26.04 1930.00 2027.20 92627}{2027.20 0.00 0.00 0.00 4054.40 0}{4054.40 5068.00 6008.85 6081.00 6081.60 194}{6081.60 6082.00 6267.69 6824.00 8108.80 55}{8108.80 0.00 0.00 0.00 10136.00 0}
COMM 4b-3: 48aca9_48af2d_48b001_48b0ba (248 1077.12 3 643.00 3 1485.00){0.00 0.00 0.00 0.00 407.60 0}{407.60 643.00 711.50 748.00 815.20 4}{815.20 832.00 1075.29 1198.00 1222.80 238}{1222.80 1256.00 1403.33 1485.00 1630.40 6}{1630.40 0.00 0.00 0.00 2038.00 0}
LOOP0: iter: ( 124 )[ 1 -1 0 1 0 ]( 62 )[ 1 -1 1 2 1 ]( 249 )[ 2 -1 3 2 2 -1 6 2 1 ] mem: ( 1 )[ 1 -1 0 1 0 ]( 2 )[ 1 -1 1 2 1 ]( 7 )[ 1 -1 3 1 0 ]( 5 )[ 1 -1 7 1 0 ]( 10 )[ 1 -1 5 2 1 ]
LOOP1: iter: ( 2 )[ 1 -1 1 2 1 ]( 124 )[ 1 -1 3 2 4 ]( 62 )[ 1 -1 5 2 1 ] mem: ( 1 )[ 2 -1 1 2 1 -1 7 1 0 ]( 2 )[ 2 -1 3 2 2 -1 6 1 0 ]
10 2 
12 ( 155 75 )[ 1 -1 0 2 7 ]
12 ( 155 80 )[ 1 -1 1 2 1 ]
12 ( 155 155 155 155 155 155 155 155 155 155 155 155 155 155 155 155 155 155 155 155 155 155 155 155 155 155 155 155 155 155 155 155 155 155 155 155 155 155 155 155 155 155 155 155 155 155 155 155 155 155 155 155 155 155 155 155 155 155 155 155 155 155 75 75 75 75 75 75 75 75 75 75 75 75 75 75 75 75 75 75 75 75 75 75 75 75 75 75 75 75 75 75 75 75 75 75 75 75 75 75 75 75 75 75 75 75 75 75 75 75 75 75 75 75 75 75 75 75 75 75 75 75 75 75 )[ 1 -1 3 1 0 ]
12 ( 155 )[ 1 -1 5 2 1 ]
14 16 
1b 0 
2b ( 1 4 )[ 1 -1 0 3 1 ]
2b ( 7 7 7 7 7 7 7 7 7 7 7 7 7 7 7 7 7 7 7 7 7 7 7 7 7 7 7 7 7 7 7 7 7 7 7 7 7 7 7 7 7 7 7 7 7 7 7 7 7 7 7 7 7 7 7 7 7 7 7 7 7 7 4 4 4 4 4 4 4 4 4 4 4 4 4 4 4 4 4 4 4 4 4 4 4 4 4 4 4 4 4 4 4 4 4 4 4 4 4 4 4 4 4 4 4 4 4 4 4 4 4 4 4 4 4 4 4 4 4 4 4 4 4 4 )[ 1 -1 3 1 0 ]
2b ( 7 4 )[ 1 -1 7 1 0 ]
2b ( 1 )[ 1 -1 5 2 1 ]

RANKS: 1 -1 1 7 1
EVENT33: 1113 481d4e_4820ce_482207_4822fb
COMP 4b-0: 47d28d_47d652_47d7bc_47d8db (92877 98.41 3 92.00 7 319.00){0.00 0.00 0.00 0.00 79.20 0}{79.20 92.00 97.90 118.00 118.80 92435}{118.80 119.00 142.79 194.00 198.00 185}{198.00 207.00 251.89 297.00 298.00 256}{298.00 319.00 319.00 319.00 340.00 1}
COMP 4b-1: 481d4e_4820ce_482207_4822fb (61504 43.39 7 4.00 4 454.00){0.00 0.00 0.00 0.00 2.00 0}{2.00 4.00 5.19 8.00 8.00 46264}{8.00 9.00 9.42 10.00 10.00 12}{10.00 11.00 159.47 307.00 322.00 15227}{322.00 454.00 454.00 454.00 586.00 1}
COMM 4b-0: 47d28d_47d652_47d7bc_47d8db (92877 2.51 1 2.00 6 156.00){0.00 0.00 0.00 0.00 1.20 0}{1.20 2.00 2.00 2.38 2.40 37944}{2.40 2.42 2.69 6.00 6.00 53943}{6.00 7.00 11.25 13.18 14.00 979}{14.00 16.00 52.18 156.00 286.00 11}
COMM 4b-1: 481d4e_4820ce_482207_4822fb (61504 1.70 7 1.00 4 129.00){0.00 1.00 1.47 2.22 2.40 55128}{2.40 3.00 3.00 4.00 4.00 5850}{4.00 5.00 10.67 22.00 22.00 523}{22.00 44.00 44.50 45.00 66.00 2}{66.00 129.00 129.00 129.00 192.00 1}
LOOP0: iter: ( 124 )[ 1 -1 7 1 0 ]( 2 )[ 1 -1 5 2 1 ] mem: ( 1 )[ 1 -1 5 3 1 ]
10 2 
12 ( 155 )[ 1 -1 1 2 1 ]
12 ( 75 75 75 75 75 75 75 75 75 75 75 75 75 75 75 75 75 75 75 75 75 75 75 75 75 75 75 75 75 75 75 75 75 75 75 75 75 75 75 75 75 75 75 75 75 75 75 75 75 75 75 75 75 75 75 75 75 75 75 75 75 75 155 155 155 155 155 155 155 155 155 155 155 155 155 155 155 155 155 155 155 155 155 155 155 155 155 155 155 155 155 155 155 155 155 155 155 155 155 155 155 155 155 155 155 155 155 155 155 155 155 155 155 155 155 155 155 155 155 155 155 155 155 155 )[ 1 -1 3 1 0 ]
12 ( 155 75 )[ 1 -1 7 1 0 ]
12 ( 155 80 )[ 1 -1 5 2 1 ]
12 ( 20480 )[ 1 -1 4 1 0 ]
14 16 
1a ( 7 )[ 1 -1 1 2 1 ]
1a ( 4 4 4 4 4 4 4 4 4 4 4 4 4 4 4 4 4 4 4 4 4 4 4 4 4 4 4 4 4 4 4 4 4 4 4 4 4 4 4 4 4 4 4 4 4 4 4 4 4 4 4 4 4 4 4 4 4 4 4 4 4 4 7 7 7 7 7 7 7 7 7 7 7 7 7 7 7 7 7 7 7 7 7 7 7 7 7 7 7 7 7 7 7 7 7 7 7 7 7 7 7 7 7 7 7 7 7 7 7 7 7 7 7 7 7 7 7 7 7 7 7 7 7 7 )[ 1 -1 3 1 0 ]
1a ( 7 4 )[ 1 -1 5 3 1 ]
1a ( 1 )[ 1 -1 4 1 0 ]
1b 0 

RANKS: 1 -1 1 7 1
EVENT34: 1090 479c1a_479fef_47a15a_47a27b
COMP 4b-0: 481d4e_4820ce_482207_4822fb (1991 636.13 4 6.00 7 2593.00){0.00 6.00 11.13 24.00 178.40 248}{178.40 0.00 0.00 0.00 356.80 0}{356.80 416.00 441.92 523.00 535.20 1490}{535.20 541.00 546.00 557.00 892.00 4}{892.00 2411.00 2422.96 2593.00 4294.00 249}
COMP 4b-1: 48aca9_48af2d_48b001_48b0ba (1244 519.37 1 35.00 4 2595.00){0.00 0.00 0.00 0.00 15.20 0}{15.20 0.00 0.00 0.00 30.40 0}{30.40 35.00 36.74 44.00 45.60 993}{45.60 46.00 52.00 56.00 76.00 3}{76.00 2447.00 2459.42 2595.00 5114.00 248}
COMM 4b-0: 481d4e_4820ce_482207_4822fb (1991 1.18 6 0.00 7 3.00){0.00 0.00 0.00 0.00 0.80 1}{0.80 1.00 1.00 1.00 1.60 1623}{1.60 2.00 2.00 2.00 2.40 366}{2.40 3.00 3.00 3.00 3.20 1}{3.20 0.00 0.00 0.00 4.00 0}
COMM 4b-1: 48aca9_48af2d_48b001_48b0ba (1244 1.80 1 1.00 2 4.00){0.00 0.00 0.00 0.00 0.40 0}{0.40 0.00 0.00 0.00 0.80 0}{0.80 1.00 1.00 1.00 1.60 695}{1.60 2.00 2.00 2.00 2.00 118}{2.00 3.00 3.04 4.00 4.00 431}
LOOP0: iter: ( 2 )[ 2 -2 1 2 4 2 1 -1 7 1 0 ]( 248 )[ 1 -1 4 1 0 ] mem: ( 3 )[ 2 -2 1 2 4 2 1 -1 7 1 0 ]( 5 )[ 1 -1 4 1 0 ]
LOOP1: iter: ( 2 )[ 1 -1 4 1 0 ] mem: ( 2 )[ 1 -1 4 1 0 ]
10 2 
12 ( 20480 )[ 2 -1 1 3 1 -1 5 2 1 ]
12 ( 20480 10240 )[ 1 -1 4 2 3 ]
14 16 
1b 0 
2b 2147483647 

RANKS: 1 -1 4 1 0
EVENT35: 1148 48aca9_48af2d_48b001_48b0ba
COMP 4b-0: 479c1a_479fef_47a15a_47a27b (496 5.08 4 4.00 4 6.00){0.00 0.00 0.00 0.00 2.00 0}{2.00 4.00 4.00 4.00 4.00 12}{4.00 5.00 5.10 6.00 6.00 484}{6.00 0.00 0.00 0.00 8.00 0}{8.00 0.00 0.00 0.00 10.00 0}
COMM 4b-0: 479c1a_479fef_47a15a_47a27b (496 132.74 4 51.00 4 757.00){0.00 51.00 53.00 56.00 57.20 9}{57.20 61.00 114.69 225.00 228.80 458}{228.80 229.00 249.70 274.00 286.00 10}{286.00 290.00 293.00 298.00 310.00 3}{310.00 342.00 590.31 757.00 884.00 16}
1c 9999 

RANKS: 2 -2 1 2 3 2 1 -1 6 1 0
EVENT36: 1113 481d4e_4820ce_482207_4822fb
COMP 4b-0: 479c1a_479fef_47a15a_47a27b (1992 40.28 1 38.00 1 92.00){0.00 0.00 0.00 0.00 16.00 0}{16.00 0.00 0.00 0.00 32.00 0}{32.00 38.00 40.22 50.00 64.00 1989}{64.00 66.00 66.00 66.00 80.00 1}{80.00 87.00 89.50 92.00 104.00 2}
COMP 4b-1: 47d28d_47d652_47d7bc_47d8db (30504 98.13 4 93.00 4 243.00){0.00 0.00 0.00 0.00 39.20 0}{39.20 0.00 0.00 0.00 78.40 0}{78.40 93.00 97.88 117.00 117.60 30430}{117.60 118.00 139.76 179.00 196.00 25}{196.00 207.00 227.37 243.00 278.00 49}
COMP 4b-2: 48aca9_48af2d_48b001_48b0ba (248 40.28 4 39.00 4 60.00){0.00 0.00 0.00 0.00 16.00 0}{16.00 0.00 0.00 0.00 32.00 0}{32.00 39.00 40.05 45.00 48.00 244}{48.00 50.00 54.75 60.00 64.00 4}{64.00 0.00 0.00 0.00 80.00 0}
COMM 4b-0: 479c1a_479fef_47a15a_47a27b (1992 121.42 5 97.00 5 312.00){0.00 0.00 0.00 0.00 80.80 0}{80.80 97.00 99.80 121.00 121.20 1258}{121.20 153.65 158.11 199.00 202.00 731}{202.00 225.00 229.00 233.00 264.00 2}{264.00 312.00 312.00 312.00 360.00 1}
COMM 4b-1: 47d28d_47d652_47d7bc_47d8db (30504 2.43 4 2.00 4 118.00){0.00 0.00 0.00 0.00 1.20 0}{1.20 2.00 2.36 4.00 4.80 30216}{4.80 5.00 5.47 6.00 6.00 15}{6.00 7.00 9.79 14.00 14.00 272}{14.00 118.00 118.00 118.00 222.00 1}
COMM 4b-2: 48aca9_48af2d_48b001_48b0ba (248 56.70 4 55.00 4 174.00){0.00 0.00 0.00 0.00 22.40 0}{22.40 0.00 0.00 0.00 44.80 0}{44.80 55.00 56.23 64.00 89.60 247}{89.60 0.00 0.00 0.00 112.00 0}{112.00 174.00 174.00 174.00 236.00 1}
LOOP0: iter: ( 124 )[ 1 -1 4 1 0 ] mem: ( 2 )[ 1 -1 4 1 0 ]
10 2 
12 ( 20480 )[ 1 -2 1 2 4 2 1 ]
12 ( 10240 155 155 155 155 155 155 155 155 155 155 155 155 155 155 155 155 155 155 155 155 155 155 155 155 155 155 155 155 155 155 155 155 155 155 155 155 155 155 155 155 155 155 155 155 155 155 155 155 155 155 155 155 155 155 155 155 155 155 155 155 155 155 75 75 75 75 75 75 75 75 75 75 75 75 75 75 75 75 75 75 75 75 75 75 75 75 75 75 75 75 75 75 75 75 75 75 75 75 75 75 75 75 75 75 75 75 75 75 75 75 75 75 75 75 75 75 75 75 75 75 75 75 75 )[ 1 -1 4 1 0 ]
14 16 
1a ( 1 7 )[ 1 -2 1 2 4 2 1 ]
1a ( 4 1 1 1 1 1 1 1 1 1 1 1 1 1 1 1 1 1 1 1 1 1 1 1 1 1 1 1 1 1 1 1 1 1 1 1 1 1 1 1 1 1 1 1 1 1 1 1 1 1 1 1 1 1 1 1 1 1 1 1 1 1 1 4 4 4 4 4 4 4 4 4 4 4 4 4 4 4 4 4 4 4 4 4 4 4 4 4 4 4 4 4 4 4 4 4 4 4 4 4 4 4 4 4 4 4 4 4 4 4 4 4 4 4 4 4 4 4 4 4 4 4 4 4 )[ 1 -1 4 1 0 ]
1b 0 

RANKS: 1 -2 1 2 4 3 1
EVENT37: 1148 48aca9_48af2d_48b001_48b0ba
COMP 4b-0: 479c1a_479fef_47a15a_47a27b (747 5.36 3 5.00 7 8.00){0.00 0.00 0.00 0.00 2.00 0}{2.00 0.00 0.00 0.00 4.00 0}{4.00 5.00 5.35 6.00 6.00 746}{6.00 8.00 8.00 8.00 8.00 1}{8.00 0.00 0.00 0.00 10.00 0}
COMP 4b-1: 481d4e_4820ce_482207_4822fb (1992 5.19 1 4.00 1 44.00){0.00 0.00 0.00 0.00 2.00 0}{2.00 4.00 4.00 4.00 4.00 37}{4.00 5.00 5.18 7.00 8.00 1950}{8.00 9.00 9.00 9.00 10.00 2}{10.00 13.00 25.00 44.00 78.00 3}
COMM 4b-0: 479c1a_479fef_47a15a_47a27b (747 2540.65 7 53.00 7 4196.00){0.00 53.00 217.96 842.00 1240.40 249}{1240.40 0.00 0.00 0.00 2480.80 0}{2480.80 2873.00 3550.43 3715.00 3721.20 237}{3721.20 3726.00 3837.48 4196.00 4961.60 261}{4961.60 0.00 0.00 0.00 6202.00 0}
COMM 4b-1: 481d4e_4820ce_482207_4822fb (1992 59.76 1 0.00 2 853.00){0.00 0.00 7.25 46.00 90.00 1501}{90.00 92.00 92.50 93.00 96.00 2}{96.00 108.00 202.51 211.78 238.00 451}{238.00 265.00 274.40 284.00 292.00 5}{292.00 451.12 463.30 853.00 1414.00 33}
1c 9999 

RANKS: 1 -1 4 1 0
EVENT38: 1102 47d28d_47d652_47d7bc_47d8db
COMP 4b-0: 481d4e_4820ce_482207_4822fb (30752 115.08 4 71.00 4 5256.00){0.00 71.00 75.21 220.00 1998.40 30504}{1998.40 0.00 0.00 0.00 3996.80 0}{3996.80 4986.00 4999.55 5256.00 5995.20 248}{5995.20 0.00 0.00 0.00 7993.60 0}{7993.60 0.00 0.00 0.00 9992.00 0}
COMM 4b-0: 481d4e_4820ce_482207_4822fb (30752 73.19 4 1.00 4 6044.00){0.00 1.00 28.24 60.00 60.00 29922}{60.00 61.00 73.62 120.00 120.00 315}{120.00 122.00 158.08 239.00 240.00 38}{240.00 242.00 264.60 294.00 300.00 215}{300.00 330.00 5036.18 6044.00 11132.00 262}
10 2 
12 75 75 75 75 75 75 75 75 75 75 75 75 75 75 75 75 75 75 75 75 75 75 75 75 75 75 75 75 75 75 75 75 75 75 75 75 75 75 75 75 75 75 75 75 75 75 75 75 75 75 75 75 75 75 75 75 75 75 75 75 75 75 155 155 155 155 155 155 155 155 155 155 155 155 155 155 155 155 155 155 155 155 155 155 155 155 155 155 155 155 155 155 155 155 155 155 155 155 155 155 155 155 155 155 155 155 155 155 155 155 155 155 155 155 155 155 155 155 155 155 155 155 155 155 
14 16 
1b 0 
2b 4 4 4 4 4 4 4 4 4 4 4 4 4 4 4 4 4 4 4 4 4 4 4 4 4 4 4 4 4 4 4 4 4 4 4 4 4 4 4 4 4 4 4 4 4 4 4 4 4 4 4 4 4 4 4 4 4 4 4 4 4 4 1 1 1 1 1 1 1 1 1 1 1 1 1 1 1 1 1 1 1 1 1 1 1 1 1 1 1 1 1 1 1 1 1 1 1 1 1 1 1 1 1 1 1 1 1 1 1 1 1 1 1 1 1 1 1 1 1 1 1 1 1 1 

RANKS: 2 -1 0 5 1 -1 7 1 0
EVENT39: 1113 481d4e_4820ce_482207_4822fb
COMP 4b-0: 47d28d_47d652_47d7bc_47d8db (497 319.09 4 94.00 0 575.00){0.00 94.00 95.49 103.00 222.80 248}{222.80 0.00 0.00 0.00 445.60 0}{445.60 534.00 540.84 575.00 668.40 249}{668.40 0.00 0.00 0.00 891.20 0}{891.20 0.00 0.00 0.00 1114.00 0}
COMP 4b-1: 481d4e_4820ce_482207_4822fb (497 1449.66 4 446.00 3 2616.00){0.00 446.00 455.37 639.00 974.80 248}{974.80 0.00 0.00 0.00 1949.60 0}{1949.60 2426.00 2436.00 2616.00 2924.40 249}{2924.40 0.00 0.00 0.00 3899.20 0}{3899.20 0.00 0.00 0.00 4874.00 0}
COMP 4b-2: 48aca9_48af2d_48b001_48b0ba (1494 1328.36 7 38.00 1 2846.00){0.00 38.00 60.02 84.00 990.00 747}{990.00 0.00 0.00 0.00 1980.00 0}{1980.00 2461.00 2595.16 2846.00 2970.00 747}{2970.00 0.00 0.00 0.00 3960.00 0}{3960.00 0.00 0.00 0.00 4950.00 0}
COMM 4b-0: 47d28d_47d652_47d7bc_47d8db (497 57.18 4 2.00 0 188.00){0.00 2.00 2.28 3.00 41.20 248}{41.20 0.00 0.00 0.00 82.40 0}{82.40 102.00 109.43 123.00 123.60 233}{123.60 124.00 136.77 164.00 164.80 13}{164.80 169.00 178.00 188.00 206.00 3}
COMM 4b-1: 481d4e_4820ce_482207_4822fb (497 88.11 3 55.00 4 184.00){0.00 0.00 0.00 0.00 45.60 0}{45.60 55.00 56.44 59.00 68.40 247}{68.40 77.00 87.00 97.00 114.00 2}{114.00 116.00 118.96 141.00 160.00 244}{160.00 165.00 169.75 184.00 208.00 4}
COMM 4b-2: 48aca9_48af2d_48b001_48b0ba (1494 149.65 0 56.00 3 957.00){0.00 56.00 65.06 111.00 114.00 992}{114.00 117.00 143.00 188.00 228.00 5}{228.00 259.91 305.26 326.05 350.00 479}{350.00 490.00 490.00 490.00 630.00 1}{630.00 671.38 688.18 957.00 1284.00 17}
LOOP0: iter: ( 2 )[ 2 -1 0 2 3 -1 4 1 0 ] mem: ( 3 )[ 1 -1 0 1 0 ]( 1 )[ 1 -1 3 2 1 ]
10 2 
12 ( 20480 10240 )[ 2 -1 0 2 3 -1 7 1 0 ]
12 ( 10240 )[ 1 -1 1 2 1 ]
12 ( 75 20480 )[ 1 -1 4 1 0 ]
14 16 
1a ( 1 4 )[ 1 -1 0 1 0 ]
1a ( 4 )[ 1 -1 1 2 1 ]
1a ( 7 4 )[ 1 -1 3 2 4 ]
1a ( 4 1 )[ 1 -1 4 1 0 ]
1b 0 

RANKS: 1 -1 0 7 1
EVENT40: 1090 479c1a_479fef_47a15a_47a27b
COMP 4b-0: 481d4e_4820ce_482207_4822fb (1246 5.31 0 4.00 0 13.00){0.00 0.00 0.00 0.00 2.40 0}{2.40 4.00 4.00 4.00 4.80 12}{4.80 5.00 5.31 9.00 9.60 1231}{9.60 10.00 10.00 10.00 12.00 1}{12.00 13.00 13.00 13.00 14.00 2}
COMP 4b-1: 48aca9_48af2d_48b001_48b0ba (499 2644.16 4 2448.00 4 2815.00){0.00 0.00 0.00 0.00 1057.60 0}{1057.60 0.00 0.00 0.00 2115.20 0}{2115.20 2448.00 2644.16 2815.00 3172.80 499}{3172.80 0.00 0.00 0.00 4230.40 0}{4230.40 0.00 0.00 0.00 5288.00 0}
COMM 4b-0: 481d4e_4820ce_482207_4822fb (1246 0.95 0 0.00 0 2.00){0.00 0.00 0.00 0.00 0.40 67}{0.40 0.00 0.00 0.00 0.80 0}{0.80 1.00 1.00 1.00 1.20 1172}{1.20 0.00 0.00 0.00 1.60 0}{1.60 2.00 2.00 2.00 2.00 7}
COMM 4b-1: 48aca9_48af2d_48b001_48b0ba (499 1.08 5 1.00 5 2.00){0.00 0.00 0.00 0.00 0.80 0}{0.80 1.00 1.00 1.00 1.60 458}{1.60 2.00 2.00 2.00 2.40 41}{2.40 0.00 0.00 0.00 3.20 0}{3.20 0.00 0.00 0.00 4.00 0}
LOOP0: iter: ( 2 )[ 1 -1 4 1 0 ] mem: ( 2 )[ 1 -1 4 1 0 ]
10 2 
12 ( 20480 10240 )[ 1 -1 0 2 4 ]
12 ( 10240 )[ 2 -1 1 3 1 -1 5 2 1 ]
14 16 
1b 0 
2b 2147483647 

RANKS: 1 -1 0 7 1
EVENT41: 1148 48aca9_48af2d_48b001_48b0ba
COMP 4b-0: 479c1a_479fef_47a15a_47a27b (1745 5.09 0 4.00 1 14.00){0.00 0.00 0.00 0.00 3.20 0}{3.20 4.00 4.99 6.00 6.40 1721}{6.40 8.00 8.00 8.00 9.60 2}{9.60 11.00 11.80 12.00 12.80 15}{12.80 13.00 13.14 14.00 16.00 7}
COMM 4b-0: 479c1a_479fef_47a15a_47a27b (1745 115.93 1 49.00 5 891.00){0.00 49.00 102.00 246.00 249.60 1682}{249.60 279.82 288.84 297.86 312.00 2}{312.00 335.37 381.00 596.00 610.00 43}{610.00 626.00 747.75 794.13 807.33 16}{807.33 877.00 884.00 891.00 974.67 2}
1c 9999 

RANKS: 1 -1 5 2 1
EVENT42: 1113 481d4e_4820ce_482207_4822fb
COMP 4b-0: 47d28d_47d652_47d7bc_47d8db (30378 108.22 6 104.00 5 209.00){0.00 0.00 0.00 0.00 42.00 0}{42.00 0.00 0.00 0.00 84.00 0}{84.00 104.00 108.13 126.00 126.00 30314}{126.00 127.00 149.88 164.00 168.00 60}{168.00 169.00 180.25 209.00 210.00 4}
COMP 4b-1: 48aca9_48af2d_48b001_48b0ba (498 39.88 6 38.00 6 85.00){0.00 0.00 0.00 0.00 16.00 0}{16.00 0.00 0.00 0.00 32.00 0}{32.00 38.00 39.70 48.00 48.00 493}{48.00 49.00 51.00 55.00 80.00 4}{80.00 85.00 85.00 85.00 90.00 1}
COMM 4b-0: 47d28d_47d652_47d7bc_47d8db (30378 2.53 5 2.00 5 17.00){0.00 0.00 0.00 0.00 1.20 0}{1.20 2.00 2.46 4.11 4.80 30097}{4.80 5.00 5.80 6.00 6.00 5}{6.00 8.00 10.09 15.00 16.00 275}{16.00 17.00 17.00 17.00 18.00 1}
COMM 4b-1: 48aca9_48af2d_48b001_48b0ba (498 71.46 6 57.00 5 91.00){0.00 0.00 0.00 0.00 27.60 0}{27.60 0.00 0.00 0.00 55.20 0}{55.20 57.00 71.43 82.00 82.80 497}{82.80 91.00 91.00 91.00 110.40 1}{110.40 0.00 0.00 0.00 138.00 0}
LOOP0: iter: ( 62 )[ 1 -1 5 2 1 ] mem: ( 2 )[ 1 -1 5 2 1 ]
10 2 
12 10240 155 155 155 155 155 155 155 155 155 155 155 155 155 155 155 155 155 155 155 155 155 155 155 155 155 155 155 155 155 155 155 155 155 155 155 155 155 155 155 155 155 155 155 155 155 155 155 155 155 155 155 155 155 155 155 155 155 155 155 155 155 
14 16 
1a 4 1 1 1 1 1 1 1 1 1 1 1 1 1 1 1 1 1 1 1 1 1 1 1 1 1 1 1 1 1 1 1 1 1 1 1 1 1 1 1 1 1 1 1 1 1 1 1 1 1 1 1 1 1 1 1 1 1 1 1 1 1 
1b 0 

RANKS: 1 -2 1 2 4 2 1
EVENT43: 1102 47d28d_47d652_47d7bc_47d8db
COMP 4b-0: 47d28d_47d652_47d7bc_47d8db (30876 5.34 6 4.00 5 50.00){0.00 4.00 4.00 4.00 4.00 1}{4.00 5.00 5.32 8.00 8.00 30806}{8.00 8.00 8.47 10.00 10.00 15}{10.00 12.00 12.92 21.00 32.00 50}{32.00 47.00 48.00 50.00 68.00 4}
COMP 4b-1: 481d4e_4820ce_482207_4822fb (30998 166.43 5 81.00 6 5504.00){0.00 0.00 0.00 0.00 33.20 0}{33.20 0.00 0.00 0.00 66.40 0}{66.40 81.00 82.48 94.00 132.80 30498}{132.80 133.00 133.00 133.00 166.00 1}{166.00 252.00 5297.79 5504.00 10664.00 499}
COMP 4b-2: 48aca9_48af2d_48b001_48b0ba (2 5333.00 1 5332.00 2 5335.00){0.00 0.00 0.00 0.00 2132.80 0}{2132.80 0.00 0.00 0.00 4265.60 0}{4265.60 5332.00 5333.50 5335.00 6398.40 2}{6398.40 0.00 0.00 0.00 8531.20 0}{8531.20 0.00 0.00 0.00 10664.00 0}
COMM 4b-0: 47d28d_47d652_47d7bc_47d8db (30876 4.81 5 0.00 5 587.00){0.00 0.00 2.19 63.00 125.60 30626}{125.60 130.00 208.38 249.00 251.20 8}{251.20 254.00 321.30 350.00 358.00 224}{358.00 361.00 406.41 518.00 580.00 17}{580.00 587.00 587.00 587.00 594.00 1}
COMM 4b-1: 481d4e_4820ce_482207_4822fb (30998 7.78 1 1.00 6 953.00){0.00 1.00 3.63 43.00 72.00 30748}{72.00 146.00 146.00 146.00 220.00 1}{220.00 340.00 340.00 340.00 460.00 1}{460.00 512.22 513.09 656.00 698.73 243}{698.73 803.00 871.60 953.00 1207.27 5}
COMM 4b-2: 48aca9_48af2d_48b001_48b0ba (2 24.00 1 3.00 2 66.00){0.00 0.00 0.00 0.00 1.20 0}{1.20 0.00 0.00 0.00 2.40 0}{2.40 3.00 3.00 3.00 4.80 1}{4.80 0.00 0.00 0.00 6.00 0}{6.00 66.00 66.00 66.00 126.00 1}
LOOP0: iter: ( 62 )[ 1 -1 1 2 1 ]( 2 )[ 1 -1 5 2 1 ] mem: ( 2 )[ 1 -1 1 2 1 ]( 1 )[ 1 -1 5 2 1 ]
10 2 
12 ( 155 )[ 1 -1 1 2 1 ]
12 ( 155 80 )[ 1 -1 5 2 1 ]
14 16 
1b 0 
2b ( 7 )[ 1 -1 1 2 1 ]
2b ( 7 4 )[ 1 -1 5 2 1 ]

RANKS: 1 -2 0 2 4 3 1
EVENT44: 1113 481d4e_4820ce_482207_4822fb
COMP 4b-0: 47d28d_47d652_47d7bc_47d8db (745 105.83 4 94.00 5 162.00){0.00 0.00 0.00 0.00 41.60 0}{41.60 0.00 0.00 0.00 83.20 0}{83.20 94.00 105.71 118.00 124.80 743}{124.80 146.00 154.00 162.00 166.40 2}{166.40 0.00 0.00 0.00 208.00 0}
COMP 4b-1: 481d4e_4820ce_482207_4822fb (247 45.63 1 4.00 0 170.00){0.00 0.00 0.00 0.00 2.00 0}{2.00 4.00 4.00 4.00 4.00 6}{4.00 5.00 5.30 6.00 8.00 180}{8.00 0.00 0.00 0.00 10.00 0}{10.00 169.00 169.39 170.00 328.00 61}
COMP 4b-2: 48aca9_48af2d_48b001_48b0ba (2 3510.67 4 40.00 0 5246.00){0.00 40.00 40.00 40.00 2098.40 1}{2098.40 0.00 0.00 0.00 4196.80 0}{4196.80 5246.00 5246.00 5246.00 6295.20 1}{6295.20 0.00 0.00 0.00 8393.60 0}{8393.60 0.00 0.00 0.00 10492.00 0}
COMM 4b-0: 47d28d_47d652_47d7bc_47d8db (745 2.50 1 2.00 1 14.00){0.00 0.00 0.00 0.00 1.20 0}{1.20 2.00 2.00 2.00 2.40 404}{2.40 3.00 3.00 3.00 4.80 337}{4.80 0.00 0.00 0.00 6.00 0}{6.00 9.00 11.00 14.00 22.00 4}
COMM 4b-1: 481d4e_4820ce_482207_4822fb (247 1.73 0 1.00 0 16.00){0.00 0.00 0.00 0.00 0.80 0}{0.80 1.00 1.00 1.00 1.60 118}{1.60 2.00 2.00 2.00 2.40 100}{2.40 3.00 3.00 3.00 4.00 27}{4.00 11.00 13.50 16.00 28.00 2}
COMM 4b-2: 48aca9_48af2d_48b001_48b0ba (2 21.67 0 4.00 4 57.00){0.00 0.00 0.00 0.00 1.60 0}{1.60 0.00 0.00 0.00 3.20 0}{3.20 4.00 4.00 4.00 6.40 1}{6.40 0.00 0.00 0.00 8.00 0}{8.00 57.00 57.00 57.00 106.00 1}
LOOP0: iter: ( 124 )[ 1 -1 0 2 4 ]( 2 )[ 1 -1 1 2 1 ] mem: ( 1 )[ 1 -1 0 3 1 ]( 2 )[ 1 -1 4 1 0 ]
10 2 
12 ( 155 75 )[ 1 -1 0 1 0 ]
12 ( 155 80 )[ 1 -1 1 2 1 ]
12 ( 155 )[ 1 -1 5 2 1 ]
12 ( 10240 155 155 155 155 155 155 155 155 155 155 155 155 155 155 155 155 155 155 155 155 155 155 155 155 155 155 155 155 155 155 155 155 155 155 155 155 155 155 155 155 155 155 155 155 155 155 155 155 155 155 155 155 155 155 155 155 155 155 155 155 155 155 75 75 75 75 75 75 75 75 75 75 75 75 75 75 75 75 75 75 75 75 75 75 75 75 75 75 75 75 75 75 75 75 75 75 75 75 75 75 75 75 75 75 75 75 75 75 75 75 75 75 75 75 75 75 75 75 75 75 75 75 75 )[ 1 -1 4 1 0 ]
14 16 
1a ( 1 4 )[ 1 -1 0 3 1 ]
1a ( 1 )[ 1 -1 5 2 1 ]
1a ( 4 1 1 1 1 1 1 1 1 1 1 1 1 1 1 1 1 1 1 1 1 1 1 1 1 1 1 1 1 1 1 1 1 1 1 1 1 1 1 1 1 1 1 1 1 1 1 1 1 1 1 1 1 1 1 1 1 1 1 1 1 1 1 4 4 4 4 4 4 4 4 4 4 4 4 4 4 4 4 4 4 4 4 4 4 4 4 4 4 4 4 4 4 4 4 4 4 4 4 4 4 4 4 4 4 4 4 4 4 4 4 4 4 4 4 4 4 4 4 4 4 4 4 4 )[ 1 -1 4 1 0 ]
1b 0 

RANKS: 1 -1 0 8 1
EVENT45: 1102 47d28d_47d652_47d7bc_47d8db
COMP 4b-0: 47d28d_47d652_47d7bc_47d8db (370 58.16 2 4.00 7 178.00){0.00 0.00 0.00 0.00 2.40 0}{2.40 4.00 4.00 4.00 4.80 1}{4.80 5.00 5.74 7.00 9.60 247}{9.60 0.00 0.00 0.00 12.00 0}{12.00 159.00 165.16 178.00 306.00 122}
COMP 4b-1: 481d4e_4820ce_482207_4822fb (497 98.23 4 71.00 7 4996.00){0.00 0.00 0.00 0.00 29.60 0}{29.60 0.00 0.00 0.00 59.20 0}{59.20 71.00 78.36 78.78 88.80 492}{88.80 97.00 103.33 116.00 148.00 3}{148.00 4987.00 4991.50 4996.00 9844.00 2}
COMP 4b-2: 48aca9_48af2d_48b001_48b0ba (1 5015.00 3 5015.00 3 5015.00){0.00 0.00 0.00 0.00 2006.00 0}{2006.00 0.00 0.00 0.00 4012.00 0}{4012.00 5015.00 5015.00 5015.00 6018.00 1}{6018.00 0.00 0.00 0.00 8024.00 0}{8024.00 0.00 0.00 0.00 10030.00 0}
COMM 4b-0: 47d28d_47d652_47d7bc_47d8db (370 24.17 0 1.00 7 242.00){0.00 0.00 0.00 0.00 0.80 0}{0.80 1.00 1.87 4.00 4.00 243}{4.00 5.00 65.19 74.00 106.00 125}{106.00 119.00 119.00 119.00 132.00 1}{132.00 242.00 242.00 242.00 352.00 1}
COMM 4b-1: 481d4e_4820ce_482207_4822fb (497 63.45 2 1.00 0 6070.00){0.00 1.00 28.55 1358.00 2428.00 495}{2428.00 0.00 0.00 0.00 4856.00 0}{4856.00 5328.00 5699.00 6070.00 7284.00 2}{7284.00 0.00 0.00 0.00 9712.00 0}{9712.00 0.00 0.00 0.00 12140.00 0}
COMM 4b-2: 48aca9_48af2d_48b001_48b0ba (1 1081.00 3 1081.00 3 1081.00){0.00 0.00 0.00 0.00 432.40 0}{432.40 0.00 0.00 0.00 864.80 0}{864.80 1081.00 1081.00 1081.00 1297.20 1}{1297.20 0.00 0.00 0.00 1729.60 0}{1729.60 0.00 0.00 0.00 2162.00 0}
LOOP0: iter: ( 124 )[ 2 -1 0 2 3 -1 7 1 0 ]( 62 )[ 1 -2 1 2 4 2 1 ] mem: ( 1 )[ 1 -1 0 2 7 ]( 2 )[ 2 -1 1 3 1 -1 5 2 1 ]
LOOP1: iter: ( 2 )[ 1 -1 1 2 1 ] mem: ( 1 )[ 1 -1 1 2 1 ]
10 2 
12 ( 155 75 )[ 1 -1 0 2 7 ]
12 ( 155 80 )[ 1 -1 1 2 1 ]
12 ( 155 155 155 155 155 155 155 155 155 155 155 155 155 155 155 155 155 155 155 155 155 155 155 155 155 155 155 155 155 155 155 155 155 155 155 155 155 155 155 155 155 155 155 155 155 155 155 155 155 155 155 155 155 155 155 155 155 155 155 155 155 155 75 75 75 75 75 75 75 75 75 75 75 75 75 75 75 75 75 75 75 75 75 75 75 75 75 75 75 75 75 75 75 75 75 75 75 75 75 75 75 75 75 75 75 75 75 75 75 75 75 75 75 75 75 75 75 75 75 75 75 75 75 75 )[ 1 -1 3 1 0 ]
12 ( 155 )[ 1 -1 5 2 1 ]
12 ( 75 75 75 75 75 75 75 75 75 75 75 75 75 75 75 75 75 75 75 75 75 75 75 75 75 75 75 75 75 75 75 75 75 75 75 75 75 75 75 75 75 75 75 75 75 75 75 75 75 75 75 75 75 75 75 75 75 75 75 75 75 75 155 155 155 155 155 155 155 155 155 155 155 155 155 155 155 155 155 155 155 155 155 155 155 155 155 155 155 155 155 155 155 155 155 155 155 155 155 155 155 155 155 155 155 155 155 155 155 155 155 155 155 155 155 155 155 155 155 155 155 155 155 155 )[ 1 -1 4 1 0 ]
14 16 
1b 0 
2b ( 1 4 )[ 1 -1 0 3 1 ]
2b ( 7 7 7 7 7 7 7 7 7 7 7 7 7 7 7 7 7 7 7 7 7 7 7 7 7 7 7 7 7 7 7 7 7 7 7 7 7 7 7 7 7 7 7 7 7 7 7 7 7 7 7 7 7 7 7 7 7 7 7 7 7 7 4 4 4 4 4 4 4 4 4 4 4 4 4 4 4 4 4 4 4 4 4 4 4 4 4 4 4 4 4 4 4 4 4 4 4 4 4 4 4 4 4 4 4 4 4 4 4 4 4 4 4 4 4 4 4 4 4 4 4 4 4 4 )[ 1 -1 3 1 0 ]
2b ( 7 4 )[ 1 -1 7 1 0 ]
2b ( 1 )[ 1 -1 5 2 1 ]
2b ( 4 4 4 4 4 4 4 4 4 4 4 4 4 4 4 4 4 4 4 4 4 4 4 4 4 4 4 4 4 4 4 4 4 4 4 4 4 4 4 4 4 4 4 4 4 4 4 4 4 4 4 4 4 4 4 4 4 4 4 4 4 4 1 1 1 1 1 1 1 1 1 1 1 1 1 1 1 1 1 1 1 1 1 1 1 1 1 1 1 1 1 1 1 1 1 1 1 1 1 1 1 1 1 1 1 1 1 1 1 1 1 1 1 1 1 1 1 1 1 1 1 1 1 1 )[ 1 -1 4 1 0 ]

RANKS: 1 -1 1 7 1
EVENT46: 1113 481d4e_4820ce_482207_4822fb
COMP 4b-0: 47d28d_47d652_47d7bc_47d8db (374 98.33 3 92.00 7 250.00){0.00 0.00 0.00 0.00 39.60 0}{39.60 0.00 0.00 0.00 79.20 0}{79.20 92.00 97.92 107.00 158.40 373}{158.40 0.00 0.00 0.00 198.00 0}{198.00 250.00 250.00 250.00 302.00 1}
COMP 4b-1: 481d4e_4820ce_482207_4822fb (247 43.09 5 4.00 7 167.00){0.00 0.00 0.00 0.00 2.00 0}{2.00 4.00 4.00 4.00 4.00 33}{4.00 5.00 5.40 7.00 8.00 153}{8.00 0.00 0.00 0.00 10.00 0}{10.00 159.00 159.39 167.00 308.00 61}
COMM 4b-0: 47d28d_47d652_47d7bc_47d8db (374 2.50 1 2.00 6 15.00){0.00 0.00 0.00 0.00 1.20 0}{1.20 2.00 2.00 2.00 2.40 218}{2.40 3.00 3.00 3.00 6.00 152}{6.00 9.00 9.67 10.00 14.00 3}{14.00 15.00 15.00 15.00 16.00 1}
COMM 4b-1: 481d4e_4820ce_482207_4822fb (247 1.64 7 1.00 7 12.00){0.00 0.00 0.00 0.00 0.80 0}{0.80 1.00 1.00 1.00 1.60 123}{1.60 2.00 2.00 2.00 2.40 107}{2.40 3.00 3.00 3.00 4.00 15}{4.00 10.00 11.00 12.00 16.00 2}
LOOP0: iter: ( 124 )[ 1 -1 7 1 0 ]( 2 )[ 1 -1 5 2 1 ] mem: ( 1 )[ 1 -1 5 3 1 ]
10 2 
12 ( 155 )[ 1 -1 1 2 1 ]
12 ( 75 75 75 75 75 75 75 75 75 75 75 75 75 75 75 75 75 75 75 75 75 75 75 75 75 75 75 75 75 75 75 75 75 75 75 75 75 75 75 75 75 75 75 75 75 75 75 75 75 75 75 75 75 75 75 75 75 75 75 75 75 75 155 155 155 155 155 155 155 155 155 155 155 155 155 155 155 155 155 155 155 155 155 155 155 155 155 155 155 155 155 155 155 155 155 155 155 155 155 155 155 155 155 155 155 155 155 155 155 155 155 155 155 155 155 155 155 155 155 155 155 155 155 155 )[ 1 -1 3 1 0 ]
12 ( 155 75 )[ 1 -1 7 1 0 ]
12 ( 155 80 )[ 1 -1 5 2 1 ]
12 ( 75 )[ 1 -1 4 1 0 ]
14 16 
1a ( 7 )[ 1 -1 1 2 1 ]
1a ( 4 4 4 4 4 4 4 4 4 4 4 4 4 4 4 4 4 4 4 4 4 4 4 4 4 4 4 4 4 4 4 4 4 4 4 4 4 4 4 4 4 4 4 4 4 4 4 4 4 4 4 4 4 4 4 4 4 4 4 4 4 4 7 7 7 7 7 7 7 7 7 7 7 7 7 7 7 7 7 7 7 7 7 7 7 7 7 7 7 7 7 7 7 7 7 7 7 7 7 7 7 7 7 7 7 7 7 7 7 7 7 7 7 7 7 7 7 7 7 7 7 7 7 7 )[ 1 -1 3 1 0 ]
1a ( 7 4 )[ 1 -1 5 3 1 ]
1a ( 4 )[ 1 -1 4 1 0 ]
1b 0 

RANKS: 1 -1 0 8 1
EVENT47: 1004 46a183_46a4e3_46a626_46a718
COMP 4b-0: 47d28d_47d652_47d7bc_47d8db (1 480.00 0 480.00 0 480.00){0.00 0.00 0.00 0.00 192.00 0}{192.00 0.00 0.00 0.00 384.00 0}{384.00 480.00 480.00 480.00 576.00 1}{576.00 0.00 0.00 0.00 768.00 0}{768.00 0.00 0.00 0.00 960.00 0}
COMP 4b-1: 481d4e_4820ce_482207_4822fb (7 411.38 4 393.00 4 425.00){0.00 0.00 0.00 0.00 166.80 0}{166.80 0.00 0.00 0.00 333.60 0}{333.60 393.00 410.57 425.00 500.40 7}{500.40 0.00 0.00 0.00 667.20 0}{667.20 0.00 0.00 0.00 834.00 0}
COMM 4b-0: 47d28d_47d652_47d7bc_47d8db (1 11.00 0 11.00 0 11.00){0.00 0.00 0.00 0.00 4.40 0}{4.40 0.00 0.00 0.00 8.80 0}{8.80 11.00 11.00 11.00 13.20 1}{13.20 0.00 0.00 0.00 17.60 0}{17.60 0.00 0.00 0.00 22.00 0}
COMM 4b-1: 481d4e_4820ce_482207_4822fb (7 1258.12 1 117.00 3 4336.00){0.00 0.00 0.00 0.00 46.80 0}{46.80 0.00 0.00 0.00 93.60 0}{93.60 117.00 152.00 187.00 187.20 2}{187.20 0.00 0.00 0.00 234.00 0}{234.00 245.00 1928.80 4336.00 7658.00 5}
10 2 
12 5 
14 16 
18 3 

RANKS: 1 -1 4 1 0
EVENT48: 1113 481d4e_4820ce_482207_4822fb
COMP 4b-0: 46a183_46a4e3_46a626_46a718 (1 244.00 4 244.00 4 244.00){0.00 0.00 0.00 0.00 97.60 0}{97.60 0.00 0.00 0.00 195.20 0}{195.20 244.00 244.00 244.00 292.80 1}{292.80 0.00 0.00 0.00 390.40 0}{390.40 0.00 0.00 0.00 488.00 0}
COMM 4b-0: 46a183_46a4e3_46a626_46a718 (1 142.00 4 142.00 4 142.00){0.00 0.00 0.00 0.00 56.80 0}{56.80 0.00 0.00 0.00 113.60 0}{113.60 142.00 142.00 142.00 170.40 1}{170.40 0.00 0.00 0.00 227.20 0}{227.20 0.00 0.00 0.00 284.00 0}
10 2 
12 20480 
14 16 
1a 1 
1b 0 

RANKS: 1 -1 1 7 1
EVENT49: 1090 479c1a_479fef_47a15a_47a27b
COMP 4b-0: 46a183_46a4e3_46a626_46a718 (6 226.00 7 209.00 2 237.00){0.00 0.00 0.00 0.00 90.80 0}{90.80 0.00 0.00 0.00 181.60 0}{181.60 209.00 225.83 237.00 272.40 6}{272.40 0.00 0.00 0.00 363.20 0}{363.20 0.00 0.00 0.00 454.00 0}
COMP 4b-1: 481d4e_4820ce_482207_4822fb (2 1609.67 4 5.00 7 2412.00){0.00 5.00 5.00 5.00 964.80 1}{964.80 0.00 0.00 0.00 1929.60 0}{1929.60 2412.00 2412.00 2412.00 2894.40 1}{2894.40 0.00 0.00 0.00 3859.20 0}{3859.20 0.00 0.00 0.00 4824.00 0}
COMP 4b-2: 48aca9_48af2d_48b001_48b0ba (5 440.50 5 36.00 4 2459.00){0.00 0.00 0.00 0.00 14.80 0}{14.80 0.00 0.00 0.00 29.60 0}{29.60 36.00 36.75 37.00 59.20 4}{59.20 0.00 0.00 0.00 74.00 0}{74.00 2459.00 2459.00 2459.00 4844.00 1}
COMM 4b-0: 46a183_46a4e3_46a626_46a718 (6 1.14 1 1.00 7 2.00){0.00 0.00 0.00 0.00 0.40 0}{0.40 0.00 0.00 0.00 0.80 0}{0.80 1.00 1.00 1.00 1.20 5}{1.20 0.00 0.00 0.00 1.60 0}{1.60 2.00 2.00 2.00 2.00 1}
COMM 4b-1: 481d4e_4820ce_482207_4822fb (2 1.00 7 1.00 7 1.00){0.00 0.00 0.00 0.00 0.40 0}{0.40 0.00 0.00 0.00 0.80 0}{0.80 1.00 1.00 1.00 1.20 2}{1.20 0.00 0.00 0.00 1.60 0}{1.60 0.00 0.00 0.00 2.00 0}
COMM 4b-2: 48aca9_48af2d_48b001_48b0ba (5 1.00 1 1.00 1 1.00){0.00 0.00 0.00 0.00 0.40 0}{0.40 0.00 0.00 0.00 0.80 0}{0.80 1.00 1.00 1.00 1.20 5}{1.20 0.00 0.00 0.00 1.60 0}{1.60 0.00 0.00 0.00 2.00 0}
LOOP0: iter: ( 2 )[ 2 -2 1 2 3 2 1 -1 6 2 1 ] mem: ( 3 )[ 2 -2 1 2 4 2 1 -1 7 1 0 ]( 2 )[ 1 -1 4 1 0 ]
10 2 
12 ( 20480 )[ 2 -1 1 3 1 -1 5 2 1 ]
12 ( 20480 10240 )[ 1 -1 4 2 3 ]
14 16 
1b 0 
2b 2147483647 

RANKS: 1 -2 1 2 4 2 1
EVENT50: 1113 481d4e_4820ce_482207_4822fb
COMP 4b-0: 479c1a_479fef_47a15a_47a27b (8 40.00 1 39.00 2 41.00){0.00 0.00 0.00 0.00 15.60 0}{15.60 0.00 0.00 0.00 31.20 0}{31.20 39.00 40.12 41.00 46.80 8}{46.80 0.00 0.00 0.00 62.40 0}{62.40 0.00 0.00 0.00 78.00 0}
COMM 4b-0: 479c1a_479fef_47a15a_47a27b (8 156.89 5 98.00 1 246.00){0.00 98.00 98.00 98.00 98.40 1}{98.40 99.00 116.80 146.00 196.80 5}{196.80 238.00 242.00 246.00 295.20 2}{295.20 0.00 0.00 0.00 393.60 0}{393.60 0.00 0.00 0.00 492.00 0}
10 2 
12 20480 
14 16 
1a 1 7 
1b 0 

RANKS: 1 -1 1 7 1
EVENT51: 1148 48aca9_48af2d_48b001_48b0ba
COMP 4b-0: 479c1a_479fef_47a15a_47a27b (5 5.33 3 5.00 4 7.00){0.00 0.00 0.00 0.00 2.00 0}{2.00 0.00 0.00 0.00 4.00 0}{4.00 5.00 5.00 5.00 6.00 4}{6.00 7.00 7.00 7.00 8.00 1}{8.00 0.00 0.00 0.00 10.00 0}
COMP 4b-1: 481d4e_4820ce_482207_4822fb (8 5.22 1 5.00 6 6.00){0.00 0.00 0.00 0.00 2.00 0}{2.00 0.00 0.00 0.00 4.00 0}{4.00 5.00 5.25 6.00 6.00 8}{6.00 0.00 0.00 0.00 8.00 0}{8.00 0.00 0.00 0.00 10.00 0}
COMM 4b-0: 479c1a_479fef_47a15a_47a27b (5 145.83 4 55.00 4 311.00){0.00 55.00 55.00 55.00 57.20 1}{57.20 65.00 65.00 65.00 114.40 1}{114.40 143.00 150.50 158.00 228.80 2}{228.80 0.00 0.00 0.00 286.00 0}{286.00 311.00 311.00 311.00 336.00 1}
COMM 4b-1: 481d4e_4820ce_482207_4822fb (8 1.22 1 1.00 1 2.00){0.00 0.00 0.00 0.00 0.40 0}{0.40 0.00 0.00 0.00 0.80 0}{0.80 1.00 1.00 1.00 1.20 6}{1.20 0.00 0.00 0.00 1.60 0}{1.60 2.00 2.00 2.00 2.00 2}
1c 9999 

RANKS: 2 -1 0 5 1 -1 7 1 0
EVENT52: 1113 481d4e_4820ce_482207_4822fb
COMP 4b-0: 46a183_46a4e3_46a626_46a718 (1 248.00 0 248.00 0 248.00){0.00 0.00 0.00 0.00 99.20 0}{99.20 0.00 0.00 0.00 198.40 0}{198.40 248.00 248.00 248.00 297.60 1}{297.60 0.00 0.00 0.00 396.80 0}{396.80 0.00 0.00 0.00 496.00 0}
COMP 4b-1: 481d4e_4820ce_482207_4822fb (1 2437.00 3 2437.00 3 2437.00){0.00 0.00 0.00 0.00 974.80 0}{974.80 0.00 0.00 0.00 1949.60 0}{1949.60 2437.00 2437.00 2437.00 2924.40 1}{2924.40 0.00 0.00 0.00 3899.20 0}{3899.20 0.00 0.00 0.00 4874.00 0}
COMP 4b-2: 48aca9_48af2d_48b001_48b0ba (7 1307.62 7 38.00 2 2658.00){0.00 38.00 55.00 71.00 985.20 4}{985.20 0.00 0.00 0.00 1970.40 0}{1970.40 2463.00 2592.67 2658.00 2955.60 3}{2955.60 0.00 0.00 0.00 3940.80 0}{3940.80 0.00 0.00 0.00 4926.00 0}
COMM 4b-0: 46a183_46a4e3_46a626_46a718 (1 143.00 0 143.00 0 143.00){0.00 0.00 0.00 0.00 57.20 0}{57.20 0.00 0.00 0.00 114.40 0}{114.40 143.00 143.00 143.00 171.60 1}{171.60 0.00 0.00 0.00 228.80 0}{228.80 0.00 0.00 0.00 286.00 0}
COMM 4b-1: 481d4e_4820ce_482207_4822fb (1 56.00 3 56.00 3 56.00){0.00 0.00 0.00 0.00 22.40 0}{22.40 0.00 0.00 0.00 44.80 0}{44.80 56.00 56.00 56.00 67.20 1}{67.20 0.00 0.00 0.00 89.60 0}{89.60 0.00 0.00 0.00 112.00 0}
COMM 4b-2: 48aca9_48af2d_48b001_48b0ba (7 95.75 1 57.00 3 179.00){0.00 0.00 0.00 0.00 28.00 0}{28.00 0.00 0.00 0.00 56.00 0}{56.00 57.00 61.25 70.00 84.00 4}{84.00 99.00 99.00 99.00 140.00 1}{140.00 173.00 176.00 179.00 218.00 2}
LOOP0: iter: ( 2 )[ 1 -1 0 2 3 ] mem: ( 3 )[ 1 -1 0 1 0 ]( 1 )[ 1 -1 3 1 0 ]
10 2 
12 ( 20480 10240 )[ 2 -1 0 2 3 -1 7 1 0 ]
12 ( 10240 )[ 2 -1 1 2 1 -1 4 1 0 ]
14 16 
1a ( 1 4 )[ 1 -1 0 1 0 ]
1a ( 4 )[ 2 -1 1 2 1 -1 4 1 0 ]
1a ( 7 4 )[ 1 -1 3 2 4 ]
1b 0 

RANKS: 2 -1 0 4 1 -1 5 2 1
EVENT53: 1090 479c1a_479fef_47a15a_47a27b
COMP 4b-0: 481d4e_4820ce_482207_4822fb (5 5.17 0 5.00 1 6.00){0.00 0.00 0.00 0.00 2.00 0}{2.00 0.00 0.00 0.00 4.00 0}{4.00 5.00 5.20 6.00 6.00 5}{6.00 0.00 0.00 0.00 8.00 0}{8.00 0.00 0.00 0.00 10.00 0}
COMP 4b-1: 48aca9_48af2d_48b001_48b0ba (2 2636.33 6 2635.00 5 2637.00){0.00 0.00 0.00 0.00 1054.80 0}{1054.80 0.00 0.00 0.00 2109.60 0}{2109.60 2635.00 2636.00 2637.00 3164.40 2}{3164.40 0.00 0.00 0.00 4219.20 0}{4219.20 0.00 0.00 0.00 5274.00 0}
COMM 4b-0: 481d4e_4820ce_482207_4822fb (5 0.83 0 0.00 0 1.00){0.00 0.00 0.00 0.00 0.40 1}{0.40 0.00 0.00 0.00 0.80 0}{0.80 1.00 1.00 1.00 1.20 4}{1.20 0.00 0.00 0.00 1.60 0}{1.60 0.00 0.00 0.00 2.00 0}
COMM 4b-1: 48aca9_48af2d_48b001_48b0ba (2 1.00 5 1.00 5 1.00){0.00 0.00 0.00 0.00 0.40 0}{0.40 0.00 0.00 0.00 0.80 0}{0.80 1.00 1.00 1.00 1.20 2}{1.20 0.00 0.00 0.00 1.60 0}{1.60 0.00 0.00 0.00 2.00 0}
10 2 
12 ( 20480 10240 )[ 1 -1 0 1 0 ]
12 ( 10240 )[ 2 -1 1 3 1 -1 5 2 1 ]
14 16 
1b 0 
2b 2147483647 

RANKS: 2 -1 0 4 1 -1 5 2 1
EVENT54: 1148 48aca9_48af2d_48b001_48b0ba
COMP 4b-0: 479c1a_479fef_47a15a_47a27b (7 5.25 0 5.00 3 7.00){0.00 0.00 0.00 0.00 2.00 0}{2.00 0.00 0.00 0.00 4.00 0}{4.00 5.00 5.00 5.00 6.00 6}{6.00 7.00 7.00 7.00 8.00 1}{8.00 0.00 0.00 0.00 10.00 0}
COMM 4b-0: 479c1a_479fef_47a15a_47a27b (7 132.38 0 50.00 0 347.00){0.00 50.00 60.83 89.00 138.80 6}{138.80 0.00 0.00 0.00 277.60 0}{277.60 347.00 347.00 347.00 416.40 1}{416.40 0.00 0.00 0.00 555.20 0}{555.20 0.00 0.00 0.00 694.00 0}
1c 9999 

RANKS: 1 -1 5 2 1
EVENT55: 1113 481d4e_4820ce_482207_4822fb
COMP 4b-0: 48aca9_48af2d_48b001_48b0ba (2 40.00 5 40.00 5 40.00){0.00 0.00 0.00 0.00 16.00 0}{16.00 0.00 0.00 0.00 32.00 0}{32.00 40.00 40.00 40.00 48.00 2}{48.00 0.00 0.00 0.00 64.00 0}{64.00 0.00 0.00 0.00 80.00 0}
COMM 4b-0: 48aca9_48af2d_48b001_48b0ba (2 72.33 6 71.00 5 73.00){0.00 0.00 0.00 0.00 29.20 0}{29.20 0.00 0.00 0.00 58.40 0}{58.40 71.00 72.00 73.00 87.60 2}{87.60 0.00 0.00 0.00 116.80 0}{116.80 0.00 0.00 0.00 146.00 0}
10 2 
12 10240 
14 16 
1a 4 
1b 0 

RANKS: 1 -1 0 8 1
EVENT56: 1004 46a183_46a4e3_46a626_46a718
COMP 4b-0: 46a183_46a4e3_46a626_46a718 (16 1127.06 0 6.00 5 2507.00){0.00 0.00 0.00 0.00 2.40 0}{2.40 0.00 0.00 0.00 4.80 0}{4.80 6.00 6.87 9.00 9.60 8}{9.60 0.00 0.00 0.00 12.00 0}{12.00 2303.00 2387.38 2507.00 4594.00 8}
COMP 4b-1: 481d4e_4820ce_482207_4822fb (4 5043.00 4 4916.00 5 5240.00){0.00 0.00 0.00 0.00 1966.80 0}{1966.80 0.00 0.00 0.00 3933.60 0}{3933.60 4916.00 5074.50 5240.00 5900.40 4}{5900.40 0.00 0.00 0.00 7867.20 0}{7867.20 0.00 0.00 0.00 9834.00 0}
COMP 4b-2: 48aca9_48af2d_48b001_48b0ba (4 5061.20 0 4933.00 3 5259.00){0.00 0.00 0.00 0.00 1973.20 0}{1973.20 0.00 0.00 0.00 3946.40 0}{3946.40 4933.00 5093.25 5259.00 5919.60 4}{5919.60 0.00 0.00 0.00 7892.80 0}{7892.80 0.00 0.00 0.00 9866.00 0}
COMM 4b-0: 46a183_46a4e3_46a626_46a718 (16 66.88 5 7.00 0 217.00){0.00 0.00 0.00 0.00 5.20 0}{5.20 7.00 8.00 9.00 10.40 3}{10.40 11.00 14.00 18.00 20.80 6}{20.80 0.00 0.00 0.00 26.00 0}{26.00 47.00 145.14 217.00 408.00 7}
COMM 4b-1: 481d4e_4820ce_482207_4822fb (4 378.80 6 15.00 4 628.00){0.00 15.00 35.00 55.00 239.20 2}{239.20 0.00 0.00 0.00 478.40 0}{478.40 598.00 613.00 628.00 717.60 2}{717.60 0.00 0.00 0.00 956.80 0}{956.80 0.00 0.00 0.00 1196.00 0}
COMM 4b-2: 48aca9_48af2d_48b001_48b0ba (4 377.20 2 13.00 3 622.00){0.00 13.00 31.00 49.00 240.40 2}{240.40 0.00 0.00 0.00 480.80 0}{480.80 601.00 611.50 622.00 721.20 2}{721.20 0.00 0.00 0.00 961.60 0}{961.60 0.00 0.00 0.00 1202.00 0}
LOOP0: iter: ( 3 )[ 1 -1 0 8 1 ] mem: ( 1 )[ 1 -1 0 8 1 ]
10 2 
12 5 1 5 
14 16 
18 3 1 3 

RANKS: 1 -1 0 4 1
EVENT57: 1090 479c1a_479fef_47a15a_47a27b_45e830
COMP 4b-0: 46a183_46a4e3_46a626_46a718 (4 31.60 3 30.00 3 33.00){0.00 0.00 0.00 0.00 12.40 0}{12.40 0.00 0.00 0.00 24.80 0}{24.80 30.00 31.75 33.00 37.20 4}{37.20 0.00 0.00 0.00 49.60 0}{49.60 0.00 0.00 0.00 62.00 0}
COMM 4b-0: 46a183_46a4e3_46a626_46a718 (4 1.00 0 1.00 0 1.00){0.00 0.00 0.00 0.00 0.40 0}{0.40 0.00 0.00 0.00 0.80 0}{0.80 1.00 1.00 1.00 1.20 4}{1.20 0.00 0.00 0.00 1.60 0}{1.60 0.00 0.00 0.00 2.00 0}
10 2 
12 32 
14 16 
1b 0 
2b 2147483647 

RANKS: 1 -1 0 4 1
EVENT58: 1148 48aca9_48af2d_48b001_48b0ba_45e849
COMP 4b-0: 479c1a_479fef_47a15a_47a27b_45e830 (4 6.60 1 5.00 3 8.00){0.00 0.00 0.00 0.00 2.80 0}{2.80 5.00 5.00 5.00 5.60 1}{5.60 6.00 7.00 8.00 8.40 3}{8.40 0.00 0.00 0.00 11.20 0}{11.20 0.00 0.00 0.00 14.00 0}
COMM 4b-0: 479c1a_479fef_47a15a_47a27b_45e830 (4 2.00 0 2.00 0 2.00){0.00 0.00 0.00 0.00 0.80 0}{0.80 0.00 0.00 0.00 1.60 0}{1.60 2.00 2.00 2.00 2.40 4}{2.40 0.00 0.00 0.00 3.20 0}{3.20 0.00 0.00 0.00 4.00 0}
1c 9999 

RANKS: 1 -1 4 3 1
EVENT59: 1113 481d4e_4820ce_482207_4822fb_45e91e
COMP 4b-0: 46a183_46a4e3_46a626_46a718 (3 36.50 4 31.00 5 39.00){0.00 0.00 0.00 0.00 15.60 0}{15.60 31.00 31.00 31.00 31.20 1}{31.20 37.00 38.00 39.00 46.80 2}{46.80 0.00 0.00 0.00 62.40 0}{62.40 0.00 0.00 0.00 78.00 0}
COMM 4b-0: 46a183_46a4e3_46a626_46a718 (3 3.00 5 3.00 5 3.00){0.00 0.00 0.00 0.00 1.20 0}{1.20 0.00 0.00 0.00 2.40 0}{2.40 3.00 3.00 3.00 3.60 3}{3.60 0.00 0.00 0.00 4.80 0}{4.80 0.00 0.00 0.00 6.00 0}
10 2 
12 32 
14 16 
1a 4 
1b 0 

RANKS: 1 -2 0 2 4 3 1
EVENT60: 1090 479c1a_479fef_47a15a_47a27b_45e97a
COMP 4b-0: 481d4e_4820ce_482207_4822fb_45e91e (3 5.75 4 5.00 5 6.00){0.00 0.00 0.00 0.00 2.40 0}{2.40 0.00 0.00 0.00 4.80 0}{4.80 5.00 5.67 6.00 7.20 3}{7.20 0.00 0.00 0.00 9.60 0}{9.60 0.00 0.00 0.00 12.00 0}
COMP 4b-1: 48aca9_48af2d_48b001_48b0ba_45e849 (3 5.50 1 5.00 0 6.00){0.00 0.00 0.00 0.00 2.40 0}{2.40 0.00 0.00 0.00 4.80 0}{4.80 5.00 5.33 6.00 7.20 3}{7.20 0.00 0.00 0.00 9.60 0}{9.60 0.00 0.00 0.00 12.00 0}
COMM 4b-0: 481d4e_4820ce_482207_4822fb_45e91e (3 1.00 5 1.00 5 1.00){0.00 0.00 0.00 0.00 0.40 0}{0.40 0.00 0.00 0.00 0.80 0}{0.80 1.00 1.00 1.00 1.20 3}{1.20 0.00 0.00 0.00 1.60 0}{1.60 0.00 0.00 0.00 2.00 0}
COMM 4b-1: 48aca9_48af2d_48b001_48b0ba_45e849 (3 0.50 1 0.00 0 1.00){0.00 0.00 0.00 0.00 0.40 2}{0.40 0.00 0.00 0.00 0.80 0}{0.80 1.00 1.00 1.00 1.20 1}{1.20 0.00 0.00 0.00 1.60 0}{1.60 0.00 0.00 0.00 2.00 0}
10 2 
12 68 
14 16 
1b 0 
2b 2147483647 

RANKS: 1 -2 0 2 4 3 1
EVENT61: 1148 48aca9_48af2d_48b001_48b0ba_45e98f
COMP 4b-0: 479c1a_479fef_47a15a_47a27b_45e97a (6 5.14 0 5.00 2 6.00){0.00 0.00 0.00 0.00 2.00 0}{2.00 0.00 0.00 0.00 4.00 0}{4.00 5.00 5.17 6.00 6.00 6}{6.00 0.00 0.00 0.00 8.00 0}{8.00 0.00 0.00 0.00 10.00 0}
COMM 4b-0: 479c1a_479fef_47a15a_47a27b_45e97a (6 29.57 2 2.00 0 56.00){0.00 2.00 8.33 20.00 22.40 3}{22.40 24.00 24.00 24.00 44.80 1}{44.80 46.00 51.00 56.00 67.20 2}{67.20 0.00 0.00 0.00 89.60 0}{89.60 0.00 0.00 0.00 112.00 0}
1c 9999 

RANKS: 1 -1 7 1 0
EVENT62: 1113 481d4e_4820ce_482207_4822fb_45e91e
COMP 4b-0: 46a183_46a4e3_46a626_46a718 (1 31.00 7 31.00 7 31.00){0.00 0.00 0.00 0.00 12.40 0}{12.40 0.00 0.00 0.00 24.80 0}{24.80 31.00 31.00 31.00 37.20 1}{37.20 0.00 0.00 0.00 49.60 0}{49.60 0.00 0.00 0.00 62.00 0}
COMM 4b-0: 46a183_46a4e3_46a626_46a718 (1 3.00 7 3.00 7 3.00){0.00 0.00 0.00 0.00 1.20 0}{1.20 0.00 0.00 0.00 2.40 0}{2.40 3.00 3.00 3.00 3.60 1}{3.60 0.00 0.00 0.00 4.80 0}{4.80 0.00 0.00 0.00 6.00 0}
10 2 
12 32 
14 16 
1a 4 
1b 0 

RANKS: 1 -2 1 2 4 3 1
EVENT63: 1113 481d4e_4820ce_482207_4822fb_45ea8f
COMP 4b-0: 481d4e_4820ce_482207_4822fb_45e91e (1 6.00 7 6.00 7 6.00){0.00 0.00 0.00 0.00 2.40 0}{2.40 0.00 0.00 0.00 4.80 0}{4.80 6.00 6.00 6.00 7.20 1}{7.20 0.00 0.00 0.00 9.60 0}{9.60 0.00 0.00 0.00 12.00 0}
COMP 4b-1: 48aca9_48af2d_48b001_48b0ba_45e849 (1 6.00 3 6.00 3 6.00){0.00 0.00 0.00 0.00 2.40 0}{2.40 0.00 0.00 0.00 4.80 0}{4.80 6.00 6.00 6.00 7.20 1}{7.20 0.00 0.00 0.00 9.60 0}{9.60 0.00 0.00 0.00 12.00 0}
COMP 4b-2: 48aca9_48af2d_48b001_48b0ba_45e98f (4 5.80 6 5.00 1 6.00){0.00 0.00 0.00 0.00 2.40 0}{2.40 0.00 0.00 0.00 4.80 0}{4.80 5.00 5.75 6.00 7.20 4}{7.20 0.00 0.00 0.00 9.60 0}{9.60 0.00 0.00 0.00 12.00 0}
COMM 4b-0: 481d4e_4820ce_482207_4822fb_45e91e (1 1.00 7 1.00 7 1.00){0.00 0.00 0.00 0.00 0.40 0}{0.40 0.00 0.00 0.00 0.80 0}{0.80 1.00 1.00 1.00 1.20 1}{1.20 0.00 0.00 0.00 1.60 0}{1.60 0.00 0.00 0.00 2.00 0}
COMM 4b-1: 48aca9_48af2d_48b001_48b0ba_45e849 (1 3.00 3 3.00 3 3.00){0.00 0.00 0.00 0.00 1.20 0}{1.20 0.00 0.00 0.00 2.40 0}{2.40 3.00 3.00 3.00 3.60 1}{3.60 0.00 0.00 0.00 4.80 0}{4.80 0.00 0.00 0.00 6.00 0}
COMM 4b-2: 48aca9_48af2d_48b001_48b0ba_45e98f (4 2.00 5 1.00 2 3.00){0.00 0.00 0.00 0.00 0.80 0}{0.80 1.00 1.00 1.00 1.60 1}{1.60 2.00 2.00 2.00 2.40 2}{2.40 3.00 3.00 3.00 3.20 1}{3.20 0.00 0.00 0.00 4.00 0}
10 2 
12 68 
14 16 
1a 7 
1b 0 

RANKS: 1 -1 0 8 1
EVENT64: 1004 46a183_46a4e3_46a626_46a718_466402
COMP 4b-0: 481d4e_4820ce_482207_4822fb_45ea8f (6 8.86 7 7.00 5 12.00){0.00 0.00 0.00 0.00 3.60 0}{3.60 7.00 7.00 7.00 7.20 1}{7.20 8.00 8.50 9.00 10.80 4}{10.80 12.00 12.00 12.00 14.40 1}{14.40 0.00 0.00 0.00 18.00 0}
COMP 4b-1: 48aca9_48af2d_48b001_48b0ba_45e98f (2 9.67 0 9.00 4 11.00){0.00 0.00 0.00 0.00 3.60 0}{3.60 0.00 0.00 0.00 7.20 0}{7.20 9.00 9.00 9.00 10.80 1}{10.80 11.00 11.00 11.00 14.40 1}{14.40 0.00 0.00 0.00 18.00 0}
COMM 4b-0: 481d4e_4820ce_482207_4822fb_45ea8f (6 43.71 1 5.00 7 101.00){0.00 0.00 0.00 0.00 2.00 0}{2.00 0.00 0.00 0.00 4.00 0}{4.00 5.00 5.00 5.00 8.00 1}{8.00 0.00 0.00 0.00 10.00 0}{10.00 28.00 59.20 101.00 156.00 5}
COMM 4b-1: 48aca9_48af2d_48b001_48b0ba_45e98f (2 22.00 0 15.00 4 36.00){0.00 0.00 0.00 0.00 6.00 0}{6.00 0.00 0.00 0.00 12.00 0}{12.00 15.00 15.00 15.00 24.00 1}{24.00 0.00 0.00 0.00 30.00 0}{30.00 36.00 36.00 36.00 42.00 1}
10 2 
12 1 
14 16 
18 3 

RANKS: 1 -2 0 2 4 3 1
EVENT65: 1090 479c1a_479fef_47a15a_47a27b
COMP 4b-0: 46a183_46a4e3_46a626_46a718_466402 (6 19.00 0 18.00 5 21.00){0.00 0.00 0.00 0.00 7.20 0}{7.20 0.00 0.00 0.00 14.40 0}{14.40 18.00 19.17 21.00 21.60 6}{21.60 0.00 0.00 0.00 28.80 0}{28.80 0.00 0.00 0.00 36.00 0}
COMM 4b-0: 46a183_46a4e3_46a626_46a718_466402 (6 0.86 6 0.00 0 1.00){0.00 0.00 0.00 0.00 0.40 1}{0.40 0.00 0.00 0.00 0.80 0}{0.80 1.00 1.00 1.00 1.20 5}{1.20 0.00 0.00 0.00 1.60 0}{1.60 0.00 0.00 0.00 2.00 0}
10 2 
12 64 
14 16 
1b 0 
2b 2147483647 

RANKS: 1 -2 0 2 4 3 1
EVENT66: 1148 48aca9_48af2d_48b001_48b0ba
COMP 4b-0: 479c1a_479fef_47a15a_47a27b (6 7.71 0 4.00 1 21.00){0.00 0.00 0.00 0.00 1.60 0}{1.60 0.00 0.00 0.00 3.20 0}{3.20 4.00 4.00 4.00 4.80 1}{4.80 5.00 5.33 6.00 8.00 3}{8.00 9.00 15.00 21.00 34.00 2}
COMM 4b-0: 479c1a_479fef_47a15a_47a27b (6 37.71 2 2.00 0 74.00){0.00 2.00 8.33 21.00 29.60 3}{29.60 31.00 31.00 31.00 59.20 1}{59.20 60.00 67.00 74.00 88.80 2}{88.80 0.00 0.00 0.00 118.40 0}{118.40 0.00 0.00 0.00 148.00 0}
1c 9999 

RANKS: 1 -2 1 2 4 3 1
EVENT67: 1113 481d4e_4820ce_482207_4822fb
COMP 4b-0: 46a183_46a4e3_46a626_46a718_466402 (2 20.33 7 19.00 3 21.00){0.00 0.00 0.00 0.00 8.40 0}{8.40 0.00 0.00 0.00 16.80 0}{16.80 19.00 20.00 21.00 25.20 2}{25.20 0.00 0.00 0.00 33.60 0}{33.60 0.00 0.00 0.00 42.00 0}
COMP 4b-1: 48aca9_48af2d_48b001_48b0ba (4 6.00 6 5.00 2 7.00){0.00 0.00 0.00 0.00 2.40 0}{2.40 0.00 0.00 0.00 4.80 0}{4.80 5.00 6.00 7.00 7.20 4}{7.20 0.00 0.00 0.00 9.60 0}{9.60 0.00 0.00 0.00 12.00 0}
COMM 4b-0: 46a183_46a4e3_46a626_46a718_466402 (2 2.00 3 2.00 3 2.00){0.00 0.00 0.00 0.00 0.80 0}{0.80 0.00 0.00 0.00 1.60 0}{1.60 2.00 2.00 2.00 2.40 2}{2.40 0.00 0.00 0.00 3.20 0}{3.20 0.00 0.00 0.00 4.00 0}
COMM 4b-1: 48aca9_48af2d_48b001_48b0ba (4 2.00 5 1.00 2 3.00){0.00 0.00 0.00 0.00 0.80 0}{0.80 1.00 1.00 1.00 1.60 1}{1.60 2.00 2.00 2.00 2.40 2}{2.40 3.00 3.00 3.00 3.20 1}{3.20 0.00 0.00 0.00 4.00 0}
10 2 
12 64 
14 16 
1a 7 
1b 0 

RANKS: 1 -1 0 8 1
EVENT68: 1004 46a183_46a4e3_46a626_46a718_4667df
COMP 4b-0: 481d4e_4820ce_482207_4822fb (6 10.43 1 10.00 5 12.00){0.00 0.00 0.00 0.00 4.00 0}{4.00 0.00 0.00 0.00 8.00 0}{8.00 10.00 10.50 12.00 12.00 6}{12.00 0.00 0.00 0.00 16.00 0}{16.00 0.00 0.00 0.00 20.00 0}
COMP 4b-1: 48aca9_48af2d_48b001_48b0ba (2 10.00 0 10.00 0 10.00){0.00 0.00 0.00 0.00 4.00 0}{4.00 0.00 0.00 0.00 8.00 0}{8.00 10.00 10.00 10.00 12.00 2}{12.00 0.00 0.00 0.00 16.00 0}{16.00 0.00 0.00 0.00 20.00 0}
COMM 4b-0: 481d4e_4820ce_482207_4822fb (6 48.86 1 6.00 3 110.00){0.00 0.00 0.00 0.00 2.40 0}{2.40 0.00 0.00 0.00 4.80 0}{4.80 6.00 6.00 6.00 9.60 1}{9.60 0.00 0.00 0.00 12.00 0}{12.00 21.00 66.00 110.00 208.00 5}
COMM 4b-1: 48aca9_48af2d_48b001_48b0ba (2 26.33 0 23.00 4 33.00){0.00 0.00 0.00 0.00 9.20 0}{9.20 0.00 0.00 0.00 18.40 0}{18.40 23.00 23.00 23.00 27.60 1}{27.60 33.00 33.00 33.00 36.80 1}{36.80 0.00 0.00 0.00 46.00 0}
10 2 
12 1 
14 16 
18 3 

RANKS: 1 -1 0 2 3
EVENT69: 1090 479c1a_479fef_47a15a_47a27b_45ec68
COMP 4b-0: 46a183_46a4e3_46a626_46a718_4667df (2 29.67 3 27.00 0 31.00){0.00 0.00 0.00 0.00 12.40 0}{12.40 0.00 0.00 0.00 24.80 0}{24.80 27.00 29.00 31.00 37.20 2}{37.20 0.00 0.00 0.00 49.60 0}{49.60 0.00 0.00 0.00 62.00 0}
COMM 4b-0: 46a183_46a4e3_46a626_46a718_4667df (2 1.00 0 1.00 0 1.00){0.00 0.00 0.00 0.00 0.40 0}{0.40 0.00 0.00 0.00 0.80 0}{0.80 1.00 1.00 1.00 1.20 2}{1.20 0.00 0.00 0.00 1.60 0}{1.60 0.00 0.00 0.00 2.00 0}
10 2 
12 64 
14 16 
1b 0 
2b 2147483647 

RANKS: 1 -1 0 2 3
EVENT70: 1148 48aca9_48af2d_48b001_48b0ba_45ec7d
COMP 4b-0: 479c1a_479fef_47a15a_47a27b_45ec68 (2 7.00 3 5.00 0 8.00){0.00 0.00 0.00 0.00 3.20 0}{3.20 5.00 5.00 5.00 6.40 1}{6.40 8.00 8.00 8.00 9.60 1}{9.60 0.00 0.00 0.00 12.80 0}{12.80 0.00 0.00 0.00 16.00 0}
COMM 4b-0: 479c1a_479fef_47a15a_47a27b_45ec68 (2 2.67 3 2.00 0 3.00){0.00 0.00 0.00 0.00 1.20 0}{1.20 2.00 2.00 2.00 2.40 1}{2.40 3.00 3.00 3.00 3.60 1}{3.60 0.00 0.00 0.00 4.80 0}{4.80 0.00 0.00 0.00 6.00 0}
1c 9999 

RANKS: 1 -1 4 2 3
EVENT71: 1113 481d4e_4820ce_482207_4822fb_45ed2a
COMP 4b-0: 46a183_46a4e3_46a626_46a718_4667df (2 30.33 7 30.00 4 31.00){0.00 0.00 0.00 0.00 12.00 0}{12.00 0.00 0.00 0.00 24.00 0}{24.00 30.00 30.50 31.00 36.00 2}{36.00 0.00 0.00 0.00 48.00 0}{48.00 0.00 0.00 0.00 60.00 0}
COMM 4b-0: 46a183_46a4e3_46a626_46a718_4667df (2 2.33 7 2.00 4 3.00){0.00 0.00 0.00 0.00 0.80 0}{0.80 0.00 0.00 0.00 1.60 0}{1.60 2.00 2.00 2.00 2.40 1}{2.40 3.00 3.00 3.00 3.20 1}{3.20 0.00 0.00 0.00 4.00 0}
10 2 
12 64 
14 16 
1a 4 
1b 0 

RANKS: 1 -1 0 8 1
EVENT72: 1004 46a183_46a4e3_46a626_46a718
COMP 4b-0: 46a183_46a4e3_46a626_46a718_4667df (4 20.00 2 19.00 1 21.00){0.00 0.00 0.00 0.00 8.40 0}{8.40 0.00 0.00 0.00 16.80 0}{16.80 19.00 19.75 21.00 25.20 4}{25.20 0.00 0.00 0.00 33.60 0}{33.60 0.00 0.00 0.00 42.00 0}
COMP 4b-1: 481d4e_4820ce_482207_4822fb_45ed2a (2 16.33 4 15.00 7 17.00){0.00 0.00 0.00 0.00 6.80 0}{6.80 0.00 0.00 0.00 13.60 0}{13.60 15.00 16.00 17.00 20.40 2}{20.40 0.00 0.00 0.00 27.20 0}{27.20 0.00 0.00 0.00 34.00 0}
COMP 4b-2: 48aca9_48af2d_48b001_48b0ba_45ec7d (2 14.00 0 14.00 0 14.00){0.00 0.00 0.00 0.00 5.60 0}{5.60 0.00 0.00 0.00 11.20 0}{11.20 14.00 14.00 14.00 16.80 2}{16.80 0.00 0.00 0.00 22.40 0}{22.40 0.00 0.00 0.00 28.00 0}
COMM 4b-0: 46a183_46a4e3_46a626_46a718_4667df (4 76.20 2 74.00 5 78.00){0.00 0.00 0.00 0.00 30.80 0}{30.80 0.00 0.00 0.00 61.60 0}{61.60 74.00 76.00 78.00 92.40 4}{92.40 0.00 0.00 0.00 123.20 0}{123.20 0.00 0.00 0.00 154.00 0}
COMM 4b-1: 481d4e_4820ce_482207_4822fb_45ed2a (2 28.33 7 28.00 4 29.00){0.00 0.00 0.00 0.00 11.20 0}{11.20 0.00 0.00 0.00 22.40 0}{22.40 28.00 28.50 29.00 33.60 2}{33.60 0.00 0.00 0.00 44.80 0}{44.80 0.00 0.00 0.00 56.00 0}
COMM 4b-2: 48aca9_48af2d_48b001_48b0ba_45ec7d (2 8.33 0 8.00 3 9.00){0.00 0.00 0.00 0.00 3.20 0}{3.20 0.00 0.00 0.00 6.40 0}{6.40 8.00 8.50 9.00 9.60 2}{9.60 0.00 0.00 0.00 12.80 0}{12.80 0.00 0.00 0.00 16.00 0}
10 2 
12 1 
14 16 
18 3 

RANKS: 1 -1 0 8 1
EVENT73: 1045 472ae3_472b57_472bbd_472c18
COMP 4b-0: 46a183_46a4e3_46a626_46a718 (8 546.22 5 543.00 2 553.00){0.00 0.00 0.00 0.00 218.80 0}{218.80 0.00 0.00 0.00 437.60 0}{437.60 543.00 546.12 553.00 656.40 8}{656.40 0.00 0.00 0.00 875.20 0}{875.20 0.00 0.00 0.00 1094.00 0}

