RANKS: 1 -1 0 4 1
EVENT0: 1084 47924c_47930b_4793a1_4793fc
33 2 
34 0 

RANKS: 1 -1 0 4 1
EVENT1: 1011 46d429_46d758_46d873_46d95f
COMP 4b-0: 46d429_46d758_46d873_46d95f (32 9.88 3 8.00 0 13.00){0.00 0.00 0.00 0.00 5.20 0}{5.20 8.00 9.35 10.00 10.40 26}{10.40 11.00 11.67 13.00 15.60 6}{15.60 0.00 0.00 0.00 20.80 0}{20.80 0.00 0.00 0.00 26.00 0}
COMP 4b-1: 47924c_47930b_4793a1_4793fc (4 180.40 1 62.00 0 343.00){0.00 62.00 72.00 90.00 137.20 3}{137.20 0.00 0.00 0.00 274.40 0}{274.40 343.00 343.00 343.00 411.60 1}{411.60 0.00 0.00 0.00 548.80 0}{548.80 0.00 0.00 0.00 686.00 0}
COMP 4c-0: 46d429_46d758_46d873_46d95f (32 27.52 0 26.00 0 28.00){0.00 0.00 0.00 0.00 10.40 0}{10.40 0.00 0.00 0.00 20.80 0}{20.80 26.00 27.56 28.00 31.20 32}{31.20 0.00 0.00 0.00 41.60 0}{41.60 0.00 0.00 0.00 52.00 0}
COMP 4c-1: 47924c_47930b_4793a1_4793fc (4 64.60 1 33.00 0 111.00){0.00 33.00 33.67 34.00 44.40 3}{44.40 0.00 0.00 0.00 88.80 0}{88.80 111.00 111.00 111.00 133.20 1}{133.20 0.00 0.00 0.00 177.60 0}{177.60 0.00 0.00 0.00 222.00 0}
COMM 4b-0: 46d429_46d758_46d873_46d95f (32 11.82 3 1.00 1 94.00){0.00 1.00 1.00 1.00 1.20 2}{1.20 2.00 2.00 2.00 2.40 13}{2.40 3.00 3.00 3.00 3.60 9}{3.60 4.00 4.50 5.00 6.00 2}{6.00 10.00 53.83 94.00 138.00 6}
COMM 4b-1: 47924c_47930b_4793a1_4793fc (4 74.40 0 17.00 2 303.00){0.00 0.00 0.00 0.00 6.80 0}{6.80 0.00 0.00 0.00 13.60 0}{13.60 17.00 17.33 18.00 27.20 3}{27.20 0.00 0.00 0.00 34.00 0}{34.00 303.00 303.00 303.00 572.00 1}
LOOP0: iter: ( 9 )[ 1 -1 0 4 1 ] mem: ( 1 )[ 1 -1 0 4 1 ]
10 2 
12 1 1 1 1 1 5 1 1 1 
14 14 14 14 16 16 16 14 14 14 
19 0 

RANKS: 1 -1 2 1 0
EVENT2: 1113 48217a_4824fa_482633_482727
COMP 4b-0: 46d429_46d758_46d873_46d95f (1 35206.00 2 35206.00 2 35206.00){0.00 0.00 0.00 0.00 14082.40 0}{14082.40 0.00 0.00 0.00 28164.80 0}{28164.80 35206.00 35206.00 35206.00 42247.20 1}{42247.20 0.00 0.00 0.00 56329.60 0}{56329.60 0.00 0.00 0.00 70412.00 0}
COMP 4c-0: 46d429_46d758_46d873_46d95f (1 152278.00 2 152278.00 2 152278.00){0.00 0.00 0.00 0.00 60911.20 0}{60911.20 0.00 0.00 0.00 121822.40 0}{121822.40 152278.00 152278.00 152278.00 182733.60 1}{182733.60 0.00 0.00 0.00 243644.80 0}{243644.80 0.00 0.00 0.00 304556.00 0}
COMM 4b-0: 46d429_46d758_46d873_46d95f (1 661.00 2 661.00 2 661.00){0.00 0.00 0.00 0.00 264.40 0}{264.40 0.00 0.00 0.00 528.80 0}{528.80 661.00 661.00 661.00 793.20 1}{793.20 0.00 0.00 0.00 1057.60 0}{1057.60 0.00 0.00 0.00 1322.00 0}
10 2 
12 20480 
14 16 
1a 1 
1b 0 

RANKS: 1 -1 1 2 1
EVENT3: 1090 47a046_47a41b_47a586_47a6a7
COMP 4b-0: 46d429_46d758_46d873_46d95f (1 34953.00 1 34953.00 1 34953.00){0.00 0.00 0.00 0.00 13981.20 0}{13981.20 0.00 0.00 0.00 27962.40 0}{27962.40 34953.00 34953.00 34953.00 41943.60 1}{41943.60 0.00 0.00 0.00 55924.80 0}{55924.80 0.00 0.00 0.00 69906.00 0}
COMP 4b-1: 48217a_4824fa_482633_482727 (1 17.00 2 17.00 2 17.00){0.00 0.00 0.00 0.00 6.80 0}{6.80 0.00 0.00 0.00 13.60 0}{13.60 17.00 17.00 17.00 20.40 1}{20.40 0.00 0.00 0.00 27.20 0}{27.20 0.00 0.00 0.00 34.00 0}
COMP 4b-2: 48b0d5_48b359_48b42d_48b4e6 (1 5919.00 2 5919.00 2 5919.00){0.00 0.00 0.00 0.00 2367.60 0}{2367.60 0.00 0.00 0.00 4735.20 0}{4735.20 5919.00 5919.00 5919.00 7102.80 1}{7102.80 0.00 0.00 0.00 9470.40 0}{9470.40 0.00 0.00 0.00 11838.00 0}
COMP 4c-0: 46d429_46d758_46d873_46d95f (1 152210.00 1 152210.00 1 152210.00){0.00 0.00 0.00 0.00 60884.00 0}{60884.00 0.00 0.00 0.00 121768.00 0}{121768.00 152210.00 152210.00 152210.00 182652.00 1}{182652.00 0.00 0.00 0.00 243536.00 0}{243536.00 0.00 0.00 0.00 304420.00 0}
COMP 4c-1: 48217a_4824fa_482633_482727 (1 27.00 2 27.00 2 27.00){0.00 0.00 0.00 0.00 10.80 0}{10.80 0.00 0.00 0.00 21.60 0}{21.60 27.00 27.00 27.00 32.40 1}{32.40 0.00 0.00 0.00 43.20 0}{43.20 0.00 0.00 0.00 54.00 0}
COMP 4c-2: 48b0d5_48b359_48b42d_48b4e6 (1 21416.00 2 21416.00 2 21416.00){0.00 0.00 0.00 0.00 8566.40 0}{8566.40 0.00 0.00 0.00 17132.80 0}{17132.80 21416.00 21416.00 21416.00 25699.20 1}{25699.20 0.00 0.00 0.00 34265.60 0}{34265.60 0.00 0.00 0.00 42832.00 0}
COMM 4b-0: 46d429_46d758_46d873_46d95f (1 5.00 1 5.00 1 5.00){0.00 0.00 0.00 0.00 2.00 0}{2.00 0.00 0.00 0.00 4.00 0}{4.00 5.00 5.00 5.00 6.00 1}{6.00 0.00 0.00 0.00 8.00 0}{8.00 0.00 0.00 0.00 10.00 0}
COMM 4b-1: 48217a_4824fa_482633_482727 (1 5.00 2 5.00 2 5.00){0.00 0.00 0.00 0.00 2.00 0}{2.00 0.00 0.00 0.00 4.00 0}{4.00 5.00 5.00 5.00 6.00 1}{6.00 0.00 0.00 0.00 8.00 0}{8.00 0.00 0.00 0.00 10.00 0}
COMM 4b-2: 48b0d5_48b359_48b42d_48b4e6 (1 3.00 2 3.00 2 3.00){0.00 0.00 0.00 0.00 1.20 0}{1.20 0.00 0.00 0.00 2.40 0}{2.40 3.00 3.00 3.00 3.60 1}{3.60 0.00 0.00 0.00 4.80 0}{4.80 0.00 0.00 0.00 6.00 0}
LOOP0: iter: ( 2 )[ 1 -1 2 1 0 ] mem: ( 2 )[ 1 -1 2 1 0 ]
10 2 
12 20480 
14 16 
1b 0 
2b 2147483647 

RANKS: 1 -1 1 2 1
EVENT4: 1148 48b0d5_48b359_48b42d_48b4e6
COMP 4b-0: 47a046_47a41b_47a586_47a6a7 (3 15.25 2 9.00 1 18.00){0.00 0.00 0.00 0.00 7.20 0}{7.20 9.00 9.00 9.00 14.40 1}{14.40 16.00 17.00 18.00 21.60 2}{21.60 0.00 0.00 0.00 28.80 0}{28.80 0.00 0.00 0.00 36.00 0}
COMP 4c-0: 47a046_47a41b_47a586_47a6a7 (3 26.75 2 26.00 1 27.00){0.00 0.00 0.00 0.00 10.80 0}{10.80 0.00 0.00 0.00 21.60 0}{21.60 26.00 26.67 27.00 32.40 3}{32.40 0.00 0.00 0.00 43.20 0}{43.20 0.00 0.00 0.00 54.00 0}
COMM 4b-0: 47a046_47a41b_47a586_47a6a7 (3 238.00 2 210.00 2 284.00){0.00 0.00 0.00 0.00 91.60 0}{91.60 0.00 0.00 0.00 183.20 0}{183.20 210.00 219.50 229.00 274.80 2}{274.80 284.00 284.00 284.00 366.40 1}{366.40 0.00 0.00 0.00 458.00 0}
1c 9999 

RANKS: 1 -1 1 2 1
EVENT5: 1113 48217a_4824fa_482633_482727
COMP 4b-0: 48217a_4824fa_482633_482727 (2 7580.00 1 5792.00 2 11156.00){0.00 0.00 0.00 0.00 2316.80 0}{2316.80 0.00 0.00 0.00 4633.60 0}{4633.60 5792.00 5792.00 5792.00 6950.40 1}{6950.40 0.00 0.00 0.00 9267.20 0}{9267.20 11156.00 11156.00 11156.00 11584.00 1}
COMP 4b-1: 48b0d5_48b359_48b42d_48b4e6 (2 164.67 1 119.00 2 256.00){0.00 0.00 0.00 0.00 47.60 0}{47.60 0.00 0.00 0.00 95.20 0}{95.20 119.00 119.00 119.00 190.40 1}{190.40 0.00 0.00 0.00 238.00 0}{238.00 256.00 256.00 256.00 274.00 1}
COMP 4c-0: 48217a_4824fa_482633_482727 (2 29456.33 1 21446.00 2 45477.00){0.00 0.00 0.00 0.00 8578.40 0}{8578.40 0.00 0.00 0.00 17156.80 0}{17156.80 21446.00 21446.00 21446.00 34313.60 1}{34313.60 0.00 0.00 0.00 42892.00 0}{42892.00 45477.00 45477.00 45477.00 48062.00 1}
COMP 4c-1: 48b0d5_48b359_48b42d_48b4e6 (2 167.67 1 167.00 2 169.00){0.00 0.00 0.00 0.00 66.80 0}{66.80 0.00 0.00 0.00 133.60 0}{133.60 167.00 168.00 169.00 200.40 2}{200.40 0.00 0.00 0.00 267.20 0}{267.20 0.00 0.00 0.00 334.00 0}
COMM 4b-0: 48217a_4824fa_482633_482727 (2 118.33 1 117.00 2 121.00){0.00 0.00 0.00 0.00 46.80 0}{46.80 0.00 0.00 0.00 93.60 0}{93.60 117.00 119.00 121.00 140.40 2}{140.40 0.00 0.00 0.00 187.20 0}{187.20 0.00 0.00 0.00 234.00 0}
COMM 4b-1: 48b0d5_48b359_48b42d_48b4e6 (2 204.67 2 106.00 1 254.00){0.00 0.00 0.00 0.00 101.60 0}{101.60 106.00 106.00 106.00 203.20 1}{203.20 254.00 254.00 254.00 304.80 1}{304.80 0.00 0.00 0.00 406.40 0}{406.40 0.00 0.00 0.00 508.00 0}
LOOP0: iter: ( 2 )[ 1 -1 1 2 1 ] mem: ( 1 )[ 1 -1 1 2 1 ]
10 2 
12 20480 
14 16 
1a ( 3 2 )[ 1 -1 1 1 0 ]
1a ( 2 1 )[ 1 -1 2 1 0 ]
1b 0 

RANKS: 1 -1 1 3 1
EVENT6: 1090 47a046_47a41b_47a586_47a6a7
COMP 4b-0: 46d429_46d758_46d873_46d95f (1 34876.00 3 34876.00 3 34876.00){0.00 0.00 0.00 0.00 13950.40 0}{13950.40 0.00 0.00 0.00 27900.80 0}{27900.80 34876.00 34876.00 34876.00 41851.20 1}{41851.20 0.00 0.00 0.00 55801.60 0}{55801.60 0.00 0.00 0.00 69752.00 0}
COMP 4b-1: 48217a_4824fa_482633_482727 (5 3617.83 1 11.00 3 10891.00){0.00 0.00 0.00 0.00 4.40 0}{4.40 0.00 0.00 0.00 8.80 0}{8.80 11.00 11.00 11.00 22.00 2}{22.00 4994.00 5391.50 5789.00 9966.00 2}{9966.00 10891.00 10891.00 10891.00 11816.00 1}
COMP 4b-2: 48b0d5_48b359_48b42d_48b4e6 (2 9067.33 2 5172.00 1 11015.00){0.00 0.00 0.00 0.00 4406.00 0}{4406.00 5172.00 5172.00 5172.00 8812.00 1}{8812.00 11015.00 11015.00 11015.00 13218.00 1}{13218.00 0.00 0.00 0.00 17624.00 0}{17624.00 0.00 0.00 0.00 22030.00 0}
COMP 4c-0: 46d429_46d758_46d873_46d95f (1 152216.00 3 152216.00 3 152216.00){0.00 0.00 0.00 0.00 60886.40 0}{60886.40 0.00 0.00 0.00 121772.80 0}{121772.80 152216.00 152216.00 152216.00 182659.20 1}{182659.20 0.00 0.00 0.00 243545.60 0}{243545.60 0.00 0.00 0.00 304432.00 0}
COMP 4c-1: 48217a_4824fa_482633_482727 (5 14707.83 1 27.00 3 45407.00){0.00 0.00 0.00 0.00 10.80 0}{10.80 0.00 0.00 0.00 21.60 0}{21.60 27.00 27.00 27.00 54.00 2}{54.00 21374.00 21379.50 21385.00 42694.00 2}{42694.00 45407.00 45407.00 45407.00 48120.00 1}
COMP 4c-2: 48b0d5_48b359_48b42d_48b4e6 (2 37444.00 2 21424.00 1 45454.00){0.00 0.00 0.00 0.00 18181.60 0}{18181.60 21424.00 21424.00 21424.00 36363.20 1}{36363.20 45454.00 45454.00 45454.00 54544.80 1}{54544.80 0.00 0.00 0.00 72726.40 0}{72726.40 0.00 0.00 0.00 90908.00 0}
COMM 4b-0: 46d429_46d758_46d873_46d95f (1 6.00 3 6.00 3 6.00){0.00 0.00 0.00 0.00 2.40 0}{2.40 0.00 0.00 0.00 4.80 0}{4.80 6.00 6.00 6.00 7.20 1}{7.20 0.00 0.00 0.00 9.60 0}{9.60 0.00 0.00 0.00 12.00 0}
COMM 4b-1: 48217a_4824fa_482633_482727 (5 2.67 1 2.00 3 3.00){0.00 0.00 0.00 0.00 0.80 0}{0.80 0.00 0.00 0.00 1.60 0}{1.60 2.00 2.00 2.00 2.40 1}{2.40 3.00 3.00 3.00 3.20 4}{3.20 0.00 0.00 0.00 4.00 0}
COMM 4b-2: 48b0d5_48b359_48b42d_48b4e6 (2 2.67 2 2.00 1 3.00){0.00 0.00 0.00 0.00 1.20 0}{1.20 2.00 2.00 2.00 2.40 1}{2.40 3.00 3.00 3.00 3.60 1}{3.60 0.00 0.00 0.00 4.80 0}{4.80 0.00 0.00 0.00 6.00 0}
LOOP0: iter: ( 2 )[ 1 -1 1 2 1 ]( 4 )[ 1 -1 3 1 0 ] mem: ( 2 )[ 1 -1 1 2 1 ]( 3 )[ 1 -1 3 1 0 ]
10 2 
12 20480 
14 16 
1b 0 
2b 2147483647 

RANKS: 1 -1 1 3 1
EVENT7: 1148 48b0d5_48b359_48b42d_48b4e6
COMP 4b-0: 47a046_47a41b_47a586_47a6a7 (8 10.67 3 9.00 3 16.00){0.00 0.00 0.00 0.00 4.00 0}{4.00 0.00 0.00 0.00 8.00 0}{8.00 9.00 10.00 11.00 12.00 7}{12.00 16.00 16.00 16.00 16.00 1}{16.00 0.00 0.00 0.00 20.00 0}
COMP 4c-0: 47a046_47a41b_47a586_47a6a7 (8 25.89 3 25.00 3 27.00){0.00 0.00 0.00 0.00 10.40 0}{10.40 0.00 0.00 0.00 20.80 0}{20.80 25.00 25.88 27.00 31.20 8}{31.20 0.00 0.00 0.00 41.60 0}{41.60 0.00 0.00 0.00 52.00 0}
COMM 4b-0: 47a046_47a41b_47a586_47a6a7 (8 272.22 1 115.00 1 641.00){0.00 0.00 0.00 0.00 46.00 0}{46.00 0.00 0.00 0.00 92.00 0}{92.00 115.00 132.00 149.00 184.00 2}{184.00 189.00 197.67 205.00 230.00 3}{230.00 236.00 492.67 641.00 1052.00 3}
1c 9999 

RANKS: 1 -1 0 4 1
EVENT8: 1113 48217a_4824fa_482633_482727
COMP 4b-0: 46d429_46d758_46d873_46d95f (1 35303.00 0 35303.00 0 35303.00){0.00 0.00 0.00 0.00 14121.20 0}{14121.20 0.00 0.00 0.00 28242.40 0}{28242.40 35303.00 35303.00 35303.00 42363.60 1}{42363.60 0.00 0.00 0.00 56484.80 0}{56484.80 0.00 0.00 0.00 70606.00 0}
COMP 4b-1: 48217a_4824fa_482633_482727 (1 5023.00 1 5023.00 1 5023.00){0.00 0.00 0.00 0.00 2009.20 0}{2009.20 0.00 0.00 0.00 4018.40 0}{4018.40 5023.00 5023.00 5023.00 6027.60 1}{6027.60 0.00 0.00 0.00 8036.80 0}{8036.80 0.00 0.00 0.00 10046.00 0}
COMP 4b-2: 48b0d5_48b359_48b42d_48b4e6 (9 2903.60 3 110.00 0 11246.00){0.00 110.00 125.50 148.00 2380.40 6}{2380.40 0.00 0.00 0.00 4760.80 0}{4760.80 5135.00 5543.00 5951.00 7141.20 2}{7141.20 0.00 0.00 0.00 9521.60 0}{9521.60 11246.00 11246.00 11246.00 11902.00 1}
COMP 4c-0: 46d429_46d758_46d873_46d95f (1 152271.00 0 152271.00 0 152271.00){0.00 0.00 0.00 0.00 60908.40 0}{60908.40 0.00 0.00 0.00 121816.80 0}{121816.80 152271.00 152271.00 152271.00 182725.20 1}{182725.20 0.00 0.00 0.00 243633.60 0}{243633.60 0.00 0.00 0.00 304542.00 0}
COMP 4c-1: 48217a_4824fa_482633_482727 (1 21452.00 1 21452.00 1 21452.00){0.00 0.00 0.00 0.00 8580.80 0}{8580.80 0.00 0.00 0.00 17161.60 0}{17161.60 21452.00 21452.00 21452.00 25742.40 1}{25742.40 0.00 0.00 0.00 34323.20 0}{34323.20 0.00 0.00 0.00 42904.00 0}
COMP 4c-2: 48b0d5_48b359_48b42d_48b4e6 (9 11101.60 3 166.00 0 45533.00){0.00 166.00 167.17 169.00 8595.60 6}{8595.60 0.00 0.00 0.00 17191.20 0}{17191.20 21489.00 21495.50 21502.00 34382.40 2}{34382.40 0.00 0.00 0.00 42978.00 0}{42978.00 45533.00 45533.00 45533.00 48088.00 1}
COMM 4b-0: 46d429_46d758_46d873_46d95f (1 695.00 0 695.00 0 695.00){0.00 0.00 0.00 0.00 278.00 0}{278.00 0.00 0.00 0.00 556.00 0}{556.00 695.00 695.00 695.00 834.00 1}{834.00 0.00 0.00 0.00 1112.00 0}{1112.00 0.00 0.00 0.00 1390.00 0}
COMM 4b-1: 48217a_4824fa_482633_482727 (1 111.00 1 111.00 1 111.00){0.00 0.00 0.00 0.00 44.40 0}{44.40 0.00 0.00 0.00 88.80 0}{88.80 111.00 111.00 111.00 133.20 1}{133.20 0.00 0.00 0.00 177.60 0}{177.60 0.00 0.00 0.00 222.00 0}
COMM 4b-2: 48b0d5_48b359_48b42d_48b4e6 (9 123.50 2 103.00 3 261.00){0.00 0.00 0.00 0.00 44.80 0}{44.80 0.00 0.00 0.00 89.60 0}{89.60 103.00 107.75 115.00 179.20 8}{179.20 0.00 0.00 0.00 224.00 0}{224.00 261.00 261.00 261.00 298.00 1}
LOOP0: iter: ( 4 )[ 1 -1 0 1 0 ]( 2 )[ 1 -1 1 1 0 ] mem: ( 3 )[ 1 -1 0 1 0 ]( 1 )[ 1 -1 1 1 0 ]
10 2 
12 20480 
14 16 
1a ( 1 2 )[ 1 -1 0 1 0 ]
1a ( 3 2 )[ 1 -1 1 2 2 ]
1a ( 2 )[ 1 -1 2 1 0 ]
1b 0 

RANKS: 1 -1 0 2 1
EVENT9: 1090 47a046_47a41b_47a586_47a6a7
COMP 4b-0: 48217a_4824fa_482633_482727 (5 12.50 0 9.00 0 18.00){0.00 0.00 0.00 0.00 7.20 0}{7.20 9.00 9.75 11.00 14.40 4}{14.40 18.00 18.00 18.00 21.60 1}{21.60 0.00 0.00 0.00 28.80 0}{28.80 0.00 0.00 0.00 36.00 0}
COMP 4c-0: 48217a_4824fa_482633_482727 (5 26.17 0 25.00 0 27.00){0.00 0.00 0.00 0.00 10.80 0}{10.80 0.00 0.00 0.00 21.60 0}{21.60 25.00 26.00 27.00 32.40 5}{32.40 0.00 0.00 0.00 43.20 0}{43.20 0.00 0.00 0.00 54.00 0}
COMM 4b-0: 48217a_4824fa_482633_482727 (5 3.00 0 2.00 0 5.00){0.00 2.00 2.00 2.00 2.00 4}{2.00 0.00 0.00 0.00 4.00 0}{4.00 5.00 5.00 5.00 6.00 1}{6.00 0.00 0.00 0.00 8.00 0}{8.00 0.00 0.00 0.00 10.00 0}
10 2 
12 20480 
14 16 
1b 0 
2b 2147483647 

RANKS: 1 -1 0 2 1
EVENT10: 1148 48b0d5_48b359_48b42d_48b4e6
COMP 4b-0: 47a046_47a41b_47a586_47a6a7 (5 11.33 0 9.00 0 15.00){0.00 0.00 0.00 0.00 6.00 0}{6.00 9.00 9.50 11.00 12.00 4}{12.00 15.00 15.00 15.00 18.00 1}{18.00 0.00 0.00 0.00 24.00 0}{24.00 0.00 0.00 0.00 30.00 0}
COMP 4c-0: 47a046_47a41b_47a586_47a6a7 (5 26.00 0 25.00 0 27.00){0.00 0.00 0.00 0.00 10.80 0}{10.80 0.00 0.00 0.00 21.60 0}{21.60 25.00 25.80 27.00 32.40 5}{32.40 0.00 0.00 0.00 43.20 0}{43.20 0.00 0.00 0.00 54.00 0}
COMM 4b-0: 47a046_47a41b_47a586_47a6a7 (5 233.67 1 122.00 0 318.00){0.00 0.00 0.00 0.00 112.80 0}{112.80 122.00 173.33 216.00 225.60 3}{225.60 282.00 300.00 318.00 338.40 2}{338.40 0.00 0.00 0.00 451.20 0}{451.20 0.00 0.00 0.00 564.00 0}
1c 9999 

RANKS: 1 -1 0 4 1
EVENT11: 1004 46a5af_46a90f_46aa52_46ab44
COMP 4b-0: 48217a_4824fa_482633_482727 (2 10344.33 2 10307.00 3 10363.00){0.00 0.00 0.00 0.00 4145.20 0}{4145.20 0.00 0.00 0.00 8290.40 0}{8290.40 10307.00 10335.00 10363.00 12435.60 2}{12435.60 0.00 0.00 0.00 16580.80 0}{16580.80 0.00 0.00 0.00 20726.00 0}
COMP 4b-1: 48b0d5_48b359_48b42d_48b4e6 (2 10385.67 1 10369.00 0 10394.00){0.00 0.00 0.00 0.00 4157.60 0}{4157.60 0.00 0.00 0.00 8315.20 0}{8315.20 10369.00 10381.50 10394.00 12472.80 2}{12472.80 0.00 0.00 0.00 16630.40 0}{16630.40 0.00 0.00 0.00 20788.00 0}
COMP 4c-0: 48217a_4824fa_482633_482727 (2 44563.00 2 44559.00 3 44565.00){0.00 0.00 0.00 0.00 17826.00 0}{17826.00 0.00 0.00 0.00 35652.00 0}{35652.00 44559.00 44562.00 44565.00 53478.00 2}{53478.00 0.00 0.00 0.00 71304.00 0}{71304.00 0.00 0.00 0.00 89130.00 0}
COMP 4c-1: 48b0d5_48b359_48b42d_48b4e6 (2 44614.33 1 44611.00 0 44616.00){0.00 0.00 0.00 0.00 17846.40 0}{17846.40 0.00 0.00 0.00 35692.80 0}{35692.80 44611.00 44613.50 44616.00 53539.20 2}{53539.20 0.00 0.00 0.00 71385.60 0}{71385.60 0.00 0.00 0.00 89232.00 0}
COMM 4b-0: 48217a_4824fa_482633_482727 (2 184.00 2 148.00 3 202.00){0.00 0.00 0.00 0.00 80.80 0}{80.80 148.00 148.00 148.00 161.60 1}{161.60 202.00 202.00 202.00 242.40 1}{242.40 0.00 0.00 0.00 323.20 0}{323.20 0.00 0.00 0.00 404.00 0}
COMM 4b-1: 48b0d5_48b359_48b42d_48b4e6 (2 103.67 0 39.00 1 233.00){0.00 0.00 0.00 0.00 15.60 0}{15.60 0.00 0.00 0.00 31.20 0}{31.20 39.00 39.00 39.00 62.40 1}{62.40 0.00 0.00 0.00 78.00 0}{78.00 233.00 233.00 233.00 388.00 1}
10 2 
12 5 
14 16 
18 3 

RANKS: 1 -1 0 4 1
EVENT12: 1010 46cf40_46d175_46d219_46d295
COMP 4b-0: 46a5af_46a90f_46aa52_46ab44 (4 12.20 1 11.00 2 14.00){0.00 0.00 0.00 0.00 4.80 0}{4.80 0.00 0.00 0.00 9.60 0}{9.60 11.00 12.25 14.00 14.40 4}{14.40 0.00 0.00 0.00 19.20 0}{19.20 0.00 0.00 0.00 24.00 0}
COMP 4c-0: 46a5af_46a90f_46aa52_46ab44 (4 25.40 0 25.00 3 26.00){0.00 0.00 0.00 0.00 10.00 0}{10.00 0.00 0.00 0.00 20.00 0}{20.00 25.00 25.50 26.00 30.00 4}{30.00 0.00 0.00 0.00 40.00 0}{40.00 0.00 0.00 0.00 50.00 0}
COMM 4b-0: 46a5af_46a90f_46aa52_46ab44 (4 189.20 1 148.00 3 294.00){0.00 0.00 0.00 0.00 70.00 0}{70.00 0.00 0.00 0.00 140.00 0}{140.00 148.00 159.00 175.00 210.00 3}{210.00 0.00 0.00 0.00 280.00 0}{280.00 294.00 294.00 294.00 350.00 1}
10 2 

RANKS: 1 -1 1 3 1
EVENT13: 1102 47d6b9_47da7e_47dbe8_47dd07
COMP 4b-0: 46cf40_46d175_46d219_46d295 (3 575.00 3 568.00 1 581.00){0.00 0.00 0.00 0.00 232.40 0}{232.40 0.00 0.00 0.00 464.80 0}{464.80 568.00 573.00 581.00 697.20 3}{697.20 0.00 0.00 0.00 929.60 0}{929.60 0.00 0.00 0.00 1162.00 0}
COMP 4b-1: 47d6b9_47da7e_47dbe8_47dd07 (123 174.39 3 9.00 3 358.00){0.00 0.00 0.00 0.00 3.60 0}{3.60 0.00 0.00 0.00 7.20 0}{7.20 9.00 10.26 13.00 14.40 62}{14.40 0.00 0.00 0.00 18.00 0}{18.00 342.00 343.92 358.00 698.00 61}
COMP 4b-2: 48217a_4824fa_482633_482727 (246 153.80 1 147.00 1 178.00){0.00 0.00 0.00 0.00 62.40 0}{62.40 0.00 0.00 0.00 124.80 0}{124.80 147.00 153.79 178.00 187.20 246}{187.20 0.00 0.00 0.00 249.60 0}{249.60 0.00 0.00 0.00 312.00 0}
COMP 4c-0: 46cf40_46d175_46d219_46d295 (3 3342.00 1 3342.00 1 3342.00){0.00 0.00 0.00 0.00 1336.80 0}{1336.80 0.00 0.00 0.00 2673.60 0}{2673.60 3342.00 3342.00 3342.00 4010.40 3}{4010.40 0.00 0.00 0.00 5347.20 0}{5347.20 0.00 0.00 0.00 6684.00 0}
COMP 4c-1: 47d6b9_47da7e_47dbe8_47dd07 (123 708.01 3 27.00 3 1410.00){0.00 0.00 0.00 0.00 10.80 0}{10.80 0.00 0.00 0.00 21.60 0}{21.60 27.00 28.34 29.00 43.20 62}{43.20 0.00 0.00 0.00 54.00 0}{54.00 1409.00 1409.98 1410.00 2764.00 61}
COMP 4c-2: 48217a_4824fa_482633_482727 (246 742.34 2 721.00 1 762.00){0.00 0.00 0.00 0.00 303.20 0}{303.20 0.00 0.00 0.00 606.40 0}{606.40 721.00 742.28 762.00 909.60 246}{909.60 0.00 0.00 0.00 1212.80 0}{1212.80 0.00 0.00 0.00 1516.00 0}
COMM 4b-0: 46cf40_46d175_46d219_46d295 (3 257.00 1 215.00 3 371.00){0.00 0.00 0.00 0.00 86.00 0}{86.00 0.00 0.00 0.00 172.00 0}{172.00 215.00 221.00 227.00 258.00 2}{258.00 0.00 0.00 0.00 344.00 0}{344.00 371.00 371.00 371.00 430.00 1}
COMM 4b-1: 47d6b9_47da7e_47dbe8_47dd07 (123 6.06 3 1.00 3 121.00){0.00 1.00 1.00 1.00 1.60 45}{1.60 2.00 2.15 3.00 3.20 20}{3.20 4.00 4.00 4.00 4.00 14}{4.00 5.00 5.38 6.00 6.00 8}{6.00 7.00 15.61 121.00 158.00 36}
COMM 4b-2: 48217a_4824fa_482633_482727 (246 9.60 1 2.00 1 674.00){0.00 0.00 0.00 0.00 1.20 0}{1.20 2.00 3.05 4.00 4.80 230}{4.80 5.00 5.33 6.00 6.00 9}{6.00 22.00 80.75 144.00 154.00 4}{154.00 183.00 432.00 674.00 1194.00 3}
LOOP0: iter: ( 124 )[ 1 -1 1 3 1 ] mem: ( 2 )[ 1 -1 1 2 1 ]( 1 )[ 1 -1 3 1 0 ]
10 2 
12 155 
14 16 
1b 0 
2b ( 3 3 3 3 3 3 3 3 3 3 3 3 3 3 3 3 3 3 3 3 3 3 3 3 3 3 3 3 3 3 3 3 3 3 3 3 3 3 3 3 3 3 3 3 3 3 3 3 3 3 3 3 3 3 3 3 3 3 3 3 3 3 2 2 2 2 2 2 2 2 2 2 2 2 2 2 2 2 2 2 2 2 2 2 2 2 2 2 2 2 2 2 2 2 2 2 2 2 2 2 2 2 2 2 2 2 2 2 2 2 2 2 2 2 2 2 2 2 2 2 2 2 2 2 )[ 1 -1 1 1 0 ]
2b ( 3 2 )[ 1 -1 3 1 0 ]
2b ( 2 2 2 2 2 2 2 2 2 2 2 2 2 2 2 2 2 2 2 2 2 2 2 2 2 2 2 2 2 2 2 2 2 2 2 2 2 2 2 2 2 2 2 2 2 2 2 2 2 2 2 2 2 2 2 2 2 2 2 2 2 2 1 1 1 1 1 1 1 1 1 1 1 1 1 1 1 1 1 1 1 1 1 1 1 1 1 1 1 1 1 1 1 1 1 1 1 1 1 1 1 1 1 1 1 1 1 1 1 1 1 1 1 1 1 1 1 1 1 1 1 1 1 1 )[ 1 -1 2 1 0 ]

RANKS: 1 -1 2 1 0
EVENT14: 1113 48217a_4824fa_482633_482727
COMP 4b-0: 47d6b9_47da7e_47dbe8_47dd07 (124 193.82 2 187.00 2 208.00){0.00 0.00 0.00 0.00 80.80 0}{80.80 0.00 0.00 0.00 161.60 0}{161.60 187.00 193.75 208.00 242.40 124}{242.40 0.00 0.00 0.00 323.20 0}{323.20 0.00 0.00 0.00 404.00 0}
COMP 4c-0: 47d6b9_47da7e_47dbe8_47dd07 (124 671.31 2 666.00 2 677.00){0.00 0.00 0.00 0.00 270.80 0}{270.80 0.00 0.00 0.00 541.60 0}{541.60 666.00 671.27 677.00 812.40 124}{812.40 0.00 0.00 0.00 1083.20 0}{1083.20 0.00 0.00 0.00 1354.00 0}
COMM 4b-0: 47d6b9_47da7e_47dbe8_47dd07 (124 3.40 2 2.00 2 90.00){0.00 0.00 0.00 0.00 1.60 0}{1.60 2.00 2.45 3.00 3.20 119}{3.20 4.00 4.00 4.00 6.40 1}{6.40 0.00 0.00 0.00 8.00 0}{8.00 10.00 31.25 90.00 172.00 4}
10 2 
12 155 
14 16 
1a 1 1 1 1 1 1 1 1 1 1 1 1 1 1 1 1 1 1 1 1 1 1 1 1 1 1 1 1 1 1 1 1 1 1 1 1 1 1 1 1 1 1 1 1 1 1 1 1 1 1 1 1 1 1 1 1 1 1 1 1 1 1 2 2 2 2 2 2 2 2 2 2 2 2 2 2 2 2 2 2 2 2 2 2 2 2 2 2 2 2 2 2 2 2 2 2 2 2 2 2 2 2 2 2 2 2 2 2 2 2 2 2 2 2 2 2 2 2 2 2 2 2 2 2 
1b 0 

RANKS: 1 -1 0 4 1
EVENT15: 1113 48217a_4824fa_482633_482727
COMP 4b-0: 46a5af_46a90f_46aa52_46ab44 (1 28246.00 2 28246.00 2 28246.00){0.00 0.00 0.00 0.00 11298.40 0}{11298.40 0.00 0.00 0.00 22596.80 0}{22596.80 28246.00 28246.00 28246.00 33895.20 1}{33895.20 0.00 0.00 0.00 45193.60 0}{45193.60 0.00 0.00 0.00 56492.00 0}
COMP 4b-1: 46cf40_46d175_46d219_46d295 (1 750.00 0 750.00 0 750.00){0.00 0.00 0.00 0.00 300.00 0}{300.00 0.00 0.00 0.00 600.00 0}{600.00 750.00 750.00 750.00 900.00 1}{900.00 0.00 0.00 0.00 1200.00 0}{1200.00 0.00 0.00 0.00 1500.00 0}
COMP 4b-2: 47d6b9_47da7e_47dbe8_47dd07 (125 196.90 1 187.00 3 531.00){0.00 0.00 0.00 0.00 80.80 0}{80.80 0.00 0.00 0.00 161.60 0}{161.60 187.00 194.16 222.00 323.20 124}{323.20 0.00 0.00 0.00 404.00 0}{404.00 531.00 531.00 531.00 658.00 1}
COMP 4b-3: 48217a_4824fa_482633_482727 (247 173.21 0 8.00 2 1071.00){0.00 0.00 0.00 0.00 3.20 0}{3.20 0.00 0.00 0.00 6.40 0}{6.40 8.00 9.70 12.00 16.00 124}{16.00 321.00 333.39 357.00 672.00 122}{672.00 1071.00 1071.00 1071.00 1470.00 1}
COMP 4c-0: 46a5af_46a90f_46aa52_46ab44 (1 133472.00 2 133472.00 2 133472.00){0.00 0.00 0.00 0.00 53388.80 0}{53388.80 0.00 0.00 0.00 106777.60 0}{106777.60 133472.00 133472.00 133472.00 160166.40 1}{160166.40 0.00 0.00 0.00 213555.20 0}{213555.20 0.00 0.00 0.00 266944.00 0}
COMP 4c-1: 46cf40_46d175_46d219_46d295 (1 3991.00 0 3991.00 0 3991.00){0.00 0.00 0.00 0.00 1596.40 0}{1596.40 0.00 0.00 0.00 3192.80 0}{3192.80 3991.00 3991.00 3991.00 4789.20 1}{4789.20 0.00 0.00 0.00 6385.60 0}{6385.60 0.00 0.00 0.00 7982.00 0}
COMP 4c-2: 47d6b9_47da7e_47dbe8_47dd07 (125 681.96 1 666.00 3 2011.00){0.00 0.00 0.00 0.00 270.80 0}{270.80 0.00 0.00 0.00 541.60 0}{541.60 666.00 671.28 677.00 1083.20 124}{1083.20 0.00 0.00 0.00 1354.00 0}{1354.00 2011.00 2011.00 2011.00 2668.00 1}
COMP 4c-3: 48217a_4824fa_482633_482727 (247 719.40 3 26.00 2 5819.00){0.00 0.00 0.00 0.00 10.80 0}{10.80 0.00 0.00 0.00 21.60 0}{21.60 26.00 28.52 29.00 54.00 124}{54.00 1360.00 1385.48 1410.00 2764.00 122}{2764.00 5819.00 5819.00 5819.00 8874.00 1}
COMM 4b-0: 46a5af_46a90f_46aa52_46ab44 (1 114.00 2 114.00 2 114.00){0.00 0.00 0.00 0.00 45.60 0}{45.60 0.00 0.00 0.00 91.20 0}{91.20 114.00 114.00 114.00 136.80 1}{136.80 0.00 0.00 0.00 182.40 0}{182.40 0.00 0.00 0.00 228.00 0}
COMM 4b-1: 46cf40_46d175_46d219_46d295 (1 5.00 0 5.00 0 5.00){0.00 0.00 0.00 0.00 2.00 0}{2.00 0.00 0.00 0.00 4.00 0}{4.00 5.00 5.00 5.00 6.00 1}{6.00 0.00 0.00 0.00 8.00 0}{8.00 0.00 0.00 0.00 10.00 0}
COMM 4b-2: 47d6b9_47da7e_47dbe8_47dd07 (125 3.37 1 2.00 1 91.00){0.00 2.00 2.00 2.00 2.00 63}{2.00 3.00 3.00 3.00 4.00 57}{4.00 5.00 5.00 5.00 8.00 2}{8.00 10.00 10.00 10.00 10.00 1}{10.00 12.00 51.50 91.00 172.00 2}
COMM 4b-3: 48217a_4824fa_482633_482727 (247 4.03 0 1.00 2 111.00){0.00 1.00 1.00 1.00 1.60 46}{1.60 2.00 2.00 2.00 2.40 148}{2.40 3.00 3.00 3.00 3.20 43}{3.20 4.00 4.00 4.00 4.00 1}{4.00 10.00 58.00 111.00 180.00 9}
LOOP0: iter: ( 124 )[ 1 -1 0 2 3 ]( 2 )[ 1 -1 2 1 0 ] mem: ( 1 )[ 1 -1 0 2 3 ]( 5 )[ 1 -1 2 1 0 ]
10 2 
12 ( 155 )[ 2 -1 0 2 1 -1 3 1 0 ]
12 ( 20480 )[ 1 -1 2 1 0 ]
14 16 
1a ( 1 2 )[ 1 -1 0 1 0 ]
1a ( 2 2 2 2 2 2 2 2 2 2 2 2 2 2 2 2 2 2 2 2 2 2 2 2 2 2 2 2 2 2 2 2 2 2 2 2 2 2 2 2 2 2 2 2 2 2 2 2 2 2 2 2 2 2 2 2 2 2 2 2 2 2 3 3 3 3 3 3 3 3 3 3 3 3 3 3 3 3 3 3 3 3 3 3 3 3 3 3 3 3 3 3 3 3 3 3 3 3 3 3 3 3 3 3 3 3 3 3 3 3 3 3 3 3 3 3 3 3 3 3 3 3 3 3 )[ 1 -1 1 1 0 ]
1a ( 3 2 )[ 1 -1 3 1 0 ]
1a ( 1 )[ 1 -1 2 1 0 ]
1b 0 

RANKS: 1 -1 0 1 0
EVENT16: 1102 47d6b9_47da7e_47dbe8_47dd07
COMP 4b-0: 47d6b9_47da7e_47dbe8_47dd07 (123 164.27 0 10.00 0 338.00){0.00 0.00 0.00 0.00 4.00 0}{4.00 0.00 0.00 0.00 8.00 0}{8.00 10.00 10.34 12.00 16.00 62}{16.00 0.00 0.00 0.00 20.00 0}{20.00 321.00 323.25 338.00 656.00 61}
COMP 4b-1: 48217a_4824fa_482633_482727 (1 154.00 0 154.00 0 154.00){0.00 0.00 0.00 0.00 61.60 0}{61.60 0.00 0.00 0.00 123.20 0}{123.20 154.00 154.00 154.00 184.80 1}{184.80 0.00 0.00 0.00 246.40 0}{246.40 0.00 0.00 0.00 308.00 0}
COMP 4c-0: 47d6b9_47da7e_47dbe8_47dd07 (123 684.19 0 27.00 0 1362.00){0.00 0.00 0.00 0.00 10.80 0}{10.80 0.00 0.00 0.00 21.60 0}{21.60 27.00 28.90 29.00 43.20 62}{43.20 0.00 0.00 0.00 54.00 0}{54.00 1360.00 1361.00 1362.00 2666.00 61}
COMP 4c-1: 48217a_4824fa_482633_482727 (1 721.00 0 721.00 0 721.00){0.00 0.00 0.00 0.00 288.40 0}{288.40 0.00 0.00 0.00 576.80 0}{576.80 721.00 721.00 721.00 865.20 1}{865.20 0.00 0.00 0.00 1153.60 0}{1153.60 0.00 0.00 0.00 1442.00 0}
COMM 4b-0: 47d6b9_47da7e_47dbe8_47dd07 (123 7.91 0 1.00 0 361.00){0.00 1.00 1.00 1.00 1.60 39}{1.60 2.00 2.18 3.00 3.20 28}{3.20 4.00 4.00 4.00 4.00 12}{4.00 5.00 9.63 15.00 16.00 38}{16.00 18.00 77.50 361.00 706.00 6}
COMM 4b-1: 48217a_4824fa_482633_482727 (1 1299.00 0 1299.00 0 1299.00){0.00 0.00 0.00 0.00 519.60 0}{519.60 0.00 0.00 0.00 1039.20 0}{1039.20 1299.00 1299.00 1299.00 1558.80 1}{1558.80 0.00 0.00 0.00 2078.40 0}{2078.40 0.00 0.00 0.00 2598.00 0}
LOOP0: iter: ( 124 )[ 1 -1 0 1 0 ] mem: ( 1 )[ 1 -1 0 1 0 ]
10 2 
12 155 
14 16 
1b 0 
2b 1 2 

RANKS: 1 -1 1 3 1
EVENT17: 1090 47a046_47a41b_47a586_47a6a7
COMP 4b-0: 46a5af_46a90f_46aa52_46ab44 (2 28199.00 1 28198.00 3 28201.00){0.00 0.00 0.00 0.00 11279.20 0}{11279.20 0.00 0.00 0.00 22558.40 0}{22558.40 28198.00 28199.50 28201.00 33837.60 2}{33837.60 0.00 0.00 0.00 45116.80 0}{45116.80 0.00 0.00 0.00 56396.00 0}
COMP 4b-1: 48217a_4824fa_482633_482727 (6 1856.43 2 11.00 3 4985.00){0.00 11.00 11.00 11.00 399.20 2}{399.20 0.00 0.00 0.00 798.40 0}{798.40 998.00 1005.50 1013.00 1596.80 2}{1596.80 0.00 0.00 0.00 1996.00 0}{1996.00 4979.00 4982.00 4985.00 7974.00 2}
COMP 4b-2: 48b0d5_48b359_48b42d_48b4e6 (2 5018.00 2 5015.00 2 5024.00){0.00 0.00 0.00 0.00 2006.00 0}{2006.00 0.00 0.00 0.00 4012.00 0}{4012.00 5015.00 5019.50 5024.00 6018.00 2}{6018.00 0.00 0.00 0.00 8024.00 0}{8024.00 0.00 0.00 0.00 10030.00 0}
COMP 4c-0: 46a5af_46a90f_46aa52_46ab44 (2 133406.00 1 133404.00 3 133410.00){0.00 0.00 0.00 0.00 53361.60 0}{53361.60 0.00 0.00 0.00 106723.20 0}{106723.20 133404.00 133407.00 133410.00 160084.80 2}{160084.80 0.00 0.00 0.00 213446.40 0}{213446.40 0.00 0.00 0.00 266808.00 0}
COMP 4c-1: 48217a_4824fa_482633_482727 (6 8577.86 2 26.00 3 21380.00){0.00 26.00 26.00 26.00 2298.00 2}{2298.00 0.00 0.00 0.00 4596.00 0}{4596.00 5743.00 5744.00 5745.00 9192.00 2}{9192.00 0.00 0.00 0.00 11490.00 0}{11490.00 21380.00 21380.00 21380.00 31270.00 2}
COMP 4c-2: 48b0d5_48b359_48b42d_48b4e6 (2 21424.00 2 21424.00 2 21424.00){0.00 0.00 0.00 0.00 8569.60 0}{8569.60 0.00 0.00 0.00 17139.20 0}{17139.20 21424.00 21424.00 21424.00 25708.80 2}{25708.80 0.00 0.00 0.00 34278.40 0}{34278.40 0.00 0.00 0.00 42848.00 0}
COMM 4b-0: 46a5af_46a90f_46aa52_46ab44 (2 2.00 1 2.00 1 2.00){0.00 0.00 0.00 0.00 0.80 0}{0.80 0.00 0.00 0.00 1.60 0}{1.60 2.00 2.00 2.00 2.40 2}{2.40 0.00 0.00 0.00 3.20 0}{3.20 0.00 0.00 0.00 4.00 0}
COMM 4b-1: 48217a_4824fa_482633_482727 (6 2.43 1 2.00 3 3.00){0.00 0.00 0.00 0.00 0.80 0}{0.80 0.00 0.00 0.00 1.60 0}{1.60 2.00 2.00 2.00 2.40 3}{2.40 3.00 3.00 3.00 3.20 3}{3.20 0.00 0.00 0.00 4.00 0}
COMM 4b-2: 48b0d5_48b359_48b42d_48b4e6 (2 2.00 2 2.00 2 2.00){0.00 0.00 0.00 0.00 0.80 0}{0.80 0.00 0.00 0.00 1.60 0}{1.60 2.00 2.00 2.00 2.40 2}{2.40 0.00 0.00 0.00 3.20 0}{3.20 0.00 0.00 0.00 4.00 0}
LOOP0: iter: ( 2 )[ 1 -1 1 3 1 ] mem: ( 6 )[ 1 -1 1 1 0 ]( 4 )[ 1 -1 3 1 0 ]( 2 )[ 1 -1 2 1 0 ]
LOOP1: iter: ( 2 )[ 1 -1 3 1 0 ] mem: ( 3 )[ 1 -1 3 1 0 ]
10 2 
12 20480 
14 16 
1b 0 
2b 2147483647 

RANKS: 1 -1 1 3 1
EVENT18: 1148 48b0d5_48b359_48b42d_48b4e6
COMP 4b-0: 47a046_47a41b_47a586_47a6a7 (10 9.82 1 9.00 1 11.00){0.00 0.00 0.00 0.00 3.60 0}{3.60 0.00 0.00 0.00 7.20 0}{7.20 9.00 9.43 10.00 10.80 7}{10.80 11.00 11.00 11.00 14.40 3}{14.40 0.00 0.00 0.00 18.00 0}
COMP 4c-0: 47a046_47a41b_47a586_47a6a7 (10 25.91 3 25.00 1 26.00){0.00 0.00 0.00 0.00 10.40 0}{10.40 0.00 0.00 0.00 20.80 0}{20.80 25.00 25.90 26.00 31.20 10}{31.20 0.00 0.00 0.00 41.60 0}{41.60 0.00 0.00 0.00 52.00 0}
COMM 4b-0: 47a046_47a41b_47a586_47a6a7 (10 370.64 3 108.00 3 928.00){0.00 108.00 127.00 137.00 144.00 3}{144.00 0.00 0.00 0.00 288.00 0}{288.00 303.00 330.00 360.00 432.00 3}{432.00 463.00 472.67 487.00 720.00 3}{720.00 928.00 928.00 928.00 1136.00 1}
1c 9999 

RANKS: 1 -1 0 4 1
EVENT19: 1113 48217a_4824fa_482633_482727
COMP 4b-0: 46a5af_46a90f_46aa52_46ab44 (1 28634.00 0 28634.00 0 28634.00){0.00 0.00 0.00 0.00 11453.60 0}{11453.60 0.00 0.00 0.00 22907.20 0}{22907.20 28634.00 28634.00 28634.00 34360.80 1}{34360.80 0.00 0.00 0.00 45814.40 0}{45814.40 0.00 0.00 0.00 57268.00 0}
COMP 4b-1: 47d6b9_47da7e_47dbe8_47dd07 (1 1254.00 0 1254.00 0 1254.00){0.00 0.00 0.00 0.00 501.60 0}{501.60 0.00 0.00 0.00 1003.20 0}{1003.20 1254.00 1254.00 1254.00 1504.80 1}{1504.80 0.00 0.00 0.00 2006.40 0}{2006.40 0.00 0.00 0.00 2508.00 0}
COMP 4b-2: 48217a_4824fa_482633_482727 (2 5000.00 1 4996.00 1 5002.00){0.00 0.00 0.00 0.00 2000.80 0}{2000.80 0.00 0.00 0.00 4001.60 0}{4001.60 4996.00 4999.00 5002.00 6002.40 2}{6002.40 0.00 0.00 0.00 8003.20 0}{8003.20 0.00 0.00 0.00 10004.00 0}
COMP 4b-3: 48b0d5_48b359_48b42d_48b4e6 (10 1448.64 3 85.00 0 5052.00){0.00 85.00 97.75 111.00 2020.80 8}{2020.80 0.00 0.00 0.00 4041.60 0}{4041.60 5049.00 5050.50 5052.00 6062.40 2}{6062.40 0.00 0.00 0.00 8083.20 0}{8083.20 0.00 0.00 0.00 10104.00 0}
COMP 4c-0: 46a5af_46a90f_46aa52_46ab44 (1 133465.00 0 133465.00 0 133465.00){0.00 0.00 0.00 0.00 53386.00 0}{53386.00 0.00 0.00 0.00 106772.00 0}{106772.00 133465.00 133465.00 133465.00 160158.00 1}{160158.00 0.00 0.00 0.00 213544.00 0}{213544.00 0.00 0.00 0.00 266930.00 0}
COMP 4c-1: 47d6b9_47da7e_47dbe8_47dd07 (1 6457.00 0 6457.00 0 6457.00){0.00 0.00 0.00 0.00 2582.80 0}{2582.80 0.00 0.00 0.00 5165.60 0}{5165.60 6457.00 6457.00 6457.00 7748.40 1}{7748.40 0.00 0.00 0.00 10331.20 0}{10331.20 0.00 0.00 0.00 12914.00 0}
COMP 4c-2: 48217a_4824fa_482633_482727 (2 21453.00 1 21453.00 1 21453.00){0.00 0.00 0.00 0.00 8581.20 0}{8581.20 0.00 0.00 0.00 17162.40 0}{17162.40 21453.00 21453.00 21453.00 25743.60 2}{25743.60 0.00 0.00 0.00 34324.80 0}{34324.80 0.00 0.00 0.00 42906.00 0}
COMP 4c-3: 48b0d5_48b359_48b42d_48b4e6 (10 5984.18 1 166.00 0 21497.00){0.00 166.00 166.88 169.00 8598.80 8}{8598.80 0.00 0.00 0.00 17197.60 0}{17197.60 21497.00 21497.00 21497.00 25796.40 2}{25796.40 0.00 0.00 0.00 34395.20 0}{34395.20 0.00 0.00 0.00 42994.00 0}
COMM 4b-0: 46a5af_46a90f_46aa52_46ab44 (1 112.00 0 112.00 0 112.00){0.00 0.00 0.00 0.00 44.80 0}{44.80 0.00 0.00 0.00 89.60 0}{89.60 112.00 112.00 112.00 134.40 1}{134.40 0.00 0.00 0.00 179.20 0}{179.20 0.00 0.00 0.00 224.00 0}
COMM 4b-1: 47d6b9_47da7e_47dbe8_47dd07 (1 110.00 0 110.00 0 110.00){0.00 0.00 0.00 0.00 44.00 0}{44.00 0.00 0.00 0.00 88.00 0}{88.00 110.00 110.00 110.00 132.00 1}{132.00 0.00 0.00 0.00 176.00 0}{176.00 0.00 0.00 0.00 220.00 0}
COMM 4b-2: 48217a_4824fa_482633_482727 (2 110.67 1 108.00 1 112.00){0.00 0.00 0.00 0.00 44.80 0}{44.80 0.00 0.00 0.00 89.60 0}{89.60 108.00 110.00 112.00 134.40 2}{134.40 0.00 0.00 0.00 179.20 0}{179.20 0.00 0.00 0.00 224.00 0}
COMM 4b-3: 48b0d5_48b359_48b42d_48b4e6 (10 105.27 2 101.00 2 110.00){0.00 0.00 0.00 0.00 42.80 0}{42.80 0.00 0.00 0.00 85.60 0}{85.60 101.00 105.10 110.00 128.40 10}{128.40 0.00 0.00 0.00 171.20 0}{171.20 0.00 0.00 0.00 214.00 0}
LOOP0: iter: ( 2 )[ 1 -1 0 2 1 ] mem: ( 4 )[ 1 -1 0 1 0 ]( 1 )[ 1 -1 1 1 0 ]
LOOP1: iter: ( 2 )[ 1 -1 0 1 0 ] mem: ( 3 )[ 1 -1 0 1 0 ]
10 2 
12 20480 
14 16 
1a ( 1 2 )[ 1 -1 0 1 0 ]
1a ( 3 2 )[ 1 -1 1 2 2 ]
1a ( 2 )[ 1 -1 2 1 0 ]
1b 0 

RANKS: 1 -1 0 2 1
EVENT20: 1090 47a046_47a41b_47a586_47a6a7
COMP 4b-0: 48217a_4824fa_482633_482727 (6 10.29 0 9.00 0 12.00){0.00 0.00 0.00 0.00 4.00 0}{4.00 0.00 0.00 0.00 8.00 0}{8.00 9.00 10.33 12.00 12.00 6}{12.00 0.00 0.00 0.00 16.00 0}{16.00 0.00 0.00 0.00 20.00 0}
COMP 4c-0: 48217a_4824fa_482633_482727 (6 26.14 0 25.00 1 27.00){0.00 0.00 0.00 0.00 10.40 0}{10.40 0.00 0.00 0.00 20.80 0}{20.80 25.00 26.17 27.00 31.20 6}{31.20 0.00 0.00 0.00 41.60 0}{41.60 0.00 0.00 0.00 52.00 0}
COMM 4b-0: 48217a_4824fa_482633_482727 (6 1.71 0 1.00 0 3.00){0.00 0.00 0.00 0.00 0.40 0}{0.40 0.00 0.00 0.00 0.80 0}{0.80 1.00 1.00 1.00 1.60 2}{1.60 2.00 2.00 2.00 2.00 3}{2.00 3.00 3.00 3.00 4.00 1}
10 2 
12 20480 
14 16 
1b 0 
2b 2147483647 

RANKS: 1 -1 0 2 1
EVENT21: 1148 48b0d5_48b359_48b42d_48b4e6
COMP 4b-0: 47a046_47a41b_47a586_47a6a7 (6 9.43 0 9.00 0 10.00){0.00 0.00 0.00 0.00 4.00 0}{4.00 0.00 0.00 0.00 8.00 0}{8.00 9.00 9.33 10.00 12.00 6}{12.00 0.00 0.00 0.00 16.00 0}{16.00 0.00 0.00 0.00 20.00 0}
COMP 4c-0: 47a046_47a41b_47a586_47a6a7 (6 26.00 0 26.00 0 26.00){0.00 0.00 0.00 0.00 10.40 0}{10.40 0.00 0.00 0.00 20.80 0}{20.80 26.00 26.00 26.00 31.20 6}{31.20 0.00 0.00 0.00 41.60 0}{41.60 0.00 0.00 0.00 52.00 0}
COMM 4b-0: 47a046_47a41b_47a586_47a6a7 (6 130.43 1 95.00 0 156.00){0.00 0.00 0.00 0.00 54.80 0}{54.80 95.00 95.50 96.00 109.60 2}{109.60 137.00 146.25 156.00 164.40 4}{164.40 0.00 0.00 0.00 219.20 0}{219.20 0.00 0.00 0.00 274.00 0}
1c 9999 

RANKS: 1 -1 0 4 1
EVENT22: 1004 46a5af_46a90f_46aa52_46ab44
COMP 4b-0: 48217a_4824fa_482633_482727 (4 10050.80 2 9896.00 3 10284.00){0.00 0.00 0.00 0.00 3959.20 0}{3959.20 0.00 0.00 0.00 7918.40 0}{7918.40 9896.00 10089.00 10284.00 11877.60 4}{11877.60 0.00 0.00 0.00 15836.80 0}{15836.80 0.00 0.00 0.00 19796.00 0}
COMP 4b-1: 48b0d5_48b359_48b42d_48b4e6 (4 10121.80 0 9947.00 0 10331.00){0.00 0.00 0.00 0.00 3978.80 0}{3978.80 0.00 0.00 0.00 7957.60 0}{7957.60 9947.00 10165.50 10331.00 11936.40 4}{11936.40 0.00 0.00 0.00 15915.20 0}{15915.20 0.00 0.00 0.00 19894.00 0}
COMP 4c-0: 48217a_4824fa_482633_482727 (4 43014.00 2 41979.00 3 44564.00){0.00 0.00 0.00 0.00 16793.60 0}{16793.60 0.00 0.00 0.00 33587.20 0}{33587.20 41979.00 43271.50 44564.00 50380.80 4}{50380.80 0.00 0.00 0.00 67174.40 0}{67174.40 0.00 0.00 0.00 83968.00 0}
COMP 4c-1: 48b0d5_48b359_48b42d_48b4e6 (4 43065.00 1 42030.00 0 44615.00){0.00 0.00 0.00 0.00 16814.00 0}{16814.00 0.00 0.00 0.00 33628.00 0}{33628.00 42030.00 43322.50 44615.00 50442.00 4}{50442.00 0.00 0.00 0.00 67256.00 0}{67256.00 0.00 0.00 0.00 84070.00 0}
COMM 4b-0: 48217a_4824fa_482633_482727 (4 119.60 2 96.00 3 139.00){0.00 0.00 0.00 0.00 55.60 0}{55.60 96.00 101.50 107.00 111.20 2}{111.20 117.00 128.00 139.00 166.80 2}{166.80 0.00 0.00 0.00 222.40 0}{222.40 0.00 0.00 0.00 278.00 0}
COMM 4b-1: 48b0d5_48b359_48b42d_48b4e6 (4 50.00 0 22.00 1 120.00){0.00 0.00 0.00 0.00 16.80 0}{16.80 22.00 23.00 24.00 33.60 2}{33.60 42.00 42.00 42.00 67.20 1}{67.20 0.00 0.00 0.00 84.00 0}{84.00 120.00 120.00 120.00 156.00 1}
10 2 
12 1 5 
14 16 
18 1 3 

RANKS: 1 -1 0 4 1
EVENT23: 1010 46cf40_46d175_46d219_46d295
COMP 4b-0: 46a5af_46a90f_46aa52_46ab44 (4 14.60 0 14.00 2 16.00){0.00 0.00 0.00 0.00 5.60 0}{5.60 0.00 0.00 0.00 11.20 0}{11.20 14.00 14.75 16.00 16.80 4}{16.80 0.00 0.00 0.00 22.40 0}{22.40 0.00 0.00 0.00 28.00 0}
COMP 4c-0: 46a5af_46a90f_46aa52_46ab44 (4 34.00 0 33.00 3 36.00){0.00 0.00 0.00 0.00 13.20 0}{13.20 0.00 0.00 0.00 26.40 0}{26.40 33.00 34.25 36.00 39.60 4}{39.60 0.00 0.00 0.00 52.80 0}{52.80 0.00 0.00 0.00 66.00 0}
COMM 4b-0: 46a5af_46a90f_46aa52_46ab44 (4 22.60 2 7.00 3 38.00){0.00 7.00 7.50 8.00 12.00 2}{12.00 0.00 0.00 0.00 24.00 0}{24.00 30.00 30.00 30.00 36.00 1}{36.00 38.00 38.00 38.00 48.00 1}{48.00 0.00 0.00 0.00 60.00 0}
10 2 

RANKS: 1 -1 2 1 0
EVENT24: 1102 47d6b9_47da7e_47dbe8_47dd07
COMP 4b-0: 46cf40_46d175_46d219_46d295 (1 548.00 2 548.00 2 548.00){0.00 0.00 0.00 0.00 219.20 0}{219.20 0.00 0.00 0.00 438.40 0}{438.40 548.00 548.00 548.00 657.60 1}{657.60 0.00 0.00 0.00 876.80 0}{876.80 0.00 0.00 0.00 1096.00 0}
COMP 4b-1: 48217a_4824fa_482633_482727 (123 154.06 2 147.00 2 169.00){0.00 0.00 0.00 0.00 62.40 0}{62.40 0.00 0.00 0.00 124.80 0}{124.80 147.00 154.05 169.00 187.20 123}{187.20 0.00 0.00 0.00 249.60 0}{249.60 0.00 0.00 0.00 312.00 0}
COMP 4c-0: 46cf40_46d175_46d219_46d295 (1 3337.00 2 3337.00 2 3337.00){0.00 0.00 0.00 0.00 1334.80 0}{1334.80 0.00 0.00 0.00 2669.60 0}{2669.60 3337.00 3337.00 3337.00 4004.40 1}{4004.40 0.00 0.00 0.00 5339.20 0}{5339.20 0.00 0.00 0.00 6674.00 0}
COMP 4c-1: 48217a_4824fa_482633_482727 (123 742.35 2 719.00 2 762.00){0.00 0.00 0.00 0.00 302.80 0}{302.80 0.00 0.00 0.00 605.60 0}{605.60 719.00 742.24 762.00 908.40 123}{908.40 0.00 0.00 0.00 1211.20 0}{1211.20 0.00 0.00 0.00 1514.00 0}
COMM 4b-0: 46cf40_46d175_46d219_46d295 (1 442.00 2 442.00 2 442.00){0.00 0.00 0.00 0.00 176.80 0}{176.80 0.00 0.00 0.00 353.60 0}{353.60 442.00 442.00 442.00 530.40 1}{530.40 0.00 0.00 0.00 707.20 0}{707.20 0.00 0.00 0.00 884.00 0}
COMM 4b-1: 48217a_4824fa_482633_482727 (123 6.99 2 1.00 2 421.00){0.00 1.00 3.25 6.00 9.20 120}{9.20 10.00 10.00 10.00 18.40 1}{18.40 23.00 23.00 23.00 36.80 1}{36.80 0.00 0.00 0.00 46.00 0}{46.00 421.00 421.00 421.00 796.00 1}
LOOP0: iter: ( 124 )[ 1 -1 2 1 0 ] mem: ( 2 )[ 1 -1 2 1 0 ]
10 2 
12 155 
14 16 
1b 0 
2b 2 2 2 2 2 2 2 2 2 2 2 2 2 2 2 2 2 2 2 2 2 2 2 2 2 2 2 2 2 2 2 2 2 2 2 2 2 2 2 2 2 2 2 2 2 2 2 2 2 2 2 2 2 2 2 2 2 2 2 2 2 2 1 1 1 1 1 1 1 1 1 1 1 1 1 1 1 1 1 1 1 1 1 1 1 1 1 1 1 1 1 1 1 1 1 1 1 1 1 1 1 1 1 1 1 1 1 1 1 1 1 1 1 1 1 1 1 1 1 1 1 1 1 1 

RANKS: 1 -1 0 2 2
EVENT25: 1113 48217a_4824fa_482633_482727
COMP 4b-0: 46cf40_46d175_46d219_46d295 (1 944.00 0 944.00 0 944.00){0.00 0.00 0.00 0.00 377.60 0}{377.60 0.00 0.00 0.00 755.20 0}{755.20 944.00 944.00 944.00 1132.80 1}{1132.80 0.00 0.00 0.00 1510.40 0}{1510.40 0.00 0.00 0.00 1888.00 0}
COMP 4b-1: 47d6b9_47da7e_47dbe8_47dd07 (124 196.05 2 187.00 2 334.00){0.00 0.00 0.00 0.00 80.40 0}{80.40 0.00 0.00 0.00 160.80 0}{160.80 187.00 193.80 210.00 241.20 122}{241.20 0.00 0.00 0.00 321.60 0}{321.60 327.00 330.50 334.00 402.00 2}
COMP 4b-2: 48217a_4824fa_482633_482727 (30627 175.92 0 8.00 0 513.00){0.00 0.00 0.00 0.00 3.20 0}{3.20 0.00 0.00 0.00 6.40 0}{6.40 8.00 9.79 12.00 12.80 15381}{12.80 13.00 14.00 16.00 16.00 10}{16.00 17.00 343.74 513.00 670.00 15236}
COMP 4b-3: 48b0d5_48b359_48b42d_48b4e6 (248 10710.50 0 10675.00 0 10912.00){0.00 0.00 0.00 0.00 4277.60 0}{4277.60 0.00 0.00 0.00 8555.20 0}{8555.20 10675.00 10710.56 10912.00 12832.80 248}{12832.80 0.00 0.00 0.00 17110.40 0}{17110.40 0.00 0.00 0.00 21388.00 0}
COMP 4c-0: 46cf40_46d175_46d219_46d295 (1 3991.00 0 3991.00 0 3991.00){0.00 0.00 0.00 0.00 1596.40 0}{1596.40 0.00 0.00 0.00 3192.80 0}{3192.80 3991.00 3991.00 3991.00 4789.20 1}{4789.20 0.00 0.00 0.00 6385.60 0}{6385.60 0.00 0.00 0.00 7982.00 0}
COMP 4c-1: 47d6b9_47da7e_47dbe8_47dd07 (124 671.50 2 666.00 2 677.00){0.00 0.00 0.00 0.00 270.40 0}{270.40 0.00 0.00 0.00 540.80 0}{540.80 666.00 671.47 677.00 811.20 124}{811.20 0.00 0.00 0.00 1081.60 0}{1081.60 0.00 0.00 0.00 1352.00 0}
COMP 4c-2: 48217a_4824fa_482633_482727 (30627 713.82 0 25.00 0 1411.00){0.00 0.00 0.00 0.00 10.40 0}{10.40 0.00 0.00 0.00 20.80 0}{20.80 25.00 28.90 29.00 41.60 15438}{41.60 0.00 0.00 0.00 52.00 0}{52.00 1409.00 1410.01 1411.00 2766.00 15189}
COMP 4c-3: 48b0d5_48b359_48b42d_48b4e6 (248 46012.59 0 45996.00 0 46018.00){0.00 0.00 0.00 0.00 18398.40 0}{18398.40 0.00 0.00 0.00 36796.80 0}{36796.80 45996.00 46012.66 46018.00 55195.20 248}{55195.20 0.00 0.00 0.00 73593.60 0}{73593.60 0.00 0.00 0.00 91992.00 0}
COMM 4b-0: 46cf40_46d175_46d219_46d295 (1 6.00 0 6.00 0 6.00){0.00 0.00 0.00 0.00 2.40 0}{2.40 0.00 0.00 0.00 4.80 0}{4.80 6.00 6.00 6.00 7.20 1}{7.20 0.00 0.00 0.00 9.60 0}{9.60 0.00 0.00 0.00 12.00 0}
COMM 4b-1: 47d6b9_47da7e_47dbe8_47dd07 (124 2.79 2 2.00 2 16.00){0.00 2.00 2.00 2.00 2.00 52}{2.00 3.00 3.00 3.00 4.00 69}{4.00 5.00 5.00 5.00 10.00 1}{10.00 12.00 12.00 12.00 14.00 1}{14.00 16.00 16.00 16.00 18.00 1}
COMM 4b-2: 48217a_4824fa_482633_482727 (30627 2.24 0 1.00 0 62.00){0.00 1.00 1.00 1.00 1.60 4972}{1.60 2.00 2.00 2.23 2.40 19891}{2.40 3.00 3.00 4.00 4.00 5241}{4.00 5.00 15.19 23.00 28.00 520}{28.00 29.00 45.33 62.00 62.00 3}
COMM 4b-3: 48b0d5_48b359_48b42d_48b4e6 (248 8.96 0 8.00 0 19.00){0.00 0.00 0.00 0.00 3.60 0}{3.60 0.00 0.00 0.00 7.20 0}{7.20 8.00 8.92 10.00 14.40 247}{14.40 0.00 0.00 0.00 18.00 0}{18.00 19.00 19.00 19.00 20.00 1}
LOOP0: iter: ( 249 )[ 1 -1 0 1 0 ] mem: ( 5 )[ 1 -1 0 1 0 ]
LOOP1: iter: ( 124 )[ 1 -1 0 1 0 ] mem: ( 1 )[ 1 -1 0 1 0 ]
10 2 
12 155 
14 16 
1a ( 1 2 )[ 1 -1 0 1 0 ]
1a ( 1 1 1 1 1 1 1 1 1 1 1 1 1 1 1 1 1 1 1 1 1 1 1 1 1 1 1 1 1 1 1 1 1 1 1 1 1 1 1 1 1 1 1 1 1 1 1 1 1 1 1 1 1 1 1 1 1 1 1 1 1 1 2 2 2 2 2 2 2 2 2 2 2 2 2 2 2 2 2 2 2 2 2 2 2 2 2 2 2 2 2 2 2 2 2 2 2 2 2 2 2 2 2 2 2 2 2 2 2 2 2 2 2 2 2 2 2 2 2 2 2 2 2 2 )[ 1 -1 2 1 0 ]
1b 0 

RANKS: 2 -1 0 2 1 -1 3 1 0
EVENT26: 1102 47d6b9_47da7e_47dbe8_47dd07
COMP 4b-0: 46cf40_46d175_46d219_46d295 (2 549.67 1 545.00 3 559.00){0.00 0.00 0.00 0.00 218.00 0}{218.00 0.00 0.00 0.00 436.00 0}{436.00 545.00 552.00 559.00 654.00 2}{654.00 0.00 0.00 0.00 872.00 0}{872.00 0.00 0.00 0.00 1090.00 0}
COMP 4b-1: 47d6b9_47da7e_47dbe8_47dd07 (61254 170.92 0 9.00 0 497.00){0.00 0.00 0.00 0.00 4.00 0}{4.00 0.00 0.00 0.00 8.00 0}{8.00 9.00 10.32 15.00 16.00 30796}{16.00 17.00 18.10 20.00 20.00 62}{20.00 22.00 333.95 497.00 648.00 30396}
COMP 4b-2: 48217a_4824fa_482633_482727 (31124 235.40 1 147.00 3 10612.00){0.00 0.00 0.00 0.00 118.40 0}{118.40 147.00 153.18 159.00 177.60 30838}{177.60 193.00 208.78 212.14 236.80 9}{236.80 241.00 283.76 305.00 314.00 29}{314.00 10430.00 10454.10 10612.00 20910.00 248}
COMP 4b-3: 48b0d5_48b359_48b42d_48b4e6 (248 10489.69 1 10460.00 1 10858.00){0.00 0.00 0.00 0.00 4188.80 0}{4188.80 0.00 0.00 0.00 8377.60 0}{8377.60 10460.00 10489.76 10858.00 12566.40 248}{12566.40 0.00 0.00 0.00 16755.20 0}{16755.20 0.00 0.00 0.00 20944.00 0}
COMP 4c-0: 46cf40_46d175_46d219_46d295 (2 3337.00 1 3337.00 1 3337.00){0.00 0.00 0.00 0.00 1334.80 0}{1334.80 0.00 0.00 0.00 2669.60 0}{2669.60 3337.00 3337.00 3337.00 4004.40 2}{4004.40 0.00 0.00 0.00 5339.20 0}{5339.20 0.00 0.00 0.00 6674.00 0}
COMP 4c-1: 47d6b9_47da7e_47dbe8_47dd07 (61254 702.00 3 25.00 3 1411.00){0.00 0.00 0.00 0.00 10.40 0}{10.40 0.00 0.00 0.00 20.80 0}{20.80 25.00 28.98 30.00 41.60 30876}{41.60 0.00 0.00 0.00 52.00 0}{52.00 1360.00 1386.09 1411.00 2670.00 30378}
COMP 4c-2: 48217a_4824fa_482633_482727 (31124 1097.21 0 721.00 3 45313.00){0.00 0.00 0.00 0.00 288.40 0}{288.40 0.00 0.00 0.00 576.80 0}{576.80 721.00 742.08 762.00 1153.60 30876}{1153.60 0.00 0.00 0.00 1442.00 0}{1442.00 45295.00 45311.85 45313.00 89184.00 248}
COMP 4c-3: 48b0d5_48b359_48b42d_48b4e6 (248 45357.82 1 45342.00 1 45359.00){0.00 0.00 0.00 0.00 18136.80 0}{18136.80 0.00 0.00 0.00 36273.60 0}{36273.60 45342.00 45357.88 45359.00 54410.40 248}{54410.40 0.00 0.00 0.00 72547.20 0}{72547.20 0.00 0.00 0.00 90684.00 0}
COMM 4b-0: 46cf40_46d175_46d219_46d295 (2 494.00 1 408.00 3 666.00){0.00 0.00 0.00 0.00 163.20 0}{163.20 0.00 0.00 0.00 326.40 0}{326.40 408.00 408.00 408.00 489.60 1}{489.60 0.00 0.00 0.00 652.80 0}{652.80 666.00 666.00 666.00 816.00 1}
COMM 4b-1: 47d6b9_47da7e_47dbe8_47dd07 (61254 8.12 0 1.00 3 290.00){0.00 1.00 7.59 22.00 22.00 60403}{22.00 22.33 26.43 36.00 36.00 418}{36.00 37.00 61.91 165.00 166.00 426}{166.00 167.00 168.00 169.00 170.00 3}{170.00 171.00 232.25 290.00 318.00 4}
COMM 4b-2: 48217a_4824fa_482633_482727 (31124 30.43 1 1.00 0 2120.00){0.00 1.00 16.82 507.65 597.60 30872}{597.60 0.00 0.00 0.00 1195.20 0}{1195.20 1207.00 1665.91 1774.00 1792.80 222}{1792.80 1794.00 1878.33 2120.00 2390.40 30}{2390.40 0.00 0.00 0.00 2988.00 0}
COMM 4b-3: 48b0d5_48b359_48b42d_48b4e6 (248 314.50 1 15.00 1 563.00){0.00 15.00 22.00 43.00 126.40 4}{126.40 144.00 186.53 241.00 252.80 19}{252.80 266.00 309.77 379.00 379.20 196}{379.20 399.00 445.65 499.00 505.60 20}{505.60 509.00 526.22 563.00 632.00 9}
LOOP0: iter: ( 124 )[ 1 -1 0 1 0 ]( 249 )[ 1 -1 1 2 2 ] mem: ( 1 )[ 1 -1 0 1 0 ]( 7 )[ 1 -1 1 1 0 ]( 5 )[ 1 -1 3 1 0 ]
LOOP1: iter: ( 124 )[ 1 -1 1 2 2 ] mem: ( 2 )[ 1 -1 1 1 0 ]( 1 )[ 1 -1 3 1 0 ]
10 2 
12 155 
14 16 
1b 0 
2b ( 1 2 )[ 1 -1 0 1 0 ]
2b ( 3 3 3 3 3 3 3 3 3 3 3 3 3 3 3 3 3 3 3 3 3 3 3 3 3 3 3 3 3 3 3 3 3 3 3 3 3 3 3 3 3 3 3 3 3 3 3 3 3 3 3 3 3 3 3 3 3 3 3 3 3 3 2 2 2 2 2 2 2 2 2 2 2 2 2 2 2 2 2 2 2 2 2 2 2 2 2 2 2 2 2 2 2 2 2 2 2 2 2 2 2 2 2 2 2 2 2 2 2 2 2 2 2 2 2 2 2 2 2 2 2 2 2 2 )[ 1 -1 1 1 0 ]
2b ( 3 2 )[ 1 -1 3 1 0 ]

RANKS: 1 -1 0 4 1
EVENT27: 1113 48217a_4824fa_482633_482727
COMP 4b-0: 47d6b9_47da7e_47dbe8_47dd07 (31374 204.89 1 187.00 0 1319.00){0.00 187.00 193.94 359.00 500.40 30876}{500.40 511.00 513.61 592.00 1000.80 249}{1000.80 1238.00 1249.08 1319.00 1501.20 249}{1501.20 0.00 0.00 0.00 2001.60 0}{2001.60 0.00 0.00 0.00 2502.00 0}
COMP 4b-1: 48217a_4824fa_482633_482727 (30628 165.17 3 7.00 2 1052.00){0.00 0.00 0.00 0.00 6.40 0}{6.40 7.00 9.79 12.00 12.80 15388}{12.80 13.00 13.67 15.00 16.00 9}{16.00 17.00 322.21 501.00 628.00 15230}{628.00 1052.00 1052.00 1052.00 1476.00 1}
COMP 4b-2: 48b0d5_48b359_48b42d_48b4e6 (249 5043.54 0 5028.00 0 5190.00){0.00 0.00 0.00 0.00 2022.00 0}{2022.00 0.00 0.00 0.00 4044.00 0}{4044.00 5028.00 5043.50 5190.00 6066.00 249}{6066.00 0.00 0.00 0.00 8088.00 0}{8088.00 0.00 0.00 0.00 10110.00 0}
COMP 4c-0: 47d6b9_47da7e_47dbe8_47dd07 (31374 727.97 1 666.00 0 6458.00){0.00 666.00 681.95 2012.00 2583.20 31125}{2583.20 0.00 0.00 0.00 5166.40 0}{5166.40 6457.00 6457.94 6458.00 7749.60 249}{7749.60 0.00 0.00 0.00 10332.80 0}{10332.80 0.00 0.00 0.00 12916.00 0}
COMP 4c-1: 48217a_4824fa_482633_482727 (30628 690.01 3 26.00 2 5819.00){0.00 0.00 0.00 0.00 10.80 0}{10.80 0.00 0.00 0.00 21.60 0}{21.60 26.00 28.79 30.00 54.00 15438}{54.00 1360.00 1361.78 1362.00 2666.00 15189}{2666.00 5819.00 5819.00 5819.00 8972.00 1}
COMP 4c-2: 48b0d5_48b359_48b42d_48b4e6 (249 21496.63 0 21496.00 0 21497.00){0.00 0.00 0.00 0.00 8598.80 0}{8598.80 0.00 0.00 0.00 17197.60 0}{17197.60 21496.00 21496.63 21497.00 25796.40 249}{25796.40 0.00 0.00 0.00 34395.20 0}{34395.20 0.00 0.00 0.00 42994.00 0}
COMM 4b-0: 47d6b9_47da7e_47dbe8_47dd07 (31374 3.53 1 2.00 0 128.00){0.00 2.00 2.68 25.00 43.60 31125}{43.60 0.00 0.00 0.00 87.20 0}{87.20 108.00 109.41 128.00 130.80 249}{130.80 0.00 0.00 0.00 174.40 0}{174.40 0.00 0.00 0.00 218.00 0}
COMM 4b-1: 48217a_4824fa_482633_482727 (30628 2.29 3 1.00 2 111.00){0.00 0.00 0.00 0.00 0.80 0}{0.80 1.00 1.84 2.00 2.40 23204}{2.40 3.00 3.00 4.00 4.00 6902}{4.00 5.00 12.37 18.00 24.00 521}{24.00 111.00 111.00 111.00 198.00 1}
COMM 4b-2: 48b0d5_48b359_48b42d_48b4e6 (249 109.51 0 105.00 0 245.00){0.00 0.00 0.00 0.00 86.40 0}{86.40 105.00 106.59 112.00 129.60 240}{129.60 138.00 142.33 146.00 172.80 3}{172.80 196.00 203.00 214.00 216.00 5}{216.00 245.00 245.00 245.00 274.00 1}
LOOP0: iter: ( 2 )[ 1 -1 0 1 0 ]( 124 )[ 1 -1 3 1 0 ] mem: ( 3 )[ 1 -1 0 1 0 ]( 1 )[ 1 -1 3 1 0 ]
10 2 
12 ( 20480 )[ 1 -1 0 2 2 ]
12 ( 155 )[ 1 -1 1 2 2 ]
14 16 
1a ( 1 2 )[ 1 -1 0 1 0 ]
1a ( 2 2 2 2 2 2 2 2 2 2 2 2 2 2 2 2 2 2 2 2 2 2 2 2 2 2 2 2 2 2 2 2 2 2 2 2 2 2 2 2 2 2 2 2 2 2 2 2 2 2 2 2 2 2 2 2 2 2 2 2 2 2 3 3 3 3 3 3 3 3 3 3 3 3 3 3 3 3 3 3 3 3 3 3 3 3 3 3 3 3 3 3 3 3 3 3 3 3 3 3 3 3 3 3 3 3 3 3 3 3 3 3 3 3 3 3 3 3 3 3 3 3 3 3 )[ 1 -1 1 1 0 ]
1a ( 3 2 )[ 1 -1 3 1 0 ]
1a ( 1 )[ 1 -1 2 1 0 ]
1b 0 

RANKS: 1 -1 0 4 1
EVENT28: 1090 47a046_47a41b_47a586_47a6a7
COMP 4b-0: 48217a_4824fa_482633_482727 (1493 1172.57 0 9.00 3 5163.00){0.00 0.00 0.00 0.00 8.00 0}{8.00 9.00 12.72 20.00 20.00 742}{20.00 22.00 22.00 22.00 24.00 2}{24.00 35.00 1009.90 1152.00 1978.00 500}{1978.00 4955.00 4969.40 5163.00 8348.00 249}
COMP 4b-1: 48b0d5_48b359_48b42d_48b4e6 (248 5023.26 2 5005.00 2 5200.00){0.00 0.00 0.00 0.00 2006.80 0}{2006.80 0.00 0.00 0.00 4013.60 0}{4013.60 5005.00 5023.28 5200.00 6020.40 248}{6020.40 0.00 0.00 0.00 8027.20 0}{8027.20 0.00 0.00 0.00 10034.00 0}
COMP 4c-0: 48217a_4824fa_482633_482727 (1493 5493.34 0 25.00 3 21381.00){0.00 0.00 0.00 0.00 10.40 0}{10.40 0.00 0.00 0.00 20.80 0}{20.80 25.00 30.72 41.00 52.00 746}{52.00 5743.00 5744.00 5745.00 11434.00 498}{11434.00 21379.00 21379.90 21381.00 31328.00 249}
COMP 4c-1: 48b0d5_48b359_48b42d_48b4e6 (248 21424.10 2 21424.00 2 21425.00){0.00 0.00 0.00 0.00 8569.60 0}{8569.60 0.00 0.00 0.00 17139.20 0}{17139.20 21424.00 21424.10 21425.00 25708.80 248}{25708.80 0.00 0.00 0.00 34278.40 0}{34278.40 0.00 0.00 0.00 42848.00 0}
COMM 4b-0: 48217a_4824fa_482633_482727 (1493 2.22 0 1.00 3 13.00){0.00 1.00 1.00 1.00 1.60 136}{1.60 2.00 2.00 2.00 2.40 899}{2.40 3.00 3.00 3.00 3.20 454}{3.20 4.00 4.00 4.00 4.00 3}{4.00 13.00 13.00 13.00 22.00 1}
COMM 4b-1: 48b0d5_48b359_48b42d_48b4e6 (248 2.50 2 2.00 2 3.00){0.00 0.00 0.00 0.00 1.20 0}{1.20 2.00 2.00 2.00 2.40 124}{2.40 3.00 3.00 3.00 3.60 124}{3.60 0.00 0.00 0.00 4.80 0}{4.80 0.00 0.00 0.00 6.00 0}
LOOP0: iter: ( 2 )[ 1 -1 3 1 0 ]( 248 )[ 1 -1 2 1 0 ] mem: ( 3 )[ 1 -1 3 1 0 ]( 5 )[ 1 -1 2 1 0 ]
LOOP1: iter: ( 2 )[ 1 -1 2 1 0 ] mem: ( 2 )[ 1 -1 2 1 0 ]
10 2 
12 20480 
14 16 
1b 0 
2b 2147483647 

RANKS: 1 -1 0 4 1
EVENT29: 1148 48b0d5_48b359_48b42d_48b4e6
COMP 4b-0: 47a046_47a41b_47a586_47a6a7 (1741 9.38 0 8.00 0 32.00){0.00 0.00 0.00 0.00 3.60 0}{3.60 0.00 0.00 0.00 7.20 0}{7.20 8.00 9.35 13.00 14.40 1737}{14.40 15.00 15.00 15.00 18.00 1}{18.00 19.00 25.33 32.00 46.00 3}
COMP 4c-0: 47a046_47a41b_47a586_47a6a7 (1741 25.68 0 25.00 0 26.00){0.00 0.00 0.00 0.00 10.40 0}{10.40 0.00 0.00 0.00 20.80 0}{20.80 25.00 25.68 26.00 31.20 1741}{31.20 0.00 0.00 0.00 41.60 0}{41.60 0.00 0.00 0.00 52.00 0}
COMM 4b-0: 47a046_47a41b_47a586_47a6a7 (1741 345.30 2 96.00 3 1914.00){0.00 0.00 0.00 0.00 51.20 0}{51.20 96.00 141.82 342.50 350.00 1238}{350.00 361.00 617.94 689.00 736.00 189}{736.00 970.72 981.14 1520.20 1630.00 313}{1630.00 1914.00 1914.00 1914.00 2198.00 1}
1c 9999 

RANKS: 1 -1 2 1 0
EVENT30: 1113 48217a_4824fa_482633_482727
COMP 4b-0: 47d6b9_47da7e_47dbe8_47dd07 (30504 197.32 2 190.00 2 366.00){0.00 0.00 0.00 0.00 84.80 0}{84.80 0.00 0.00 0.00 169.60 0}{169.60 190.00 197.15 253.00 254.40 30462}{254.40 264.00 320.15 338.00 339.20 33}{339.20 340.00 346.89 366.00 424.00 9}
COMP 4b-1: 48b0d5_48b359_48b42d_48b4e6 (248 88.96 2 87.00 2 102.00){0.00 0.00 0.00 0.00 35.20 0}{35.20 0.00 0.00 0.00 70.40 0}{70.40 87.00 88.96 102.00 105.60 248}{105.60 0.00 0.00 0.00 140.80 0}{140.80 0.00 0.00 0.00 176.00 0}
COMP 4c-0: 47d6b9_47da7e_47dbe8_47dd07 (30504 675.97 2 670.00 2 681.00){0.00 0.00 0.00 0.00 270.80 0}{270.80 0.00 0.00 0.00 541.60 0}{541.60 670.00 675.97 681.00 812.40 30504}{812.40 0.00 0.00 0.00 1083.20 0}{1083.20 0.00 0.00 0.00 1354.00 0}
COMP 4c-1: 48b0d5_48b359_48b42d_48b4e6 (248 169.39 2 169.00 2 170.00){0.00 0.00 0.00 0.00 67.60 0}{67.60 0.00 0.00 0.00 135.20 0}{135.20 169.00 169.39 170.00 202.80 248}{202.80 0.00 0.00 0.00 270.40 0}{270.40 0.00 0.00 0.00 338.00 0}
COMM 4b-0: 47d6b9_47da7e_47dbe8_47dd07 (30504 2.76 2 2.00 2 114.00){0.00 2.00 2.57 3.02 3.20 29713}{3.20 4.00 7.04 9.00 9.60 332}{9.60 10.00 11.31 14.00 16.00 455}{16.00 17.00 19.67 24.00 32.00 3}{32.00 114.00 114.00 114.00 196.00 1}
COMM 4b-1: 48b0d5_48b359_48b42d_48b4e6 (248 101.69 2 101.00 2 113.00){0.00 0.00 0.00 0.00 40.80 0}{40.80 0.00 0.00 0.00 81.60 0}{81.60 101.00 101.69 113.00 122.40 248}{122.40 0.00 0.00 0.00 163.20 0}{163.20 0.00 0.00 0.00 204.00 0}
LOOP0: iter: ( 124 )[ 1 -1 2 1 0 ] mem: ( 2 )[ 1 -1 2 1 0 ]
10 2 
12 20480 155 155 155 155 155 155 155 155 155 155 155 155 155 155 155 155 155 155 155 155 155 155 155 155 155 155 155 155 155 155 155 155 155 155 155 155 155 155 155 155 155 155 155 155 155 155 155 155 155 155 155 155 155 155 155 155 155 155 155 155 155 155 155 155 155 155 155 155 155 155 155 155 155 155 155 155 155 155 155 155 155 155 155 155 155 155 155 155 155 155 155 155 155 155 155 155 155 155 155 155 155 155 155 155 155 155 155 155 155 155 155 155 155 155 155 155 155 155 155 155 155 155 155 
14 16 
1a 2 1 1 1 1 1 1 1 1 1 1 1 1 1 1 1 1 1 1 1 1 1 1 1 1 1 1 1 1 1 1 1 1 1 1 1 1 1 1 1 1 1 1 1 1 1 1 1 1 1 1 1 1 1 1 1 1 1 1 1 1 1 1 2 2 2 2 2 2 2 2 2 2 2 2 2 2 2 2 2 2 2 2 2 2 2 2 2 2 2 2 2 2 2 2 2 2 2 2 2 2 2 2 2 2 2 2 2 2 2 2 2 2 2 2 2 2 2 2 2 2 2 2 2 
1b 0 

RANKS: 1 -1 2 1 0
EVENT31: 1102 47d6b9_47da7e_47dbe8_47dd07
COMP 4b-0: 48217a_4824fa_482633_482727 (30752 234.67 2 144.00 2 10786.00){0.00 144.00 151.35 430.00 4174.80 30504}{4174.80 0.00 0.00 0.00 8349.60 0}{8349.60 10411.00 10442.53 10786.00 12524.40 248}{12524.40 0.00 0.00 0.00 16699.20 0}{16699.20 0.00 0.00 0.00 20874.00 0}
COMP 4c-0: 48217a_4824fa_482633_482727 (30752 1098.54 2 718.00 2 45291.00){0.00 718.00 737.80 758.00 18116.00 30504}{18116.00 0.00 0.00 0.00 36232.00 0}{36232.00 45290.00 45290.80 45291.00 54348.00 248}{54348.00 0.00 0.00 0.00 72464.00 0}{72464.00 0.00 0.00 0.00 90580.00 0}
COMM 4b-0: 48217a_4824fa_482633_482727 (30752 10.81 2 1.00 2 726.00){0.00 1.00 3.27 127.00 133.20 30257}{133.20 168.00 321.93 399.00 399.60 15}{399.60 429.00 464.11 529.00 532.80 444}{532.80 537.00 573.90 636.00 666.00 21}{666.00 667.00 694.87 726.00 734.00 15}
10 2 
12 155 
14 16 
1b 0 
2b 2 2 2 2 2 2 2 2 2 2 2 2 2 2 2 2 2 2 2 2 2 2 2 2 2 2 2 2 2 2 2 2 2 2 2 2 2 2 2 2 2 2 2 2 2 2 2 2 2 2 2 2 2 2 2 2 2 2 2 2 2 2 1 1 1 1 1 1 1 1 1 1 1 1 1 1 1 1 1 1 1 1 1 1 1 1 1 1 1 1 1 1 1 1 1 1 1 1 1 1 1 1 1 1 1 1 1 1 1 1 1 1 1 1 1 1 1 1 1 1 1 1 1 1 

RANKS: 1 -1 0 4 1
EVENT32: 1113 48217a_4824fa_482633_482727
COMP 4b-0: 47d6b9_47da7e_47dbe8_47dd07 (248 191.77 2 190.00 2 205.00){0.00 0.00 0.00 0.00 76.00 0}{76.00 0.00 0.00 0.00 152.00 0}{152.00 190.00 191.78 205.00 228.00 248}{228.00 0.00 0.00 0.00 304.00 0}{304.00 0.00 0.00 0.00 380.00 0}
COMP 4b-1: 48217a_4824fa_482633_482727 (620 2460.73 0 8.00 1 5282.00){0.00 0.00 0.00 0.00 3.20 0}{3.20 0.00 0.00 0.00 6.40 0}{6.40 8.00 9.89 11.00 16.00 62}{16.00 343.00 344.89 364.00 670.00 61}{670.00 1032.00 3031.10 5282.00 9316.00 497}
COMP 4b-2: 48b0d5_48b359_48b42d_48b4e6 (748 124.46 3 85.00 0 10896.00){0.00 85.00 95.62 117.00 4358.40 747}{4358.40 0.00 0.00 0.00 8716.80 0}{8716.80 10896.00 10896.00 10896.00 13075.20 1}{13075.20 0.00 0.00 0.00 17433.60 0}{17433.60 0.00 0.00 0.00 21792.00 0}
COMP 4c-0: 47d6b9_47da7e_47dbe8_47dd07 (248 671.00 2 671.00 2 671.00){0.00 0.00 0.00 0.00 268.40 0}{268.40 0.00 0.00 0.00 536.80 0}{536.80 671.00 671.00 671.00 805.20 248}{805.20 0.00 0.00 0.00 1073.60 0}{1073.60 0.00 0.00 0.00 1342.00 0}
COMP 4c-1: 48217a_4824fa_482633_482727 (620 11065.28 0 25.00 1 21453.00){0.00 0.00 0.00 0.00 10.00 0}{10.00 0.00 0.00 0.00 20.00 0}{20.00 25.00 28.94 29.00 50.00 62}{50.00 1409.00 1410.66 1411.00 2768.00 61}{2768.00 5815.00 13649.24 21453.00 40136.00 497}
COMP 4c-2: 48b0d5_48b359_48b42d_48b4e6 (748 288.60 1 166.00 0 46018.00){0.00 166.00 166.16 167.00 18407.20 747}{18407.20 0.00 0.00 0.00 36814.40 0}{36814.40 46018.00 46018.00 46018.00 55221.60 1}{55221.60 0.00 0.00 0.00 73628.80 0}{73628.80 0.00 0.00 0.00 92036.00 0}
COMM 4b-0: 47d6b9_47da7e_47dbe8_47dd07 (248 2.60 2 2.00 2 3.00){0.00 0.00 0.00 0.00 1.20 0}{1.20 2.00 2.00 2.00 2.40 100}{2.40 3.00 3.00 3.00 3.60 148}{3.60 0.00 0.00 0.00 4.80 0}{4.80 0.00 0.00 0.00 6.00 0}
COMM 4b-1: 48217a_4824fa_482633_482727 (620 89.99 0 1.00 1 246.00){0.00 1.00 2.06 3.00 4.00 121}{4.00 10.00 15.00 20.00 36.00 2}{36.00 109.00 111.42 176.00 182.00 495}{182.00 205.00 205.00 205.00 228.00 1}{228.00 246.00 246.00 246.00 264.00 1}
COMM 4b-2: 48b0d5_48b359_48b42d_48b4e6 (748 150.29 0 10.00 3 281.00){0.00 0.00 0.00 0.00 8.00 0}{8.00 10.00 10.00 10.00 20.00 1}{20.00 101.00 105.84 138.00 182.00 500}{182.00 221.00 241.25 241.34 260.00 246}{260.00 281.00 281.00 281.00 302.00 1}
LOOP0: iter: ( 124 )[ 1 -1 0 1 0 ]( 2 )[ 1 -1 1 2 1 ] mem: ( 1 )[ 1 -1 0 3 1 ]
10 2 
12 ( 155 )[ 1 -1 0 1 0 ]
12 ( 20480 )[ 1 -1 1 2 2 ]
12 ( 155 20480 )[ 1 -1 2 1 0 ]
14 16 
1a ( 1 2 )[ 1 -1 0 1 0 ]
1a ( 3 2 )[ 1 -1 1 2 2 ]
1a ( 2 1 )[ 1 -1 2 1 0 ]
1b 0 

RANKS: 1 -1 1 2 1
EVENT33: 1090 47a046_47a41b_47a586_47a6a7
COMP 4b-0: 48217a_4824fa_482633_482727 (250 11.25 1 10.00 2 19.00){0.00 0.00 0.00 0.00 4.40 0}{4.40 0.00 0.00 0.00 8.80 0}{8.80 10.00 11.22 12.00 13.20 249}{13.20 0.00 0.00 0.00 17.60 0}{17.60 19.00 19.00 19.00 22.00 1}
COMP 4b-1: 48b0d5_48b359_48b42d_48b4e6 (1 5026.00 2 5026.00 2 5026.00){0.00 0.00 0.00 0.00 2010.40 0}{2010.40 0.00 0.00 0.00 4020.80 0}{4020.80 5026.00 5026.00 5026.00 6031.20 1}{6031.20 0.00 0.00 0.00 8041.60 0}{8041.60 0.00 0.00 0.00 10052.00 0}
COMP 4c-0: 48217a_4824fa_482633_482727 (250 27.08 1 27.00 2 41.00){0.00 0.00 0.00 0.00 10.80 0}{10.80 0.00 0.00 0.00 21.60 0}{21.60 27.00 27.02 28.00 32.40 249}{32.40 41.00 41.00 41.00 43.20 1}{43.20 0.00 0.00 0.00 54.00 0}
COMP 4c-1: 48b0d5_48b359_48b42d_48b4e6 (1 21424.00 2 21424.00 2 21424.00){0.00 0.00 0.00 0.00 8569.60 0}{8569.60 0.00 0.00 0.00 17139.20 0}{17139.20 21424.00 21424.00 21424.00 25708.80 1}{25708.80 0.00 0.00 0.00 34278.40 0}{34278.40 0.00 0.00 0.00 42848.00 0}
COMM 4b-0: 48217a_4824fa_482633_482727 (250 1.94 1 1.00 1 3.00){0.00 0.00 0.00 0.00 0.80 0}{0.80 1.00 1.00 1.00 1.60 23}{1.60 2.00 2.00 2.00 2.40 219}{2.40 3.00 3.00 3.00 3.20 8}{3.20 0.00 0.00 0.00 4.00 0}
COMM 4b-1: 48b0d5_48b359_48b42d_48b4e6 (1 3.00 2 3.00 2 3.00){0.00 0.00 0.00 0.00 1.20 0}{1.20 0.00 0.00 0.00 2.40 0}{2.40 3.00 3.00 3.00 3.60 1}{3.60 0.00 0.00 0.00 4.80 0}{4.80 0.00 0.00 0.00 6.00 0}
LOOP0: iter: ( 2 )[ 1 -1 2 1 0 ] mem: ( 2 )[ 1 -1 2 1 0 ]
10 2 
12 20480 
14 16 
1b 0 
2b 2147483647 

RANKS: 1 -1 1 2 1
EVENT34: 1148 48b0d5_48b359_48b42d_48b4e6
COMP 4b-0: 47a046_47a41b_47a586_47a6a7 (251 8.80 1 8.00 1 11.00){0.00 0.00 0.00 0.00 3.60 0}{3.60 0.00 0.00 0.00 7.20 0}{7.20 8.00 8.79 10.00 10.80 250}{10.80 11.00 11.00 11.00 14.40 1}{14.40 0.00 0.00 0.00 18.00 0}
COMP 4c-0: 47a046_47a41b_47a586_47a6a7 (251 25.63 1 25.00 1 27.00){0.00 0.00 0.00 0.00 10.40 0}{10.40 0.00 0.00 0.00 20.80 0}{20.80 25.00 25.63 27.00 31.20 251}{31.20 0.00 0.00 0.00 41.60 0}{41.60 0.00 0.00 0.00 52.00 0}
COMM 4b-0: 47a046_47a41b_47a586_47a6a7 (251 96.59 1 95.00 2 128.00){0.00 0.00 0.00 0.00 38.80 0}{38.80 0.00 0.00 0.00 77.60 0}{77.60 95.00 96.46 106.00 116.40 250}{116.40 128.00 128.00 128.00 155.20 1}{155.20 0.00 0.00 0.00 194.00 0}
1c 9999 

RANKS: 1 -1 2 1 0
EVENT35: 1113 48217a_4824fa_482633_482727
COMP 4b-0: 47d6b9_47da7e_47dbe8_47dd07 (123 197.15 2 190.00 2 211.00){0.00 0.00 0.00 0.00 81.20 0}{81.20 0.00 0.00 0.00 162.40 0}{162.40 190.00 197.11 211.00 243.60 123}{243.60 0.00 0.00 0.00 324.80 0}{324.80 0.00 0.00 0.00 406.00 0}
COMP 4b-1: 48b0d5_48b359_48b42d_48b4e6 (1 89.00 2 89.00 2 89.00){0.00 0.00 0.00 0.00 35.60 0}{35.60 0.00 0.00 0.00 71.20 0}{71.20 89.00 89.00 89.00 106.80 1}{106.80 0.00 0.00 0.00 142.40 0}{142.40 0.00 0.00 0.00 178.00 0}
COMP 4c-0: 47d6b9_47da7e_47dbe8_47dd07 (123 675.98 2 670.00 2 681.00){0.00 0.00 0.00 0.00 270.40 0}{270.40 0.00 0.00 0.00 540.80 0}{540.80 670.00 675.98 681.00 811.20 123}{811.20 0.00 0.00 0.00 1081.60 0}{1081.60 0.00 0.00 0.00 1352.00 0}
COMP 4c-1: 48b0d5_48b359_48b42d_48b4e6 (1 169.00 2 169.00 2 169.00){0.00 0.00 0.00 0.00 67.60 0}{67.60 0.00 0.00 0.00 135.20 0}{135.20 169.00 169.00 169.00 202.80 1}{202.80 0.00 0.00 0.00 270.40 0}{270.40 0.00 0.00 0.00 338.00 0}
COMM 4b-0: 47d6b9_47da7e_47dbe8_47dd07 (123 2.91 2 2.00 2 13.00){0.00 2.00 2.00 2.00 2.80 35}{2.80 3.00 3.00 3.00 5.60 85}{5.60 7.00 7.00 7.00 8.40 1}{8.40 9.00 9.00 9.00 11.20 1}{11.20 13.00 13.00 13.00 14.00 1}
COMM 4b-1: 48b0d5_48b359_48b42d_48b4e6 (1 101.00 2 101.00 2 101.00){0.00 0.00 0.00 0.00 40.40 0}{40.40 0.00 0.00 0.00 80.80 0}{80.80 101.00 101.00 101.00 121.20 1}{121.20 0.00 0.00 0.00 161.60 0}{161.60 0.00 0.00 0.00 202.00 0}
LOOP0: iter: ( 124 )[ 1 -1 2 1 0 ] mem: ( 2 )[ 1 -1 2 1 0 ]
10 2 
12 20480 155 155 155 155 155 155 155 155 155 155 155 155 155 155 155 155 155 155 155 155 155 155 155 155 155 155 155 155 155 155 155 155 155 155 155 155 155 155 155 155 155 155 155 155 155 155 155 155 155 155 155 155 155 155 155 155 155 155 155 155 155 155 155 155 155 155 155 155 155 155 155 155 155 155 155 155 155 155 155 155 155 155 155 155 155 155 155 155 155 155 155 155 155 155 155 155 155 155 155 155 155 155 155 155 155 155 155 155 155 155 155 155 155 155 155 155 155 155 155 155 155 155 155 
14 16 
1a 2 1 1 1 1 1 1 1 1 1 1 1 1 1 1 1 1 1 1 1 1 1 1 1 1 1 1 1 1 1 1 1 1 1 1 1 1 1 1 1 1 1 1 1 1 1 1 1 1 1 1 1 1 1 1 1 1 1 1 1 1 1 1 2 2 2 2 2 2 2 2 2 2 2 2 2 2 2 2 2 2 2 2 2 2 2 2 2 2 2 2 2 2 2 2 2 2 2 2 2 2 2 2 2 2 2 2 2 2 2 2 2 2 2 2 2 2 2 2 2 2 2 2 2 
1b 0 

RANKS: 1 -1 0 4 1
EVENT36: 1102 47d6b9_47da7e_47dbe8_47dd07
COMP 4b-0: 47d6b9_47da7e_47dbe8_47dd07 (246 170.17 0 9.00 3 353.00){0.00 0.00 0.00 0.00 3.60 0}{3.60 0.00 0.00 0.00 7.20 0}{7.20 9.00 10.33 12.00 14.40 124}{14.40 0.00 0.00 0.00 18.00 0}{18.00 322.00 333.96 353.00 630.00 122}
COMP 4b-1: 48217a_4824fa_482633_482727 (249 234.42 2 144.00 3 10454.00){0.00 0.00 0.00 0.00 59.60 0}{59.60 0.00 0.00 0.00 119.20 0}{119.20 144.00 152.13 166.00 238.40 247}{238.40 0.00 0.00 0.00 298.00 0}{298.00 10424.00 10439.00 10454.00 20610.00 2}
COMP 4b-2: 48b0d5_48b359_48b42d_48b4e6 (1 10476.00 1 10476.00 1 10476.00){0.00 0.00 0.00 0.00 4190.40 0}{4190.40 0.00 0.00 0.00 8380.80 0}{8380.80 10476.00 10476.00 10476.00 12571.20 1}{12571.20 0.00 0.00 0.00 16761.60 0}{16761.60 0.00 0.00 0.00 20952.00 0}
COMP 4c-0: 47d6b9_47da7e_47dbe8_47dd07 (246 699.42 3 25.00 3 1411.00){0.00 0.00 0.00 0.00 10.80 0}{10.80 0.00 0.00 0.00 21.60 0}{21.60 25.00 28.95 29.00 43.20 124}{43.20 0.00 0.00 0.00 54.00 0}{54.00 1360.00 1386.39 1411.00 2666.00 122}
COMP 4c-1: 48217a_4824fa_482633_482727 (249 1096.48 2 718.00 3 45313.00){0.00 0.00 0.00 0.00 288.80 0}{288.80 0.00 0.00 0.00 577.60 0}{577.60 718.00 740.06 762.00 1155.20 247}{1155.20 0.00 0.00 0.00 1444.00 0}{1444.00 45291.00 45302.00 45313.00 89182.00 2}
COMP 4c-2: 48b0d5_48b359_48b42d_48b4e6 (1 45359.00 1 45359.00 1 45359.00){0.00 0.00 0.00 0.00 18143.60 0}{18143.60 0.00 0.00 0.00 36287.20 0}{36287.20 45359.00 45359.00 45359.00 54430.80 1}{54430.80 0.00 0.00 0.00 72574.40 0}{72574.40 0.00 0.00 0.00 90718.00 0}
COMM 4b-0: 47d6b9_47da7e_47dbe8_47dd07 (246 7.68 0 1.00 3 30.00){0.00 0.00 0.00 0.00 0.40 0}{0.40 0.00 0.00 0.00 0.80 0}{0.80 1.00 1.00 1.00 1.60 47}{1.60 2.00 2.00 2.00 2.00 45}{2.00 3.00 11.43 30.00 34.00 154}
COMM 4b-1: 48217a_4824fa_482633_482727 (249 28.29 1 2.00 0 1639.00){0.00 2.00 4.99 429.00 655.60 245}{655.60 708.00 857.33 1103.00 1311.20 3}{1311.20 1639.00 1639.00 1639.00 1966.80 1}{1966.80 0.00 0.00 0.00 2622.40 0}{2622.40 0.00 0.00 0.00 3278.00 0}
COMM 4b-2: 48b0d5_48b359_48b42d_48b4e6 (1 503.00 1 503.00 1 503.00){0.00 0.00 0.00 0.00 201.20 0}{201.20 0.00 0.00 0.00 402.40 0}{402.40 503.00 503.00 503.00 603.60 1}{603.60 0.00 0.00 0.00 804.80 0}{804.80 0.00 0.00 0.00 1006.00 0}
LOOP0: iter: ( 124 )[ 2 -1 0 2 1 -1 3 1 0 ] mem: ( 1 )[ 1 -1 0 2 3 ]( 2 )[ 1 -1 1 1 0 ]
10 2 
12 155 
14 16 
1b 0 
2b ( 1 2 )[ 1 -1 0 1 0 ]
2b ( 3 3 3 3 3 3 3 3 3 3 3 3 3 3 3 3 3 3 3 3 3 3 3 3 3 3 3 3 3 3 3 3 3 3 3 3 3 3 3 3 3 3 3 3 3 3 3 3 3 3 3 3 3 3 3 3 3 3 3 3 3 3 2 2 2 2 2 2 2 2 2 2 2 2 2 2 2 2 2 2 2 2 2 2 2 2 2 2 2 2 2 2 2 2 2 2 2 2 2 2 2 2 2 2 2 2 2 2 2 2 2 2 2 2 2 2 2 2 2 2 2 2 2 2 )[ 1 -1 1 1 0 ]
2b ( 3 2 )[ 1 -1 3 1 0 ]
2b ( 2 2 2 2 2 2 2 2 2 2 2 2 2 2 2 2 2 2 2 2 2 2 2 2 2 2 2 2 2 2 2 2 2 2 2 2 2 2 2 2 2 2 2 2 2 2 2 2 2 2 2 2 2 2 2 2 2 2 2 2 2 2 1 1 1 1 1 1 1 1 1 1 1 1 1 1 1 1 1 1 1 1 1 1 1 1 1 1 1 1 1 1 1 1 1 1 1 1 1 1 1 1 1 1 1 1 1 1 1 1 1 1 1 1 1 1 1 1 1 1 1 1 1 1 )[ 1 -1 2 1 0 ]

RANKS: 1 -1 1 3 1
EVENT37: 1113 48217a_4824fa_482633_482727
COMP 4b-0: 47d6b9_47da7e_47dbe8_47dd07 (126 196.35 1 187.00 3 512.00){0.00 0.00 0.00 0.00 80.80 0}{80.80 0.00 0.00 0.00 161.60 0}{161.60 187.00 193.78 216.00 323.20 125}{323.20 0.00 0.00 0.00 404.00 0}{404.00 512.00 512.00 512.00 620.00 1}
COMP 4b-1: 48217a_4824fa_482633_482727 (123 163.89 3 8.00 3 332.00){0.00 0.00 0.00 0.00 3.20 0}{3.20 0.00 0.00 0.00 6.40 0}{6.40 8.00 9.89 11.00 12.80 62}{12.80 0.00 0.00 0.00 16.00 0}{16.00 322.00 322.97 332.00 628.00 61}
COMP 4c-0: 47d6b9_47da7e_47dbe8_47dd07 (126 681.82 1 666.00 3 2012.00){0.00 0.00 0.00 0.00 270.40 0}{270.40 0.00 0.00 0.00 540.80 0}{540.80 666.00 671.22 676.00 1081.60 125}{1081.60 0.00 0.00 0.00 1352.00 0}{1352.00 2012.00 2012.00 2012.00 2672.00 1}
COMP 4c-1: 48217a_4824fa_482633_482727 (123 684.47 3 26.00 3 1362.00){0.00 0.00 0.00 0.00 10.40 0}{10.40 0.00 0.00 0.00 20.80 0}{20.80 26.00 28.50 29.00 41.60 62}{41.60 0.00 0.00 0.00 52.00 0}{52.00 1361.00 1361.98 1362.00 2670.00 61}
COMM 4b-0: 47d6b9_47da7e_47dbe8_47dd07 (126 2.69 1 2.00 1 9.00){0.00 2.00 2.00 2.00 2.80 62}{2.80 3.00 3.00 3.00 5.60 60}{5.60 6.00 6.50 7.00 8.40 2}{8.40 9.00 9.00 9.00 11.20 2}{11.20 0.00 0.00 0.00 14.00 0}
COMM 4b-1: 48217a_4824fa_482633_482727 (123 2.33 3 1.00 3 15.00){0.00 0.00 0.00 0.00 0.80 0}{0.80 1.00 1.00 1.00 1.60 13}{1.60 2.00 2.00 2.00 2.40 76}{2.40 3.00 3.00 3.00 4.00 32}{4.00 11.00 13.00 15.00 26.00 2}
LOOP0: iter: ( 124 )[ 1 -1 3 1 0 ] mem: ( 1 )[ 1 -1 3 1 0 ]
10 2 
12 155 
14 16 
1a ( 2 2 2 2 2 2 2 2 2 2 2 2 2 2 2 2 2 2 2 2 2 2 2 2 2 2 2 2 2 2 2 2 2 2 2 2 2 2 2 2 2 2 2 2 2 2 2 2 2 2 2 2 2 2 2 2 2 2 2 2 2 2 3 3 3 3 3 3 3 3 3 3 3 3 3 3 3 3 3 3 3 3 3 3 3 3 3 3 3 3 3 3 3 3 3 3 3 3 3 3 3 3 3 3 3 3 3 3 3 3 3 3 3 3 3 3 3 3 3 3 3 3 3 3 )[ 1 -1 1 1 0 ]
1a ( 3 2 )[ 1 -1 3 1 0 ]
1a ( 2 )[ 1 -1 2 1 0 ]
1b 0 

RANKS: 1 -1 0 4 1
EVENT38: 1004 46a5af_46a90f_46aa52_46ab44
COMP 4b-0: 47d6b9_47da7e_47dbe8_47dd07 (1 1017.00 0 1017.00 0 1017.00){0.00 0.00 0.00 0.00 406.80 0}{406.80 0.00 0.00 0.00 813.60 0}{813.60 1017.00 1017.00 1017.00 1220.40 1}{1220.40 0.00 0.00 0.00 1627.20 0}{1627.20 0.00 0.00 0.00 2034.00 0}
COMP 4b-1: 48217a_4824fa_482633_482727 (3 821.25 2 818.00 3 823.00){0.00 0.00 0.00 0.00 328.80 0}{328.80 0.00 0.00 0.00 657.60 0}{657.60 818.00 821.00 823.00 986.40 3}{986.40 0.00 0.00 0.00 1315.20 0}{1315.20 0.00 0.00 0.00 1644.00 0}
COMP 4c-0: 47d6b9_47da7e_47dbe8_47dd07 (1 6127.00 0 6127.00 0 6127.00){0.00 0.00 0.00 0.00 2450.80 0}{2450.80 0.00 0.00 0.00 4901.60 0}{4901.60 6127.00 6127.00 6127.00 7352.40 1}{7352.40 0.00 0.00 0.00 9803.20 0}{9803.20 0.00 0.00 0.00 12254.00 0}
COMP 4c-1: 48217a_4824fa_482633_482727 (3 5486.75 2 5484.00 1 5488.00){0.00 0.00 0.00 0.00 2195.20 0}{2195.20 0.00 0.00 0.00 4390.40 0}{4390.40 5484.00 5486.33 5488.00 6585.60 3}{6585.60 0.00 0.00 0.00 8780.80 0}{8780.80 0.00 0.00 0.00 10976.00 0}
COMM 4b-0: 47d6b9_47da7e_47dbe8_47dd07 (1 11.00 0 11.00 0 11.00){0.00 0.00 0.00 0.00 4.40 0}{4.40 0.00 0.00 0.00 8.80 0}{8.80 11.00 11.00 11.00 13.20 1}{13.20 0.00 0.00 0.00 17.60 0}{17.60 0.00 0.00 0.00 22.00 0}
COMM 4b-1: 48217a_4824fa_482633_482727 (3 616.50 2 225.00 3 1105.00){0.00 225.00 225.00 225.00 227.20 1}{227.20 0.00 0.00 0.00 454.40 0}{454.40 568.00 568.00 568.00 681.60 1}{681.60 0.00 0.00 0.00 908.80 0}{908.80 1105.00 1105.00 1105.00 1136.00 1}
10 2 
12 5 
14 16 
18 3 

RANKS: 1 -1 2 1 0
EVENT39: 1113 48217a_4824fa_482633_482727
COMP 4b-0: 46a5af_46a90f_46aa52_46ab44 (1 622.00 2 622.00 2 622.00){0.00 0.00 0.00 0.00 248.80 0}{248.80 0.00 0.00 0.00 497.60 0}{497.60 622.00 622.00 622.00 746.40 1}{746.40 0.00 0.00 0.00 995.20 0}{995.20 0.00 0.00 0.00 1244.00 0}
COMP 4c-0: 46a5af_46a90f_46aa52_46ab44 (1 2938.00 2 2938.00 2 2938.00){0.00 0.00 0.00 0.00 1175.20 0}{1175.20 0.00 0.00 0.00 2350.40 0}{2350.40 2938.00 2938.00 2938.00 3525.60 1}{3525.60 0.00 0.00 0.00 4700.80 0}{4700.80 0.00 0.00 0.00 5876.00 0}
COMM 4b-0: 46a5af_46a90f_46aa52_46ab44 (1 110.00 2 110.00 2 110.00){0.00 0.00 0.00 0.00 44.00 0}{44.00 0.00 0.00 0.00 88.00 0}{88.00 110.00 110.00 110.00 132.00 1}{132.00 0.00 0.00 0.00 176.00 0}{176.00 0.00 0.00 0.00 220.00 0}
10 2 
12 20480 
14 16 
1a 1 
1b 0 

RANKS: 1 -1 1 3 1
EVENT40: 1090 47a046_47a41b_47a586_47a6a7
COMP 4b-0: 46a5af_46a90f_46aa52_46ab44 (2 576.00 3 574.00 1 577.00){0.00 0.00 0.00 0.00 230.80 0}{230.80 0.00 0.00 0.00 461.60 0}{461.60 574.00 575.50 577.00 692.40 2}{692.40 0.00 0.00 0.00 923.20 0}{923.20 0.00 0.00 0.00 1154.00 0}
COMP 4b-1: 48217a_4824fa_482633_482727 (2 3331.00 2 35.00 3 4979.00){0.00 35.00 35.00 35.00 1991.60 1}{1991.60 0.00 0.00 0.00 3983.20 0}{3983.20 4979.00 4979.00 4979.00 5974.80 1}{5974.80 0.00 0.00 0.00 7966.40 0}{7966.40 0.00 0.00 0.00 9958.00 0}
COMP 4b-2: 48b0d5_48b359_48b42d_48b4e6 (1 5016.00 2 5016.00 2 5016.00){0.00 0.00 0.00 0.00 2006.40 0}{2006.40 0.00 0.00 0.00 4012.80 0}{4012.80 5016.00 5016.00 5016.00 6019.20 1}{6019.20 0.00 0.00 0.00 8025.60 0}{8025.60 0.00 0.00 0.00 10032.00 0}
COMP 4c-0: 46a5af_46a90f_46aa52_46ab44 (2 2863.00 1 2863.00 1 2863.00){0.00 0.00 0.00 0.00 1145.20 0}{1145.20 0.00 0.00 0.00 2290.40 0}{2290.40 2863.00 2863.00 2863.00 3435.60 2}{3435.60 0.00 0.00 0.00 4580.80 0}{4580.80 0.00 0.00 0.00 5726.00 0}
COMP 4c-1: 48217a_4824fa_482633_482727 (2 14262.00 2 26.00 3 21380.00){0.00 26.00 26.00 26.00 8552.00 1}{8552.00 0.00 0.00 0.00 17104.00 0}{17104.00 21380.00 21380.00 21380.00 25656.00 1}{25656.00 0.00 0.00 0.00 34208.00 0}{34208.00 0.00 0.00 0.00 42760.00 0}
COMP 4c-2: 48b0d5_48b359_48b42d_48b4e6 (1 21424.00 2 21424.00 2 21424.00){0.00 0.00 0.00 0.00 8569.60 0}{8569.60 0.00 0.00 0.00 17139.20 0}{17139.20 21424.00 21424.00 21424.00 25708.80 1}{25708.80 0.00 0.00 0.00 34278.40 0}{34278.40 0.00 0.00 0.00 42848.00 0}
COMM 4b-0: 46a5af_46a90f_46aa52_46ab44 (2 2.67 3 2.00 1 3.00){0.00 0.00 0.00 0.00 1.20 0}{1.20 2.00 2.00 2.00 2.40 1}{2.40 3.00 3.00 3.00 3.60 1}{3.60 0.00 0.00 0.00 4.80 0}{4.80 0.00 0.00 0.00 6.00 0}
COMM 4b-1: 48217a_4824fa_482633_482727 (2 1.67 2 1.00 3 2.00){0.00 0.00 0.00 0.00 0.80 0}{0.80 1.00 1.00 1.00 1.60 1}{1.60 2.00 2.00 2.00 2.40 1}{2.40 0.00 0.00 0.00 3.20 0}{3.20 0.00 0.00 0.00 4.00 0}
COMM 4b-2: 48b0d5_48b359_48b42d_48b4e6 (1 2.00 2 2.00 2 2.00){0.00 0.00 0.00 0.00 0.80 0}{0.80 0.00 0.00 0.00 1.60 0}{1.60 2.00 2.00 2.00 2.40 1}{2.40 0.00 0.00 0.00 3.20 0}{3.20 0.00 0.00 0.00 4.00 0}
LOOP0: iter: ( 2 )[ 1 -1 2 2 1 ] mem: ( 3 )[ 1 -1 3 1 0 ]( 2 )[ 1 -1 2 1 0 ]
10 2 
12 20480 
14 16 
1b 0 
2b 2147483647 

RANKS: 1 -1 1 3 1
EVENT41: 1148 48b0d5_48b359_48b42d_48b4e6
COMP 4b-0: 47a046_47a41b_47a586_47a6a7 (5 9.83 3 9.00 2 12.00){0.00 0.00 0.00 0.00 4.00 0}{4.00 0.00 0.00 0.00 8.00 0}{8.00 9.00 9.80 12.00 12.00 5}{12.00 0.00 0.00 0.00 16.00 0}{16.00 0.00 0.00 0.00 20.00 0}
COMP 4c-0: 47a046_47a41b_47a586_47a6a7 (5 25.50 1 25.00 3 26.00){0.00 0.00 0.00 0.00 10.00 0}{10.00 0.00 0.00 0.00 20.00 0}{20.00 25.00 25.60 26.00 30.00 5}{30.00 0.00 0.00 0.00 40.00 0}{40.00 0.00 0.00 0.00 50.00 0}
COMM 4b-0: 47a046_47a41b_47a586_47a6a7 (5 102.67 2 97.00 3 114.00){0.00 0.00 0.00 0.00 39.60 0}{39.60 0.00 0.00 0.00 79.20 0}{79.20 97.00 103.40 114.00 118.80 5}{118.80 0.00 0.00 0.00 158.40 0}{158.40 0.00 0.00 0.00 198.00 0}
1c 9999 

RANKS: 1 -1 0 4 1
EVENT42: 1113 48217a_4824fa_482633_482727
COMP 4b-0: 46a5af_46a90f_46aa52_46ab44 (1 617.00 0 617.00 0 617.00){0.00 0.00 0.00 0.00 246.80 0}{246.80 0.00 0.00 0.00 493.60 0}{493.60 617.00 617.00 617.00 740.40 1}{740.40 0.00 0.00 0.00 987.20 0}{987.20 0.00 0.00 0.00 1234.00 0}
COMP 4b-1: 48217a_4824fa_482633_482727 (1 5000.00 1 5000.00 1 5000.00){0.00 0.00 0.00 0.00 2000.00 0}{2000.00 0.00 0.00 0.00 4000.00 0}{4000.00 5000.00 5000.00 5000.00 6000.00 1}{6000.00 0.00 0.00 0.00 8000.00 0}{8000.00 0.00 0.00 0.00 10000.00 0}
COMP 4b-2: 48b0d5_48b359_48b42d_48b4e6 (5 1741.83 3 87.00 0 5038.00){0.00 87.00 93.75 102.00 2015.20 4}{2015.20 0.00 0.00 0.00 4030.40 0}{4030.40 5038.00 5038.00 5038.00 6045.60 1}{6045.60 0.00 0.00 0.00 8060.80 0}{8060.80 0.00 0.00 0.00 10076.00 0}
COMP 4c-0: 46a5af_46a90f_46aa52_46ab44 (1 2937.00 0 2937.00 0 2937.00){0.00 0.00 0.00 0.00 1174.80 0}{1174.80 0.00 0.00 0.00 2349.60 0}{2349.60 2937.00 2937.00 2937.00 3524.40 1}{3524.40 0.00 0.00 0.00 4699.20 0}{4699.20 0.00 0.00 0.00 5874.00 0}
COMP 4c-1: 48217a_4824fa_482633_482727 (1 21453.00 1 21453.00 1 21453.00){0.00 0.00 0.00 0.00 8581.20 0}{8581.20 0.00 0.00 0.00 17162.40 0}{17162.40 21453.00 21453.00 21453.00 25743.60 1}{25743.60 0.00 0.00 0.00 34324.80 0}{34324.80 0.00 0.00 0.00 42906.00 0}
COMP 4c-2: 48b0d5_48b359_48b42d_48b4e6 (5 7277.00 1 166.00 0 21497.00){0.00 166.00 167.00 169.00 8598.80 4}{8598.80 0.00 0.00 0.00 17197.60 0}{17197.60 21497.00 21497.00 21497.00 25796.40 1}{25796.40 0.00 0.00 0.00 34395.20 0}{34395.20 0.00 0.00 0.00 42994.00 0}
COMM 4b-0: 46a5af_46a90f_46aa52_46ab44 (1 128.00 0 128.00 0 128.00){0.00 0.00 0.00 0.00 51.20 0}{51.20 0.00 0.00 0.00 102.40 0}{102.40 128.00 128.00 128.00 153.60 1}{153.60 0.00 0.00 0.00 204.80 0}{204.80 0.00 0.00 0.00 256.00 0}
COMM 4b-1: 48217a_4824fa_482633_482727 (1 125.00 1 125.00 1 125.00){0.00 0.00 0.00 0.00 50.00 0}{50.00 0.00 0.00 0.00 100.00 0}{100.00 125.00 125.00 125.00 150.00 1}{150.00 0.00 0.00 0.00 200.00 0}{200.00 0.00 0.00 0.00 250.00 0}
COMM 4b-2: 48b0d5_48b359_48b42d_48b4e6 (5 117.83 2 100.00 0 143.00){0.00 0.00 0.00 0.00 57.20 0}{57.20 100.00 101.33 103.00 114.40 3}{114.40 117.00 130.00 143.00 171.60 2}{171.60 0.00 0.00 0.00 228.80 0}{228.80 0.00 0.00 0.00 286.00 0}
LOOP0: iter: ( 2 )[ 1 -1 0 2 1 ] mem: ( 3 )[ 1 -1 0 1 0 ]( 1 )[ 1 -1 1 1 0 ]
10 2 
12 20480 
14 16 
1a ( 1 2 )[ 1 -1 0 1 0 ]
1a ( 3 2 )[ 1 -1 1 2 2 ]
1a ( 2 )[ 1 -1 2 1 0 ]
1b 0 

RANKS: 1 -1 0 2 1
EVENT43: 1090 47a046_47a41b_47a586_47a6a7
COMP 4b-0: 48217a_4824fa_482633_482727 (3 10.00 0 9.00 1 11.00){0.00 0.00 0.00 0.00 4.00 0}{4.00 0.00 0.00 0.00 8.00 0}{8.00 9.00 10.00 11.00 12.00 3}{12.00 0.00 0.00 0.00 16.00 0}{16.00 0.00 0.00 0.00 20.00 0}
COMP 4c-0: 48217a_4824fa_482633_482727 (3 25.75 0 25.00 1 27.00){0.00 0.00 0.00 0.00 10.00 0}{10.00 0.00 0.00 0.00 20.00 0}{20.00 25.00 26.00 27.00 30.00 3}{30.00 0.00 0.00 0.00 40.00 0}{40.00 0.00 0.00 0.00 50.00 0}
COMM 4b-0: 48217a_4824fa_482633_482727 (3 1.50 0 1.00 0 2.00){0.00 0.00 0.00 0.00 0.40 0}{0.40 0.00 0.00 0.00 0.80 0}{0.80 1.00 1.00 1.00 1.20 1}{1.20 0.00 0.00 0.00 1.60 0}{1.60 2.00 2.00 2.00 2.00 2}
10 2 
12 20480 
14 16 
1b 0 
2b 2147483647 

RANKS: 1 -1 0 2 1
EVENT44: 1148 48b0d5_48b359_48b42d_48b4e6
COMP 4b-0: 47a046_47a41b_47a586_47a6a7 (3 10.75 0 8.00 1 17.00){0.00 0.00 0.00 0.00 3.60 0}{3.60 0.00 0.00 0.00 7.20 0}{7.20 8.00 8.50 9.00 10.80 2}{10.80 0.00 0.00 0.00 14.40 0}{14.40 17.00 17.00 17.00 18.00 1}
COMP 4c-0: 47a046_47a41b_47a586_47a6a7 (3 26.00 0 26.00 0 26.00){0.00 0.00 0.00 0.00 10.40 0}{10.40 0.00 0.00 0.00 20.80 0}{20.80 26.00 26.00 26.00 31.20 3}{31.20 0.00 0.00 0.00 41.60 0}{41.60 0.00 0.00 0.00 52.00 0}
COMM 4b-0: 47a046_47a41b_47a586_47a6a7 (3 129.50 1 96.00 0 152.00){0.00 0.00 0.00 0.00 54.00 0}{54.00 96.00 96.00 96.00 108.00 1}{108.00 135.00 143.50 152.00 162.00 2}{162.00 0.00 0.00 0.00 216.00 0}{216.00 0.00 0.00 0.00 270.00 0}
1c 9999 

RANKS: 1 -1 0 4 1
EVENT45: 1004 46a5af_46a90f_46aa52_46ab44
COMP 4b-0: 46a5af_46a90f_46aa52_46ab44 (8 2121.78 0 11.00 3 4766.00){0.00 0.00 0.00 0.00 4.40 0}{4.40 0.00 0.00 0.00 8.80 0}{8.80 11.00 11.50 13.00 17.60 4}{17.60 0.00 0.00 0.00 22.00 0}{22.00 4755.00 4759.75 4766.00 9502.00 4}
COMP 4b-1: 48217a_4824fa_482633_482727 (2 10275.67 3 10275.00 2 10277.00){0.00 0.00 0.00 0.00 4110.00 0}{4110.00 0.00 0.00 0.00 8220.00 0}{8220.00 10275.00 10276.00 10277.00 12330.00 2}{12330.00 0.00 0.00 0.00 16440.00 0}{16440.00 0.00 0.00 0.00 20550.00 0}
COMP 4b-2: 48b0d5_48b359_48b42d_48b4e6 (2 10325.33 1 10322.00 0 10327.00){0.00 0.00 0.00 0.00 4130.80 0}{4130.80 0.00 0.00 0.00 8261.60 0}{8261.60 10322.00 10324.50 10327.00 12392.40 2}{12392.40 0.00 0.00 0.00 16523.20 0}{16523.20 0.00 0.00 0.00 20654.00 0}
COMP 4c-0: 46a5af_46a90f_46aa52_46ab44 (8 10073.78 0 25.00 0 22634.00){0.00 0.00 0.00 0.00 10.00 0}{10.00 0.00 0.00 0.00 20.00 0}{20.00 25.00 25.75 26.00 40.00 4}{40.00 0.00 0.00 0.00 50.00 0}{50.00 22634.00 22634.00 22634.00 45218.00 4}
COMP 4c-1: 48217a_4824fa_482633_482727 (2 44562.33 2 44559.00 3 44564.00){0.00 0.00 0.00 0.00 17825.60 0}{17825.60 0.00 0.00 0.00 35651.20 0}{35651.20 44559.00 44561.50 44564.00 53476.80 2}{53476.80 0.00 0.00 0.00 71302.40 0}{71302.40 0.00 0.00 0.00 89128.00 0}
COMP 4c-2: 48b0d5_48b359_48b42d_48b4e6 (2 44613.33 1 44610.00 0 44615.00){0.00 0.00 0.00 0.00 17846.00 0}{17846.00 0.00 0.00 0.00 35692.00 0}{35692.00 44610.00 44612.50 44615.00 53538.00 2}{53538.00 0.00 0.00 0.00 71384.00 0}{71384.00 0.00 0.00 0.00 89230.00 0}
COMM 4b-0: 46a5af_46a90f_46aa52_46ab44 (8 15.11 2 5.00 3 27.00){0.00 5.00 5.50 6.00 8.00 2}{8.00 10.00 11.67 14.00 16.00 3}{16.00 20.00 21.50 23.00 24.00 2}{24.00 27.00 27.00 27.00 32.00 1}{32.00 0.00 0.00 0.00 40.00 0}
COMM 4b-1: 48217a_4824fa_482633_482727 (2 111.67 2 105.00 3 115.00){0.00 0.00 0.00 0.00 46.00 0}{46.00 0.00 0.00 0.00 92.00 0}{92.00 105.00 110.00 115.00 138.00 2}{138.00 0.00 0.00 0.00 184.00 0}{184.00 0.00 0.00 0.00 230.00 0}
COMM 4b-2: 48b0d5_48b359_48b42d_48b4e6 (2 55.00 0 23.00 1 119.00){0.00 0.00 0.00 0.00 9.20 0}{9.20 0.00 0.00 0.00 18.40 0}{18.40 23.00 23.00 23.00 36.80 1}{36.80 0.00 0.00 0.00 46.00 0}{46.00 119.00 119.00 119.00 192.00 1}
LOOP0: iter: ( 3 )[ 1 -1 0 4 1 ] mem: ( 1 )[ 1 -1 0 4 1 ]
10 2 
12 5 1 5 
14 16 
18 3 1 3 

RANKS: 1 -1 0 2 1
EVENT46: 1090 47a046_47a41b_47a586_47a6a7_45ecb0
COMP 4b-0: 46a5af_46a90f_46aa52_46ab44 (2 44.00 1 40.00 0 46.00){0.00 0.00 0.00 0.00 18.40 0}{18.40 0.00 0.00 0.00 36.80 0}{36.80 40.00 43.00 46.00 55.20 2}{55.20 0.00 0.00 0.00 73.60 0}{73.60 0.00 0.00 0.00 92.00 0}
COMP 4c-0: 46a5af_46a90f_46aa52_46ab44 (2 76.00 0 76.00 0 76.00){0.00 0.00 0.00 0.00 30.40 0}{30.40 0.00 0.00 0.00 60.80 0}{60.80 76.00 76.00 76.00 91.20 2}{91.20 0.00 0.00 0.00 121.60 0}{121.60 0.00 0.00 0.00 152.00 0}
COMM 4b-0: 46a5af_46a90f_46aa52_46ab44 (2 1.00 0 1.00 0 1.00){0.00 0.00 0.00 0.00 0.40 0}{0.40 0.00 0.00 0.00 0.80 0}{0.80 1.00 1.00 1.00 1.20 2}{1.20 0.00 0.00 0.00 1.60 0}{1.60 0.00 0.00 0.00 2.00 0}
10 2 
12 64 
14 16 
1b 0 
2b 2147483647 

RANKS: 1 -1 0 2 1
EVENT47: 1148 48b0d5_48b359_48b42d_48b4e6_45ecc9
COMP 4b-0: 47a046_47a41b_47a586_47a6a7_45ecb0 (2 9.33 0 9.00 1 10.00){0.00 0.00 0.00 0.00 3.60 0}{3.60 0.00 0.00 0.00 7.20 0}{7.20 9.00 9.50 10.00 10.80 2}{10.80 0.00 0.00 0.00 14.40 0}{14.40 0.00 0.00 0.00 18.00 0}
COMP 4c-0: 47a046_47a41b_47a586_47a6a7_45ecb0 (2 27.00 0 27.00 0 27.00){0.00 0.00 0.00 0.00 10.80 0}{10.80 0.00 0.00 0.00 21.60 0}{21.60 27.00 27.00 27.00 32.40 2}{32.40 0.00 0.00 0.00 43.20 0}{43.20 0.00 0.00 0.00 54.00 0}
COMM 4b-0: 47a046_47a41b_47a586_47a6a7_45ecb0 (2 3.67 1 3.00 0 4.00){0.00 0.00 0.00 0.00 1.60 0}{1.60 3.00 3.00 3.00 3.20 1}{3.20 4.00 4.00 4.00 4.80 1}{4.80 0.00 0.00 0.00 6.40 0}{6.40 0.00 0.00 0.00 8.00 0}
1c 9999 

RANKS: 1 -1 2 1 0
EVENT48: 1113 48217a_4824fa_482633_482727_45ed9e
COMP 4b-0: 46a5af_46a90f_46aa52_46ab44 (1 40.00 2 40.00 2 40.00){0.00 0.00 0.00 0.00 16.00 0}{16.00 0.00 0.00 0.00 32.00 0}{32.00 40.00 40.00 40.00 48.00 1}{48.00 0.00 0.00 0.00 64.00 0}{64.00 0.00 0.00 0.00 80.00 0}
COMP 4c-0: 46a5af_46a90f_46aa52_46ab44 (1 75.00 2 75.00 2 75.00){0.00 0.00 0.00 0.00 30.00 0}{30.00 0.00 0.00 0.00 60.00 0}{60.00 75.00 75.00 75.00 90.00 1}{90.00 0.00 0.00 0.00 120.00 0}{120.00 0.00 0.00 0.00 150.00 0}
COMM 4b-0: 46a5af_46a90f_46aa52_46ab44 (1 3.00 2 3.00 2 3.00){0.00 0.00 0.00 0.00 1.20 0}{1.20 0.00 0.00 0.00 2.40 0}{2.40 3.00 3.00 3.00 3.60 1}{3.60 0.00 0.00 0.00 4.80 0}{4.80 0.00 0.00 0.00 6.00 0}
10 2 
12 64 
14 16 
1a 2 
1b 0 

RANKS: 1 -1 0 2 2
EVENT49: 1090 47a046_47a41b_47a586_47a6a7_45edfa
COMP 4b-0: 48217a_4824fa_482633_482727_45ed9e (1 14.00 2 14.00 2 14.00){0.00 0.00 0.00 0.00 5.60 0}{5.60 0.00 0.00 0.00 11.20 0}{11.20 14.00 14.00 14.00 16.80 1}{16.80 0.00 0.00 0.00 22.40 0}{22.40 0.00 0.00 0.00 28.00 0}
COMP 4b-1: 48b0d5_48b359_48b42d_48b4e6_45ecc9 (1 9.00 0 9.00 0 9.00){0.00 0.00 0.00 0.00 3.60 0}{3.60 0.00 0.00 0.00 7.20 0}{7.20 9.00 9.00 9.00 10.80 1}{10.80 0.00 0.00 0.00 14.40 0}{14.40 0.00 0.00 0.00 18.00 0}
COMP 4c-0: 48217a_4824fa_482633_482727_45ed9e (1 27.00 2 27.00 2 27.00){0.00 0.00 0.00 0.00 10.80 0}{10.80 0.00 0.00 0.00 21.60 0}{21.60 27.00 27.00 27.00 32.40 1}{32.40 0.00 0.00 0.00 43.20 0}{43.20 0.00 0.00 0.00 54.00 0}
COMP 4c-1: 48b0d5_48b359_48b42d_48b4e6_45ecc9 (1 28.00 0 28.00 0 28.00){0.00 0.00 0.00 0.00 11.20 0}{11.20 0.00 0.00 0.00 22.40 0}{22.40 28.00 28.00 28.00 33.60 1}{33.60 0.00 0.00 0.00 44.80 0}{44.80 0.00 0.00 0.00 56.00 0}
COMM 4b-0: 48217a_4824fa_482633_482727_45ed9e (1 1.00 2 1.00 2 1.00){0.00 0.00 0.00 0.00 0.40 0}{0.40 0.00 0.00 0.00 0.80 0}{0.80 1.00 1.00 1.00 1.20 1}{1.20 0.00 0.00 0.00 1.60 0}{1.60 0.00 0.00 0.00 2.00 0}
COMM 4b-1: 48b0d5_48b359_48b42d_48b4e6_45ecc9 (1 1.00 0 1.00 0 1.00){0.00 0.00 0.00 0.00 0.40 0}{0.40 0.00 0.00 0.00 0.80 0}{0.80 1.00 1.00 1.00 1.20 1}{1.20 0.00 0.00 0.00 1.60 0}{1.60 0.00 0.00 0.00 2.00 0}
10 2 
12 68 
14 16 
1b 0 
2b 2147483647 

RANKS: 1 -1 0 2 2
EVENT50: 1148 48b0d5_48b359_48b42d_48b4e6_45ee0f
COMP 4b-0: 47a046_47a41b_47a586_47a6a7_45edfa (2 8.67 0 8.00 2 10.00){0.00 0.00 0.00 0.00 3.20 0}{3.20 0.00 0.00 0.00 6.40 0}{6.40 8.00 8.00 8.00 9.60 1}{9.60 10.00 10.00 10.00 12.80 1}{12.80 0.00 0.00 0.00 16.00 0}
COMP 4c-0: 47a046_47a41b_47a586_47a6a7_45edfa (2 27.00 0 27.00 0 27.00){0.00 0.00 0.00 0.00 10.80 0}{10.80 0.00 0.00 0.00 21.60 0}{21.60 27.00 27.00 27.00 32.40 2}{32.40 0.00 0.00 0.00 43.20 0}{43.20 0.00 0.00 0.00 54.00 0}
COMM 4b-0: 47a046_47a41b_47a586_47a6a7_45edfa (2 1.67 0 1.00 2 3.00){0.00 0.00 0.00 0.00 0.40 0}{0.40 0.00 0.00 0.00 0.80 0}{0.80 1.00 1.00 1.00 1.60 1}{1.60 0.00 0.00 0.00 2.00 0}{2.00 3.00 3.00 3.00 4.00 1}
1c 9999 

RANKS: 1 -1 3 1 0
EVENT51: 1113 48217a_4824fa_482633_482727_45ed9e
COMP 4b-0: 46a5af_46a90f_46aa52_46ab44 (1 45.00 3 45.00 3 45.00){0.00 0.00 0.00 0.00 18.00 0}{18.00 0.00 0.00 0.00 36.00 0}{36.00 45.00 45.00 45.00 54.00 1}{54.00 0.00 0.00 0.00 72.00 0}{72.00 0.00 0.00 0.00 90.00 0}
COMP 4c-0: 46a5af_46a90f_46aa52_46ab44 (1 75.00 3 75.00 3 75.00){0.00 0.00 0.00 0.00 30.00 0}{30.00 0.00 0.00 0.00 60.00 0}{60.00 75.00 75.00 75.00 90.00 1}{90.00 0.00 0.00 0.00 120.00 0}{120.00 0.00 0.00 0.00 150.00 0}
COMM 4b-0: 46a5af_46a90f_46aa52_46ab44 (1 4.00 3 4.00 3 4.00){0.00 0.00 0.00 0.00 1.60 0}{1.60 0.00 0.00 0.00 3.20 0}{3.20 4.00 4.00 4.00 4.80 1}{4.80 0.00 0.00 0.00 6.40 0}{6.40 0.00 0.00 0.00 8.00 0}
10 2 
12 64 
14 16 
1a 2 
1b 0 

RANKS: 1 -1 1 2 2
EVENT52: 1113 48217a_4824fa_482633_482727_45ef0f
COMP 4b-0: 48217a_4824fa_482633_482727_45ed9e (1 9.00 3 9.00 3 9.00){0.00 0.00 0.00 0.00 3.60 0}{3.60 0.00 0.00 0.00 7.20 0}{7.20 9.00 9.00 9.00 10.80 1}{10.80 0.00 0.00 0.00 14.40 0}{14.40 0.00 0.00 0.00 18.00 0}
COMP 4b-1: 48b0d5_48b359_48b42d_48b4e6_45ecc9 (1 10.00 1 10.00 1 10.00){0.00 0.00 0.00 0.00 4.00 0}{4.00 0.00 0.00 0.00 8.00 0}{8.00 10.00 10.00 10.00 12.00 1}{12.00 0.00 0.00 0.00 16.00 0}{16.00 0.00 0.00 0.00 20.00 0}
COMP 4c-0: 48217a_4824fa_482633_482727_45ed9e (1 28.00 3 28.00 3 28.00){0.00 0.00 0.00 0.00 11.20 0}{11.20 0.00 0.00 0.00 22.40 0}{22.40 28.00 28.00 28.00 33.60 1}{33.60 0.00 0.00 0.00 44.80 0}{44.80 0.00 0.00 0.00 56.00 0}
COMP 4c-1: 48b0d5_48b359_48b42d_48b4e6_45ecc9 (1 28.00 1 28.00 1 28.00){0.00 0.00 0.00 0.00 11.20 0}{11.20 0.00 0.00 0.00 22.40 0}{22.40 28.00 28.00 28.00 33.60 1}{33.60 0.00 0.00 0.00 44.80 0}{44.80 0.00 0.00 0.00 56.00 0}
COMM 4b-0: 48217a_4824fa_482633_482727_45ed9e (1 2.00 3 2.00 3 2.00){0.00 0.00 0.00 0.00 0.80 0}{0.80 0.00 0.00 0.00 1.60 0}{1.60 2.00 2.00 2.00 2.40 1}{2.40 0.00 0.00 0.00 3.20 0}{3.20 0.00 0.00 0.00 4.00 0}
COMM 4b-1: 48b0d5_48b359_48b42d_48b4e6_45ecc9 (1 4.00 1 4.00 1 4.00){0.00 0.00 0.00 0.00 1.60 0}{1.60 0.00 0.00 0.00 3.20 0}{3.20 4.00 4.00 4.00 4.80 1}{4.80 0.00 0.00 0.00 6.40 0}{6.40 0.00 0.00 0.00 8.00 0}
10 2 
12 68 
14 16 
1a 3 
1b 0 

RANKS: 1 -1 0 4 1
EVENT53: 1004 46a5af_46a90f_46aa52_46ab44_466841
COMP 4b-0: 48217a_4824fa_482633_482727_45ef0f (2 13.00 1 13.00 1 13.00){0.00 0.00 0.00 0.00 5.20 0}{5.20 0.00 0.00 0.00 10.40 0}{10.40 13.00 13.00 13.00 15.60 2}{15.60 0.00 0.00 0.00 20.80 0}{20.80 0.00 0.00 0.00 26.00 0}
COMP 4b-1: 48b0d5_48b359_48b42d_48b4e6_45ee0f (2 15.33 0 15.00 2 16.00){0.00 0.00 0.00 0.00 6.00 0}{6.00 0.00 0.00 0.00 12.00 0}{12.00 15.00 15.50 16.00 18.00 2}{18.00 0.00 0.00 0.00 24.00 0}{24.00 0.00 0.00 0.00 30.00 0}
COMP 4c-0: 48217a_4824fa_482633_482727_45ef0f (2 44.33 3 43.00 1 45.00){0.00 0.00 0.00 0.00 18.00 0}{18.00 0.00 0.00 0.00 36.00 0}{36.00 43.00 44.00 45.00 54.00 2}{54.00 0.00 0.00 0.00 72.00 0}{72.00 0.00 0.00 0.00 90.00 0}
COMP 4c-1: 48b0d5_48b359_48b42d_48b4e6_45ee0f (2 45.67 2 45.00 0 46.00){0.00 0.00 0.00 0.00 18.40 0}{18.40 0.00 0.00 0.00 36.80 0}{36.80 45.00 45.50 46.00 55.20 2}{55.20 0.00 0.00 0.00 73.60 0}{73.60 0.00 0.00 0.00 92.00 0}
COMM 4b-0: 48217a_4824fa_482633_482727_45ef0f (2 40.67 1 29.00 3 64.00){0.00 0.00 0.00 0.00 11.60 0}{11.60 0.00 0.00 0.00 23.20 0}{23.20 29.00 29.00 29.00 46.40 1}{46.40 0.00 0.00 0.00 58.00 0}{58.00 64.00 64.00 64.00 70.00 1}
COMM 4b-1: 48b0d5_48b359_48b42d_48b4e6_45ee0f (2 13.00 0 5.00 2 29.00){0.00 0.00 0.00 0.00 2.00 0}{2.00 0.00 0.00 0.00 4.00 0}{4.00 5.00 5.00 5.00 8.00 1}{8.00 0.00 0.00 0.00 10.00 0}{10.00 29.00 29.00 29.00 48.00 1}
10 2 
12 1 
14 16 
18 3 

RANKS: 1 -1 0 2 2
EVENT54: 1090 47a046_47a41b_47a586_47a6a7
COMP 4b-0: 46a5af_46a90f_46aa52_46ab44_466841 (2 33.67 2 33.00 0 34.00){0.00 0.00 0.00 0.00 13.60 0}{13.60 0.00 0.00 0.00 27.20 0}{27.20 33.00 33.50 34.00 40.80 2}{40.80 0.00 0.00 0.00 54.40 0}{54.40 0.00 0.00 0.00 68.00 0}
COMP 4c-0: 46a5af_46a90f_46aa52_46ab44_466841 (2 78.00 0 78.00 0 78.00){0.00 0.00 0.00 0.00 31.20 0}{31.20 0.00 0.00 0.00 62.40 0}{62.40 78.00 78.00 78.00 93.60 2}{93.60 0.00 0.00 0.00 124.80 0}{124.80 0.00 0.00 0.00 156.00 0}
COMM 4b-0: 46a5af_46a90f_46aa52_46ab44_466841 (2 1.00 0 1.00 0 1.00){0.00 0.00 0.00 0.00 0.40 0}{0.40 0.00 0.00 0.00 0.80 0}{0.80 1.00 1.00 1.00 1.20 2}{1.20 0.00 0.00 0.00 1.60 0}{1.60 0.00 0.00 0.00 2.00 0}
10 2 
12 64 
14 16 
1b 0 
2b 2147483647 

RANKS: 1 -1 0 2 2
EVENT55: 1148 48b0d5_48b359_48b42d_48b4e6
COMP 4b-0: 47a046_47a41b_47a586_47a6a7 (2 10.00 0 10.00 0 10.00){0.00 0.00 0.00 0.00 4.00 0}{4.00 0.00 0.00 0.00 8.00 0}{8.00 10.00 10.00 10.00 12.00 2}{12.00 0.00 0.00 0.00 16.00 0}{16.00 0.00 0.00 0.00 20.00 0}
COMP 4c-0: 47a046_47a41b_47a586_47a6a7 (2 26.00 0 26.00 0 26.00){0.00 0.00 0.00 0.00 10.40 0}{10.40 0.00 0.00 0.00 20.80 0}{20.80 26.00 26.00 26.00 31.20 2}{31.20 0.00 0.00 0.00 41.60 0}{41.60 0.00 0.00 0.00 52.00 0}
COMM 4b-0: 47a046_47a41b_47a586_47a6a7 (2 3.00 0 3.00 0 3.00){0.00 0.00 0.00 0.00 1.20 0}{1.20 0.00 0.00 0.00 2.40 0}{2.40 3.00 3.00 3.00 3.60 2}{3.60 0.00 0.00 0.00 4.80 0}{4.80 0.00 0.00 0.00 6.00 0}
1c 9999 

RANKS: 1 -1 1 2 2
EVENT56: 1113 48217a_4824fa_482633_482727
COMP 4b-0: 46a5af_46a90f_46aa52_46ab44_466841 (2 31.67 3 31.00 1 32.00){0.00 0.00 0.00 0.00 12.80 0}{12.80 0.00 0.00 0.00 25.60 0}{25.60 31.00 31.50 32.00 38.40 2}{38.40 0.00 0.00 0.00 51.20 0}{51.20 0.00 0.00 0.00 64.00 0}
COMP 4c-0: 46a5af_46a90f_46aa52_46ab44_466841 (2 78.00 1 78.00 1 78.00){0.00 0.00 0.00 0.00 31.20 0}{31.20 0.00 0.00 0.00 62.40 0}{62.40 78.00 78.00 78.00 93.60 2}{93.60 0.00 0.00 0.00 124.80 0}{124.80 0.00 0.00 0.00 156.00 0}
COMM 4b-0: 46a5af_46a90f_46aa52_46ab44_466841 (2 2.00 1 2.00 1 2.00){0.00 0.00 0.00 0.00 0.80 0}{0.80 0.00 0.00 0.00 1.60 0}{1.60 2.00 2.00 2.00 2.40 2}{2.40 0.00 0.00 0.00 3.20 0}{3.20 0.00 0.00 0.00 4.00 0}
10 2 
12 64 
14 16 
1a 3 
1b 0 

RANKS: 1 -1 0 4 1
EVENT57: 1004 46a5af_46a90f_46aa52_46ab44_466c14
COMP 4b-0: 48217a_4824fa_482633_482727 (2 17.00 1 17.00 1 17.00){0.00 0.00 0.00 0.00 6.80 0}{6.80 0.00 0.00 0.00 13.60 0}{13.60 17.00 17.00 17.00 20.40 2}{20.40 0.00 0.00 0.00 27.20 0}{27.20 0.00 0.00 0.00 34.00 0}
COMP 4b-1: 48b0d5_48b359_48b42d_48b4e6 (2 18.00 0 18.00 0 18.00){0.00 0.00 0.00 0.00 7.20 0}{7.20 0.00 0.00 0.00 14.40 0}{14.40 18.00 18.00 18.00 21.60 2}{21.60 0.00 0.00 0.00 28.80 0}{28.80 0.00 0.00 0.00 36.00 0}
COMP 4c-0: 48217a_4824fa_482633_482727 (2 61.00 1 61.00 1 61.00){0.00 0.00 0.00 0.00 24.40 0}{24.40 0.00 0.00 0.00 48.80 0}{48.80 61.00 61.00 61.00 73.20 2}{73.20 0.00 0.00 0.00 97.60 0}{97.60 0.00 0.00 0.00 122.00 0}
COMP 4c-1: 48b0d5_48b359_48b42d_48b4e6 (2 62.00 0 62.00 0 62.00){0.00 0.00 0.00 0.00 24.80 0}{24.80 0.00 0.00 0.00 49.60 0}{49.60 62.00 62.00 62.00 74.40 2}{74.40 0.00 0.00 0.00 99.20 0}{99.20 0.00 0.00 0.00 124.00 0}
COMM 4b-0: 48217a_4824fa_482633_482727 (2 37.67 1 37.00 3 39.00){0.00 0.00 0.00 0.00 14.80 0}{14.80 0.00 0.00 0.00 29.60 0}{29.60 37.00 38.00 39.00 44.40 2}{44.40 0.00 0.00 0.00 59.20 0}{59.20 0.00 0.00 0.00 74.00 0}
COMM 4b-1: 48b0d5_48b359_48b42d_48b4e6 (2 11.67 2 5.00 0 15.00){0.00 5.00 5.00 5.00 6.00 1}{6.00 0.00 0.00 0.00 12.00 0}{12.00 15.00 15.00 15.00 18.00 1}{18.00 0.00 0.00 0.00 24.00 0}{24.00 0.00 0.00 0.00 30.00 0}
10 2 
12 1 
14 16 
18 3 

RANKS: 1 -1 0 2 1
EVENT58: 1090 47a046_47a41b_47a586_47a6a7_45f0e8
COMP 4b-0: 46a5af_46a90f_46aa52_46ab44_466c14 (2 36.00 0 36.00 0 36.00){0.00 0.00 0.00 0.00 14.40 0}{14.40 0.00 0.00 0.00 28.80 0}{28.80 36.00 36.00 36.00 43.20 2}{43.20 0.00 0.00 0.00 57.60 0}{57.60 0.00 0.00 0.00 72.00 0}
COMP 4c-0: 46a5af_46a90f_46aa52_46ab44_466c14 (2 81.00 0 81.00 0 81.00){0.00 0.00 0.00 0.00 32.40 0}{32.40 0.00 0.00 0.00 64.80 0}{64.80 81.00 81.00 81.00 97.20 2}{97.20 0.00 0.00 0.00 129.60 0}{129.60 0.00 0.00 0.00 162.00 0}
COMM 4b-0: 46a5af_46a90f_46aa52_46ab44_466c14 (2 1.00 0 1.00 0 1.00){0.00 0.00 0.00 0.00 0.40 0}{0.40 0.00 0.00 0.00 0.80 0}{0.80 1.00 1.00 1.00 1.20 2}{1.20 0.00 0.00 0.00 1.60 0}{1.60 0.00 0.00 0.00 2.00 0}
10 2 
12 64 
14 16 
1b 0 
2b 2147483647 

RANKS: 1 -1 0 2 1
EVENT59: 1148 48b0d5_48b359_48b42d_48b4e6_45f0fd
COMP 4b-0: 47a046_47a41b_47a586_47a6a7_45f0e8 (2 8.33 0 8.00 1 9.00){0.00 0.00 0.00 0.00 3.20 0}{3.20 0.00 0.00 0.00 6.40 0}{6.40 8.00 8.50 9.00 9.60 2}{9.60 0.00 0.00 0.00 12.80 0}{12.80 0.00 0.00 0.00 16.00 0}
COMP 4c-0: 47a046_47a41b_47a586_47a6a7_45f0e8 (2 27.00 0 27.00 0 27.00){0.00 0.00 0.00 0.00 10.80 0}{10.80 0.00 0.00 0.00 21.60 0}{21.60 27.00 27.00 27.00 32.40 2}{32.40 0.00 0.00 0.00 43.20 0}{43.20 0.00 0.00 0.00 54.00 0}
COMM 4b-0: 47a046_47a41b_47a586_47a6a7_45f0e8 (2 2.67 1 2.00 0 3.00){0.00 0.00 0.00 0.00 1.20 0}{1.20 2.00 2.00 2.00 2.40 1}{2.40 3.00 3.00 3.00 3.60 1}{3.60 0.00 0.00 0.00 4.80 0}{4.80 0.00 0.00 0.00 6.00 0}
1c 9999 

RANKS: 1 -1 2 2 1
EVENT60: 1113 48217a_4824fa_482633_482727_45f1aa
COMP 4b-0: 46a5af_46a90f_46aa52_46ab44_466c14 (2 34.33 3 34.00 2 35.00){0.00 0.00 0.00 0.00 13.60 0}{13.60 0.00 0.00 0.00 27.20 0}{27.20 34.00 34.50 35.00 40.80 2}{40.80 0.00 0.00 0.00 54.40 0}{54.40 0.00 0.00 0.00 68.00 0}
COMP 4c-0: 46a5af_46a90f_46aa52_46ab44_466c14 (2 80.00 3 80.00 3 80.00){0.00 0.00 0.00 0.00 32.00 0}{32.00 0.00 0.00 0.00 64.00 0}{64.00 80.00 80.00 80.00 96.00 2}{96.00 0.00 0.00 0.00 128.00 0}{128.00 0.00 0.00 0.00 160.00 0}
COMM 4b-0: 46a5af_46a90f_46aa52_46ab44_466c14 (2 2.33 3 2.00 2 3.00){0.00 0.00 0.00 0.00 0.80 0}{0.80 0.00 0.00 0.00 1.60 0}{1.60 2.00 2.00 2.00 2.40 1}{2.40 3.00 3.00 3.00 3.20 1}{3.20 0.00 0.00 0.00 4.00 0}
10 2 
12 64 
14 16 
1a 2 
1b 0 

RANKS: 1 -1 0 4 1
EVENT61: 1004 46a5af_46a90f_46aa52_46ab44
COMP 4b-0: 48217a_4824fa_482633_482727_45f1aa (2 17.33 3 17.00 2 18.00){0.00 0.00 0.00 0.00 6.80 0}{6.80 0.00 0.00 0.00 13.60 0}{13.60 17.00 17.50 18.00 20.40 2}{20.40 0.00 0.00 0.00 27.20 0}{27.20 0.00 0.00 0.00 34.00 0}
COMP 4b-1: 48b0d5_48b359_48b42d_48b4e6_45f0fd (2 17.67 1 17.00 0 18.00){0.00 0.00 0.00 0.00 7.20 0}{7.20 0.00 0.00 0.00 14.40 0}{14.40 17.00 17.50 18.00 21.60 2}{21.60 0.00 0.00 0.00 28.80 0}{28.80 0.00 0.00 0.00 36.00 0}
COMP 4c-0: 48217a_4824fa_482633_482727_45f1aa (2 58.00 3 58.00 3 58.00){0.00 0.00 0.00 0.00 23.20 0}{23.20 0.00 0.00 0.00 46.40 0}{46.40 58.00 58.00 58.00 69.60 2}{69.60 0.00 0.00 0.00 92.80 0}{92.80 0.00 0.00 0.00 116.00 0}
COMP 4c-1: 48b0d5_48b359_48b42d_48b4e6_45f0fd (2 61.00 0 61.00 0 61.00){0.00 0.00 0.00 0.00 24.40 0}{24.40 0.00 0.00 0.00 48.80 0}{48.80 61.00 61.00 61.00 73.20 2}{73.20 0.00 0.00 0.00 97.60 0}{97.60 0.00 0.00 0.00 122.00 0}
COMM 4b-0: 48217a_4824fa_482633_482727_45f1aa (2 40.67 2 36.00 3 43.00){0.00 0.00 0.00 0.00 17.20 0}{17.20 0.00 0.00 0.00 34.40 0}{34.40 36.00 39.50 43.00 51.60 2}{51.60 0.00 0.00 0.00 68.80 0}{68.80 0.00 0.00 0.00 86.00 0}
COMM 4b-1: 48b0d5_48b359_48b42d_48b4e6_45f0fd (2 9.67 1 5.00 0 12.00){0.00 0.00 0.00 0.00 4.80 0}{4.80 5.00 5.00 5.00 9.60 1}{9.60 12.00 12.00 12.00 14.40 1}{14.40 0.00 0.00 0.00 19.20 0}{19.20 0.00 0.00 0.00 24.00 0}
10 2 
12 1 
14 16 
18 3 

RANKS: 1 -1 0 4 1
EVENT62: 1045 472f0f_472f83_472fe9_473044
COMP 4b-0: 46a5af_46a90f_46aa52_46ab44 (4 1493.40 0 1430.00 2 1562.00){0.00 0.00 0.00 0.00 572.00 0}{572.00 0.00 0.00 0.00 1144.00 0}{1144.00 1430.00 1509.25 1562.00 1716.00 4}{1716.00 0.00 0.00 0.00 2288.00 0}{2288.00 0.00 0.00 0.00 2860.00 0}
COMP 4c-0: 46a5af_46a90f_46aa52_46ab44 (4 4707.80 0 573.00 1 7531.00){0.00 0.00 0.00 0.00 229.20 0}{229.20 0.00 0.00 0.00 458.40 0}{458.40 573.00 573.00 573.00 916.80 1}{916.80 0.00 0.00 0.00 1146.00 0}{1146.00 7334.00 7464.33 7531.00 13522.00 3}

