RANKS: 1 -1 0 4 1
EVENT0: 1084 46bb08_46bbc7_46bc5d_46bcb8
33 2 
34 0 

RANKS: 1 -1 0 4 1
EVENT1: 1090 46c902_46ccd7_46ce42_46cf63_457e56
COMP 4c-0: 46bb08_46bbc7_46bc5d_46bcb8 (4 72701.80 2 68930.00 0 75307.00){0.00 0.00 0.00 0.00 30122.80 0}{30122.80 0.00 0.00 0.00 60245.60 0}{60245.60 68930.00 72050.50 75307.00 90368.40 4}{90368.40 0.00 0.00 0.00 120491.20 0}{120491.20 0.00 0.00 0.00 150614.00 0}
COMM 4b-0: 46bb08_46bbc7_46bc5d_46bcb8 (4 7.00 0 7.00 0 7.00){0.00 0.00 0.00 0.00 2.80 0}{2.80 0.00 0.00 0.00 5.60 0}{5.60 7.00 7.00 7.00 8.40 4}{8.40 0.00 0.00 0.00 11.20 0}{11.20 0.00 0.00 0.00 14.00 0}
10 2 
12 1 
14 16 
1b 0 
2b ( 1 )[ 1 -1 0 2 2 ]
2b ( 3 )[ 1 -1 1 2 2 ]

RANKS: 1 -1 0 4 1
EVENT2: 1113 474a36_474db6_474eef_474fe3_457e8e
COMP 4c-0: 46c902_46ccd7_46ce42_46cf63_457e56 (4 17.00 0 17.00 0 17.00){0.00 0.00 0.00 0.00 6.80 0}{6.80 0.00 0.00 0.00 13.60 0}{13.60 17.00 17.00 17.00 20.40 4}{20.40 0.00 0.00 0.00 27.20 0}{27.20 0.00 0.00 0.00 34.00 0}
COMM 4b-0: 46c902_46ccd7_46ce42_46cf63_457e56 (4 17.40 1 16.00 2 20.00){0.00 0.00 0.00 0.00 6.80 0}{6.80 0.00 0.00 0.00 13.60 0}{13.60 16.00 17.50 20.00 20.40 4}{20.40 0.00 0.00 0.00 27.20 0}{27.20 0.00 0.00 0.00 34.00 0}
10 2 
12 1 
14 16 
1a ( 1 )[ 1 -1 0 2 2 ]
1a ( 3 )[ 1 -1 1 2 2 ]
1b 0 

RANKS: 1 -1 0 4 1
EVENT3: 1148 47d991_47dc15_47dce9_47dda2_457ea8
COMP 4c-0: 474a36_474db6_474eef_474fe3_457e8e (4 17.00 0 17.00 0 17.00){0.00 0.00 0.00 0.00 6.80 0}{6.80 0.00 0.00 0.00 13.60 0}{13.60 17.00 17.00 17.00 20.40 4}{20.40 0.00 0.00 0.00 27.20 0}{27.20 0.00 0.00 0.00 34.00 0}
COMM 4b-0: 474a36_474db6_474eef_474fe3_457e8e (4 1673.20 3 16.00 1 4599.00){0.00 0.00 0.00 0.00 8.40 0}{8.40 16.00 16.00 16.00 16.80 1}{16.80 21.00 21.00 21.00 33.60 1}{33.60 0.00 0.00 0.00 42.00 0}{42.00 3709.00 4154.00 4599.00 9156.00 2}
1c 9999 

RANKS: 1 -1 0 4 1
EVENT4: 1090 46c902_46ccd7_46ce42_46cf63_45800a
COMP 4c-0: 47d991_47dc15_47dce9_47dda2_457ea8 (4 4290.00 1 4256.00 0 4313.00){0.00 0.00 0.00 0.00 1725.20 0}{1725.20 0.00 0.00 0.00 3450.40 0}{3450.40 4256.00 4284.25 4313.00 5175.60 4}{5175.60 0.00 0.00 0.00 6900.80 0}{6900.80 0.00 0.00 0.00 8626.00 0}
COMP 4c-1: 47d991_47dc15_47dce9_47dda2_458469 (96 4362.70 1 4318.00 0 4392.00){0.00 0.00 0.00 0.00 1750.40 0}{1750.40 0.00 0.00 0.00 3500.80 0}{3500.80 4318.00 4362.56 4392.00 5251.20 96}{5251.20 0.00 0.00 0.00 7001.60 0}{7001.60 0.00 0.00 0.00 8752.00 0}
COMM 4b-0: 47d991_47dc15_47dce9_47dda2_457ea8 (4 1.80 1 1.00 0 2.00){0.00 0.00 0.00 0.00 0.80 0}{0.80 1.00 1.00 1.00 1.60 1}{1.60 2.00 2.00 2.00 2.40 3}{2.40 0.00 0.00 0.00 3.20 0}{3.20 0.00 0.00 0.00 4.00 0}
COMM 4b-1: 47d991_47dc15_47dce9_47dda2_458469 (96 1.68 0 1.00 0 4.00){0.00 0.00 0.00 0.00 0.80 0}{0.80 1.00 1.00 1.00 1.60 38}{1.60 2.00 2.00 2.00 2.40 53}{2.40 3.00 3.00 3.00 3.20 3}{3.20 4.00 4.00 4.00 4.00 2}
LOOP0: iter: ( 25 )[ 1 -1 0 4 1 ] mem: ( 12 )[ 1 -1 0 4 1 ]
10 2 
12 7000 
14 16 
1b 0 
2b ( 1 )[ 1 -1 0 2 2 ]
2b ( 3 )[ 1 -1 1 2 2 ]

RANKS: 1 -1 0 4 1
EVENT5: 1113 474a36_474db6_474eef_474fe3_45805c
COMP 4c-0: 46c902_46ccd7_46ce42_46cf63_45800a (100 16.00 0 16.00 0 16.00){0.00 0.00 0.00 0.00 6.40 0}{6.40 0.00 0.00 0.00 12.80 0}{12.80 16.00 16.00 16.00 19.20 100}{19.20 0.00 0.00 0.00 25.60 0}{25.60 0.00 0.00 0.00 32.00 0}
COMM 4b-0: 46c902_46ccd7_46ce42_46cf63_45800a (100 98.97 1 42.00 2 575.00){0.00 42.00 53.18 67.00 68.00 11}{68.00 69.25 75.33 120.00 136.00 76}{136.00 145.00 189.88 255.00 272.00 8}{272.00 282.00 293.67 315.00 340.00 3}{340.00 541.00 558.00 575.00 742.00 2}
10 2 
12 7000 
14 16 
1a ( 1 )[ 1 -1 0 2 2 ]
1a ( 3 )[ 1 -1 1 2 2 ]
1b 0 

RANKS: 1 -1 0 4 1
EVENT6: 1148 47d991_47dc15_47dce9_47dda2_458071
COMP 4c-0: 474a36_474db6_474eef_474fe3_45805c (100 16.00 0 16.00 0 16.00){0.00 0.00 0.00 0.00 6.40 0}{6.40 0.00 0.00 0.00 12.80 0}{12.80 16.00 16.00 16.00 19.20 100}{19.20 0.00 0.00 0.00 25.60 0}{25.60 0.00 0.00 0.00 32.00 0}
COMM 4b-0: 474a36_474db6_474eef_474fe3_45805c (100 1.89 0 1.00 2 6.00){0.00 1.00 1.00 1.00 1.60 52}{1.60 2.00 2.00 2.00 2.40 27}{2.40 3.00 3.00 3.00 3.20 3}{3.20 3.85 3.87 4.00 4.00 15}{4.00 5.00 5.33 6.00 6.00 3}
1c 9999 

RANKS: 1 -1 0 4 1
EVENT7: 1090 46c902_46ccd7_46ce42_46cf63_458110
COMP 4c-0: 47d991_47dc15_47dce9_47dda2_458071 (100 72.08 0 72.00 1 73.00){0.00 0.00 0.00 0.00 28.80 0}{28.80 0.00 0.00 0.00 57.60 0}{57.60 72.00 72.08 73.00 86.40 100}{86.40 0.00 0.00 0.00 115.20 0}{115.20 0.00 0.00 0.00 144.00 0}
COMM 4b-0: 47d991_47dc15_47dce9_47dda2_458071 (100 1.69 0 1.00 0 4.00){0.00 1.00 1.00 1.00 1.60 51}{1.60 2.00 2.33 3.00 3.20 48}{3.20 4.00 4.00 4.00 4.80 1}{4.80 0.00 0.00 0.00 6.40 0}{6.40 0.00 0.00 0.00 8.00 0}
10 2 
12 7000 
14 16 
1b 0 
2b ( 0 )[ 1 -1 0 2 3 ]
2b ( 1 )[ 1 -1 1 1 0 ]
2b ( 3 )[ 1 -1 2 1 0 ]

RANKS: 1 -1 0 4 1
EVENT8: 1113 474a36_474db6_474eef_474fe3_458145
COMP 4c-0: 46c902_46ccd7_46ce42_46cf63_458110 (100 16.00 0 16.00 0 16.00){0.00 0.00 0.00 0.00 6.40 0}{6.40 0.00 0.00 0.00 12.80 0}{12.80 16.00 16.00 16.00 19.20 100}{19.20 0.00 0.00 0.00 25.60 0}{25.60 0.00 0.00 0.00 32.00 0}
COMM 4b-0: 46c902_46ccd7_46ce42_46cf63_458110 (100 140.51 3 10.00 2 4801.00){0.00 10.00 11.48 12.00 33.20 25}{33.20 43.00 63.69 64.13 66.40 48}{66.40 83.00 83.48 83.50 166.00 23}{166.00 220.00 252.50 285.00 404.00 2}{404.00 3539.00 4170.00 4801.00 6674.00 2}
10 2 
12 7000 
14 16 
1a ( 0 )[ 1 -1 0 2 3 ]
1a ( 1 )[ 1 -1 1 1 0 ]
1a ( 3 )[ 1 -1 2 1 0 ]
1b 0 

RANKS: 1 -1 0 4 1
EVENT9: 1148 47d991_47dc15_47dce9_47dda2_45815a
COMP 4c-0: 474a36_474db6_474eef_474fe3_458145 (100 16.00 0 16.00 0 16.00){0.00 0.00 0.00 0.00 6.40 0}{6.40 0.00 0.00 0.00 12.80 0}{12.80 16.00 16.00 16.00 19.20 100}{19.20 0.00 0.00 0.00 25.60 0}{25.60 0.00 0.00 0.00 32.00 0}
COMM 4b-0: 474a36_474db6_474eef_474fe3_458145 (100 1.50 0 1.00 2 5.00){0.00 0.00 0.00 0.00 0.80 0}{0.80 1.00 1.00 1.00 1.60 68}{1.60 2.00 2.00 2.00 2.00 10}{2.00 2.23 2.71 4.00 4.00 21}{4.00 5.00 5.00 5.00 6.00 1}
1c 9999 

RANKS: 1 -1 0 4 1
EVENT10: 1090 46c902_46ccd7_46ce42_46cf63_458276
COMP 4c-0: 47d991_47dc15_47dce9_47dda2_45815a (100 100.00 0 100.00 0 100.00){0.00 0.00 0.00 0.00 40.00 0}{40.00 0.00 0.00 0.00 80.00 0}{80.00 100.00 100.00 100.00 120.00 100}{120.00 0.00 0.00 0.00 160.00 0}{160.00 0.00 0.00 0.00 200.00 0}
COMM 4b-0: 47d991_47dc15_47dce9_47dda2_45815a (100 1.86 0 1.00 1 4.00){0.00 0.00 0.00 0.00 0.80 0}{0.80 1.00 1.00 1.00 1.60 38}{1.60 2.00 2.00 2.00 2.40 44}{2.40 3.00 3.08 3.20 3.20 13}{3.20 4.00 4.00 4.00 4.00 5}
10 2 
12 1 
14 16 
1b 0 
2b ( 1 )[ 1 -1 0 2 2 ]
2b ( 3 )[ 1 -1 1 2 2 ]

RANKS: 1 -1 0 4 1
EVENT11: 1113 474a36_474db6_474eef_474fe3_4582ae
COMP 4c-0: 46c902_46ccd7_46ce42_46cf63_458276 (100 16.00 0 16.00 0 16.00){0.00 0.00 0.00 0.00 6.40 0}{6.40 0.00 0.00 0.00 12.80 0}{12.80 16.00 16.00 16.00 19.20 100}{19.20 0.00 0.00 0.00 25.60 0}{25.60 0.00 0.00 0.00 32.00 0}
COMM 4b-0: 46c902_46ccd7_46ce42_46cf63_458276 (100 3.74 0 2.00 1 9.00){0.00 0.00 0.00 0.00 1.20 0}{1.20 2.00 2.92 3.00 3.60 72}{3.60 4.00 4.00 4.00 4.80 4}{4.80 5.00 5.95 7.00 8.00 22}{8.00 9.00 9.00 9.00 10.00 2}
10 2 
12 1 
14 16 
1a ( 1 )[ 1 -1 0 2 2 ]
1a ( 3 )[ 1 -1 1 2 2 ]
1b 0 

RANKS: 1 -1 0 4 1
EVENT12: 1148 47d991_47dc15_47dce9_47dda2_4582c3
COMP 4c-0: 474a36_474db6_474eef_474fe3_4582ae (100 16.00 0 16.00 0 16.00){0.00 0.00 0.00 0.00 6.40 0}{6.40 0.00 0.00 0.00 12.80 0}{12.80 16.00 16.00 16.00 19.20 100}{19.20 0.00 0.00 0.00 25.60 0}{25.60 0.00 0.00 0.00 32.00 0}
COMM 4b-0: 474a36_474db6_474eef_474fe3_4582ae (100 171.96 1 1.00 3 4425.00){0.00 1.00 64.68 373.00 1320.80 98}{1320.80 0.00 0.00 0.00 2641.60 0}{2641.60 3302.00 3302.00 3302.00 3962.40 1}{3962.40 4425.00 4425.00 4425.00 5283.20 1}{5283.20 0.00 0.00 0.00 6604.00 0}
1c 9999 

RANKS: 1 -1 0 4 1
EVENT13: 1090 46c902_46ccd7_46ce42_46cf63_45841c
COMP 4c-0: 47d991_47dc15_47dce9_47dda2_4582c3 (100 163.00 0 163.00 0 163.00){0.00 0.00 0.00 0.00 65.20 0}{65.20 0.00 0.00 0.00 130.40 0}{130.40 163.00 163.00 163.00 195.60 100}{195.60 0.00 0.00 0.00 260.80 0}{260.80 0.00 0.00 0.00 326.00 0}
COMM 4b-0: 47d991_47dc15_47dce9_47dda2_4582c3 (100 1.79 0 1.00 3 6.00){0.00 1.00 1.00 1.00 1.60 46}{1.60 2.00 2.00 2.00 2.40 39}{2.40 3.00 3.00 3.00 3.20 8}{3.20 3.33 3.50 4.00 4.00 4}{4.00 5.00 5.67 6.00 8.00 3}
10 2 
12 1 
14 16 
1b 0 
2b ( 1 )[ 1 -1 0 2 2 ]
2b ( 3 )[ 1 -1 1 2 2 ]

RANKS: 1 -1 0 4 1
EVENT14: 1113 474a36_474db6_474eef_474fe3_458454
COMP 4c-0: 46c902_46ccd7_46ce42_46cf63_45841c (100 16.03 0 16.00 0 17.00){0.00 0.00 0.00 0.00 6.40 0}{6.40 0.00 0.00 0.00 12.80 0}{12.80 16.00 16.03 17.00 19.20 100}{19.20 0.00 0.00 0.00 25.60 0}{25.60 0.00 0.00 0.00 32.00 0}
COMM 4b-0: 46c902_46ccd7_46ce42_46cf63_45841c (100 3.49 0 2.00 1 6.00){0.00 0.00 0.00 0.00 1.20 0}{1.20 2.00 2.00 2.00 2.40 5}{2.40 3.00 3.00 3.00 3.60 74}{3.60 4.00 4.00 4.00 4.80 3}{4.80 5.00 5.83 6.00 6.00 18}
10 2 
12 1 
14 16 
1a ( 1 )[ 1 -1 0 2 2 ]
1a ( 3 )[ 1 -1 1 2 2 ]
1b 0 

RANKS: 1 -1 0 4 1
EVENT15: 1148 47d991_47dc15_47dce9_47dda2_458469
COMP 4c-0: 474a36_474db6_474eef_474fe3_458454 (100 16.00 0 16.00 0 16.00){0.00 0.00 0.00 0.00 6.40 0}{6.40 0.00 0.00 0.00 12.80 0}{12.80 16.00 16.00 16.00 19.20 100}{19.20 0.00 0.00 0.00 25.60 0}{25.60 0.00 0.00 0.00 32.00 0}
COMM 4b-0: 474a36_474db6_474eef_474fe3_458454 (100 22.89 1 2.00 0 127.00){0.00 2.00 8.86 44.00 50.80 83}{50.80 52.00 77.93 100.00 101.60 14}{101.60 115.00 119.67 127.00 152.40 3}{152.40 0.00 0.00 0.00 203.20 0}{203.20 0.00 0.00 0.00 254.00 0}
1c 9999 

RANKS: 1 -1 0 4 1
EVENT16: 1090 46c902_46ccd7_46ce42_46cf63_45861a
COMP 4c-0: 47d991_47dc15_47dce9_47dda2_458469 (4 4369.00 1 4335.00 0 4392.00){0.00 0.00 0.00 0.00 1756.80 0}{1756.80 0.00 0.00 0.00 3513.60 0}{3513.60 4335.00 4363.25 4392.00 5270.40 4}{5270.40 0.00 0.00 0.00 7027.20 0}{7027.20 0.00 0.00 0.00 8784.00 0}
COMM 4b-0: 47d991_47dc15_47dce9_47dda2_458469 (4 1.00 0 1.00 0 1.00){0.00 0.00 0.00 0.00 0.40 0}{0.40 0.00 0.00 0.00 0.80 0}{0.80 1.00 1.00 1.00 1.20 4}{1.20 0.00 0.00 0.00 1.60 0}{1.60 0.00 0.00 0.00 2.00 0}
10 2 
12 7000 
14 16 
1b 0 
2b ( 1 )[ 1 -1 0 2 2 ]
2b ( 3 )[ 1 -1 1 2 2 ]

RANKS: 1 -1 0 4 1
EVENT17: 1113 474a36_474db6_474eef_474fe3_45866c
COMP 4c-0: 46c902_46ccd7_46ce42_46cf63_45861a (4 16.00 0 16.00 0 16.00){0.00 0.00 0.00 0.00 6.40 0}{6.40 0.00 0.00 0.00 12.80 0}{12.80 16.00 16.00 16.00 19.20 4}{19.20 0.00 0.00 0.00 25.60 0}{25.60 0.00 0.00 0.00 32.00 0}
COMM 4b-0: 46c902_46ccd7_46ce42_46cf63_45861a (4 161.00 1 110.00 3 249.00){0.00 0.00 0.00 0.00 64.00 0}{64.00 110.00 118.00 126.00 128.00 2}{128.00 160.00 160.00 160.00 192.00 1}{192.00 249.00 249.00 249.00 256.00 1}{256.00 0.00 0.00 0.00 320.00 0}
10 2 
12 7000 
14 16 
1a ( 1 )[ 1 -1 0 2 2 ]
1a ( 3 )[ 1 -1 1 2 2 ]
1b 0 

RANKS: 1 -1 0 4 1
EVENT18: 1148 47d991_47dc15_47dce9_47dda2_458681
COMP 4c-0: 474a36_474db6_474eef_474fe3_45866c (4 16.60 0 16.00 1 17.00){0.00 0.00 0.00 0.00 6.40 0}{6.40 0.00 0.00 0.00 12.80 0}{12.80 16.00 16.75 17.00 19.20 4}{19.20 0.00 0.00 0.00 25.60 0}{25.60 0.00 0.00 0.00 32.00 0}
COMM 4b-0: 474a36_474db6_474eef_474fe3_45866c (4 2.20 1 1.00 2 5.00){0.00 0.00 0.00 0.00 0.80 0}{0.80 1.00 1.00 1.00 1.60 2}{1.60 2.00 2.00 2.00 3.20 1}{3.20 0.00 0.00 0.00 4.00 0}{4.00 5.00 5.00 5.00 6.00 1}
1c 9999 

RANKS: 1 -1 0 4 1
EVENT19: 1090 46c902_46ccd7_46ce42_46cf63_458722
COMP 4c-0: 47d991_47dc15_47dce9_47dda2_458681 (4 72.00 0 72.00 0 72.00){0.00 0.00 0.00 0.00 28.80 0}{28.80 0.00 0.00 0.00 57.60 0}{57.60 72.00 72.00 72.00 86.40 4}{86.40 0.00 0.00 0.00 115.20 0}{115.20 0.00 0.00 0.00 144.00 0}
COMM 4b-0: 47d991_47dc15_47dce9_47dda2_458681 (4 2.40 0 2.00 3 3.00){0.00 0.00 0.00 0.00 0.80 0}{0.80 0.00 0.00 0.00 1.60 0}{1.60 2.00 2.00 2.00 2.40 2}{2.40 3.00 3.00 3.00 3.20 2}{3.20 0.00 0.00 0.00 4.00 0}
10 2 
12 7000 
14 16 
1b 0 
2b ( 0 )[ 1 -1 0 2 3 ]
2b ( 1 )[ 1 -1 1 1 0 ]
2b ( 3 )[ 1 -1 2 1 0 ]

RANKS: 1 -1 0 4 1
EVENT20: 1113 474a36_474db6_474eef_474fe3_458757
COMP 4c-0: 46c902_46ccd7_46ce42_46cf63_458722 (4 16.00 0 16.00 0 16.00){0.00 0.00 0.00 0.00 6.40 0}{6.40 0.00 0.00 0.00 12.80 0}{12.80 16.00 16.00 16.00 19.20 4}{19.20 0.00 0.00 0.00 25.60 0}{25.60 0.00 0.00 0.00 32.00 0}
COMM 4b-0: 46c902_46ccd7_46ce42_46cf63_458722 (4 58.00 0 12.00 1 183.00){0.00 0.00 0.00 0.00 4.80 0}{4.80 0.00 0.00 0.00 9.60 0}{9.60 12.00 12.00 12.00 19.20 1}{19.20 20.00 20.00 20.00 24.00 1}{24.00 63.00 123.00 183.00 342.00 2}
10 2 
12 7000 
14 16 
1a ( 0 )[ 1 -1 0 2 3 ]
1a ( 1 )[ 1 -1 1 1 0 ]
1a ( 3 )[ 1 -1 2 1 0 ]
1b 0 

RANKS: 1 -1 0 4 1
EVENT21: 1148 47d991_47dc15_47dce9_47dda2_45876c
COMP 4c-0: 474a36_474db6_474eef_474fe3_458757 (4 16.00 0 16.00 0 16.00){0.00 0.00 0.00 0.00 6.40 0}{6.40 0.00 0.00 0.00 12.80 0}{12.80 16.00 16.00 16.00 19.20 4}{19.20 0.00 0.00 0.00 25.60 0}{25.60 0.00 0.00 0.00 32.00 0}
COMM 4b-0: 474a36_474db6_474eef_474fe3_458757 (4 1.80 3 1.00 1 3.00){0.00 0.00 0.00 0.00 0.80 0}{0.80 1.00 1.00 1.00 1.60 2}{1.60 2.00 2.00 2.00 2.40 1}{2.40 3.00 3.00 3.00 3.20 1}{3.20 0.00 0.00 0.00 4.00 0}
1c 9999 

RANKS: 1 -1 0 4 1
EVENT22: 1090 46c902_46ccd7_46ce42_46cf63
COMP 4c-0: 47d991_47dc15_47dce9_47dda2 (4 85.00 0 85.00 0 85.00){0.00 0.00 0.00 0.00 34.00 0}{34.00 0.00 0.00 0.00 68.00 0}{68.00 85.00 85.00 85.00 102.00 4}{102.00 0.00 0.00 0.00 136.00 0}{136.00 0.00 0.00 0.00 170.00 0}
COMP 4c-1: 47d991_47dc15_47dce9_47dda2_45876c (4 78.00 0 78.00 0 78.00){0.00 0.00 0.00 0.00 31.20 0}{31.20 0.00 0.00 0.00 62.40 0}{62.40 78.00 78.00 78.00 93.60 4}{93.60 0.00 0.00 0.00 124.80 0}{124.80 0.00 0.00 0.00 156.00 0}
COMM 4b-0: 47d991_47dc15_47dce9_47dda2 (4 1.60 0 1.00 3 3.00){0.00 0.00 0.00 0.00 0.40 0}{0.40 0.00 0.00 0.00 0.80 0}{0.80 1.00 1.00 1.00 1.60 2}{1.60 2.00 2.00 2.00 2.00 1}{2.00 3.00 3.00 3.00 4.00 1}
COMM 4b-1: 47d991_47dc15_47dce9_47dda2_45876c (4 1.20 0 1.00 1 2.00){0.00 0.00 0.00 0.00 0.40 0}{0.40 0.00 0.00 0.00 0.80 0}{0.80 1.00 1.00 1.00 1.20 3}{1.20 0.00 0.00 0.00 1.60 0}{1.60 2.00 2.00 2.00 2.00 1}
LOOP0: iter: ( 2 )[ 1 -1 0 4 1 ] mem: ( 3 )[ 1 -1 0 4 1 ]
10 2 
12 1 2 
14 16 
1b 0 
2b ( 1 )[ 1 -1 0 2 2 ]
2b ( 3 )[ 1 -1 1 2 2 ]

RANKS: 1 -1 0 4 1
EVENT23: 1113 474a36_474db6_474eef_474fe3
COMP 4c-0: 46c902_46ccd7_46ce42_46cf63 (8 14.67 1 14.00 0 15.00){0.00 0.00 0.00 0.00 6.00 0}{6.00 0.00 0.00 0.00 12.00 0}{12.00 14.00 14.62 15.00 18.00 8}{18.00 0.00 0.00 0.00 24.00 0}{24.00 0.00 0.00 0.00 30.00 0}
COMM 4b-0: 46c902_46ccd7_46ce42_46cf63 (8 3.44 3 2.00 3 8.00){0.00 0.00 0.00 0.00 1.20 0}{1.20 2.00 2.00 2.00 2.40 1}{2.40 3.00 3.00 3.00 4.80 6}{4.80 0.00 0.00 0.00 6.00 0}{6.00 8.00 8.00 8.00 10.00 1}
10 2 
12 1 2 
14 16 
1a ( 1 )[ 1 -1 0 2 2 ]
1a ( 3 )[ 1 -1 1 2 2 ]
1b 0 

RANKS: 1 -1 0 4 1
EVENT24: 1148 47d991_47dc15_47dce9_47dda2
COMP 4c-0: 474a36_474db6_474eef_474fe3 (8 14.44 0 14.00 0 15.00){0.00 0.00 0.00 0.00 5.60 0}{5.60 0.00 0.00 0.00 11.20 0}{11.20 14.00 14.50 15.00 16.80 8}{16.80 0.00 0.00 0.00 22.40 0}{22.40 0.00 0.00 0.00 28.00 0}
COMM 4b-0: 474a36_474db6_474eef_474fe3 (8 70.67 1 1.00 0 219.00){0.00 1.00 14.33 43.00 87.60 6}{87.60 112.00 112.00 112.00 175.20 1}{175.20 219.00 219.00 219.00 262.80 1}{262.80 0.00 0.00 0.00 350.40 0}{350.40 0.00 0.00 0.00 438.00 0}
1c 9999 

RANKS: 1 -1 0 4 1
EVENT25: 1010 45f7fc_45fa31_45fad5_45fb51
COMP 4c-0: 47d991_47dc15_47dce9_47dda2 (4 102.40 0 102.00 3 103.00){0.00 0.00 0.00 0.00 40.80 0}{40.80 0.00 0.00 0.00 81.60 0}{81.60 102.00 102.50 103.00 122.40 4}{122.40 0.00 0.00 0.00 163.20 0}{163.20 0.00 0.00 0.00 204.00 0}
COMM 4b-0: 47d991_47dc15_47dce9_47dda2 (4 248.60 3 10.00 0 381.00){0.00 10.00 71.50 133.00 152.40 2}{152.40 0.00 0.00 0.00 304.80 0}{304.80 338.00 359.50 381.00 457.20 2}{457.20 0.00 0.00 0.00 609.60 0}{609.60 0.00 0.00 0.00 762.00 0}
10 2 

RANKS: 1 -1 0 4 1
EVENT26: 1090 46c902_46ccd7_46ce42_46cf63_457e56
COMP 4c-0: 45f7fc_45fa31_45fad5_45fb51 (4 146.80 3 146.00 0 147.00){0.00 0.00 0.00 0.00 58.80 0}{58.80 0.00 0.00 0.00 117.60 0}{117.60 146.00 146.75 147.00 176.40 4}{176.40 0.00 0.00 0.00 235.20 0}{235.20 0.00 0.00 0.00 294.00 0}
COMP 4c-1: 47d991_47dc15_47dce9_47dda2 (56 233.51 1 195.00 0 251.00){0.00 0.00 0.00 0.00 89.20 0}{89.20 0.00 0.00 0.00 178.40 0}{178.40 195.00 233.70 251.00 267.60 56}{267.60 0.00 0.00 0.00 356.80 0}{356.80 0.00 0.00 0.00 446.00 0}
COMM 4b-0: 45f7fc_45fa31_45fad5_45fb51 (4 1.60 0 1.00 1 2.00){0.00 0.00 0.00 0.00 0.40 0}{0.40 0.00 0.00 0.00 0.80 0}{0.80 1.00 1.00 1.00 1.20 1}{1.20 0.00 0.00 0.00 1.60 0}{1.60 2.00 2.00 2.00 2.00 3}
COMM 4b-1: 47d991_47dc15_47dce9_47dda2 (56 1.67 0 1.00 1 3.00){0.00 0.00 0.00 0.00 0.80 0}{0.80 1.00 1.00 1.00 1.60 21}{1.60 2.00 2.00 2.00 2.40 33}{2.40 3.00 3.00 3.00 3.20 2}{3.20 0.00 0.00 0.00 4.00 0}
LOOP0: iter: ( 15 )[ 1 -1 0 4 1 ] mem: ( 24 )[ 1 -1 0 4 1 ]
10 2 
12 1 
14 16 
1b 0 
2b ( 1 )[ 1 -1 0 2 2 ]
2b ( 3 )[ 1 -1 1 2 2 ]

RANKS: 1 -1 0 4 1
EVENT27: 1113 474a36_474db6_474eef_474fe3_457e8e
COMP 4c-0: 46c902_46ccd7_46ce42_46cf63_457e56 (60 16.13 0 16.00 0 17.00){0.00 0.00 0.00 0.00 6.40 0}{6.40 0.00 0.00 0.00 12.80 0}{12.80 16.00 16.13 17.00 19.20 60}{19.20 0.00 0.00 0.00 25.60 0}{25.60 0.00 0.00 0.00 32.00 0}
COMM 4b-0: 46c902_46ccd7_46ce42_46cf63_457e56 (60 3.02 1 2.00 2 6.00){0.00 0.00 0.00 0.00 1.20 0}{1.20 2.00 2.00 2.00 2.40 5}{2.40 3.00 3.00 3.00 3.60 53}{3.60 0.00 0.00 0.00 4.80 0}{4.80 6.00 6.00 6.00 6.00 2}
10 2 
12 1 
14 16 
1a ( 1 )[ 1 -1 0 2 2 ]
1a ( 3 )[ 1 -1 1 2 2 ]
1b 0 

RANKS: 1 -1 0 4 1
EVENT28: 1148 47d991_47dc15_47dce9_47dda2_457ea8
COMP 4c-0: 474a36_474db6_474eef_474fe3_457e8e (60 16.15 0 16.00 0 17.00){0.00 0.00 0.00 0.00 6.40 0}{6.40 0.00 0.00 0.00 12.80 0}{12.80 16.00 16.15 17.00 19.20 60}{19.20 0.00 0.00 0.00 25.60 0}{25.60 0.00 0.00 0.00 32.00 0}
COMM 4b-0: 474a36_474db6_474eef_474fe3_457e8e (60 8.85 0 2.00 0 103.00){0.00 0.00 0.00 0.00 1.60 0}{1.60 2.00 2.00 2.00 2.40 19}{2.40 2.57 2.88 3.00 4.00 24}{4.00 5.00 15.29 28.00 28.00 14}{28.00 48.00 72.33 103.00 178.00 3}
1c 9999 

RANKS: 1 -1 0 4 1
EVENT29: 1090 46c902_46ccd7_46ce42_46cf63_45800a
COMP 4c-0: 47d991_47dc15_47dce9_47dda2_457ea8 (60 4284.56 1 4255.00 0 4313.00){0.00 0.00 0.00 0.00 1725.20 0}{1725.20 0.00 0.00 0.00 3450.40 0}{3450.40 4255.00 4284.08 4313.00 5175.60 60}{5175.60 0.00 0.00 0.00 6900.80 0}{6900.80 0.00 0.00 0.00 8626.00 0}
COMP 4c-1: 47d991_47dc15_47dce9_47dda2_458469 (1440 4362.81 1 4318.00 0 4393.00){0.00 0.00 0.00 0.00 1750.40 0}{1750.40 0.00 0.00 0.00 3500.80 0}{3500.80 4318.00 4362.80 4393.00 5251.20 1440}{5251.20 0.00 0.00 0.00 7001.60 0}{7001.60 0.00 0.00 0.00 8752.00 0}
COMM 4b-0: 47d991_47dc15_47dce9_47dda2_457ea8 (60 1.49 0 1.00 0 4.00){0.00 0.00 0.00 0.00 0.40 0}{0.40 0.00 0.00 0.00 0.80 0}{0.80 1.00 1.00 1.00 1.60 33}{1.60 2.00 2.00 2.00 2.00 25}{2.00 3.00 3.50 4.00 6.00 2}
COMM 4b-1: 47d991_47dc15_47dce9_47dda2_458469 (1440 1.67 0 1.00 0 9.00){0.00 0.00 0.00 0.00 0.80 0}{0.80 1.00 1.00 1.00 1.60 608}{1.60 2.00 2.00 2.00 2.00 716}{2.00 2.06 3.07 4.00 6.00 114}{6.00 9.00 9.00 9.00 12.00 2}
LOOP0: iter: ( 25 )[ 1 -1 0 4 1 ] mem: ( 12 )[ 1 -1 0 4 1 ]
10 2 
12 7000 
14 16 
1b 0 
2b ( 1 )[ 1 -1 0 2 2 ]
2b ( 3 )[ 1 -1 1 2 2 ]

RANKS: 1 -1 0 4 1
EVENT30: 1113 474a36_474db6_474eef_474fe3_45805c
COMP 4c-0: 46c902_46ccd7_46ce42_46cf63_45800a (1500 16.04 0 16.00 0 17.00){0.00 0.00 0.00 0.00 6.40 0}{6.40 0.00 0.00 0.00 12.80 0}{12.80 16.00 16.04 17.00 19.20 1500}{19.20 0.00 0.00 0.00 25.60 0}{25.60 0.00 0.00 0.00 32.00 0}
COMM 4b-0: 46c902_46ccd7_46ce42_46cf63_45800a (1500 84.33 1 41.00 2 375.00){0.00 41.00 44.16 48.00 48.80 37}{48.80 48.88 53.45 73.00 73.20 842}{73.20 74.00 108.82 125.17 126.00 444}{126.00 127.00 167.29 220.00 222.00 161}{222.00 226.00 289.19 375.00 384.00 16}
10 2 
12 7000 
14 16 
1a ( 1 )[ 1 -1 0 2 2 ]
1a ( 3 )[ 1 -1 1 2 2 ]
1b 0 

RANKS: 1 -1 0 4 1
EVENT31: 1148 47d991_47dc15_47dce9_47dda2_458071
COMP 4c-0: 474a36_474db6_474eef_474fe3_45805c (1500 16.03 0 16.00 0 17.00){0.00 0.00 0.00 0.00 6.40 0}{6.40 0.00 0.00 0.00 12.80 0}{12.80 16.00 16.03 17.00 19.20 1500}{19.20 0.00 0.00 0.00 25.60 0}{25.60 0.00 0.00 0.00 32.00 0}
COMM 4b-0: 474a36_474db6_474eef_474fe3_45805c (1500 1.61 0 1.00 3 6.00){0.00 0.00 0.00 0.00 0.80 0}{0.80 1.00 1.00 1.24 1.60 917}{1.60 2.00 2.00 2.00 2.00 304}{2.00 2.24 3.15 4.00 4.00 277}{4.00 5.00 5.50 6.00 6.00 2}
1c 9999 

RANKS: 1 -1 0 4 1
EVENT32: 1090 46c902_46ccd7_46ce42_46cf63_458110
COMP 4c-0: 47d991_47dc15_47dce9_47dda2_458071 (1500 72.12 0 72.00 0 73.00){0.00 0.00 0.00 0.00 28.80 0}{28.80 0.00 0.00 0.00 57.60 0}{57.60 72.00 72.12 73.00 86.40 1500}{86.40 0.00 0.00 0.00 115.20 0}{115.20 0.00 0.00 0.00 144.00 0}
COMM 4b-0: 47d991_47dc15_47dce9_47dda2_458071 (1500 1.93 0 1.00 2 9.00){0.00 0.00 0.00 0.00 0.80 0}{0.80 1.00 1.44 2.31 2.40 1084}{2.40 2.73 3.03 3.09 3.20 389}{3.20 4.00 4.00 4.00 4.00 2}{4.00 5.00 6.28 9.00 10.00 25}
10 2 
12 7000 
14 16 
1b 0 
2b ( 0 )[ 1 -1 0 2 3 ]
2b ( 1 )[ 1 -1 1 1 0 ]
2b ( 3 )[ 1 -1 2 1 0 ]

RANKS: 1 -1 0 4 1
EVENT33: 1113 474a36_474db6_474eef_474fe3_458145
COMP 4c-0: 46c902_46ccd7_46ce42_46cf63_458110 (1500 16.02 3 16.00 0 17.00){0.00 0.00 0.00 0.00 6.40 0}{6.40 0.00 0.00 0.00 12.80 0}{12.80 16.00 16.02 17.00 19.20 1500}{19.20 0.00 0.00 0.00 25.60 0}{25.60 0.00 0.00 0.00 32.00 0}
COMM 4b-0: 46c902_46ccd7_46ce42_46cf63_458110 (1500 72.82 3 10.00 1 569.00){0.00 10.00 17.41 25.00 26.00 871}{26.00 41.00 75.41 81.35 84.50 325}{84.50 113.50 151.25 188.00 193.50 91}{193.50 223.01 258.00 357.77 374.50 209}{374.50 416.00 483.50 569.00 763.50 4}
10 2 
12 7000 
14 16 
1a ( 0 )[ 1 -1 0 2 3 ]
1a ( 1 )[ 1 -1 1 1 0 ]
1a ( 3 )[ 1 -1 2 1 0 ]
1b 0 

RANKS: 1 -1 0 4 1
EVENT34: 1148 47d991_47dc15_47dce9_47dda2_45815a
COMP 4c-0: 474a36_474db6_474eef_474fe3_458145 (1500 16.00 0 16.00 0 17.00){0.00 0.00 0.00 0.00 6.40 0}{6.40 0.00 0.00 0.00 12.80 0}{12.80 16.00 16.00 17.00 19.20 1500}{19.20 0.00 0.00 0.00 25.60 0}{25.60 0.00 0.00 0.00 32.00 0}
COMM 4b-0: 474a36_474db6_474eef_474fe3_458145 (1500 1.54 0 1.00 1 8.00){0.00 0.00 0.00 0.00 0.80 0}{0.80 1.00 1.00 1.00 1.60 1035}{1.60 2.00 2.12 3.11 3.20 275}{3.20 3.25 3.36 4.00 4.00 163}{4.00 5.00 5.22 8.00 12.00 27}
1c 9999 

RANKS: 1 -1 0 4 1
EVENT35: 1090 46c902_46ccd7_46ce42_46cf63_458276
COMP 4c-0: 47d991_47dc15_47dce9_47dda2_45815a (1500 100.14 0 100.00 0 101.00){0.00 0.00 0.00 0.00 40.00 0}{40.00 0.00 0.00 0.00 80.00 0}{80.00 100.00 100.14 101.00 120.00 1500}{120.00 0.00 0.00 0.00 160.00 0}{160.00 0.00 0.00 0.00 200.00 0}
COMM 4b-0: 47d991_47dc15_47dce9_47dda2_45815a (1500 1.75 0 1.00 1 9.00){0.00 0.00 0.00 0.00 0.80 0}{0.80 1.00 1.00 1.00 1.60 667}{1.60 2.00 2.00 2.00 2.00 318}{2.00 2.24 2.51 4.00 4.03 509}{4.03 5.00 6.33 9.00 13.97 6}
10 2 
12 1 
14 16 
1b 0 
2b ( 1 )[ 1 -1 0 2 2 ]
2b ( 3 )[ 1 -1 1 2 2 ]

RANKS: 1 -1 0 4 1
EVENT36: 1113 474a36_474db6_474eef_474fe3_4582ae
COMP 4c-0: 46c902_46ccd7_46ce42_46cf63_458276 (1500 16.03 0 16.00 0 17.00){0.00 0.00 0.00 0.00 6.40 0}{6.40 0.00 0.00 0.00 12.80 0}{12.80 16.00 16.03 17.00 19.20 1500}{19.20 0.00 0.00 0.00 25.60 0}{25.60 0.00 0.00 0.00 32.00 0}
COMM 4b-0: 46c902_46ccd7_46ce42_46cf63_458276 (1500 3.29 1 2.00 1 10.00){0.00 0.00 0.00 0.00 1.20 0}{1.20 2.00 2.96 4.00 4.80 1323}{4.80 5.00 5.61 6.00 6.00 165}{6.00 7.00 7.38 8.00 8.00 8}{8.00 9.00 9.25 10.00 12.00 4}
10 2 
12 1 
14 16 
1a ( 1 )[ 1 -1 0 2 2 ]
1a ( 3 )[ 1 -1 1 2 2 ]
1b 0 

RANKS: 1 -1 0 4 1
EVENT37: 1148 47d991_47dc15_47dce9_47dda2_4582c3
COMP 4c-0: 474a36_474db6_474eef_474fe3_4582ae (1500 16.01 0 16.00 0 17.00){0.00 0.00 0.00 0.00 6.40 0}{6.40 0.00 0.00 0.00 12.80 0}{12.80 16.00 16.01 17.00 19.20 1500}{19.20 0.00 0.00 0.00 25.60 0}{25.60 0.00 0.00 0.00 32.00 0}
COMM 4b-0: 474a36_474db6_474eef_474fe3_4582ae (1500 74.05 1 1.00 0 654.00){0.00 1.00 4.38 61.00 61.60 884}{61.60 62.00 93.14 121.00 123.20 95}{123.20 124.04 134.19 183.00 184.80 324}{184.80 185.00 242.06 308.00 308.00 143}{308.00 311.00 373.76 654.00 1000.00 54}
1c 9999 

RANKS: 1 -1 0 4 1
EVENT38: 1090 46c902_46ccd7_46ce42_46cf63_45841c
COMP 4c-0: 47d991_47dc15_47dce9_47dda2_4582c3 (1500 163.02 0 163.00 0 164.00){0.00 0.00 0.00 0.00 65.20 0}{65.20 0.00 0.00 0.00 130.40 0}{130.40 163.00 163.02 164.00 195.60 1500}{195.60 0.00 0.00 0.00 260.80 0}{260.80 0.00 0.00 0.00 326.00 0}
COMM 4b-0: 47d991_47dc15_47dce9_47dda2_4582c3 (1500 1.55 0 1.00 1 6.00){0.00 0.00 0.00 0.00 0.80 0}{0.80 1.00 1.00 1.00 1.60 843}{1.60 2.00 2.00 2.00 2.00 505}{2.00 3.00 3.01 4.00 4.00 148}{4.00 5.00 5.50 6.00 8.00 4}
10 2 
12 1 
14 16 
1b 0 
2b ( 1 )[ 1 -1 0 2 2 ]
2b ( 3 )[ 1 -1 1 2 2 ]

RANKS: 1 -1 0 4 1
EVENT39: 1113 474a36_474db6_474eef_474fe3_458454
COMP 4c-0: 46c902_46ccd7_46ce42_46cf63_45841c (1500 16.01 0 16.00 0 17.00){0.00 0.00 0.00 0.00 6.40 0}{6.40 0.00 0.00 0.00 12.80 0}{12.80 16.00 16.01 17.00 19.20 1500}{19.20 0.00 0.00 0.00 25.60 0}{25.60 0.00 0.00 0.00 32.00 0}
COMM 4b-0: 46c902_46ccd7_46ce42_46cf63_45841c (1500 3.04 0 2.00 0 11.00){0.00 0.00 0.00 0.00 1.20 0}{1.20 2.00 2.00 2.00 2.40 100}{2.40 2.84 2.92 3.00 3.60 1291}{3.60 4.00 5.34 6.00 6.00 107}{6.00 7.00 9.00 11.00 16.00 2}
10 2 
12 1 
14 16 
1a ( 1 )[ 1 -1 0 2 2 ]
1a ( 3 )[ 1 -1 1 2 2 ]
1b 0 

RANKS: 1 -1 0 4 1
EVENT40: 1148 47d991_47dc15_47dce9_47dda2_458469
COMP 4c-0: 474a36_474db6_474eef_474fe3_458454 (1500 16.01 0 16.00 0 17.00){0.00 0.00 0.00 0.00 6.40 0}{6.40 0.00 0.00 0.00 12.80 0}{12.80 16.00 16.01 17.00 19.20 1500}{19.20 0.00 0.00 0.00 25.60 0}{25.60 0.00 0.00 0.00 32.00 0}
COMM 4b-0: 474a36_474db6_474eef_474fe3_458454 (1500 21.49 0 2.00 2 214.00){0.00 2.00 3.03 6.00 6.00 949}{6.00 6.00 19.52 28.00 28.00 231}{28.00 28.00 73.78 114.00 114.00 303}{114.00 116.00 135.21 185.00 196.00 14}{196.00 199.00 206.67 214.00 218.00 3}
1c 9999 

RANKS: 1 -1 0 4 1
EVENT41: 1090 46c902_46ccd7_46ce42_46cf63_45861a
COMP 4c-0: 47d991_47dc15_47dce9_47dda2_458469 (60 4363.97 1 4335.00 0 4393.00){0.00 0.00 0.00 0.00 1756.80 0}{1756.80 0.00 0.00 0.00 3513.60 0}{3513.60 4335.00 4363.50 4393.00 5270.40 60}{5270.40 0.00 0.00 0.00 7027.20 0}{7027.20 0.00 0.00 0.00 8784.00 0}
COMM 4b-0: 47d991_47dc15_47dce9_47dda2_458469 (60 1.80 0 1.00 0 4.00){0.00 1.00 1.00 1.00 1.60 21}{1.60 2.00 2.03 3.00 3.20 36}{3.20 4.00 4.00 4.00 4.80 3}{4.80 0.00 0.00 0.00 6.40 0}{6.40 0.00 0.00 0.00 8.00 0}
10 2 
12 7000 
14 16 
1b 0 
2b ( 1 )[ 1 -1 0 2 2 ]
2b ( 3 )[ 1 -1 1 2 2 ]

RANKS: 1 -1 0 4 1
EVENT42: 1113 474a36_474db6_474eef_474fe3_45866c
COMP 4c-0: 46c902_46ccd7_46ce42_46cf63_45861a (60 16.03 0 16.00 1 17.00){0.00 0.00 0.00 0.00 6.40 0}{6.40 0.00 0.00 0.00 12.80 0}{12.80 16.00 16.03 17.00 19.20 60}{19.20 0.00 0.00 0.00 25.60 0}{25.60 0.00 0.00 0.00 32.00 0}
COMM 4b-0: 46c902_46ccd7_46ce42_46cf63_45861a (60 99.87 2 42.00 2 337.00){0.00 0.00 0.00 0.00 40.80 0}{40.80 42.00 49.48 81.00 81.60 21}{81.60 84.00 109.28 131.25 134.00 29}{134.00 135.00 166.22 202.00 220.00 9}{220.00 337.00 337.00 337.00 454.00 1}
10 2 
12 7000 
14 16 
1a ( 1 )[ 1 -1 0 2 2 ]
1a ( 3 )[ 1 -1 1 2 2 ]
1b 0 

RANKS: 1 -1 0 4 1
EVENT43: 1148 47d991_47dc15_47dce9_47dda2_458681
COMP 4c-0: 474a36_474db6_474eef_474fe3_45866c (60 16.03 0 16.00 0 17.00){0.00 0.00 0.00 0.00 6.40 0}{6.40 0.00 0.00 0.00 12.80 0}{12.80 16.00 16.03 17.00 19.20 60}{19.20 0.00 0.00 0.00 25.60 0}{25.60 0.00 0.00 0.00 32.00 0}
COMM 4b-0: 474a36_474db6_474eef_474fe3_45866c (60 1.90 0 1.00 3 5.00){0.00 0.00 0.00 0.00 0.80 0}{0.80 1.00 1.00 1.00 1.60 33}{1.60 2.00 2.00 2.00 2.00 10}{2.00 3.00 3.56 4.00 4.00 16}{4.00 5.00 5.00 5.00 6.00 1}
1c 9999 

RANKS: 1 -1 0 4 1
EVENT44: 1090 46c902_46ccd7_46ce42_46cf63_458722
COMP 4c-0: 47d991_47dc15_47dce9_47dda2_458681 (60 72.13 0 72.00 0 73.00){0.00 0.00 0.00 0.00 28.80 0}{28.80 0.00 0.00 0.00 57.60 0}{57.60 72.00 72.13 73.00 86.40 60}{86.40 0.00 0.00 0.00 115.20 0}{115.20 0.00 0.00 0.00 144.00 0}
COMM 4b-0: 47d991_47dc15_47dce9_47dda2_458681 (60 2.00 0 1.00 1 3.00){0.00 0.00 0.00 0.00 0.80 0}{0.80 1.00 1.00 1.00 1.60 21}{1.60 2.00 2.00 2.00 2.40 18}{2.40 3.00 3.00 3.00 3.20 21}{3.20 0.00 0.00 0.00 4.00 0}
10 2 
12 7000 
14 16 
1b 0 
2b ( 0 )[ 1 -1 0 2 3 ]
2b ( 1 )[ 1 -1 1 1 0 ]
2b ( 3 )[ 1 -1 2 1 0 ]

RANKS: 1 -1 0 4 1
EVENT45: 1113 474a36_474db6_474eef_474fe3_458757
COMP 4c-0: 46c902_46ccd7_46ce42_46cf63_458722 (60 16.02 0 16.00 0 17.00){0.00 0.00 0.00 0.00 6.40 0}{6.40 0.00 0.00 0.00 12.80 0}{12.80 16.00 16.02 17.00 19.20 60}{19.20 0.00 0.00 0.00 25.60 0}{25.60 0.00 0.00 0.00 32.00 0}
COMM 4b-0: 46c902_46ccd7_46ce42_46cf63_458722 (60 62.70 0 11.00 2 302.00){0.00 0.00 0.00 0.00 9.60 0}{9.60 11.00 13.60 24.00 24.00 30}{24.00 41.00 43.82 49.00 58.00 11}{58.00 61.00 68.00 73.00 74.00 4}{74.00 79.33 176.73 302.00 504.00 15}
10 2 
12 7000 
14 16 
1a ( 0 )[ 1 -1 0 2 3 ]
1a ( 1 )[ 1 -1 1 1 0 ]
1a ( 3 )[ 1 -1 2 1 0 ]
1b 0 

RANKS: 1 -1 0 4 1
EVENT46: 1148 47d991_47dc15_47dce9_47dda2_45876c
COMP 4c-0: 474a36_474db6_474eef_474fe3_458757 (60 16.00 0 16.00 0 16.00){0.00 0.00 0.00 0.00 6.40 0}{6.40 0.00 0.00 0.00 12.80 0}{12.80 16.00 16.00 16.00 19.20 60}{19.20 0.00 0.00 0.00 25.60 0}{25.60 0.00 0.00 0.00 32.00 0}
COMM 4b-0: 474a36_474db6_474eef_474fe3_458757 (60 1.51 0 1.00 1 4.00){0.00 0.00 0.00 0.00 0.40 0}{0.40 0.00 0.00 0.00 0.80 0}{0.80 1.00 1.00 1.00 1.60 40}{1.60 2.00 2.00 2.00 2.00 12}{2.00 3.00 3.38 4.00 4.00 8}
1c 9999 

RANKS: 1 -1 0 4 1
EVENT47: 1090 46c902_46ccd7_46ce42_46cf63
COMP 4c-0: 47d991_47dc15_47dce9_47dda2 (60 85.00 0 85.00 0 85.00){0.00 0.00 0.00 0.00 34.00 0}{34.00 0.00 0.00 0.00 68.00 0}{68.00 85.00 85.00 85.00 102.00 60}{102.00 0.00 0.00 0.00 136.00 0}{136.00 0.00 0.00 0.00 170.00 0}
COMP 4c-1: 47d991_47dc15_47dce9_47dda2_45876c (60 78.00 0 78.00 0 78.00){0.00 0.00 0.00 0.00 31.20 0}{31.20 0.00 0.00 0.00 62.40 0}{62.40 78.00 78.00 78.00 93.60 60}{93.60 0.00 0.00 0.00 124.80 0}{124.80 0.00 0.00 0.00 156.00 0}
COMM 4b-0: 47d991_47dc15_47dce9_47dda2 (60 1.41 0 1.00 1 3.00){0.00 0.00 0.00 0.00 0.40 0}{0.40 0.00 0.00 0.00 0.80 0}{0.80 1.00 1.00 1.00 1.60 41}{1.60 2.00 2.00 2.00 2.00 13}{2.00 3.00 3.00 3.00 4.00 6}
COMM 4b-1: 47d991_47dc15_47dce9_47dda2_45876c (60 1.54 0 1.00 3 3.00){0.00 0.00 0.00 0.00 0.80 0}{0.80 1.00 1.00 1.00 1.60 33}{1.60 2.00 2.00 2.00 2.40 22}{2.40 3.00 3.00 3.00 3.20 5}{3.20 0.00 0.00 0.00 4.00 0}
LOOP0: iter: ( 2 )[ 1 -1 0 4 1 ] mem: ( 3 )[ 1 -1 0 4 1 ]
10 2 
12 1 2 
14 16 
1b 0 
2b ( 1 )[ 1 -1 0 2 2 ]
2b ( 3 )[ 1 -1 1 2 2 ]

RANKS: 1 -1 0 4 1
EVENT48: 1113 474a36_474db6_474eef_474fe3
COMP 4c-0: 46c902_46ccd7_46ce42_46cf63 (120 14.95 0 14.00 0 15.00){0.00 0.00 0.00 0.00 6.00 0}{6.00 0.00 0.00 0.00 12.00 0}{12.00 14.00 14.95 15.00 18.00 120}{18.00 0.00 0.00 0.00 24.00 0}{24.00 0.00 0.00 0.00 30.00 0}
COMM 4b-0: 46c902_46ccd7_46ce42_46cf63 (120 3.02 0 2.00 3 6.00){0.00 0.00 0.00 0.00 1.20 0}{1.20 2.00 2.00 2.00 2.40 20}{2.40 3.00 3.00 3.00 3.60 90}{3.60 4.00 4.00 4.00 4.80 3}{4.80 5.00 5.86 6.00 6.00 7}
10 2 
12 1 2 
14 16 
1a ( 1 )[ 1 -1 0 2 2 ]
1a ( 3 )[ 1 -1 1 2 2 ]
1b 0 

RANKS: 1 -1 0 4 1
EVENT49: 1148 47d991_47dc15_47dce9_47dda2
COMP 4c-0: 474a36_474db6_474eef_474fe3 (120 14.51 0 14.00 0 15.00){0.00 0.00 0.00 0.00 6.00 0}{6.00 0.00 0.00 0.00 12.00 0}{12.00 14.00 14.51 15.00 18.00 120}{18.00 0.00 0.00 0.00 24.00 0}{24.00 0.00 0.00 0.00 30.00 0}
COMM 4b-0: 474a36_474db6_474eef_474fe3 (120 48.00 1 1.00 0 379.00){0.00 1.00 14.72 91.00 91.60 99}{91.60 93.00 138.20 182.00 183.20 10}{183.20 189.00 222.44 268.00 274.80 9}{274.80 359.00 359.00 359.00 366.40 1}{366.40 379.00 379.00 379.00 458.00 1}
1c 9999 

RANKS: 1 -1 0 4 1
EVENT50: 1104 470fe5_471382_4714e6_4715f5
COMP 4c-0: 47d991_47dc15_47dce9_47dda2 (4 113.60 1 106.00 0 125.00){0.00 0.00 0.00 0.00 50.00 0}{50.00 0.00 0.00 0.00 100.00 0}{100.00 106.00 110.75 125.00 150.00 4}{150.00 0.00 0.00 0.00 200.00 0}{200.00 0.00 0.00 0.00 250.00 0}
COMM 4b-0: 47d991_47dc15_47dce9_47dda2 (4 8331.20 1 10.00 3 13974.00){0.00 10.00 10.00 10.00 5532.40 2}{5532.40 0.00 0.00 0.00 11064.80 0}{11064.80 13831.00 13902.50 13974.00 16597.20 2}{16597.20 0.00 0.00 0.00 22129.60 0}{22129.60 0.00 0.00 0.00 27662.00 0}
10 2 
12 1 
14 16 
18 1 
19 0 

RANKS: 1 -1 0 4 1
EVENT51: 1045 4657cb_46583f_4658a5_465900
COMP 4c-0: 470fe5_471382_4714e6_4715f5 (4 28560.80 0 207.00 2 70768.00){0.00 0.00 0.00 0.00 82.80 0}{82.80 0.00 0.00 0.00 165.60 0}{165.60 207.00 207.00 207.00 414.00 1}{414.00 2357.00 2357.00 2357.00 4300.00 1}{4300.00 69265.00 70016.50 70768.00 134230.00 2}

