RANKS: 1 -1 0 4 1
EVENT0: 1084 47913c_4791fb_479291_4792ec
33 2 
34 0 

RANKS: 1 -1 0 4 1
EVENT1: 1011 46d319_46d648_46d763_46d84f
COMP 4b-0: 46d319_46d648_46d763_46d84f (32 5.55 0 5.00 0 6.00){0.00 0.00 0.00 0.00 2.40 0}{2.40 0.00 0.00 0.00 4.80 0}{4.80 5.00 5.53 6.00 7.20 32}{7.20 0.00 0.00 0.00 9.60 0}{9.60 0.00 0.00 0.00 12.00 0}
COMP 4b-1: 47913c_4791fb_479291_4792ec (4 266.80 3 56.00 0 578.00){0.00 56.00 59.33 65.00 231.20 3}{231.20 0.00 0.00 0.00 462.40 0}{462.40 578.00 578.00 578.00 693.60 1}{693.60 0.00 0.00 0.00 924.80 0}{924.80 0.00 0.00 0.00 1156.00 0}
COMM 4b-0: 46d319_46d648_46d763_46d84f (32 11.36 0 2.00 0 66.00){0.00 0.00 0.00 0.00 0.80 0}{0.80 0.00 0.00 0.00 1.60 0}{1.60 2.00 2.00 2.00 2.40 8}{2.40 2.67 2.93 3.04 4.00 14}{4.00 5.00 31.60 66.00 128.00 10}
COMM 4b-1: 47913c_4791fb_479291_4792ec (4 555.20 0 19.00 1 1103.00){0.00 0.00 0.00 0.00 7.60 0}{7.60 0.00 0.00 0.00 15.20 0}{15.20 19.00 19.00 19.00 30.40 1}{30.40 0.00 0.00 0.00 38.00 0}{38.00 547.00 912.67 1103.00 2138.00 3}
LOOP0: iter: ( 9 )[ 1 -1 0 4 1 ] mem: ( 1 )[ 1 -1 0 4 1 ]
10 2 
12 1 1 1 1 1 5 1 1 1 
14 14 14 14 16 16 16 14 14 14 
19 0 

RANKS: 1 -1 2 1 0
EVENT2: 1113 48206a_4823ea_482523_482617
COMP 4b-0: 46d319_46d648_46d763_46d84f (1 140104.00 2 140104.00 2 140104.00){0.00 0.00 0.00 0.00 56041.60 0}{56041.60 0.00 0.00 0.00 112083.20 0}{112083.20 140104.00 140104.00 140104.00 168124.80 1}{168124.80 0.00 0.00 0.00 224166.40 0}{224166.40 0.00 0.00 0.00 280208.00 0}
COMM 4b-0: 46d319_46d648_46d763_46d84f (1 509.00 2 509.00 2 509.00){0.00 0.00 0.00 0.00 203.60 0}{203.60 0.00 0.00 0.00 407.20 0}{407.20 509.00 509.00 509.00 610.80 1}{610.80 0.00 0.00 0.00 814.40 0}{814.40 0.00 0.00 0.00 1018.00 0}
10 2 
12 52020 
14 16 
1a 1 
1b 0 

RANKS: 1 -1 1 2 1
EVENT3: 1090 479f36_47a30b_47a476_47a597
COMP 4b-0: 46d319_46d648_46d763_46d84f (1 139858.00 1 139858.00 1 139858.00){0.00 0.00 0.00 0.00 55943.20 0}{55943.20 0.00 0.00 0.00 111886.40 0}{111886.40 139858.00 139858.00 139858.00 167829.60 1}{167829.60 0.00 0.00 0.00 223772.80 0}{223772.80 0.00 0.00 0.00 279716.00 0}
COMP 4b-1: 48206a_4823ea_482523_482617 (1 11.00 2 11.00 2 11.00){0.00 0.00 0.00 0.00 4.40 0}{4.40 0.00 0.00 0.00 8.80 0}{8.80 11.00 11.00 11.00 13.20 1}{13.20 0.00 0.00 0.00 17.60 0}{17.60 0.00 0.00 0.00 22.00 0}
COMP 4b-2: 48afc5_48b249_48b31d_48b3d6 (1 24563.00 2 24563.00 2 24563.00){0.00 0.00 0.00 0.00 9825.20 0}{9825.20 0.00 0.00 0.00 19650.40 0}{19650.40 24563.00 24563.00 24563.00 29475.60 1}{29475.60 0.00 0.00 0.00 39300.80 0}{39300.80 0.00 0.00 0.00 49126.00 0}
COMM 4b-0: 46d319_46d648_46d763_46d84f (1 5.00 1 5.00 1 5.00){0.00 0.00 0.00 0.00 2.00 0}{2.00 0.00 0.00 0.00 4.00 0}{4.00 5.00 5.00 5.00 6.00 1}{6.00 0.00 0.00 0.00 8.00 0}{8.00 0.00 0.00 0.00 10.00 0}
COMM 4b-1: 48206a_4823ea_482523_482617 (1 4.00 2 4.00 2 4.00){0.00 0.00 0.00 0.00 1.60 0}{1.60 0.00 0.00 0.00 3.20 0}{3.20 4.00 4.00 4.00 4.80 1}{4.80 0.00 0.00 0.00 6.40 0}{6.40 0.00 0.00 0.00 8.00 0}
COMM 4b-2: 48afc5_48b249_48b31d_48b3d6 (1 3.00 2 3.00 2 3.00){0.00 0.00 0.00 0.00 1.20 0}{1.20 0.00 0.00 0.00 2.40 0}{2.40 3.00 3.00 3.00 3.60 1}{3.60 0.00 0.00 0.00 4.80 0}{4.80 0.00 0.00 0.00 6.00 0}
LOOP0: iter: ( 2 )[ 1 -1 2 1 0 ] mem: ( 2 )[ 1 -1 2 1 0 ]
10 2 
12 52020 
14 16 
1b 0 
2b 2147483647 

RANKS: 1 -1 1 2 1
EVENT4: 1148 48afc5_48b249_48b31d_48b3d6
COMP 4b-0: 479f36_47a30b_47a476_47a597 (3 12.75 2 6.00 1 16.00){0.00 6.00 6.00 6.00 6.40 1}{6.40 0.00 0.00 0.00 12.80 0}{12.80 13.00 14.50 16.00 19.20 2}{19.20 0.00 0.00 0.00 25.60 0}{25.60 0.00 0.00 0.00 32.00 0}
COMM 4b-0: 479f36_47a30b_47a476_47a597 (3 614.25 2 332.00 1 715.00){0.00 0.00 0.00 0.00 286.00 0}{286.00 332.00 332.00 332.00 572.00 1}{572.00 695.00 705.00 715.00 858.00 2}{858.00 0.00 0.00 0.00 1144.00 0}{1144.00 0.00 0.00 0.00 1430.00 0}
1c 9999 

RANKS: 1 -1 1 2 1
EVENT5: 1113 48206a_4823ea_482523_482617
COMP 4b-0: 48206a_4823ea_482523_482617 (2 33083.00 1 24622.00 2 50005.00){0.00 0.00 0.00 0.00 9848.80 0}{9848.80 0.00 0.00 0.00 19697.60 0}{19697.60 24622.00 24622.00 24622.00 39395.20 1}{39395.20 0.00 0.00 0.00 49244.00 0}{49244.00 50005.00 50005.00 50005.00 50766.00 1}
COMP 4b-1: 48afc5_48b249_48b31d_48b3d6 (2 314.33 2 289.00 1 327.00){0.00 0.00 0.00 0.00 130.80 0}{130.80 0.00 0.00 0.00 261.60 0}{261.60 289.00 308.00 327.00 392.40 2}{392.40 0.00 0.00 0.00 523.20 0}{523.20 0.00 0.00 0.00 654.00 0}
COMM 4b-0: 48206a_4823ea_482523_482617 (2 248.00 2 246.00 1 249.00){0.00 0.00 0.00 0.00 99.60 0}{99.60 0.00 0.00 0.00 199.20 0}{199.20 246.00 247.50 249.00 298.80 2}{298.80 0.00 0.00 0.00 398.40 0}{398.40 0.00 0.00 0.00 498.00 0}
COMM 4b-1: 48afc5_48b249_48b31d_48b3d6 (2 367.33 2 234.00 1 434.00){0.00 0.00 0.00 0.00 173.60 0}{173.60 234.00 234.00 234.00 347.20 1}{347.20 434.00 434.00 434.00 520.80 1}{520.80 0.00 0.00 0.00 694.40 0}{694.40 0.00 0.00 0.00 868.00 0}
LOOP0: iter: ( 2 )[ 1 -1 1 2 1 ] mem: ( 1 )[ 1 -1 1 2 1 ]
10 2 
12 52020 
14 16 
1a ( 3 2 )[ 1 -1 1 1 0 ]
1a ( 2 1 )[ 1 -1 2 1 0 ]
1b 0 

RANKS: 1 -1 1 3 1
EVENT6: 1090 479f36_47a30b_47a476_47a597
COMP 4b-0: 46d319_46d648_46d763_46d84f (1 140091.00 3 140091.00 3 140091.00){0.00 0.00 0.00 0.00 56036.40 0}{56036.40 0.00 0.00 0.00 112072.80 0}{112072.80 140091.00 140091.00 140091.00 168109.20 1}{168109.20 0.00 0.00 0.00 224145.60 0}{224145.60 0.00 0.00 0.00 280182.00 0}
COMP 4b-1: 48206a_4823ea_482523_482617 (5 15937.00 1 7.00 3 49948.00){0.00 0.00 0.00 0.00 2.80 0}{2.80 0.00 0.00 0.00 5.60 0}{5.60 7.00 7.00 7.00 14.00 2}{14.00 21202.00 22826.50 24451.00 42390.00 2}{42390.00 49948.00 49948.00 49948.00 57506.00 1}
COMP 4b-2: 48afc5_48b249_48b31d_48b3d6 (2 40390.67 2 21308.00 1 49932.00){0.00 0.00 0.00 0.00 19972.80 0}{19972.80 21308.00 21308.00 21308.00 39945.60 1}{39945.60 49932.00 49932.00 49932.00 59918.40 1}{59918.40 0.00 0.00 0.00 79891.20 0}{79891.20 0.00 0.00 0.00 99864.00 0}
COMM 4b-0: 46d319_46d648_46d763_46d84f (1 5.00 3 5.00 3 5.00){0.00 0.00 0.00 0.00 2.00 0}{2.00 0.00 0.00 0.00 4.00 0}{4.00 5.00 5.00 5.00 6.00 1}{6.00 0.00 0.00 0.00 8.00 0}{8.00 0.00 0.00 0.00 10.00 0}
COMM 4b-1: 48206a_4823ea_482523_482617 (5 2.17 2 1.00 3 3.00){0.00 0.00 0.00 0.00 0.80 0}{0.80 1.00 1.00 1.00 1.60 1}{1.60 2.00 2.00 2.00 2.40 2}{2.40 3.00 3.00 3.00 3.20 2}{3.20 0.00 0.00 0.00 4.00 0}
COMM 4b-2: 48afc5_48b249_48b31d_48b3d6 (2 3.00 1 3.00 1 3.00){0.00 0.00 0.00 0.00 1.20 0}{1.20 0.00 0.00 0.00 2.40 0}{2.40 3.00 3.00 3.00 3.60 2}{3.60 0.00 0.00 0.00 4.80 0}{4.80 0.00 0.00 0.00 6.00 0}
LOOP0: iter: ( 2 )[ 1 -1 1 2 1 ]( 4 )[ 1 -1 3 1 0 ] mem: ( 2 )[ 1 -1 1 2 1 ]( 3 )[ 1 -1 3 1 0 ]
10 2 
12 52020 
14 16 
1b 0 
2b 2147483647 

RANKS: 1 -1 1 3 1
EVENT7: 1148 48afc5_48b249_48b31d_48b3d6
COMP 4b-0: 479f36_47a30b_47a476_47a597 (8 8.11 2 5.00 3 16.00){0.00 0.00 0.00 0.00 4.00 0}{4.00 5.00 6.17 8.00 8.00 6}{8.00 10.00 10.00 10.00 12.00 1}{12.00 16.00 16.00 16.00 16.00 1}{16.00 0.00 0.00 0.00 20.00 0}
COMM 4b-0: 479f36_47a30b_47a476_47a597 (8 450.78 3 281.00 2 530.00){0.00 0.00 0.00 0.00 182.80 0}{182.80 281.00 281.00 281.00 365.60 1}{365.60 376.00 474.14 530.00 548.40 7}{548.40 0.00 0.00 0.00 731.20 0}{731.20 0.00 0.00 0.00 914.00 0}
1c 9999 

RANKS: 1 -1 0 4 1
EVENT8: 1113 48206a_4823ea_482523_482617
COMP 4b-0: 46d319_46d648_46d763_46d84f (1 140135.00 0 140135.00 0 140135.00){0.00 0.00 0.00 0.00 56054.00 0}{56054.00 0.00 0.00 0.00 112108.00 0}{112108.00 140135.00 140135.00 140135.00 168162.00 1}{168162.00 0.00 0.00 0.00 224216.00 0}{224216.00 0.00 0.00 0.00 280270.00 0}
COMP 4b-1: 48206a_4823ea_482523_482617 (1 21329.00 1 21329.00 1 21329.00){0.00 0.00 0.00 0.00 8531.60 0}{8531.60 0.00 0.00 0.00 17063.20 0}{17063.20 21329.00 21329.00 21329.00 25594.80 1}{25594.80 0.00 0.00 0.00 34126.40 0}{34126.40 0.00 0.00 0.00 42658.00 0}
COMP 4b-2: 48afc5_48b249_48b31d_48b3d6 (9 12287.20 2 293.00 0 50169.00){0.00 293.00 315.83 336.00 9877.60 6}{9877.60 0.00 0.00 0.00 19755.20 0}{19755.20 21420.00 23057.00 24694.00 39510.40 2}{39510.40 0.00 0.00 0.00 49388.00 0}{49388.00 50169.00 50169.00 50169.00 50950.00 1}
COMM 4b-0: 46d319_46d648_46d763_46d84f (1 495.00 0 495.00 0 495.00){0.00 0.00 0.00 0.00 198.00 0}{198.00 0.00 0.00 0.00 396.00 0}{396.00 495.00 495.00 495.00 594.00 1}{594.00 0.00 0.00 0.00 792.00 0}{792.00 0.00 0.00 0.00 990.00 0}
COMM 4b-1: 48206a_4823ea_482523_482617 (1 247.00 1 247.00 1 247.00){0.00 0.00 0.00 0.00 98.80 0}{98.80 0.00 0.00 0.00 197.60 0}{197.60 247.00 247.00 247.00 296.40 1}{296.40 0.00 0.00 0.00 395.20 0}{395.20 0.00 0.00 0.00 494.00 0}
COMM 4b-2: 48afc5_48b249_48b31d_48b3d6 (9 258.70 1 232.00 3 442.00){0.00 0.00 0.00 0.00 97.20 0}{97.20 0.00 0.00 0.00 194.40 0}{194.40 232.00 237.75 243.00 291.60 8}{291.60 0.00 0.00 0.00 388.80 0}{388.80 442.00 442.00 442.00 486.00 1}
LOOP0: iter: ( 4 )[ 1 -1 0 1 0 ]( 2 )[ 1 -1 1 1 0 ] mem: ( 3 )[ 1 -1 0 1 0 ]( 1 )[ 1 -1 1 1 0 ]
10 2 
12 52020 
14 16 
1a ( 1 2 )[ 1 -1 0 1 0 ]
1a ( 3 2 )[ 1 -1 1 2 2 ]
1a ( 2 )[ 1 -1 2 1 0 ]
1b 0 

RANKS: 1 -1 0 2 1
EVENT9: 1090 479f36_47a30b_47a476_47a597
COMP 4b-0: 48206a_4823ea_482523_482617 (5 8.00 0 6.00 0 11.00){0.00 0.00 0.00 0.00 4.40 0}{4.40 6.00 6.50 7.00 8.80 4}{8.80 11.00 11.00 11.00 13.20 1}{13.20 0.00 0.00 0.00 17.60 0}{17.60 0.00 0.00 0.00 22.00 0}
COMM 4b-0: 48206a_4823ea_482523_482617 (5 2.67 0 2.00 0 4.00){0.00 0.00 0.00 0.00 1.60 0}{1.60 2.00 2.00 2.00 3.20 4}{3.20 4.00 4.00 4.00 4.80 1}{4.80 0.00 0.00 0.00 6.40 0}{6.40 0.00 0.00 0.00 8.00 0}
10 2 
12 52020 
14 16 
1b 0 
2b 2147483647 

RANKS: 1 -1 0 2 1
EVENT10: 1148 48afc5_48b249_48b31d_48b3d6
COMP 4b-0: 479f36_47a30b_47a476_47a597 (5 8.33 0 6.00 0 12.00){0.00 0.00 0.00 0.00 4.80 0}{4.80 6.00 6.50 7.00 9.60 4}{9.60 12.00 12.00 12.00 14.40 1}{14.40 0.00 0.00 0.00 19.20 0}{19.20 0.00 0.00 0.00 24.00 0}
COMM 4b-0: 479f36_47a30b_47a476_47a597 (5 553.33 1 457.00 0 680.00){0.00 0.00 0.00 0.00 272.00 0}{272.00 457.00 490.00 520.00 544.00 4}{544.00 680.00 680.00 680.00 816.00 1}{816.00 0.00 0.00 0.00 1088.00 0}{1088.00 0.00 0.00 0.00 1360.00 0}
1c 9999 

RANKS: 1 -1 0 4 1
EVENT11: 1004 46a49f_46a7ff_46a942_46aa34
COMP 4b-0: 48206a_4823ea_482523_482617 (2 45521.33 2 45364.00 3 45600.00){0.00 0.00 0.00 0.00 18240.00 0}{18240.00 0.00 0.00 0.00 36480.00 0}{36480.00 45364.00 45482.00 45600.00 54720.00 2}{54720.00 0.00 0.00 0.00 72960.00 0}{72960.00 0.00 0.00 0.00 91200.00 0}
COMP 4b-1: 48afc5_48b249_48b31d_48b3d6 (2 45539.67 1 45501.00 0 45559.00){0.00 0.00 0.00 0.00 18223.60 0}{18223.60 0.00 0.00 0.00 36447.20 0}{36447.20 45501.00 45530.00 45559.00 54670.80 2}{54670.80 0.00 0.00 0.00 72894.40 0}{72894.40 0.00 0.00 0.00 91118.00 0}
COMM 4b-0: 48206a_4823ea_482523_482617 (2 140.00 3 83.00 2 254.00){0.00 0.00 0.00 0.00 33.20 0}{33.20 0.00 0.00 0.00 66.40 0}{66.40 83.00 83.00 83.00 132.80 1}{132.80 0.00 0.00 0.00 166.00 0}{166.00 254.00 254.00 254.00 342.00 1}
COMM 4b-1: 48afc5_48b249_48b31d_48b3d6 (2 99.00 0 39.00 1 219.00){0.00 0.00 0.00 0.00 15.60 0}{15.60 0.00 0.00 0.00 31.20 0}{31.20 39.00 39.00 39.00 62.40 1}{62.40 0.00 0.00 0.00 78.00 0}{78.00 219.00 219.00 219.00 360.00 1}
10 2 
12 5 
14 16 
18 3 

RANKS: 1 -1 0 4 1
EVENT12: 1010 46ce30_46d065_46d109_46d185
COMP 4b-0: 46a49f_46a7ff_46a942_46aa34 (4 7.80 2 7.00 0 8.00){0.00 0.00 0.00 0.00 3.20 0}{3.20 0.00 0.00 0.00 6.40 0}{6.40 7.00 7.75 8.00 9.60 4}{9.60 0.00 0.00 0.00 12.80 0}{12.80 0.00 0.00 0.00 16.00 0}
COMM 4b-0: 46a49f_46a7ff_46a942_46aa34 (4 169.40 1 136.00 3 260.00){0.00 0.00 0.00 0.00 61.20 0}{61.20 0.00 0.00 0.00 122.40 0}{122.40 136.00 144.67 153.00 183.60 3}{183.60 0.00 0.00 0.00 244.80 0}{244.80 260.00 260.00 260.00 306.00 1}
10 2 

RANKS: 1 -1 1 3 1
EVENT13: 1102 47d5a9_47d96e_47dad8_47dbf7
COMP 4b-0: 46ce30_46d065_46d109_46d185 (3 2033.25 1 2026.00 2 2045.00){0.00 0.00 0.00 0.00 810.40 0}{810.40 0.00 0.00 0.00 1620.80 0}{1620.80 2026.00 2035.67 2045.00 2431.20 3}{2431.20 0.00 0.00 0.00 3241.60 0}{3241.60 0.00 0.00 0.00 4052.00 0}
COMP 4b-1: 47d5a9_47d96e_47dad8_47dbf7 (199 432.96 3 6.00 3 889.00){0.00 0.00 0.00 0.00 3.20 0}{3.20 6.00 6.00 6.00 6.40 39}{6.40 7.00 7.03 8.00 12.80 60}{12.80 15.00 15.00 15.00 16.00 1}{16.00 865.00 867.80 889.00 1724.00 99}
COMP 4b-2: 48206a_4823ea_482523_482617 (398 368.64 1 352.00 1 400.00){0.00 0.00 0.00 0.00 152.40 0}{152.40 0.00 0.00 0.00 304.80 0}{304.80 352.00 368.61 400.00 457.20 398}{457.20 0.00 0.00 0.00 609.60 0}{609.60 0.00 0.00 0.00 762.00 0}
COMM 4b-0: 46ce30_46d065_46d109_46d185 (3 622.50 2 502.00 3 972.00){0.00 0.00 0.00 0.00 203.20 0}{203.20 0.00 0.00 0.00 406.40 0}{406.40 502.00 505.00 508.00 609.60 2}{609.60 0.00 0.00 0.00 812.80 0}{812.80 972.00 972.00 972.00 1016.00 1}
COMM 4b-1: 47d5a9_47d96e_47dad8_47dbf7 (199 4.87 3 1.00 3 147.00){0.00 1.00 1.15 2.00 3.20 99}{3.20 4.00 4.00 4.00 4.00 18}{4.00 5.00 6.82 14.00 22.00 79}{22.00 30.00 50.00 70.00 118.00 2}{118.00 147.00 147.00 147.00 176.00 1}
COMM 4b-2: 48206a_4823ea_482523_482617 (398 10.21 1 2.00 1 1181.00){0.00 2.00 3.53 9.00 9.20 390}{9.20 0.00 0.00 0.00 18.40 0}{18.40 23.00 24.50 26.00 46.00 2}{46.00 54.00 54.00 54.00 62.00 1}{62.00 66.00 513.80 1181.00 2300.00 5}
LOOP0: iter: ( 200 )[ 1 -1 1 3 1 ] mem: ( 2 )[ 1 -1 1 2 1 ]( 1 )[ 1 -1 3 1 0 ]
10 2 
12 250 
14 16 
1b 0 
2b ( 3 3 3 3 3 3 3 3 3 3 3 3 3 3 3 3 3 3 3 3 3 3 3 3 3 3 3 3 3 3 3 3 3 3 3 3 3 3 3 3 3 3 3 3 3 3 3 3 3 3 3 3 3 3 3 3 3 3 3 3 3 3 3 3 3 3 3 3 3 3 3 3 3 3 3 3 3 3 3 3 3 3 3 3 3 3 3 3 3 3 3 3 3 3 3 3 3 3 3 3 2 2 2 2 2 2 2 2 2 2 2 2 2 2 2 2 2 2 2 2 2 2 2 2 2 2 2 2 2 2 2 2 2 2 2 2 2 2 2 2 2 2 2 2 2 2 2 2 2 2 2 2 2 2 2 2 2 2 2 2 2 2 2 2 2 2 2 2 2 2 2 2 2 2 2 2 2 2 2 2 2 2 2 2 2 2 2 2 2 2 2 2 2 2 2 2 2 2 2 2 )[ 1 -1 1 1 0 ]
2b ( 3 2 )[ 1 -1 3 1 0 ]
2b ( 2 2 2 2 2 2 2 2 2 2 2 2 2 2 2 2 2 2 2 2 2 2 2 2 2 2 2 2 2 2 2 2 2 2 2 2 2 2 2 2 2 2 2 2 2 2 2 2 2 2 2 2 2 2 2 2 2 2 2 2 2 2 2 2 2 2 2 2 2 2 2 2 2 2 2 2 2 2 2 2 2 2 2 2 2 2 2 2 2 2 2 2 2 2 2 2 2 2 2 2 1 1 1 1 1 1 1 1 1 1 1 1 1 1 1 1 1 1 1 1 1 1 1 1 1 1 1 1 1 1 1 1 1 1 1 1 1 1 1 1 1 1 1 1 1 1 1 1 1 1 1 1 1 1 1 1 1 1 1 1 1 1 1 1 1 1 1 1 1 1 1 1 1 1 1 1 1 1 1 1 1 1 1 1 1 1 1 1 1 1 1 1 1 1 1 1 1 1 1 1 )[ 1 -1 2 1 0 ]

RANKS: 1 -1 2 1 0
EVENT14: 1113 48206a_4823ea_482523_482617
COMP 4b-0: 47d5a9_47d96e_47dad8_47dbf7 (200 481.30 2 463.00 2 516.00){0.00 0.00 0.00 0.00 199.60 0}{199.60 0.00 0.00 0.00 399.20 0}{399.20 463.00 481.21 516.00 598.80 200}{598.80 0.00 0.00 0.00 798.40 0}{798.40 0.00 0.00 0.00 998.00 0}
COMM 4b-0: 47d5a9_47d96e_47dad8_47dbf7 (200 3.38 2 2.00 2 105.00){0.00 2.00 2.00 2.00 2.80 78}{2.80 3.00 3.01 4.00 5.60 116}{5.60 7.00 7.00 7.00 11.20 1}{11.20 13.00 13.33 14.00 14.00 3}{14.00 16.00 60.50 105.00 196.00 2}
10 2 
12 250 
14 16 
1a 1 1 1 1 1 1 1 1 1 1 1 1 1 1 1 1 1 1 1 1 1 1 1 1 1 1 1 1 1 1 1 1 1 1 1 1 1 1 1 1 1 1 1 1 1 1 1 1 1 1 1 1 1 1 1 1 1 1 1 1 1 1 1 1 1 1 1 1 1 1 1 1 1 1 1 1 1 1 1 1 1 1 1 1 1 1 1 1 1 1 1 1 1 1 1 1 1 1 1 1 2 2 2 2 2 2 2 2 2 2 2 2 2 2 2 2 2 2 2 2 2 2 2 2 2 2 2 2 2 2 2 2 2 2 2 2 2 2 2 2 2 2 2 2 2 2 2 2 2 2 2 2 2 2 2 2 2 2 2 2 2 2 2 2 2 2 2 2 2 2 2 2 2 2 2 2 2 2 2 2 2 2 2 2 2 2 2 2 2 2 2 2 2 2 2 2 2 2 2 2 
1b 0 

RANKS: 1 -1 0 4 1
EVENT15: 1113 48206a_4823ea_482523_482617
COMP 4b-0: 46a49f_46a7ff_46a942_46aa34 (1 117786.00 2 117786.00 2 117786.00){0.00 0.00 0.00 0.00 47114.40 0}{47114.40 0.00 0.00 0.00 94228.80 0}{94228.80 117786.00 117786.00 117786.00 141343.20 1}{141343.20 0.00 0.00 0.00 188457.60 0}{188457.60 0.00 0.00 0.00 235572.00 0}
COMP 4b-1: 46ce30_46d065_46d109_46d185 (1 2493.00 0 2493.00 0 2493.00){0.00 0.00 0.00 0.00 997.20 0}{997.20 0.00 0.00 0.00 1994.40 0}{1994.40 2493.00 2493.00 2493.00 2991.60 1}{2991.60 0.00 0.00 0.00 3988.80 0}{3988.80 0.00 0.00 0.00 4986.00 0}
COMP 4b-2: 47d5a9_47d96e_47dad8_47dbf7 (201 485.52 1 463.00 3 1340.00){0.00 0.00 0.00 0.00 202.00 0}{202.00 0.00 0.00 0.00 404.00 0}{404.00 463.00 481.15 509.00 808.00 200}{808.00 0.00 0.00 0.00 1010.00 0}{1010.00 1340.00 1340.00 1340.00 1670.00 1}
COMP 4b-3: 48206a_4823ea_482523_482617 (399 432.23 0 5.00 2 5367.00){0.00 5.00 5.00 5.00 5.20 18}{5.20 5.66 5.84 7.00 10.40 181}{10.40 13.00 13.00 13.00 26.00 1}{26.00 807.00 840.15 888.00 1748.00 198}{1748.00 5367.00 5367.00 5367.00 8986.00 1}
COMM 4b-0: 46a49f_46a7ff_46a942_46aa34 (1 308.00 2 308.00 2 308.00){0.00 0.00 0.00 0.00 123.20 0}{123.20 0.00 0.00 0.00 246.40 0}{246.40 308.00 308.00 308.00 369.60 1}{369.60 0.00 0.00 0.00 492.80 0}{492.80 0.00 0.00 0.00 616.00 0}
COMM 4b-1: 46ce30_46d065_46d109_46d185 (1 9.00 0 9.00 0 9.00){0.00 0.00 0.00 0.00 3.60 0}{3.60 0.00 0.00 0.00 7.20 0}{7.20 9.00 9.00 9.00 10.80 1}{10.80 0.00 0.00 0.00 14.40 0}{14.40 0.00 0.00 0.00 18.00 0}
COMM 4b-2: 47d5a9_47d96e_47dad8_47dbf7 (201 3.47 1 2.00 1 110.00){0.00 2.00 2.00 2.00 2.40 68}{2.40 3.00 3.00 3.00 4.80 126}{4.80 6.00 6.50 7.00 9.60 2}{9.60 12.00 12.00 12.00 12.00 1}{12.00 13.00 38.75 110.00 208.00 4}
COMM 4b-3: 48206a_4823ea_482523_482617 (399 3.99 0 1.00 2 242.00){0.00 1.00 1.00 1.00 1.60 72}{1.60 2.00 2.00 2.00 2.40 201}{2.40 3.00 3.00 3.00 4.00 115}{4.00 16.00 53.30 109.00 204.00 10}{204.00 242.00 242.00 242.00 280.00 1}
LOOP0: iter: ( 200 )[ 1 -1 0 2 3 ]( 2 )[ 1 -1 2 1 0 ] mem: ( 1 )[ 1 -1 0 2 3 ]( 5 )[ 1 -1 2 1 0 ]
10 2 
12 ( 250 )[ 2 -1 0 2 1 -1 3 1 0 ]
12 ( 52020 )[ 1 -1 2 1 0 ]
14 16 
1a ( 1 2 )[ 1 -1 0 1 0 ]
1a ( 2 2 2 2 2 2 2 2 2 2 2 2 2 2 2 2 2 2 2 2 2 2 2 2 2 2 2 2 2 2 2 2 2 2 2 2 2 2 2 2 2 2 2 2 2 2 2 2 2 2 2 2 2 2 2 2 2 2 2 2 2 2 2 2 2 2 2 2 2 2 2 2 2 2 2 2 2 2 2 2 2 2 2 2 2 2 2 2 2 2 2 2 2 2 2 2 2 2 2 2 3 3 3 3 3 3 3 3 3 3 3 3 3 3 3 3 3 3 3 3 3 3 3 3 3 3 3 3 3 3 3 3 3 3 3 3 3 3 3 3 3 3 3 3 3 3 3 3 3 3 3 3 3 3 3 3 3 3 3 3 3 3 3 3 3 3 3 3 3 3 3 3 3 3 3 3 3 3 3 3 3 3 3 3 3 3 3 3 3 3 3 3 3 3 3 3 3 3 3 3 )[ 1 -1 1 1 0 ]
1a ( 3 2 )[ 1 -1 3 1 0 ]
1a ( 1 )[ 1 -1 2 1 0 ]
1b 0 

RANKS: 1 -1 0 1 0
EVENT16: 1102 47d5a9_47d96e_47dad8_47dbf7
COMP 4b-0: 47d5a9_47d96e_47dad8_47dbf7 (199 406.05 0 6.00 0 1028.00){0.00 0.00 0.00 0.00 2.40 0}{2.40 0.00 0.00 0.00 4.80 0}{4.80 6.00 6.73 7.00 9.60 100}{9.60 0.00 0.00 0.00 12.00 0}{12.00 806.00 813.44 1028.00 1686.00 99}
COMP 4b-1: 48206a_4823ea_482523_482617 (1 364.00 0 364.00 0 364.00){0.00 0.00 0.00 0.00 145.60 0}{145.60 0.00 0.00 0.00 291.20 0}{291.20 364.00 364.00 364.00 436.80 1}{436.80 0.00 0.00 0.00 582.40 0}{582.40 0.00 0.00 0.00 728.00 0}
COMM 4b-0: 47d5a9_47d96e_47dad8_47dbf7 (199 6.91 0 1.00 0 344.00){0.00 1.00 1.00 1.00 1.60 71}{1.60 2.00 2.17 3.00 3.20 35}{3.20 4.00 4.00 4.00 4.00 31}{4.00 5.00 5.57 6.00 6.00 7}{6.00 7.00 19.45 344.00 682.00 55}
COMM 4b-1: 48206a_4823ea_482523_482617 (1 2414.00 0 2414.00 0 2414.00){0.00 0.00 0.00 0.00 965.60 0}{965.60 0.00 0.00 0.00 1931.20 0}{1931.20 2414.00 2414.00 2414.00 2896.80 1}{2896.80 0.00 0.00 0.00 3862.40 0}{3862.40 0.00 0.00 0.00 4828.00 0}
LOOP0: iter: ( 200 )[ 1 -1 0 1 0 ] mem: ( 1 )[ 1 -1 0 1 0 ]
10 2 
12 250 
14 16 
1b 0 
2b 1 2 

RANKS: 1 -1 1 3 1
EVENT17: 1090 479f36_47a30b_47a476_47a597
COMP 4b-0: 46a49f_46a7ff_46a942_46aa34 (2 117633.67 1 117538.00 3 117825.00){0.00 0.00 0.00 0.00 47015.20 0}{47015.20 0.00 0.00 0.00 94030.40 0}{94030.40 117538.00 117681.50 117825.00 141045.60 2}{141045.60 0.00 0.00 0.00 188060.80 0}{188060.80 0.00 0.00 0.00 235076.00 0}
COMP 4b-1: 48206a_4823ea_482523_482617 (6 8266.57 2 6.00 3 21200.00){0.00 6.00 6.50 7.00 2065.60 2}{2065.60 0.00 0.00 0.00 4131.20 0}{4131.20 5129.00 5146.50 5164.00 8262.40 2}{8262.40 0.00 0.00 0.00 10328.00 0}{10328.00 21196.00 21198.00 21200.00 32072.00 2}
COMP 4b-2: 48afc5_48b249_48b31d_48b3d6 (2 21301.00 2 21299.00 2 21305.00){0.00 0.00 0.00 0.00 8519.60 0}{8519.60 0.00 0.00 0.00 17039.20 0}{17039.20 21299.00 21302.00 21305.00 25558.80 2}{25558.80 0.00 0.00 0.00 34078.40 0}{34078.40 0.00 0.00 0.00 42598.00 0}
COMM 4b-0: 46a49f_46a7ff_46a942_46aa34 (2 3.00 1 3.00 1 3.00){0.00 0.00 0.00 0.00 1.20 0}{1.20 0.00 0.00 0.00 2.40 0}{2.40 3.00 3.00 3.00 3.60 2}{3.60 0.00 0.00 0.00 4.80 0}{4.80 0.00 0.00 0.00 6.00 0}
COMM 4b-1: 48206a_4823ea_482523_482617 (6 2.71 2 2.00 1 3.00){0.00 0.00 0.00 0.00 1.20 0}{1.20 2.00 2.00 2.00 2.40 2}{2.40 3.00 3.00 3.00 3.60 4}{3.60 0.00 0.00 0.00 4.80 0}{4.80 0.00 0.00 0.00 6.00 0}
COMM 4b-2: 48afc5_48b249_48b31d_48b3d6 (2 2.33 2 2.00 2 3.00){0.00 0.00 0.00 0.00 0.80 0}{0.80 0.00 0.00 0.00 1.60 0}{1.60 2.00 2.00 2.00 2.40 1}{2.40 3.00 3.00 3.00 3.20 1}{3.20 0.00 0.00 0.00 4.00 0}
LOOP0: iter: ( 2 )[ 1 -1 1 3 1 ] mem: ( 6 )[ 1 -1 1 1 0 ]( 4 )[ 1 -1 3 1 0 ]( 2 )[ 1 -1 2 1 0 ]
LOOP1: iter: ( 2 )[ 1 -1 3 1 0 ] mem: ( 3 )[ 1 -1 3 1 0 ]
10 2 
12 52020 
14 16 
1b 0 
2b 2147483647 

RANKS: 1 -1 1 3 1
EVENT18: 1148 48afc5_48b249_48b31d_48b3d6
COMP 4b-0: 479f36_47a30b_47a476_47a597 (10 6.36 1 6.00 1 8.00){0.00 0.00 0.00 0.00 2.40 0}{2.40 0.00 0.00 0.00 4.80 0}{4.80 6.00 6.00 6.00 7.20 8}{7.20 8.00 8.00 8.00 9.60 2}{9.60 0.00 0.00 0.00 12.00 0}
COMM 4b-0: 479f36_47a30b_47a476_47a597 (10 695.09 3 239.00 3 1962.00){0.00 239.00 243.00 248.00 370.80 3}{370.80 466.00 488.00 508.00 741.60 3}{741.60 807.00 854.67 927.00 1483.20 3}{1483.20 0.00 0.00 0.00 1854.00 0}{1854.00 1962.00 1962.00 1962.00 2070.00 1}
1c 9999 

RANKS: 1 -1 0 4 1
EVENT19: 1113 48206a_4823ea_482523_482617
COMP 4b-0: 46a49f_46a7ff_46a942_46aa34 (1 117800.00 0 117800.00 0 117800.00){0.00 0.00 0.00 0.00 47120.00 0}{47120.00 0.00 0.00 0.00 94240.00 0}{94240.00 117800.00 117800.00 117800.00 141360.00 1}{141360.00 0.00 0.00 0.00 188480.00 0}{188480.00 0.00 0.00 0.00 235600.00 0}
COMP 4b-1: 47d5a9_47d96e_47dad8_47dbf7 (1 5786.00 0 5786.00 0 5786.00){0.00 0.00 0.00 0.00 2314.40 0}{2314.40 0.00 0.00 0.00 4628.80 0}{4628.80 5786.00 5786.00 5786.00 6943.20 1}{6943.20 0.00 0.00 0.00 9257.60 0}{9257.60 0.00 0.00 0.00 11572.00 0}
COMP 4b-2: 48206a_4823ea_482523_482617 (2 21299.00 1 21298.00 1 21301.00){0.00 0.00 0.00 0.00 8519.20 0}{8519.20 0.00 0.00 0.00 17038.40 0}{17038.40 21298.00 21299.50 21301.00 25557.60 2}{25557.60 0.00 0.00 0.00 34076.80 0}{34076.80 0.00 0.00 0.00 42596.00 0}
COMP 4b-3: 48afc5_48b249_48b31d_48b3d6 (10 6045.55 2 223.00 0 21425.00){0.00 223.00 279.00 331.00 8570.00 8}{8570.00 0.00 0.00 0.00 17140.00 0}{17140.00 21419.00 21422.00 21425.00 25710.00 2}{25710.00 0.00 0.00 0.00 34280.00 0}{34280.00 0.00 0.00 0.00 42850.00 0}
COMM 4b-0: 46a49f_46a7ff_46a942_46aa34 (1 241.00 0 241.00 0 241.00){0.00 0.00 0.00 0.00 96.40 0}{96.40 0.00 0.00 0.00 192.80 0}{192.80 241.00 241.00 241.00 289.20 1}{289.20 0.00 0.00 0.00 385.60 0}{385.60 0.00 0.00 0.00 482.00 0}
COMM 4b-1: 47d5a9_47d96e_47dad8_47dbf7 (1 240.00 0 240.00 0 240.00){0.00 0.00 0.00 0.00 96.00 0}{96.00 0.00 0.00 0.00 192.00 0}{192.00 240.00 240.00 240.00 288.00 1}{288.00 0.00 0.00 0.00 384.00 0}{384.00 0.00 0.00 0.00 480.00 0}
COMM 4b-2: 48206a_4823ea_482523_482617 (2 243.00 1 243.00 1 243.00){0.00 0.00 0.00 0.00 97.20 0}{97.20 0.00 0.00 0.00 194.40 0}{194.40 243.00 243.00 243.00 291.60 2}{291.60 0.00 0.00 0.00 388.80 0}{388.80 0.00 0.00 0.00 486.00 0}
COMM 4b-3: 48afc5_48b249_48b31d_48b3d6 (10 234.36 2 230.00 0 240.00){0.00 0.00 0.00 0.00 96.00 0}{96.00 0.00 0.00 0.00 192.00 0}{192.00 230.00 233.80 240.00 288.00 10}{288.00 0.00 0.00 0.00 384.00 0}{384.00 0.00 0.00 0.00 480.00 0}
LOOP0: iter: ( 2 )[ 1 -1 0 2 1 ] mem: ( 4 )[ 1 -1 0 1 0 ]( 1 )[ 1 -1 1 1 0 ]
LOOP1: iter: ( 2 )[ 1 -1 0 1 0 ] mem: ( 3 )[ 1 -1 0 1 0 ]
10 2 
12 52020 
14 16 
1a ( 1 2 )[ 1 -1 0 1 0 ]
1a ( 3 2 )[ 1 -1 1 2 2 ]
1a ( 2 )[ 1 -1 2 1 0 ]
1b 0 

RANKS: 1 -1 0 2 1
EVENT20: 1090 479f36_47a30b_47a476_47a597
COMP 4b-0: 48206a_4823ea_482523_482617 (6 6.86 0 6.00 0 8.00){0.00 0.00 0.00 0.00 2.40 0}{2.40 0.00 0.00 0.00 4.80 0}{4.80 6.00 6.00 6.00 7.20 3}{7.20 8.00 8.00 8.00 9.60 3}{9.60 0.00 0.00 0.00 12.00 0}
COMM 4b-0: 48206a_4823ea_482523_482617 (6 2.14 0 2.00 0 3.00){0.00 0.00 0.00 0.00 0.80 0}{0.80 0.00 0.00 0.00 1.60 0}{1.60 2.00 2.00 2.00 2.40 5}{2.40 3.00 3.00 3.00 3.20 1}{3.20 0.00 0.00 0.00 4.00 0}
10 2 
12 52020 
14 16 
1b 0 
2b 2147483647 

RANKS: 1 -1 0 2 1
EVENT21: 1148 48afc5_48b249_48b31d_48b3d6
COMP 4b-0: 479f36_47a30b_47a476_47a597 (6 8.57 0 6.00 0 15.00){0.00 6.00 6.00 6.00 6.00 5}{6.00 0.00 0.00 0.00 12.00 0}{12.00 15.00 15.00 15.00 18.00 1}{18.00 0.00 0.00 0.00 24.00 0}{24.00 0.00 0.00 0.00 30.00 0}
COMM 4b-0: 479f36_47a30b_47a476_47a597 (6 439.00 1 397.00 0 484.00){0.00 0.00 0.00 0.00 191.60 0}{191.60 0.00 0.00 0.00 383.20 0}{383.20 397.00 432.33 484.00 574.80 6}{574.80 0.00 0.00 0.00 766.40 0}{766.40 0.00 0.00 0.00 958.00 0}
1c 9999 

RANKS: 1 -1 0 4 1
EVENT22: 1004 46a49f_46a7ff_46a942_46aa34
COMP 4b-0: 48206a_4823ea_482523_482617 (4 44422.00 2 43620.00 3 45568.00){0.00 0.00 0.00 0.00 17502.40 0}{17502.40 0.00 0.00 0.00 35004.80 0}{35004.80 43620.00 44588.50 45568.00 52507.20 4}{52507.20 0.00 0.00 0.00 70009.60 0}{70009.60 0.00 0.00 0.00 87512.00 0}
COMP 4b-1: 48afc5_48b249_48b31d_48b3d6 (4 44421.20 0 43710.00 1 45492.00){0.00 0.00 0.00 0.00 17484.00 0}{17484.00 0.00 0.00 0.00 34968.00 0}{34968.00 43710.00 44599.00 45492.00 52452.00 4}{52452.00 0.00 0.00 0.00 69936.00 0}{69936.00 0.00 0.00 0.00 87420.00 0}
COMM 4b-0: 48206a_4823ea_482523_482617 (4 79.00 3 24.00 2 136.00){0.00 0.00 0.00 0.00 22.80 0}{22.80 24.00 24.00 24.00 45.60 1}{45.60 57.00 57.00 57.00 114.00 1}{114.00 121.00 121.00 121.00 128.00 1}{128.00 136.00 136.00 136.00 144.00 1}
COMM 4b-1: 48afc5_48b249_48b31d_48b3d6 (4 74.20 0 24.00 1 146.00){0.00 0.00 0.00 0.00 9.60 0}{9.60 0.00 0.00 0.00 19.20 0}{19.20 24.00 24.00 24.00 28.80 1}{28.80 33.00 33.00 33.00 48.00 1}{48.00 144.00 145.00 146.00 240.00 2}
10 2 
12 1 5 
14 16 
18 1 3 

RANKS: 1 -1 0 4 1
EVENT23: 1010 46ce30_46d065_46d109_46d185
COMP 4b-0: 46a49f_46a7ff_46a942_46aa34 (4 9.20 0 9.00 3 10.00){0.00 0.00 0.00 0.00 3.60 0}{3.60 0.00 0.00 0.00 7.20 0}{7.20 9.00 9.25 10.00 10.80 4}{10.80 0.00 0.00 0.00 14.40 0}{14.40 0.00 0.00 0.00 18.00 0}
COMM 4b-0: 46a49f_46a7ff_46a942_46aa34 (4 28.60 1 5.00 0 38.00){0.00 5.00 5.00 5.00 15.20 1}{15.20 29.00 29.00 29.00 30.40 1}{30.40 33.00 35.50 38.00 45.60 2}{45.60 0.00 0.00 0.00 60.80 0}{60.80 0.00 0.00 0.00 76.00 0}
10 2 

RANKS: 1 -1 2 1 0
EVENT24: 1102 47d5a9_47d96e_47dad8_47dbf7
COMP 4b-0: 46ce30_46d065_46d109_46d185 (1 2012.00 2 2012.00 2 2012.00){0.00 0.00 0.00 0.00 804.80 0}{804.80 0.00 0.00 0.00 1609.60 0}{1609.60 2012.00 2012.00 2012.00 2414.40 1}{2414.40 0.00 0.00 0.00 3219.20 0}{3219.20 0.00 0.00 0.00 4024.00 0}
COMP 4b-1: 48206a_4823ea_482523_482617 (199 369.09 2 353.00 2 391.00){0.00 0.00 0.00 0.00 152.00 0}{152.00 0.00 0.00 0.00 304.00 0}{304.00 353.00 369.04 391.00 456.00 199}{456.00 0.00 0.00 0.00 608.00 0}{608.00 0.00 0.00 0.00 760.00 0}
COMM 4b-0: 46ce30_46d065_46d109_46d185 (1 706.00 2 706.00 2 706.00){0.00 0.00 0.00 0.00 282.40 0}{282.40 0.00 0.00 0.00 564.80 0}{564.80 706.00 706.00 706.00 847.20 1}{847.20 0.00 0.00 0.00 1129.60 0}{1129.60 0.00 0.00 0.00 1412.00 0}
COMM 4b-1: 48206a_4823ea_482523_482617 (199 8.69 2 2.00 2 1012.00){0.00 2.00 3.32 5.00 5.60 185}{5.60 6.00 6.92 11.00 11.20 12}{11.20 14.00 14.00 14.00 22.40 1}{22.40 0.00 0.00 0.00 28.00 0}{28.00 1012.00 1012.00 1012.00 1996.00 1}
LOOP0: iter: ( 200 )[ 1 -1 2 1 0 ] mem: ( 2 )[ 1 -1 2 1 0 ]
10 2 
12 250 
14 16 
1b 0 
2b 2 2 2 2 2 2 2 2 2 2 2 2 2 2 2 2 2 2 2 2 2 2 2 2 2 2 2 2 2 2 2 2 2 2 2 2 2 2 2 2 2 2 2 2 2 2 2 2 2 2 2 2 2 2 2 2 2 2 2 2 2 2 2 2 2 2 2 2 2 2 2 2 2 2 2 2 2 2 2 2 2 2 2 2 2 2 2 2 2 2 2 2 2 2 2 2 2 2 2 2 1 1 1 1 1 1 1 1 1 1 1 1 1 1 1 1 1 1 1 1 1 1 1 1 1 1 1 1 1 1 1 1 1 1 1 1 1 1 1 1 1 1 1 1 1 1 1 1 1 1 1 1 1 1 1 1 1 1 1 1 1 1 1 1 1 1 1 1 1 1 1 1 1 1 1 1 1 1 1 1 1 1 1 1 1 1 1 1 1 1 1 1 1 1 1 1 1 1 1 1 

RANKS: 1 -1 0 2 2
EVENT25: 1113 48206a_4823ea_482523_482617
COMP 4b-0: 46ce30_46d065_46d109_46d185 (1 2666.00 0 2666.00 0 2666.00){0.00 0.00 0.00 0.00 1066.40 0}{1066.40 0.00 0.00 0.00 2132.80 0}{2132.80 2666.00 2666.00 2666.00 3199.20 1}{3199.20 0.00 0.00 0.00 4265.60 0}{4265.60 0.00 0.00 0.00 5332.00 0}
COMP 4b-1: 47d5a9_47d96e_47dad8_47dbf7 (200 481.88 2 463.00 2 704.00){0.00 0.00 0.00 0.00 199.20 0}{199.20 0.00 0.00 0.00 398.40 0}{398.40 463.00 480.68 505.00 597.60 199}{597.60 704.00 704.00 704.00 796.80 1}{796.80 0.00 0.00 0.00 996.00 0}
COMP 4b-2: 48206a_4823ea_482523_482617 (49551 435.17 0 5.00 0 1257.00){0.00 0.00 0.00 0.00 2.00 0}{2.00 0.00 0.00 0.00 4.00 0}{4.00 5.00 5.97 8.00 8.00 24857}{8.00 0.00 0.00 0.00 10.00 0}{10.00 13.00 867.21 1257.00 1720.00 24694}
COMP 4b-3: 48afc5_48b249_48b31d_48b3d6 (248 46333.31 0 46268.00 0 46563.00){0.00 0.00 0.00 0.00 18512.80 0}{18512.80 0.00 0.00 0.00 37025.60 0}{37025.60 46268.00 46333.51 46563.00 55538.40 248}{55538.40 0.00 0.00 0.00 74051.20 0}{74051.20 0.00 0.00 0.00 92564.00 0}
COMM 4b-0: 46ce30_46d065_46d109_46d185 (1 10.00 0 10.00 0 10.00){0.00 0.00 0.00 0.00 4.00 0}{4.00 0.00 0.00 0.00 8.00 0}{8.00 10.00 10.00 10.00 12.00 1}{12.00 0.00 0.00 0.00 16.00 0}{16.00 0.00 0.00 0.00 20.00 0}
COMM 4b-1: 47d5a9_47d96e_47dad8_47dbf7 (200 2.92 2 2.00 2 15.00){0.00 2.00 2.63 3.00 3.20 194}{3.20 0.00 0.00 0.00 6.40 0}{6.40 8.00 8.00 8.00 9.60 1}{9.60 11.00 11.00 11.00 12.80 3}{12.80 13.00 14.00 15.00 16.00 2}
COMM 4b-2: 48206a_4823ea_482523_482617 (49551 2.55 0 1.00 0 35.00){0.00 1.00 1.00 1.00 1.20 6314}{1.20 1.79 2.00 2.25 2.40 23055}{2.40 3.00 3.01 4.00 4.80 19406}{4.80 0.00 0.00 0.00 6.00 0}{6.00 8.00 20.18 35.00 42.00 776}
COMM 4b-3: 48afc5_48b249_48b31d_48b3d6 (248 9.80 0 8.00 0 28.00){0.00 0.00 0.00 0.00 4.00 0}{4.00 8.00 8.00 8.00 8.00 1}{8.00 9.00 9.74 11.00 16.00 246}{16.00 0.00 0.00 0.00 20.00 0}{20.00 28.00 28.00 28.00 36.00 1}
LOOP0: iter: ( 249 )[ 1 -1 0 1 0 ] mem: ( 5 )[ 1 -1 0 1 0 ]
LOOP1: iter: ( 200 )[ 1 -1 0 1 0 ] mem: ( 1 )[ 1 -1 0 1 0 ]
10 2 
12 250 
14 16 
1a ( 1 2 )[ 1 -1 0 1 0 ]
1a ( 1 1 1 1 1 1 1 1 1 1 1 1 1 1 1 1 1 1 1 1 1 1 1 1 1 1 1 1 1 1 1 1 1 1 1 1 1 1 1 1 1 1 1 1 1 1 1 1 1 1 1 1 1 1 1 1 1 1 1 1 1 1 1 1 1 1 1 1 1 1 1 1 1 1 1 1 1 1 1 1 1 1 1 1 1 1 1 1 1 1 1 1 1 1 1 1 1 1 1 1 2 2 2 2 2 2 2 2 2 2 2 2 2 2 2 2 2 2 2 2 2 2 2 2 2 2 2 2 2 2 2 2 2 2 2 2 2 2 2 2 2 2 2 2 2 2 2 2 2 2 2 2 2 2 2 2 2 2 2 2 2 2 2 2 2 2 2 2 2 2 2 2 2 2 2 2 2 2 2 2 2 2 2 2 2 2 2 2 2 2 2 2 2 2 2 2 2 2 2 2 )[ 1 -1 2 1 0 ]
1b 0 

RANKS: 2 -1 0 2 1 -1 3 1 0
EVENT26: 1102 47d5a9_47d96e_47dad8_47dbf7
COMP 4b-0: 46ce30_46d065_46d109_46d185 (2 2008.00 1 2008.00 1 2008.00){0.00 0.00 0.00 0.00 803.20 0}{803.20 0.00 0.00 0.00 1606.40 0}{1606.40 2008.00 2008.00 2008.00 2409.60 2}{2409.60 0.00 0.00 0.00 3212.80 0}{3212.80 0.00 0.00 0.00 4016.00 0}
COMP 4b-1: 47d5a9_47d96e_47dad8_47dbf7 (99102 421.52 0 5.00 0 3388.00){0.00 0.00 0.00 0.00 2.40 0}{2.40 0.00 0.00 0.00 4.80 0}{4.80 5.00 6.68 8.00 12.00 49713}{12.00 13.00 838.91 1191.00 1630.00 49384}{1630.00 1931.00 2593.80 3388.00 5146.00 5}
COMP 4b-2: 48206a_4823ea_482523_482617 (50048 593.84 1 351.00 3 47572.00){0.00 0.00 0.00 0.00 284.00 0}{284.00 351.00 367.92 387.00 426.00 49778}{426.00 429.00 536.26 675.00 710.00 19}{710.00 1509.00 1692.67 1790.00 2308.00 3}{2308.00 45862.00 45932.19 47572.00 92836.00 248}
COMP 4b-3: 48afc5_48b249_48b31d_48b3d6 (248 45787.43 1 45716.00 1 47449.00){0.00 0.00 0.00 0.00 18979.60 0}{18979.60 0.00 0.00 0.00 37959.20 0}{37959.20 45716.00 45780.73 47449.00 56938.80 248}{56938.80 0.00 0.00 0.00 75918.40 0}{75918.40 0.00 0.00 0.00 94898.00 0}
COMM 4b-0: 46ce30_46d065_46d109_46d185 (2 865.00 1 673.00 3 1249.00){0.00 0.00 0.00 0.00 269.20 0}{269.20 0.00 0.00 0.00 538.40 0}{538.40 673.00 673.00 673.00 807.60 1}{807.60 0.00 0.00 0.00 1076.80 0}{1076.80 1249.00 1249.00 1249.00 1346.00 1}
COMM 4b-1: 47d5a9_47d96e_47dad8_47dbf7 (99102 8.47 0 1.00 0 2629.00){0.00 1.00 8.06 32.00 32.00 98545}{32.00 33.00 42.38 73.00 74.00 503}{74.00 79.00 173.64 219.00 224.00 25}{224.00 231.69 244.17 348.00 472.00 18}{472.00 1053.75 1394.45 2629.00 2880.00 11}
COMM 4b-2: 48206a_4823ea_482523_482617 (50048 34.08 1 1.00 0 4842.00){0.00 1.00 3.53 14.25 1032.00 49203}{1032.00 1265.07 1265.07 1265.07 2064.00 594}{2064.00 2220.00 3037.89 3095.00 3096.00 141}{3096.00 3098.00 3160.68 3905.00 4128.00 109}{4128.00 4842.00 4842.00 4842.00 5160.00 1}
COMM 4b-3: 48afc5_48b249_48b31d_48b3d6 (248 709.65 1 15.00 1 966.00){0.00 0.00 0.00 0.00 6.00 0}{6.00 0.00 0.00 0.00 12.00 0}{12.00 15.00 15.00 15.00 24.00 1}{24.00 0.00 0.00 0.00 30.00 0}{30.00 498.00 715.27 966.00 1270.00 247}
LOOP0: iter: ( 200 )[ 1 -1 0 1 0 ]( 249 )[ 1 -1 1 2 2 ] mem: ( 1 )[ 1 -1 0 1 0 ]( 7 )[ 1 -1 1 1 0 ]( 5 )[ 1 -1 3 1 0 ]
LOOP1: iter: ( 200 )[ 1 -1 1 2 2 ] mem: ( 2 )[ 1 -1 1 1 0 ]( 1 )[ 1 -1 3 1 0 ]
10 2 
12 250 
14 16 
1b 0 
2b ( 1 2 )[ 1 -1 0 1 0 ]
2b ( 3 3 3 3 3 3 3 3 3 3 3 3 3 3 3 3 3 3 3 3 3 3 3 3 3 3 3 3 3 3 3 3 3 3 3 3 3 3 3 3 3 3 3 3 3 3 3 3 3 3 3 3 3 3 3 3 3 3 3 3 3 3 3 3 3 3 3 3 3 3 3 3 3 3 3 3 3 3 3 3 3 3 3 3 3 3 3 3 3 3 3 3 3 3 3 3 3 3 3 3 2 2 2 2 2 2 2 2 2 2 2 2 2 2 2 2 2 2 2 2 2 2 2 2 2 2 2 2 2 2 2 2 2 2 2 2 2 2 2 2 2 2 2 2 2 2 2 2 2 2 2 2 2 2 2 2 2 2 2 2 2 2 2 2 2 2 2 2 2 2 2 2 2 2 2 2 2 2 2 2 2 2 2 2 2 2 2 2 2 2 2 2 2 2 2 2 2 2 2 2 )[ 1 -1 1 1 0 ]
2b ( 3 2 )[ 1 -1 3 1 0 ]

RANKS: 1 -1 0 4 1
EVENT27: 1113 48206a_4823ea_482523_482617
COMP 4b-0: 47d5a9_47d96e_47dad8_47dbf7 (50298 511.45 1 462.00 0 5998.00){0.00 462.00 485.02 1305.10 2315.20 50048}{2315.20 3082.00 3082.00 3082.00 4630.40 1}{4630.40 5764.00 5792.25 5998.00 6945.60 249}{6945.60 0.00 0.00 0.00 9260.80 0}{9260.80 0.00 0.00 0.00 11576.00 0}
COMP 4b-1: 48206a_4823ea_482523_482617 (49552 407.17 3 4.00 2 5363.00){0.00 4.00 5.78 9.00 10.00 24853}{10.00 12.00 810.68 1011.00 1602.00 24694}{1602.00 1917.00 1973.00 2035.00 2232.00 3}{2232.00 2487.00 2487.00 2487.00 2742.00 1}{2742.00 5363.00 5363.00 5363.00 7984.00 1}
COMP 4b-2: 48afc5_48b249_48b31d_48b3d6 (249 21429.02 0 21400.00 0 21634.00){0.00 0.00 0.00 0.00 8575.60 0}{8575.60 0.00 0.00 0.00 17151.20 0}{17151.20 21400.00 21428.98 21634.00 25726.80 249}{25726.80 0.00 0.00 0.00 34302.40 0}{34302.40 0.00 0.00 0.00 42878.00 0}
COMM 4b-0: 47d5a9_47d96e_47dad8_47dbf7 (50298 4.16 1 2.00 0 429.00){0.00 2.00 2.97 22.00 96.80 50049}{96.80 0.00 0.00 0.00 193.60 0}{193.60 240.00 242.05 260.00 290.40 248}{290.40 0.00 0.00 0.00 387.20 0}{387.20 429.00 429.00 429.00 484.00 1}
COMM 4b-1: 48206a_4823ea_482523_482617 (49552 2.39 3 1.00 2 243.00){0.00 0.00 0.00 0.00 0.80 0}{0.80 1.00 1.72 2.00 2.40 33763}{2.40 3.00 3.01 4.00 4.00 15022}{4.00 6.00 19.52 35.00 38.00 766}{38.00 243.00 243.00 243.00 448.00 1}
COMM 4b-2: 48afc5_48b249_48b31d_48b3d6 (249 239.84 0 238.00 0 278.00){0.00 0.00 0.00 0.00 95.60 0}{95.60 0.00 0.00 0.00 191.20 0}{191.20 238.00 239.84 278.00 286.80 249}{286.80 0.00 0.00 0.00 382.40 0}{382.40 0.00 0.00 0.00 478.00 0}
LOOP0: iter: ( 2 )[ 1 -1 0 1 0 ]( 200 )[ 1 -1 3 1 0 ] mem: ( 3 )[ 1 -1 0 1 0 ]( 1 )[ 1 -1 3 1 0 ]
10 2 
12 ( 52020 )[ 1 -1 0 2 2 ]
12 ( 250 )[ 1 -1 1 2 2 ]
14 16 
1a ( 1 2 )[ 1 -1 0 1 0 ]
1a ( 2 2 2 2 2 2 2 2 2 2 2 2 2 2 2 2 2 2 2 2 2 2 2 2 2 2 2 2 2 2 2 2 2 2 2 2 2 2 2 2 2 2 2 2 2 2 2 2 2 2 2 2 2 2 2 2 2 2 2 2 2 2 2 2 2 2 2 2 2 2 2 2 2 2 2 2 2 2 2 2 2 2 2 2 2 2 2 2 2 2 2 2 2 2 2 2 2 2 2 2 3 3 3 3 3 3 3 3 3 3 3 3 3 3 3 3 3 3 3 3 3 3 3 3 3 3 3 3 3 3 3 3 3 3 3 3 3 3 3 3 3 3 3 3 3 3 3 3 3 3 3 3 3 3 3 3 3 3 3 3 3 3 3 3 3 3 3 3 3 3 3 3 3 3 3 3 3 3 3 3 3 3 3 3 3 3 3 3 3 3 3 3 3 3 3 3 3 3 3 3 )[ 1 -1 1 1 0 ]
1a ( 3 2 )[ 1 -1 3 1 0 ]
1a ( 1 )[ 1 -1 2 1 0 ]
1b 0 

RANKS: 1 -1 0 4 1
EVENT28: 1090 479f36_47a30b_47a476_47a597
COMP 4b-0: 48206a_4823ea_482523_482617 (1493 5249.35 0 6.00 3 21398.00){0.00 0.00 0.00 0.00 4.80 0}{4.80 6.00 7.73 12.00 12.00 705}{12.00 13.00 13.00 13.00 14.00 41}{14.00 5107.00 5130.73 5353.00 10200.00 498}{10200.00 21184.00 21210.57 21398.00 32596.00 249}
COMP 4b-1: 48afc5_48b249_48b31d_48b3d6 (248 21305.63 2 21281.00 2 21505.00){0.00 0.00 0.00 0.00 8518.40 0}{8518.40 0.00 0.00 0.00 17036.80 0}{17036.80 21281.00 21305.67 21505.00 25555.20 248}{25555.20 0.00 0.00 0.00 34073.60 0}{34073.60 0.00 0.00 0.00 42592.00 0}
COMM 4b-0: 48206a_4823ea_482523_482617 (1493 2.44 0 1.00 0 20.00){0.00 0.00 0.00 0.00 0.80 0}{0.80 1.00 1.00 1.00 1.60 20}{1.60 2.00 2.00 2.00 2.40 824}{2.40 3.00 3.01 4.00 4.00 647}{4.00 14.00 17.00 20.00 36.00 2}
COMM 4b-1: 48afc5_48b249_48b31d_48b3d6 (248 2.64 2 2.00 2 3.00){0.00 0.00 0.00 0.00 0.80 0}{0.80 0.00 0.00 0.00 1.60 0}{1.60 2.00 2.00 2.00 2.40 89}{2.40 3.00 3.00 3.00 3.20 159}{3.20 0.00 0.00 0.00 4.00 0}
LOOP0: iter: ( 2 )[ 1 -1 3 1 0 ]( 248 )[ 1 -1 2 1 0 ] mem: ( 3 )[ 1 -1 3 1 0 ]( 5 )[ 1 -1 2 1 0 ]
LOOP1: iter: ( 2 )[ 1 -1 2 1 0 ] mem: ( 2 )[ 1 -1 2 1 0 ]
10 2 
12 52020 
14 16 
1b 0 
2b 2147483647 

RANKS: 1 -1 0 4 1
EVENT29: 1148 48afc5_48b249_48b31d_48b3d6
COMP 4b-0: 479f36_47a30b_47a476_47a597 (1741 6.19 0 5.00 3 25.00){0.00 0.00 0.00 0.00 4.80 0}{4.80 5.00 6.14 7.00 7.20 1733}{7.20 8.00 8.00 8.00 12.00 3}{12.00 15.00 16.50 18.00 18.00 2}{18.00 24.00 24.67 25.00 32.00 3}
COMM 4b-0: 479f36_47a30b_47a476_47a597 (1741 949.46 2 314.00 3 9326.00){0.00 314.00 342.55 342.67 386.40 247}{386.40 407.00 454.34 542.00 579.60 500}{579.60 664.00 853.14 913.24 966.00 583}{966.00 1004.00 1501.39 1835.00 1868.00 157}{1868.00 2220.97 2396.04 9326.00 16784.00 254}
1c 9999 

RANKS: 1 -1 2 1 0
EVENT30: 1113 48206a_4823ea_482523_482617
COMP 4b-0: 47d5a9_47d96e_47dad8_47dbf7 (49352 483.37 2 464.00 2 2126.00){0.00 0.00 0.00 0.00 399.20 0}{399.20 464.00 483.18 583.00 598.80 49328}{598.80 605.00 675.84 797.00 798.40 19}{798.40 840.00 840.00 840.00 998.00 1}{998.00 1568.00 1869.00 2126.00 3254.00 4}
COMP 4b-1: 48afc5_48b249_48b31d_48b3d6 (248 223.47 2 220.00 2 237.00){0.00 0.00 0.00 0.00 89.20 0}{89.20 0.00 0.00 0.00 178.40 0}{178.40 220.00 223.48 237.00 267.60 248}{267.60 0.00 0.00 0.00 356.80 0}{356.80 0.00 0.00 0.00 446.00 0}
COMM 4b-0: 47d5a9_47d96e_47dad8_47dbf7 (49352 2.97 2 2.00 2 35.00){0.00 2.00 2.64 4.00 6.40 47612}{6.40 7.00 7.72 9.00 9.60 260}{9.60 10.00 12.73 16.00 16.00 1474}{16.00 18.00 20.40 21.00 26.00 5}{26.00 35.00 35.00 35.00 44.00 1}
COMM 4b-1: 48afc5_48b249_48b31d_48b3d6 (248 231.00 2 230.00 2 240.00){0.00 0.00 0.00 0.00 92.40 0}{92.40 0.00 0.00 0.00 184.80 0}{184.80 230.00 231.00 240.00 277.20 248}{277.20 0.00 0.00 0.00 369.60 0}{369.60 0.00 0.00 0.00 462.00 0}
LOOP0: iter: ( 200 )[ 1 -1 2 1 0 ] mem: ( 2 )[ 1 -1 2 1 0 ]
10 2 
12 52020 250 250 250 250 250 250 250 250 250 250 250 250 250 250 250 250 250 250 250 250 250 250 250 250 250 250 250 250 250 250 250 250 250 250 250 250 250 250 250 250 250 250 250 250 250 250 250 250 250 250 250 250 250 250 250 250 250 250 250 250 250 250 250 250 250 250 250 250 250 250 250 250 250 250 250 250 250 250 250 250 250 250 250 250 250 250 250 250 250 250 250 250 250 250 250 250 250 250 250 250 250 250 250 250 250 250 250 250 250 250 250 250 250 250 250 250 250 250 250 250 250 250 250 250 250 250 250 250 250 250 250 250 250 250 250 250 250 250 250 250 250 250 250 250 250 250 250 250 250 250 250 250 250 250 250 250 250 250 250 250 250 250 250 250 250 250 250 250 250 250 250 250 250 250 250 250 250 250 250 250 250 250 250 250 250 250 250 250 250 250 250 250 250 250 250 250 250 250 250 
14 16 
1a 2 1 1 1 1 1 1 1 1 1 1 1 1 1 1 1 1 1 1 1 1 1 1 1 1 1 1 1 1 1 1 1 1 1 1 1 1 1 1 1 1 1 1 1 1 1 1 1 1 1 1 1 1 1 1 1 1 1 1 1 1 1 1 1 1 1 1 1 1 1 1 1 1 1 1 1 1 1 1 1 1 1 1 1 1 1 1 1 1 1 1 1 1 1 1 1 1 1 1 1 1 2 2 2 2 2 2 2 2 2 2 2 2 2 2 2 2 2 2 2 2 2 2 2 2 2 2 2 2 2 2 2 2 2 2 2 2 2 2 2 2 2 2 2 2 2 2 2 2 2 2 2 2 2 2 2 2 2 2 2 2 2 2 2 2 2 2 2 2 2 2 2 2 2 2 2 2 2 2 2 2 2 2 2 2 2 2 2 2 2 2 2 2 2 2 2 2 2 2 2 
1b 0 

RANKS: 1 -1 2 1 0
EVENT31: 1102 47d5a9_47d96e_47dad8_47dbf7
COMP 4b-0: 48206a_4823ea_482523_482617 (49600 594.92 2 350.00 2 47359.00){0.00 350.00 367.27 1504.00 18943.60 49352}{18943.60 0.00 0.00 0.00 37887.20 0}{37887.20 45650.00 45708.85 47359.00 56830.80 248}{56830.80 0.00 0.00 0.00 75774.40 0}{75774.40 0.00 0.00 0.00 94718.00 0}
COMM 4b-0: 48206a_4823ea_482523_482617 (49600 12.88 2 1.00 2 2740.00){0.00 1.00 3.47 12.00 12.80 49006}{12.80 13.00 19.88 25.00 25.60 74}{25.60 26.00 26.53 29.00 32.00 15}{32.00 33.00 921.46 1584.00 2002.00 504}{2002.00 2740.00 2740.00 2740.00 3478.00 1}
10 2 
12 250 
14 16 
1b 0 
2b 2 2 2 2 2 2 2 2 2 2 2 2 2 2 2 2 2 2 2 2 2 2 2 2 2 2 2 2 2 2 2 2 2 2 2 2 2 2 2 2 2 2 2 2 2 2 2 2 2 2 2 2 2 2 2 2 2 2 2 2 2 2 2 2 2 2 2 2 2 2 2 2 2 2 2 2 2 2 2 2 2 2 2 2 2 2 2 2 2 2 2 2 2 2 2 2 2 2 2 2 1 1 1 1 1 1 1 1 1 1 1 1 1 1 1 1 1 1 1 1 1 1 1 1 1 1 1 1 1 1 1 1 1 1 1 1 1 1 1 1 1 1 1 1 1 1 1 1 1 1 1 1 1 1 1 1 1 1 1 1 1 1 1 1 1 1 1 1 1 1 1 1 1 1 1 1 1 1 1 1 1 1 1 1 1 1 1 1 1 1 1 1 1 1 1 1 1 1 1 1 

RANKS: 1 -1 0 4 1
EVENT32: 1113 48206a_4823ea_482523_482617
COMP 4b-0: 47d5a9_47d96e_47dad8_47dbf7 (248 467.89 2 465.00 2 498.00){0.00 0.00 0.00 0.00 186.40 0}{186.40 0.00 0.00 0.00 372.80 0}{372.80 465.00 467.90 498.00 559.20 248}{559.20 0.00 0.00 0.00 745.60 0}{745.60 0.00 0.00 0.00 932.00 0}
COMP 4b-1: 48206a_4823ea_482523_482617 (696 9634.93 0 5.00 1 21502.00){0.00 0.00 0.00 0.00 2.00 0}{2.00 0.00 0.00 0.00 4.00 0}{4.00 5.00 6.01 7.00 10.00 100}{10.00 866.00 868.82 888.00 1724.00 99}{1724.00 5316.00 13337.89 21502.00 40834.00 497}
COMP 4b-2: 48afc5_48b249_48b31d_48b3d6 (748 418.61 3 246.00 0 46498.00){0.00 246.00 295.24 359.00 18599.20 747}{18599.20 0.00 0.00 0.00 37198.40 0}{37198.40 46498.00 46498.00 46498.00 55797.60 1}{55797.60 0.00 0.00 0.00 74396.80 0}{74396.80 0.00 0.00 0.00 92996.00 0}
COMM 4b-0: 47d5a9_47d96e_47dad8_47dbf7 (248 2.79 2 2.00 2 11.00){0.00 0.00 0.00 0.00 1.20 0}{1.20 2.00 2.00 2.00 2.40 76}{2.40 3.00 3.00 3.00 4.80 169}{4.80 0.00 0.00 0.00 6.00 0}{6.00 10.00 10.67 11.00 16.00 3}
COMM 4b-1: 48206a_4823ea_482523_482617 (696 174.26 0 1.00 2 262.00){0.00 1.00 1.80 2.00 2.40 122}{2.40 3.00 3.00 3.00 3.20 72}{3.20 4.00 4.00 4.00 4.00 2}{4.00 17.00 20.67 23.00 42.00 3}{42.00 240.00 243.36 262.00 438.00 497}
COMM 4b-2: 48afc5_48b249_48b31d_48b3d6 (748 233.12 0 10.00 3 338.00){0.00 0.00 0.00 0.00 4.00 0}{4.00 0.00 0.00 0.00 8.00 0}{8.00 10.00 10.00 10.00 16.00 1}{16.00 0.00 0.00 0.00 20.00 0}{20.00 230.00 233.71 338.00 440.00 747}
LOOP0: iter: ( 200 )[ 1 -1 0 1 0 ]( 2 )[ 1 -1 1 2 1 ] mem: ( 1 )[ 1 -1 0 3 1 ]
10 2 
12 ( 250 )[ 1 -1 0 1 0 ]
12 ( 52020 )[ 1 -1 1 2 2 ]
12 ( 250 52020 )[ 1 -1 2 1 0 ]
14 16 
1a ( 1 2 )[ 1 -1 0 1 0 ]
1a ( 3 2 )[ 1 -1 1 2 2 ]
1a ( 2 1 )[ 1 -1 2 1 0 ]
1b 0 

RANKS: 1 -1 1 2 1
EVENT33: 1090 479f36_47a30b_47a476_47a597
COMP 4b-0: 48206a_4823ea_482523_482617 (250 7.27 1 6.00 1 29.00){0.00 0.00 0.00 0.00 2.80 0}{2.80 0.00 0.00 0.00 5.60 0}{5.60 6.00 7.08 10.00 14.00 247}{14.00 19.00 19.50 20.00 26.00 2}{26.00 29.00 29.00 29.00 32.00 1}
COMP 4b-1: 48afc5_48b249_48b31d_48b3d6 (1 21338.00 2 21338.00 2 21338.00){0.00 0.00 0.00 0.00 8535.20 0}{8535.20 0.00 0.00 0.00 17070.40 0}{17070.40 21338.00 21338.00 21338.00 25605.60 1}{25605.60 0.00 0.00 0.00 34140.80 0}{34140.80 0.00 0.00 0.00 42676.00 0}
COMM 4b-0: 48206a_4823ea_482523_482617 (250 1.90 1 1.00 1 3.00){0.00 0.00 0.00 0.00 0.80 0}{0.80 1.00 1.00 1.00 1.60 27}{1.60 2.00 2.00 2.00 2.40 220}{2.40 3.00 3.00 3.00 3.20 3}{3.20 0.00 0.00 0.00 4.00 0}
COMM 4b-1: 48afc5_48b249_48b31d_48b3d6 (1 3.00 2 3.00 2 3.00){0.00 0.00 0.00 0.00 1.20 0}{1.20 0.00 0.00 0.00 2.40 0}{2.40 3.00 3.00 3.00 3.60 1}{3.60 0.00 0.00 0.00 4.80 0}{4.80 0.00 0.00 0.00 6.00 0}
LOOP0: iter: ( 2 )[ 1 -1 2 1 0 ] mem: ( 2 )[ 1 -1 2 1 0 ]
10 2 
12 52020 
14 16 
1b 0 
2b 2147483647 

RANKS: 1 -1 1 2 1
EVENT34: 1148 48afc5_48b249_48b31d_48b3d6
COMP 4b-0: 479f36_47a30b_47a476_47a597 (251 6.04 1 5.00 1 14.00){0.00 0.00 0.00 0.00 2.40 0}{2.40 0.00 0.00 0.00 4.80 0}{4.80 5.00 6.00 7.00 9.60 250}{9.60 0.00 0.00 0.00 12.00 0}{12.00 14.00 14.00 14.00 16.00 1}
COMM 4b-0: 479f36_47a30b_47a476_47a597 (251 395.98 1 227.00 2 751.00){0.00 0.00 0.00 0.00 154.80 0}{154.80 227.00 227.00 227.00 309.60 1}{309.60 338.00 395.27 433.00 464.40 249}{464.40 0.00 0.00 0.00 619.20 0}{619.20 751.00 751.00 751.00 774.00 1}
1c 9999 

RANKS: 1 -1 2 1 0
EVENT35: 1113 48206a_4823ea_482523_482617
COMP 4b-0: 47d5a9_47d96e_47dad8_47dbf7 (199 482.87 2 465.00 2 517.00){0.00 0.00 0.00 0.00 199.60 0}{199.60 0.00 0.00 0.00 399.20 0}{399.20 465.00 482.79 517.00 598.80 199}{598.80 0.00 0.00 0.00 798.40 0}{798.40 0.00 0.00 0.00 998.00 0}
COMP 4b-1: 48afc5_48b249_48b31d_48b3d6 (1 223.00 2 223.00 2 223.00){0.00 0.00 0.00 0.00 89.20 0}{89.20 0.00 0.00 0.00 178.40 0}{178.40 223.00 223.00 223.00 267.60 1}{267.60 0.00 0.00 0.00 356.80 0}{356.80 0.00 0.00 0.00 446.00 0}
COMM 4b-0: 47d5a9_47d96e_47dad8_47dbf7 (199 2.95 2 2.00 2 15.00){0.00 2.00 2.64 3.00 3.20 193}{3.20 0.00 0.00 0.00 6.40 0}{6.40 8.00 8.00 8.00 9.60 1}{9.60 11.00 11.00 11.00 12.80 2}{12.80 13.00 14.00 15.00 16.00 3}
COMM 4b-1: 48afc5_48b249_48b31d_48b3d6 (1 231.00 2 231.00 2 231.00){0.00 0.00 0.00 0.00 92.40 0}{92.40 0.00 0.00 0.00 184.80 0}{184.80 231.00 231.00 231.00 277.20 1}{277.20 0.00 0.00 0.00 369.60 0}{369.60 0.00 0.00 0.00 462.00 0}
LOOP0: iter: ( 200 )[ 1 -1 2 1 0 ] mem: ( 2 )[ 1 -1 2 1 0 ]
10 2 
12 52020 250 250 250 250 250 250 250 250 250 250 250 250 250 250 250 250 250 250 250 250 250 250 250 250 250 250 250 250 250 250 250 250 250 250 250 250 250 250 250 250 250 250 250 250 250 250 250 250 250 250 250 250 250 250 250 250 250 250 250 250 250 250 250 250 250 250 250 250 250 250 250 250 250 250 250 250 250 250 250 250 250 250 250 250 250 250 250 250 250 250 250 250 250 250 250 250 250 250 250 250 250 250 250 250 250 250 250 250 250 250 250 250 250 250 250 250 250 250 250 250 250 250 250 250 250 250 250 250 250 250 250 250 250 250 250 250 250 250 250 250 250 250 250 250 250 250 250 250 250 250 250 250 250 250 250 250 250 250 250 250 250 250 250 250 250 250 250 250 250 250 250 250 250 250 250 250 250 250 250 250 250 250 250 250 250 250 250 250 250 250 250 250 250 250 250 250 250 250 250 
14 16 
1a 2 1 1 1 1 1 1 1 1 1 1 1 1 1 1 1 1 1 1 1 1 1 1 1 1 1 1 1 1 1 1 1 1 1 1 1 1 1 1 1 1 1 1 1 1 1 1 1 1 1 1 1 1 1 1 1 1 1 1 1 1 1 1 1 1 1 1 1 1 1 1 1 1 1 1 1 1 1 1 1 1 1 1 1 1 1 1 1 1 1 1 1 1 1 1 1 1 1 1 1 1 2 2 2 2 2 2 2 2 2 2 2 2 2 2 2 2 2 2 2 2 2 2 2 2 2 2 2 2 2 2 2 2 2 2 2 2 2 2 2 2 2 2 2 2 2 2 2 2 2 2 2 2 2 2 2 2 2 2 2 2 2 2 2 2 2 2 2 2 2 2 2 2 2 2 2 2 2 2 2 2 2 2 2 2 2 2 2 2 2 2 2 2 2 2 2 2 2 2 2 
1b 0 

RANKS: 1 -1 0 4 1
EVENT36: 1102 47d5a9_47d96e_47dad8_47dbf7
COMP 4b-0: 47d5a9_47d96e_47dad8_47dbf7 (398 420.63 0 6.00 3 1001.00){0.00 0.00 0.00 0.00 2.40 0}{2.40 0.00 0.00 0.00 4.80 0}{4.80 6.00 6.72 7.00 9.60 200}{9.60 0.00 0.00 0.00 12.00 0}{12.00 807.00 840.81 1001.00 1628.00 198}
COMP 4b-1: 48206a_4823ea_482523_482617 (401 593.29 2 351.00 3 45913.00){0.00 0.00 0.00 0.00 142.40 0}{142.40 0.00 0.00 0.00 284.80 0}{284.80 351.00 367.34 390.00 569.60 399}{569.60 0.00 0.00 0.00 712.00 0}{712.00 45666.00 45789.50 45913.00 91114.00 2}
COMP 4b-2: 48afc5_48b249_48b31d_48b3d6 (1 45762.00 1 45762.00 1 45762.00){0.00 0.00 0.00 0.00 18304.80 0}{18304.80 0.00 0.00 0.00 36609.60 0}{36609.60 45762.00 45762.00 45762.00 54914.40 1}{54914.40 0.00 0.00 0.00 73219.20 0}{73219.20 0.00 0.00 0.00 91524.00 0}
COMM 4b-0: 47d5a9_47d96e_47dad8_47dbf7 (398 7.54 0 1.00 3 38.00){0.00 1.00 1.00 1.00 1.60 88}{1.60 2.00 2.95 4.00 4.00 126}{4.00 5.00 5.38 6.00 6.00 13}{6.00 7.00 14.34 29.00 32.00 170}{32.00 38.00 38.00 38.00 44.00 1}
COMM 4b-1: 48206a_4823ea_482523_482617 (401 31.27 1 2.00 0 2988.00){0.00 2.00 8.73 1050.00 1195.20 398}{1195.20 1240.00 1559.50 1879.00 2390.40 2}{2390.40 2988.00 2988.00 2988.00 3585.60 1}{3585.60 0.00 0.00 0.00 4780.80 0}{4780.80 0.00 0.00 0.00 5976.00 0}
COMM 4b-2: 48afc5_48b249_48b31d_48b3d6 (1 864.00 1 864.00 1 864.00){0.00 0.00 0.00 0.00 345.60 0}{345.60 0.00 0.00 0.00 691.20 0}{691.20 864.00 864.00 864.00 1036.80 1}{1036.80 0.00 0.00 0.00 1382.40 0}{1382.40 0.00 0.00 0.00 1728.00 0}
LOOP0: iter: ( 200 )[ 2 -1 0 2 1 -1 3 1 0 ] mem: ( 1 )[ 1 -1 0 2 3 ]( 2 )[ 1 -1 1 1 0 ]
10 2 
12 250 
14 16 
1b 0 
2b ( 1 2 )[ 1 -1 0 1 0 ]
2b ( 3 3 3 3 3 3 3 3 3 3 3 3 3 3 3 3 3 3 3 3 3 3 3 3 3 3 3 3 3 3 3 3 3 3 3 3 3 3 3 3 3 3 3 3 3 3 3 3 3 3 3 3 3 3 3 3 3 3 3 3 3 3 3 3 3 3 3 3 3 3 3 3 3 3 3 3 3 3 3 3 3 3 3 3 3 3 3 3 3 3 3 3 3 3 3 3 3 3 3 3 2 2 2 2 2 2 2 2 2 2 2 2 2 2 2 2 2 2 2 2 2 2 2 2 2 2 2 2 2 2 2 2 2 2 2 2 2 2 2 2 2 2 2 2 2 2 2 2 2 2 2 2 2 2 2 2 2 2 2 2 2 2 2 2 2 2 2 2 2 2 2 2 2 2 2 2 2 2 2 2 2 2 2 2 2 2 2 2 2 2 2 2 2 2 2 2 2 2 2 2 )[ 1 -1 1 1 0 ]
2b ( 3 2 )[ 1 -1 3 1 0 ]
2b ( 2 2 2 2 2 2 2 2 2 2 2 2 2 2 2 2 2 2 2 2 2 2 2 2 2 2 2 2 2 2 2 2 2 2 2 2 2 2 2 2 2 2 2 2 2 2 2 2 2 2 2 2 2 2 2 2 2 2 2 2 2 2 2 2 2 2 2 2 2 2 2 2 2 2 2 2 2 2 2 2 2 2 2 2 2 2 2 2 2 2 2 2 2 2 2 2 2 2 2 2 1 1 1 1 1 1 1 1 1 1 1 1 1 1 1 1 1 1 1 1 1 1 1 1 1 1 1 1 1 1 1 1 1 1 1 1 1 1 1 1 1 1 1 1 1 1 1 1 1 1 1 1 1 1 1 1 1 1 1 1 1 1 1 1 1 1 1 1 1 1 1 1 1 1 1 1 1 1 1 1 1 1 1 1 1 1 1 1 1 1 1 1 1 1 1 1 1 1 1 1 )[ 1 -1 2 1 0 ]

RANKS: 1 -1 1 3 1
EVENT37: 1113 48206a_4823ea_482523_482617
COMP 4b-0: 47d5a9_47d96e_47dad8_47dbf7 (202 484.69 1 463.00 3 1302.00){0.00 0.00 0.00 0.00 199.60 0}{199.60 0.00 0.00 0.00 399.20 0}{399.20 463.00 480.56 524.00 798.40 201}{798.40 0.00 0.00 0.00 998.00 0}{998.00 1302.00 1302.00 1302.00 1606.00 1}
COMP 4b-1: 48206a_4823ea_482523_482617 (199 404.99 3 5.00 3 844.00){0.00 0.00 0.00 0.00 2.00 0}{2.00 0.00 0.00 0.00 4.00 0}{4.00 5.00 5.82 7.00 8.00 100}{8.00 0.00 0.00 0.00 10.00 0}{10.00 807.00 812.22 844.00 1604.00 99}
COMM 4b-0: 47d5a9_47d96e_47dad8_47dbf7 (202 2.94 1 2.00 1 14.00){0.00 2.00 2.00 2.00 2.80 71}{2.80 3.00 3.00 3.00 5.60 124}{5.60 6.00 6.50 7.00 8.40 2}{8.40 11.00 11.00 11.00 11.20 1}{11.20 12.00 12.75 14.00 14.00 4}
COMM 4b-1: 48206a_4823ea_482523_482617 (199 2.37 3 1.00 3 21.00){0.00 0.00 0.00 0.00 0.80 0}{0.80 1.00 1.00 1.00 1.60 40}{1.60 2.00 2.00 2.00 2.40 103}{2.40 3.00 3.00 3.00 4.00 52}{4.00 10.00 17.25 21.00 38.00 4}
LOOP0: iter: ( 200 )[ 1 -1 3 1 0 ] mem: ( 1 )[ 1 -1 3 1 0 ]
10 2 
12 250 
14 16 
1a ( 2 2 2 2 2 2 2 2 2 2 2 2 2 2 2 2 2 2 2 2 2 2 2 2 2 2 2 2 2 2 2 2 2 2 2 2 2 2 2 2 2 2 2 2 2 2 2 2 2 2 2 2 2 2 2 2 2 2 2 2 2 2 2 2 2 2 2 2 2 2 2 2 2 2 2 2 2 2 2 2 2 2 2 2 2 2 2 2 2 2 2 2 2 2 2 2 2 2 2 2 3 3 3 3 3 3 3 3 3 3 3 3 3 3 3 3 3 3 3 3 3 3 3 3 3 3 3 3 3 3 3 3 3 3 3 3 3 3 3 3 3 3 3 3 3 3 3 3 3 3 3 3 3 3 3 3 3 3 3 3 3 3 3 3 3 3 3 3 3 3 3 3 3 3 3 3 3 3 3 3 3 3 3 3 3 3 3 3 3 3 3 3 3 3 3 3 3 3 3 3 )[ 1 -1 1 1 0 ]
1a ( 3 2 )[ 1 -1 3 1 0 ]
1a ( 2 )[ 1 -1 2 1 0 ]
1b 0 

RANKS: 1 -1 0 4 1
EVENT38: 1004 46a49f_46a7ff_46a942_46aa34
COMP 4b-0: 47d5a9_47d96e_47dad8_47dbf7 (1 4792.00 0 4792.00 0 4792.00){0.00 0.00 0.00 0.00 1916.80 0}{1916.80 0.00 0.00 0.00 3833.60 0}{3833.60 4792.00 4792.00 4792.00 5750.40 1}{5750.40 0.00 0.00 0.00 7667.20 0}{7667.20 0.00 0.00 0.00 9584.00 0}
COMP 4b-1: 48206a_4823ea_482523_482617 (3 4290.25 3 4269.00 2 4300.00){0.00 0.00 0.00 0.00 1718.40 0}{1718.40 0.00 0.00 0.00 3436.80 0}{3436.80 4269.00 4288.33 4300.00 5155.20 3}{5155.20 0.00 0.00 0.00 6873.60 0}{6873.60 0.00 0.00 0.00 8592.00 0}
COMM 4b-0: 47d5a9_47d96e_47dad8_47dbf7 (1 24.00 0 24.00 0 24.00){0.00 0.00 0.00 0.00 9.60 0}{9.60 0.00 0.00 0.00 19.20 0}{19.20 24.00 24.00 24.00 28.80 1}{28.80 0.00 0.00 0.00 38.40 0}{38.40 0.00 0.00 0.00 48.00 0}
COMM 4b-1: 48206a_4823ea_482523_482617 (3 1206.00 2 512.00 3 2264.00){0.00 0.00 0.00 0.00 409.60 0}{409.60 512.00 512.00 512.00 819.20 1}{819.20 1024.00 1024.00 1024.00 1638.40 1}{1638.40 0.00 0.00 0.00 2048.00 0}{2048.00 2264.00 2264.00 2264.00 2480.00 1}
10 2 
12 5 
14 16 
18 3 

RANKS: 1 -1 0 2 2
EVENT39: 1113 48206a_4823ea_482523_482617
COMP 4b-0: 46a49f_46a7ff_46a942_46aa34 (2 2617.33 2 2614.00 0 2619.00){0.00 0.00 0.00 0.00 1047.60 0}{1047.60 0.00 0.00 0.00 2095.20 0}{2095.20 2614.00 2616.50 2619.00 3142.80 2}{3142.80 0.00 0.00 0.00 4190.40 0}{4190.40 0.00 0.00 0.00 5238.00 0}
COMP 4b-1: 48afc5_48b249_48b31d_48b3d6 (1 21421.00 0 21421.00 0 21421.00){0.00 0.00 0.00 0.00 8568.40 0}{8568.40 0.00 0.00 0.00 17136.80 0}{17136.80 21421.00 21421.00 21421.00 25705.20 1}{25705.20 0.00 0.00 0.00 34273.60 0}{34273.60 0.00 0.00 0.00 42842.00 0}
COMM 4b-0: 46a49f_46a7ff_46a942_46aa34 (2 242.33 0 242.00 2 243.00){0.00 0.00 0.00 0.00 96.80 0}{96.80 0.00 0.00 0.00 193.60 0}{193.60 242.00 242.50 243.00 290.40 2}{290.40 0.00 0.00 0.00 387.20 0}{387.20 0.00 0.00 0.00 484.00 0}
COMM 4b-1: 48afc5_48b249_48b31d_48b3d6 (1 238.00 0 238.00 0 238.00){0.00 0.00 0.00 0.00 95.20 0}{95.20 0.00 0.00 0.00 190.40 0}{190.40 238.00 238.00 238.00 285.60 1}{285.60 0.00 0.00 0.00 380.80 0}{380.80 0.00 0.00 0.00 476.00 0}
LOOP0: iter: ( 2 )[ 1 -1 0 1 0 ] mem: ( 3 )[ 1 -1 0 1 0 ]
10 2 
12 52020 
14 16 
1a ( 1 2 )[ 1 -1 0 1 0 ]
1a ( 1 )[ 1 -1 2 1 0 ]
1b 0 

RANKS: 1 -1 0 4 1
EVENT40: 1090 479f36_47a30b_47a476_47a597
COMP 4b-0: 46a49f_46a7ff_46a942_46aa34 (2 2417.00 1 2404.00 3 2443.00){0.00 0.00 0.00 0.00 961.60 0}{961.60 0.00 0.00 0.00 1923.20 0}{1923.20 2404.00 2423.50 2443.00 2884.80 2}{2884.80 0.00 0.00 0.00 3846.40 0}{3846.40 0.00 0.00 0.00 4808.00 0}
COMP 4b-1: 48206a_4823ea_482523_482617 (4 4247.20 0 6.00 3 21212.00){0.00 0.00 0.00 0.00 2.40 0}{2.40 0.00 0.00 0.00 4.80 0}{4.80 6.00 6.00 6.00 9.60 3}{9.60 0.00 0.00 0.00 12.00 0}{12.00 21212.00 21212.00 21212.00 42412.00 1}
COMP 4b-2: 48afc5_48b249_48b31d_48b3d6 (1 21298.00 2 21298.00 2 21298.00){0.00 0.00 0.00 0.00 8519.20 0}{8519.20 0.00 0.00 0.00 17038.40 0}{17038.40 21298.00 21298.00 21298.00 25557.60 1}{25557.60 0.00 0.00 0.00 34076.80 0}{34076.80 0.00 0.00 0.00 42596.00 0}
COMM 4b-0: 46a49f_46a7ff_46a942_46aa34 (2 2.67 3 2.00 1 3.00){0.00 0.00 0.00 0.00 1.20 0}{1.20 2.00 2.00 2.00 2.40 1}{2.40 3.00 3.00 3.00 3.60 1}{3.60 0.00 0.00 0.00 4.80 0}{4.80 0.00 0.00 0.00 6.00 0}
COMM 4b-1: 48206a_4823ea_482523_482617 (4 2.20 0 2.00 3 3.00){0.00 0.00 0.00 0.00 0.80 0}{0.80 0.00 0.00 0.00 1.60 0}{1.60 2.00 2.00 2.00 2.40 3}{2.40 3.00 3.00 3.00 3.20 1}{3.20 0.00 0.00 0.00 4.00 0}
COMM 4b-2: 48afc5_48b249_48b31d_48b3d6 (1 2.00 2 2.00 2 2.00){0.00 0.00 0.00 0.00 0.80 0}{0.80 0.00 0.00 0.00 1.60 0}{1.60 2.00 2.00 2.00 2.40 1}{2.40 0.00 0.00 0.00 3.20 0}{3.20 0.00 0.00 0.00 4.00 0}
LOOP0: iter: ( 2 )[ 1 -1 2 2 1 ] mem: ( 3 )[ 1 -1 3 1 0 ]( 2 )[ 1 -1 2 1 0 ]
10 2 
12 52020 
14 16 
1b 0 
2b 2147483647 

RANKS: 1 -1 0 4 1
EVENT41: 1148 48afc5_48b249_48b31d_48b3d6
COMP 4b-0: 479f36_47a30b_47a476_47a597 (7 6.00 0 6.00 0 6.00){0.00 0.00 0.00 0.00 2.40 0}{2.40 0.00 0.00 0.00 4.80 0}{4.80 6.00 6.00 6.00 7.20 7}{7.20 0.00 0.00 0.00 9.60 0}{9.60 0.00 0.00 0.00 12.00 0}
COMM 4b-0: 479f36_47a30b_47a476_47a597 (7 406.50 3 292.00 0 484.00){0.00 0.00 0.00 0.00 193.60 0}{193.60 292.00 323.33 378.00 387.20 3}{387.20 419.00 449.50 484.00 580.80 4}{580.80 0.00 0.00 0.00 774.40 0}{774.40 0.00 0.00 0.00 968.00 0}
1c 9999 

RANKS: 1 -1 2 2 1
EVENT42: 1113 48206a_4823ea_482523_482617
COMP 4b-0: 48afc5_48b249_48b31d_48b3d6 (3 278.00 2 222.00 3 321.00){0.00 0.00 0.00 0.00 128.40 0}{128.40 222.00 235.00 248.00 256.80 2}{256.80 321.00 321.00 321.00 385.20 1}{385.20 0.00 0.00 0.00 513.60 0}{513.60 0.00 0.00 0.00 642.00 0}
COMM 4b-0: 48afc5_48b249_48b31d_48b3d6 (3 233.50 2 231.00 3 235.00){0.00 0.00 0.00 0.00 94.00 0}{94.00 0.00 0.00 0.00 188.00 0}{188.00 231.00 233.00 235.00 282.00 3}{282.00 0.00 0.00 0.00 376.00 0}{376.00 0.00 0.00 0.00 470.00 0}
10 2 
12 52020 
14 16 
1a ( 3 2 )[ 1 -1 3 1 0 ]
1a ( 2 )[ 1 -1 2 1 0 ]
1b 0 

RANKS: 2 -1 0 2 2 -1 3 1 0
EVENT43: 1004 46a49f_46a7ff_46a942_46aa34
COMP 4b-0: 46a49f_46a7ff_46a942_46aa34 (6 8595.29 0 7.00 0 20065.00){0.00 0.00 0.00 0.00 2.80 0}{2.80 0.00 0.00 0.00 5.60 0}{5.60 7.00 7.00 7.00 11.20 2}{11.20 14.00 14.00 14.00 14.00 1}{14.00 20025.00 20044.00 20065.00 40116.00 3}
COMP 4b-1: 48206a_4823ea_482523_482617 (2 45486.67 2 45336.00 3 45562.00){0.00 0.00 0.00 0.00 18224.80 0}{18224.80 0.00 0.00 0.00 36449.60 0}{36449.60 45336.00 45449.00 45562.00 54674.40 2}{54674.40 0.00 0.00 0.00 72899.20 0}{72899.20 0.00 0.00 0.00 91124.00 0}
COMP 4b-2: 48afc5_48b249_48b31d_48b3d6 (1 45448.00 0 45448.00 0 45448.00){0.00 0.00 0.00 0.00 18179.20 0}{18179.20 0.00 0.00 0.00 36358.40 0}{36358.40 45448.00 45448.00 45448.00 54537.60 1}{54537.60 0.00 0.00 0.00 72716.80 0}{72716.80 0.00 0.00 0.00 90896.00 0}
COMM 4b-0: 46a49f_46a7ff_46a942_46aa34 (6 24.57 2 9.00 3 57.00){0.00 0.00 0.00 0.00 6.40 0}{6.40 9.00 9.50 10.00 12.80 2}{12.80 16.00 16.00 16.00 19.20 1}{19.20 23.00 23.00 23.00 32.00 1}{32.00 41.00 49.00 57.00 82.00 2}
COMM 4b-1: 48206a_4823ea_482523_482617 (2 79.67 3 25.00 2 189.00){0.00 0.00 0.00 0.00 10.00 0}{10.00 0.00 0.00 0.00 20.00 0}{20.00 25.00 25.00 25.00 40.00 1}{40.00 0.00 0.00 0.00 50.00 0}{50.00 189.00 189.00 189.00 328.00 1}
COMM 4b-2: 48afc5_48b249_48b31d_48b3d6 (1 55.00 0 55.00 0 55.00){0.00 0.00 0.00 0.00 22.00 0}{22.00 0.00 0.00 0.00 44.00 0}{44.00 55.00 55.00 55.00 66.00 1}{66.00 0.00 0.00 0.00 88.00 0}{88.00 0.00 0.00 0.00 110.00 0}
LOOP0: iter: ( 3 )[ 2 -1 0 2 2 -1 3 1 0 ] mem: ( 1 )[ 2 -1 0 2 2 -1 3 1 0 ]
10 2 
12 5 1 5 
14 16 
18 3 1 3 

RANKS: 1 -1 1 3 1
EVENT44: 1113 48206a_4823ea_482523_482617
COMP 4b-0: 46a49f_46a7ff_46a942_46aa34 (2 93.33 3 93.00 2 94.00){0.00 0.00 0.00 0.00 37.20 0}{37.20 0.00 0.00 0.00 74.40 0}{74.40 93.00 93.50 94.00 111.60 2}{111.60 0.00 0.00 0.00 148.80 0}{148.80 0.00 0.00 0.00 186.00 0}
COMP 4b-1: 48206a_4823ea_482523_482617 (2 14207.33 3 6.00 1 21308.00){0.00 6.00 6.00 6.00 8523.20 1}{8523.20 0.00 0.00 0.00 17046.40 0}{17046.40 21308.00 21308.00 21308.00 25569.60 1}{25569.60 0.00 0.00 0.00 34092.80 0}{34092.80 0.00 0.00 0.00 42616.00 0}
COMP 4b-2: 48afc5_48b249_48b31d_48b3d6 (1 312.00 1 312.00 1 312.00){0.00 0.00 0.00 0.00 124.80 0}{124.80 0.00 0.00 0.00 249.60 0}{249.60 312.00 312.00 312.00 374.40 1}{374.40 0.00 0.00 0.00 499.20 0}{499.20 0.00 0.00 0.00 624.00 0}
COMM 4b-0: 46a49f_46a7ff_46a942_46aa34 (2 3.67 2 3.00 3 4.00){0.00 0.00 0.00 0.00 1.60 0}{1.60 3.00 3.00 3.00 3.20 1}{3.20 4.00 4.00 4.00 4.80 1}{4.80 0.00 0.00 0.00 6.40 0}{6.40 0.00 0.00 0.00 8.00 0}
COMM 4b-1: 48206a_4823ea_482523_482617 (2 164.67 3 2.00 1 246.00){0.00 2.00 2.00 2.00 98.40 1}{98.40 0.00 0.00 0.00 196.80 0}{196.80 246.00 246.00 246.00 295.20 1}{295.20 0.00 0.00 0.00 393.60 0}{393.60 0.00 0.00 0.00 492.00 0}
COMM 4b-2: 48afc5_48b249_48b31d_48b3d6 (1 231.00 1 231.00 1 231.00){0.00 0.00 0.00 0.00 92.40 0}{92.40 0.00 0.00 0.00 184.80 0}{184.80 231.00 231.00 231.00 277.20 1}{277.20 0.00 0.00 0.00 369.60 0}{369.60 0.00 0.00 0.00 462.00 0}
LOOP0: iter: ( 2 )[ 1 -1 1 2 2 ] mem: ( 1 )[ 1 -1 1 2 2 ]
10 2 
12 ( 52020 )[ 1 -1 1 1 0 ]
12 ( 102 106 )[ 1 -1 3 1 0 ]
12 ( 102 )[ 1 -1 2 1 0 ]
14 16 
1a ( 3 2 )[ 1 -1 1 1 0 ]
1a ( 2 3 )[ 1 -1 3 1 0 ]
1a ( 2 )[ 1 -1 2 1 0 ]
1b 0 

RANKS: 1 -1 0 2 1
EVENT45: 1090 479f36_47a30b_47a476_47a597
COMP 4b-0: 46a49f_46a7ff_46a942_46aa34 (1 92.00 0 92.00 0 92.00){0.00 0.00 0.00 0.00 36.80 0}{36.80 0.00 0.00 0.00 73.60 0}{73.60 92.00 92.00 92.00 110.40 1}{110.40 0.00 0.00 0.00 147.20 0}{147.20 0.00 0.00 0.00 184.00 0}
COMP 4b-1: 48206a_4823ea_482523_482617 (1 8.00 1 8.00 1 8.00){0.00 0.00 0.00 0.00 3.20 0}{3.20 0.00 0.00 0.00 6.40 0}{6.40 8.00 8.00 8.00 9.60 1}{9.60 0.00 0.00 0.00 12.80 0}{12.80 0.00 0.00 0.00 16.00 0}
COMP 4b-2: 48afc5_48b249_48b31d_48b3d6 (1 9.00 0 9.00 0 9.00){0.00 0.00 0.00 0.00 3.60 0}{3.60 0.00 0.00 0.00 7.20 0}{7.20 9.00 9.00 9.00 10.80 1}{10.80 0.00 0.00 0.00 14.40 0}{14.40 0.00 0.00 0.00 18.00 0}
COMM 4b-0: 46a49f_46a7ff_46a942_46aa34 (1 1.00 0 1.00 0 1.00){0.00 0.00 0.00 0.00 0.40 0}{0.40 0.00 0.00 0.00 0.80 0}{0.80 1.00 1.00 1.00 1.20 1}{1.20 0.00 0.00 0.00 1.60 0}{1.60 0.00 0.00 0.00 2.00 0}
COMM 4b-1: 48206a_4823ea_482523_482617 (1 2.00 1 2.00 1 2.00){0.00 0.00 0.00 0.00 0.80 0}{0.80 0.00 0.00 0.00 1.60 0}{1.60 2.00 2.00 2.00 2.40 1}{2.40 0.00 0.00 0.00 3.20 0}{3.20 0.00 0.00 0.00 4.00 0}
COMM 4b-2: 48afc5_48b249_48b31d_48b3d6 (1 1.00 0 1.00 0 1.00){0.00 0.00 0.00 0.00 0.40 0}{0.40 0.00 0.00 0.00 0.80 0}{0.80 1.00 1.00 1.00 1.20 1}{1.20 0.00 0.00 0.00 1.60 0}{1.60 0.00 0.00 0.00 2.00 0}
LOOP0: iter: ( 2 )[ 1 -1 0 1 0 ] mem: ( 2 )[ 1 -1 0 1 0 ]
10 2 
12 ( 102 106 )[ 1 -1 0 1 0 ]
12 ( 52020 )[ 1 -1 1 1 0 ]
14 16 
1b 0 
2b 2147483647 

RANKS: 1 -1 0 2 1
EVENT46: 1148 48afc5_48b249_48b31d_48b3d6
COMP 4b-0: 479f36_47a30b_47a476_47a597 (3 5.50 0 4.00 0 6.00){0.00 0.00 0.00 0.00 2.40 0}{2.40 4.00 4.00 4.00 4.80 1}{4.80 6.00 6.00 6.00 7.20 2}{7.20 0.00 0.00 0.00 9.60 0}{9.60 0.00 0.00 0.00 12.00 0}
COMM 4b-0: 479f36_47a30b_47a476_47a597 (3 100.25 0 3.00 1 392.00){0.00 0.00 0.00 0.00 1.20 0}{1.20 0.00 0.00 0.00 2.40 0}{2.40 3.00 3.00 3.00 4.80 2}{4.80 0.00 0.00 0.00 6.00 0}{6.00 392.00 392.00 392.00 778.00 1}
1c 9999 

RANKS: 2 -1 0 2 1 -1 3 1 0
EVENT47: 1004 46a49f_46a7ff_46a942_46aa34
COMP 4b-0: 46a49f_46a7ff_46a942_46aa34 (2 6675.00 1 6.00 1 20013.00){0.00 0.00 0.00 0.00 2.40 0}{2.40 0.00 0.00 0.00 4.80 0}{4.80 6.00 6.00 6.00 9.60 1}{9.60 0.00 0.00 0.00 12.00 0}{12.00 20013.00 20013.00 20013.00 40014.00 1}
COMP 4b-1: 48206a_4823ea_482523_482617 (1 17.00 3 17.00 3 17.00){0.00 0.00 0.00 0.00 6.80 0}{6.80 0.00 0.00 0.00 13.60 0}{13.60 17.00 17.00 17.00 20.40 1}{20.40 0.00 0.00 0.00 27.20 0}{27.20 0.00 0.00 0.00 34.00 0}
COMP 4b-2: 48afc5_48b249_48b31d_48b3d6 (2 15149.33 0 19.00 1 45410.00){0.00 0.00 0.00 0.00 7.60 0}{7.60 0.00 0.00 0.00 15.20 0}{15.20 19.00 19.00 19.00 30.40 1}{30.40 0.00 0.00 0.00 38.00 0}{38.00 45410.00 45410.00 45410.00 90782.00 1}
COMM 4b-0: 46a49f_46a7ff_46a942_46aa34 (2 23.33 1 4.00 1 62.00){0.00 0.00 0.00 0.00 1.60 0}{1.60 0.00 0.00 0.00 3.20 0}{3.20 4.00 4.00 4.00 6.40 1}{6.40 0.00 0.00 0.00 8.00 0}{8.00 62.00 62.00 62.00 116.00 1}
COMM 4b-1: 48206a_4823ea_482523_482617 (1 50.00 3 50.00 3 50.00){0.00 0.00 0.00 0.00 20.00 0}{20.00 0.00 0.00 0.00 40.00 0}{40.00 50.00 50.00 50.00 60.00 1}{60.00 0.00 0.00 0.00 80.00 0}{80.00 0.00 0.00 0.00 100.00 0}
COMM 4b-2: 48afc5_48b249_48b31d_48b3d6 (2 83.67 0 6.00 1 239.00){0.00 0.00 0.00 0.00 2.40 0}{2.40 0.00 0.00 0.00 4.80 0}{4.80 6.00 6.00 6.00 9.60 1}{9.60 0.00 0.00 0.00 12.00 0}{12.00 239.00 239.00 239.00 466.00 1}
LOOP0: iter: ( 3 )[ 1 -1 1 1 0 ] mem: ( 1 )[ 1 -1 1 1 0 ]
10 2 
12 ( 1 )[ 1 -1 0 2 3 ]
12 ( 5 1 5 )[ 1 -1 1 1 0 ]
14 16 
18 ( 3 )[ 1 -1 0 2 3 ]
18 ( 3 1 3 )[ 1 -1 1 1 0 ]

RANKS: 1 -1 0 3 1
EVENT48: 1090 479f36_47a30b_47a476_47a597
COMP 4b-0: 46a49f_46a7ff_46a942_46aa34 (3 71.50 0 64.00 1 93.00){0.00 0.00 0.00 0.00 25.60 0}{25.60 0.00 0.00 0.00 51.20 0}{51.20 64.00 64.50 65.00 76.80 2}{76.80 93.00 93.00 93.00 102.40 1}{102.40 0.00 0.00 0.00 128.00 0}
COMP 4b-1: 48206a_4823ea_482523_482617 (1 6.00 2 6.00 2 6.00){0.00 0.00 0.00 0.00 2.40 0}{2.40 0.00 0.00 0.00 4.80 0}{4.80 6.00 6.00 6.00 7.20 1}{7.20 0.00 0.00 0.00 9.60 0}{9.60 0.00 0.00 0.00 12.00 0}
COMM 4b-0: 46a49f_46a7ff_46a942_46aa34 (3 1.25 0 1.00 1 2.00){0.00 0.00 0.00 0.00 0.40 0}{0.40 0.00 0.00 0.00 0.80 0}{0.80 1.00 1.00 1.00 1.20 2}{1.20 0.00 0.00 0.00 1.60 0}{1.60 2.00 2.00 2.00 2.00 1}
COMM 4b-1: 48206a_4823ea_482523_482617 (1 2.00 2 2.00 2 2.00){0.00 0.00 0.00 0.00 0.80 0}{0.80 0.00 0.00 0.00 1.60 0}{1.60 2.00 2.00 2.00 2.40 1}{2.40 0.00 0.00 0.00 3.20 0}{3.20 0.00 0.00 0.00 4.00 0}
LOOP0: iter: ( 2 )[ 1 -1 2 1 0 ] mem: ( 3 )[ 1 -1 2 1 0 ]
10 2 
12 ( 102 )[ 1 -1 0 2 1 ]
12 ( 106 102 )[ 1 -1 2 1 0 ]
14 16 
1b 0 
2b 2147483647 

RANKS: 1 -1 0 3 1
EVENT49: 1148 48afc5_48b249_48b31d_48b3d6
COMP 4b-0: 479f36_47a30b_47a476_47a597 (4 7.00 2 5.00 1 10.00){0.00 0.00 0.00 0.00 2.80 0}{2.80 5.00 5.00 5.00 5.60 1}{5.60 6.00 6.50 7.00 8.40 2}{8.40 10.00 10.00 10.00 11.20 1}{11.20 0.00 0.00 0.00 14.00 0}
COMM 4b-0: 479f36_47a30b_47a476_47a597 (4 2.60 0 2.00 1 4.00){0.00 0.00 0.00 0.00 0.80 0}{0.80 0.00 0.00 0.00 1.60 0}{1.60 2.00 2.00 2.00 2.40 2}{2.40 3.00 3.00 3.00 3.20 1}{3.20 4.00 4.00 4.00 4.00 1}
1c 9999 

RANKS: 1 -1 1 2 2
EVENT50: 1113 48206a_4823ea_482523_482617
COMP 4b-0: 46a49f_46a7ff_46a942_46aa34 (2 67.33 1 67.00 3 68.00){0.00 0.00 0.00 0.00 26.80 0}{26.80 0.00 0.00 0.00 53.60 0}{53.60 67.00 67.50 68.00 80.40 2}{80.40 0.00 0.00 0.00 107.20 0}{107.20 0.00 0.00 0.00 134.00 0}
COMP 4b-1: 48afc5_48b249_48b31d_48b3d6 (1 6.00 1 6.00 1 6.00){0.00 0.00 0.00 0.00 2.40 0}{2.40 0.00 0.00 0.00 4.80 0}{4.80 6.00 6.00 6.00 7.20 1}{7.20 0.00 0.00 0.00 9.60 0}{9.60 0.00 0.00 0.00 12.00 0}
COMM 4b-0: 46a49f_46a7ff_46a942_46aa34 (2 2.00 1 2.00 1 2.00){0.00 0.00 0.00 0.00 0.80 0}{0.80 0.00 0.00 0.00 1.60 0}{1.60 2.00 2.00 2.00 2.40 2}{2.40 0.00 0.00 0.00 3.20 0}{3.20 0.00 0.00 0.00 4.00 0}
COMM 4b-1: 48afc5_48b249_48b31d_48b3d6 (1 4.00 1 4.00 1 4.00){0.00 0.00 0.00 0.00 1.60 0}{1.60 0.00 0.00 0.00 3.20 0}{3.20 4.00 4.00 4.00 4.80 1}{4.80 0.00 0.00 0.00 6.40 0}{6.40 0.00 0.00 0.00 8.00 0}
LOOP0: iter: ( 2 )[ 1 -1 1 1 0 ] mem: ( 2 )[ 1 -1 1 1 0 ]
10 2 
12 ( 106 102 )[ 1 -1 1 1 0 ]
12 ( 102 )[ 1 -1 3 1 0 ]
14 16 
1a 3 
1b 0 

RANKS: 1 -1 0 4 1
EVENT51: 1004 46a49f_46a7ff_46a942_46aa34
COMP 4b-0: 48206a_4823ea_482523_482617 (3 26.25 1 16.00 3 45.00){0.00 0.00 0.00 0.00 6.40 0}{6.40 0.00 0.00 0.00 12.80 0}{12.80 16.00 16.00 16.00 25.60 1}{25.60 28.00 28.00 28.00 32.00 1}{32.00 45.00 45.00 45.00 58.00 1}
COMP 4b-1: 48afc5_48b249_48b31d_48b3d6 (3 25.50 2 16.00 2 30.00){0.00 0.00 0.00 0.00 11.20 0}{11.20 16.00 16.00 16.00 22.40 1}{22.40 28.00 29.00 30.00 33.60 2}{33.60 0.00 0.00 0.00 44.80 0}{44.80 0.00 0.00 0.00 56.00 0}
COMM 4b-0: 48206a_4823ea_482523_482617 (3 31.25 3 22.00 1 36.00){0.00 0.00 0.00 0.00 14.40 0}{14.40 22.00 22.00 22.00 28.80 1}{28.80 31.00 33.50 36.00 43.20 2}{43.20 0.00 0.00 0.00 57.60 0}{57.60 0.00 0.00 0.00 72.00 0}
COMM 4b-1: 48afc5_48b249_48b31d_48b3d6 (3 19.25 2 5.00 0 26.00){0.00 5.00 5.00 5.00 10.40 1}{10.40 20.00 20.00 20.00 20.80 1}{20.80 26.00 26.00 26.00 31.20 1}{31.20 0.00 0.00 0.00 41.60 0}{41.60 0.00 0.00 0.00 52.00 0}
10 2 
12 1 
14 16 
18 3 

RANKS: 1 -1 0 2 1
EVENT52: 1090 479f36_47a30b_47a476_47a597_45ee74
COMP 4b-0: 46a49f_46a7ff_46a942_46aa34 (2 94.67 0 94.00 1 96.00){0.00 0.00 0.00 0.00 37.60 0}{37.60 0.00 0.00 0.00 75.20 0}{75.20 94.00 95.00 96.00 112.80 2}{112.80 0.00 0.00 0.00 150.40 0}{150.40 0.00 0.00 0.00 188.00 0}
COMM 4b-0: 46a49f_46a7ff_46a942_46aa34 (2 0.67 1 0.00 0 1.00){0.00 0.00 0.00 0.00 0.40 1}{0.40 0.00 0.00 0.00 0.80 0}{0.80 1.00 1.00 1.00 1.20 1}{1.20 0.00 0.00 0.00 1.60 0}{1.60 0.00 0.00 0.00 2.00 0}
10 2 
12 102 
14 16 
1b 0 
2b 2147483647 

RANKS: 1 -1 0 2 1
EVENT53: 1148 48afc5_48b249_48b31d_48b3d6_45ee89
COMP 4b-0: 479f36_47a30b_47a476_47a597_45ee74 (2 5.67 1 5.00 0 6.00){0.00 0.00 0.00 0.00 2.40 0}{2.40 0.00 0.00 0.00 4.80 0}{4.80 5.00 5.50 6.00 7.20 2}{7.20 0.00 0.00 0.00 9.60 0}{9.60 0.00 0.00 0.00 12.00 0}
COMM 4b-0: 479f36_47a30b_47a476_47a597_45ee74 (2 2.33 0 2.00 1 3.00){0.00 0.00 0.00 0.00 0.80 0}{0.80 0.00 0.00 0.00 1.60 0}{1.60 2.00 2.00 2.00 2.40 1}{2.40 3.00 3.00 3.00 3.20 1}{3.20 0.00 0.00 0.00 4.00 0}
1c 9999 

RANKS: 1 -1 2 2 1
EVENT54: 1113 48206a_4823ea_482523_482617_45ef38
COMP 4b-0: 46a49f_46a7ff_46a942_46aa34 (2 94.33 3 94.00 2 95.00){0.00 0.00 0.00 0.00 37.60 0}{37.60 0.00 0.00 0.00 75.20 0}{75.20 94.00 94.50 95.00 112.80 2}{112.80 0.00 0.00 0.00 150.40 0}{150.40 0.00 0.00 0.00 188.00 0}
COMM 4b-0: 46a49f_46a7ff_46a942_46aa34 (2 2.33 3 2.00 2 3.00){0.00 0.00 0.00 0.00 0.80 0}{0.80 0.00 0.00 0.00 1.60 0}{1.60 2.00 2.00 2.00 2.40 1}{2.40 3.00 3.00 3.00 3.20 1}{3.20 0.00 0.00 0.00 4.00 0}
10 2 
12 102 
14 16 
1a 2 
1b 0 

RANKS: 1 -1 0 4 1
EVENT55: 1004 46a49f_46a7ff_46a942_46aa34
COMP 4b-0: 48206a_4823ea_482523_482617_45ef38 (2 27.00 3 27.00 3 27.00){0.00 0.00 0.00 0.00 10.80 0}{10.80 0.00 0.00 0.00 21.60 0}{21.60 27.00 27.00 27.00 32.40 2}{32.40 0.00 0.00 0.00 43.20 0}{43.20 0.00 0.00 0.00 54.00 0}
COMP 4b-1: 48afc5_48b249_48b31d_48b3d6_45ee89 (2 28.00 0 28.00 0 28.00){0.00 0.00 0.00 0.00 11.20 0}{11.20 0.00 0.00 0.00 22.40 0}{22.40 28.00 28.00 28.00 33.60 2}{33.60 0.00 0.00 0.00 44.80 0}{44.80 0.00 0.00 0.00 56.00 0}
COMM 4b-0: 48206a_4823ea_482523_482617_45ef38 (2 45.33 2 26.00 3 55.00){0.00 0.00 0.00 0.00 22.00 0}{22.00 26.00 26.00 26.00 44.00 1}{44.00 55.00 55.00 55.00 66.00 1}{66.00 0.00 0.00 0.00 88.00 0}{88.00 0.00 0.00 0.00 110.00 0}
COMM 4b-1: 48afc5_48b249_48b31d_48b3d6_45ee89 (2 23.00 1 5.00 0 32.00){0.00 5.00 5.00 5.00 12.80 1}{12.80 0.00 0.00 0.00 25.60 0}{25.60 32.00 32.00 32.00 38.40 1}{38.40 0.00 0.00 0.00 51.20 0}{51.20 0.00 0.00 0.00 64.00 0}
10 2 
12 1 
14 16 
18 3 

RANKS: 1 -1 0 4 1
EVENT56: 1045 472dff_472e73_472ed9_472f34
COMP 4b-0: 46a49f_46a7ff_46a942_46aa34 (4 3349.80 3 3348.00 3 3351.00){0.00 0.00 0.00 0.00 1340.00 0}{1340.00 0.00 0.00 0.00 2680.00 0}{2680.00 3348.00 3349.75 3351.00 4020.00 4}{4020.00 0.00 0.00 0.00 5360.00 0}{5360.00 0.00 0.00 0.00 6700.00 0}

