RANKS: 1 -1 0 8 1
EVENT0: 1084 478e20_478edf_478f75_478fd0
33 2 
34 0 

RANKS: 1 -1 0 8 1
EVENT1: 1011 46cffd_46d32c_46d447_46d533
COMP 4b-0: 46cffd_46d32c_46d447_46d533 (64 6.00 0 5.00 0 17.00){0.00 0.00 0.00 0.00 2.40 0}{2.40 0.00 0.00 0.00 4.80 0}{4.80 5.00 5.83 9.00 9.60 63}{9.60 0.00 0.00 0.00 12.00 0}{12.00 17.00 17.00 17.00 22.00 1}
COMP 4b-1: 478e20_478edf_478f75_478fd0 (8 164.00 7 46.00 0 572.00){0.00 46.00 47.43 49.00 228.80 7}{228.80 0.00 0.00 0.00 457.60 0}{457.60 572.00 572.00 572.00 686.40 1}{686.40 0.00 0.00 0.00 915.20 0}{915.20 0.00 0.00 0.00 1144.00 0}
COMM 4b-0: 46cffd_46d32c_46d447_46d533 (64 17.31 4 1.00 5 76.00){0.00 1.00 1.00 1.00 1.60 1}{1.60 2.00 2.57 3.00 3.20 21}{3.20 3.55 4.14 6.00 6.40 21}{6.40 0.00 0.00 0.00 8.00 0}{8.00 13.00 46.62 76.00 116.00 21}
COMM 4b-1: 478e20_478edf_478f75_478fd0 (8 227.22 0 19.00 4 550.00){0.00 0.00 0.00 0.00 15.20 0}{15.20 19.00 19.00 19.00 22.80 2}{22.80 26.00 26.00 26.00 38.00 1}{38.00 243.00 353.00 462.00 462.00 4}{462.00 550.00 550.00 550.00 638.00 1}
LOOP0: iter: ( 9 )[ 1 -1 0 8 1 ] mem: ( 1 )[ 1 -1 0 8 1 ]
10 2 
12 1 1 1 1 1 5 1 1 1 
14 14 14 14 16 16 16 14 14 14 
19 0 

RANKS: 1 -1 4 1 0
EVENT2: 1113 481d4e_4820ce_482207_4822fb
COMP 4b-0: 46cffd_46d32c_46d447_46d533 (1 16895.00 4 16895.00 4 16895.00){0.00 0.00 0.00 0.00 6758.00 0}{6758.00 0.00 0.00 0.00 13516.00 0}{13516.00 16895.00 16895.00 16895.00 20274.00 1}{20274.00 0.00 0.00 0.00 27032.00 0}{27032.00 0.00 0.00 0.00 33790.00 0}
COMM 4b-0: 46cffd_46d32c_46d447_46d533 (1 3065.00 4 3065.00 4 3065.00){0.00 0.00 0.00 0.00 1226.00 0}{1226.00 0.00 0.00 0.00 2452.00 0}{2452.00 3065.00 3065.00 3065.00 3678.00 1}{3678.00 0.00 0.00 0.00 4904.00 0}{4904.00 0.00 0.00 0.00 6130.00 0}
10 2 
12 20480 
14 16 
1a 1 
1b 0 

RANKS: 1 -1 1 6 1
EVENT3: 1090 479c1a_479fef_47a15a_47a27b
COMP 4b-0: 46cffd_46d32c_46d447_46d533 (5 17449.17 3 16867.00 5 17577.00){0.00 0.00 0.00 0.00 7024.00 0}{7024.00 0.00 0.00 0.00 14048.00 0}{14048.00 16867.00 17427.00 17577.00 21072.00 5}{21072.00 0.00 0.00 0.00 28096.00 0}{28096.00 0.00 0.00 0.00 35120.00 0}
COMP 4b-1: 481d4e_4820ce_482207_4822fb (3 4136.75 4 12.00 6 5515.00){0.00 12.00 12.00 12.00 2204.00 1}{2204.00 0.00 0.00 0.00 4408.00 0}{4408.00 5510.00 5512.50 5515.00 6612.00 2}{6612.00 0.00 0.00 0.00 8816.00 0}{8816.00 0.00 0.00 0.00 11020.00 0}
COMP 4b-2: 48aca9_48af2d_48b001_48b0ba (7 396.25 1 36.00 4 2894.00){0.00 0.00 0.00 0.00 14.40 0}{14.40 0.00 0.00 0.00 28.80 0}{28.80 36.00 37.00 38.00 43.20 4}{43.20 46.00 46.00 46.00 72.00 2}{72.00 2894.00 2894.00 2894.00 5716.00 1}
COMM 4b-0: 46cffd_46d32c_46d447_46d533 (5 3.83 3 3.00 1 4.00){0.00 0.00 0.00 0.00 1.60 0}{1.60 3.00 3.00 3.00 3.20 1}{3.20 4.00 4.00 4.00 4.80 4}{4.80 0.00 0.00 0.00 6.40 0}{6.40 0.00 0.00 0.00 8.00 0}
COMM 4b-1: 481d4e_4820ce_482207_4822fb (3 1.50 5 1.00 4 3.00){0.00 0.00 0.00 0.00 0.40 0}{0.40 0.00 0.00 0.00 0.80 0}{0.80 1.00 1.00 1.00 1.60 2}{1.60 0.00 0.00 0.00 2.00 0}{2.00 3.00 3.00 3.00 4.00 1}
COMM 4b-2: 48aca9_48af2d_48b001_48b0ba (7 1.75 1 1.00 2 3.00){0.00 0.00 0.00 0.00 0.40 0}{0.40 0.00 0.00 0.00 0.80 0}{0.80 1.00 1.00 1.00 1.60 3}{1.60 2.00 2.00 2.00 2.00 2}{2.00 3.00 3.00 3.00 4.00 2}
LOOP0: iter: ( 2 )[ 2 -2 1 2 3 2 1 -1 6 1 0 ] mem: ( 3 )[ 1 -1 1 2 1 ]( 6 )[ 1 -1 5 2 1 ]( 2 )[ 1 -1 4 1 0 ]
LOOP1: iter: ( 2 )[ 1 -1 5 2 1 ] mem: ( 3 )[ 1 -1 5 2 1 ]
10 2 
12 ( 20480 )[ 2 -1 1 3 1 -1 5 2 1 ]
12 ( 20480 10240 )[ 1 -1 4 1 0 ]
14 16 
1b 0 
2b 2147483647 

RANKS: 1 -1 1 2 1
EVENT4: 1113 481d4e_4820ce_482207_4822fb
COMP 4b-0: 479c1a_479fef_47a15a_47a27b (4 62.80 1 43.00 1 75.00){0.00 0.00 0.00 0.00 30.00 0}{30.00 43.00 44.50 46.00 60.00 2}{60.00 75.00 75.00 75.00 90.00 2}{90.00 0.00 0.00 0.00 120.00 0}{120.00 0.00 0.00 0.00 150.00 0}
COMM 4b-0: 479c1a_479fef_47a15a_47a27b (4 5465.00 2 170.00 1 13349.00){0.00 170.00 209.00 275.00 5339.60 3}{5339.60 0.00 0.00 0.00 10679.20 0}{10679.20 13349.00 13349.00 13349.00 16018.80 1}{16018.80 0.00 0.00 0.00 21358.40 0}{21358.40 0.00 0.00 0.00 26698.00 0}
10 2 
12 20480 
14 16 
1a 1 7 
1b 0 

RANKS: 1 -1 1 4 1
EVENT5: 1148 48aca9_48af2d_48b001_48b0ba
COMP 4b-0: 479c1a_479fef_47a15a_47a27b (3 10.75 4 8.00 3 12.00){0.00 0.00 0.00 0.00 4.80 0}{4.80 8.00 8.00 8.00 9.60 1}{9.60 11.00 11.50 12.00 14.40 2}{14.40 0.00 0.00 0.00 19.20 0}{19.20 0.00 0.00 0.00 24.00 0}
COMP 4b-1: 481d4e_4820ce_482207_4822fb (4 9.20 1 5.00 1 12.00){0.00 0.00 0.00 0.00 4.80 0}{4.80 5.00 5.50 6.00 9.60 2}{9.60 11.00 11.50 12.00 14.40 2}{14.40 0.00 0.00 0.00 19.20 0}{19.20 0.00 0.00 0.00 24.00 0}
COMM 4b-0: 479c1a_479fef_47a15a_47a27b (3 3325.50 4 294.00 4 11126.00){0.00 294.00 294.00 294.00 376.40 1}{376.40 0.00 0.00 0.00 752.80 0}{752.80 941.00 941.00 941.00 1505.60 1}{1505.60 0.00 0.00 0.00 1882.00 0}{1882.00 11126.00 11126.00 11126.00 20370.00 1}
COMM 4b-1: 481d4e_4820ce_482207_4822fb (4 2625.20 1 1.00 2 13114.00){0.00 1.00 1.00 1.00 2.00 2}{2.00 0.00 0.00 0.00 4.00 0}{4.00 5.00 5.00 5.00 8.00 1}{8.00 0.00 0.00 0.00 10.00 0}{10.00 13114.00 13114.00 13114.00 26218.00 1}
1c 9999 

RANKS: 1 -1 1 6 1
EVENT6: 1113 481d4e_4820ce_482207_4822fb
COMP 4b-0: 479c1a_479fef_47a15a_47a27b (8 65.44 5 44.00 6 78.00){0.00 0.00 0.00 0.00 30.00 0}{30.00 44.00 52.25 60.00 60.00 4}{60.00 75.00 76.25 78.00 90.00 4}{90.00 0.00 0.00 0.00 120.00 0}{120.00 0.00 0.00 0.00 150.00 0}
COMP 4b-1: 481d4e_4820ce_482207_4822fb (2 3665.67 3 2863.00 4 5271.00){0.00 0.00 0.00 0.00 1145.20 0}{1145.20 0.00 0.00 0.00 2290.40 0}{2290.40 2863.00 2863.00 2863.00 3435.60 1}{3435.60 0.00 0.00 0.00 4580.80 0}{4580.80 5271.00 5271.00 5271.00 5726.00 1}
COMP 4b-2: 48aca9_48af2d_48b001_48b0ba (4 1880.00 4 41.00 2 3089.00){0.00 41.00 73.50 106.00 1232.80 2}{1232.80 0.00 0.00 0.00 2465.60 0}{2465.60 3082.00 3085.50 3089.00 3698.40 2}{3698.40 0.00 0.00 0.00 4931.20 0}{4931.20 0.00 0.00 0.00 6164.00 0}
COMM 4b-0: 479c1a_479fef_47a15a_47a27b (8 3024.89 5 100.00 5 13058.00){0.00 100.00 158.29 272.00 5223.20 7}{5223.20 0.00 0.00 0.00 10446.40 0}{10446.40 13058.00 13058.00 13058.00 15669.60 1}{15669.60 0.00 0.00 0.00 20892.80 0}{20892.80 0.00 0.00 0.00 26116.00 0}
COMM 4b-1: 481d4e_4820ce_482207_4822fb (2 265.33 3 61.00 4 674.00){0.00 0.00 0.00 0.00 24.40 0}{24.40 0.00 0.00 0.00 48.80 0}{48.80 61.00 61.00 61.00 97.60 1}{97.60 0.00 0.00 0.00 122.00 0}{122.00 674.00 674.00 674.00 1226.00 1}
COMM 4b-2: 48aca9_48af2d_48b001_48b0ba (4 2689.00 4 60.00 3 13198.00){0.00 0.00 0.00 0.00 24.80 0}{24.80 0.00 0.00 0.00 49.60 0}{49.60 60.00 61.67 63.00 99.20 3}{99.20 0.00 0.00 0.00 124.00 0}{124.00 13198.00 13198.00 13198.00 26272.00 1}
LOOP0: iter: ( 2 )[ 1 -1 3 2 1 ] mem: ( 1 )[ 1 -1 3 2 1 ]
10 2 
12 ( 10240 )[ 1 -1 1 2 1 ]
12 ( 20480 10240 )[ 1 -1 3 1 0 ]
12 ( 20480 )[ 1 -1 5 2 1 ]
12 ( 10240 20480 )[ 1 -1 4 1 0 ]
14 16 
1a ( 4 )[ 1 -1 1 2 1 ]
1a ( 7 4 )[ 1 -1 3 1 0 ]
1a ( 1 7 )[ 1 -1 5 2 1 ]
1a ( 4 1 )[ 1 -1 4 1 0 ]
1b 0 

RANKS: 1 -1 1 2 1
EVENT7: 1090 479c1a_479fef_47a15a_47a27b
COMP 4b-0: 481d4e_4820ce_482207_4822fb (2 5.33 1 5.00 2 6.00){0.00 0.00 0.00 0.00 2.00 0}{2.00 0.00 0.00 0.00 4.00 0}{4.00 5.00 5.50 6.00 6.00 2}{6.00 0.00 0.00 0.00 8.00 0}{8.00 0.00 0.00 0.00 10.00 0}
COMM 4b-0: 481d4e_4820ce_482207_4822fb (2 1.00 1 1.00 1 1.00){0.00 0.00 0.00 0.00 0.40 0}{0.40 0.00 0.00 0.00 0.80 0}{0.80 1.00 1.00 1.00 1.20 2}{1.20 0.00 0.00 0.00 1.60 0}{1.60 0.00 0.00 0.00 2.00 0}
10 2 
12 10240 
14 16 
1b 0 
2b 2147483647 

RANKS: 1 -2 1 2 4 2 1
EVENT8: 1148 48aca9_48af2d_48b001_48b0ba
COMP 4b-0: 479c1a_479fef_47a15a_47a27b (2 5.00 1 5.00 1 5.00){0.00 0.00 0.00 0.00 2.00 0}{2.00 0.00 0.00 0.00 4.00 0}{4.00 5.00 5.00 5.00 6.00 2}{6.00 0.00 0.00 0.00 8.00 0}{8.00 0.00 0.00 0.00 10.00 0}
COMP 4b-1: 481d4e_4820ce_482207_4822fb (10 6.82 1 5.00 5 12.00){0.00 0.00 0.00 0.00 2.00 0}{2.00 0.00 0.00 0.00 4.00 0}{4.00 5.00 5.20 6.00 6.00 5}{6.00 7.00 8.00 10.00 10.00 4}{10.00 12.00 12.00 12.00 14.00 1}
COMM 4b-0: 479c1a_479fef_47a15a_47a27b (2 51.33 1 51.00 2 52.00){0.00 0.00 0.00 0.00 20.40 0}{20.40 0.00 0.00 0.00 40.80 0}{40.80 51.00 51.50 52.00 61.20 2}{61.20 0.00 0.00 0.00 81.60 0}{81.60 0.00 0.00 0.00 102.00 0}
COMM 4b-1: 481d4e_4820ce_482207_4822fb (10 1173.73 6 0.00 6 12833.00){0.00 0.00 0.80 1.00 2.00 5}{2.00 3.00 3.00 3.00 4.00 1}{4.00 5.00 5.00 5.00 6.00 1}{6.00 31.00 32.50 34.00 56.00 2}{56.00 12833.00 12833.00 12833.00 25610.00 1}
LOOP0: iter: ( 2 )[ 1 -1 1 2 1 ] mem: ( 3 )[ 1 -1 1 2 1 ]
1c 9999 

RANKS: 1 -1 1 7 1
EVENT9: 1090 479c1a_479fef_47a15a_47a27b
COMP 4b-0: 46cffd_46d32c_46d447_46d533 (1 16864.00 7 16864.00 7 16864.00){0.00 0.00 0.00 0.00 6745.60 0}{6745.60 0.00 0.00 0.00 13491.20 0}{13491.20 16864.00 16864.00 16864.00 20236.80 1}{20236.80 0.00 0.00 0.00 26982.40 0}{26982.40 0.00 0.00 0.00 33728.00 0}
COMP 4b-1: 481d4e_4820ce_482207_4822fb (5 1747.50 3 7.00 7 5205.00){0.00 0.00 0.00 0.00 2.80 0}{2.80 0.00 0.00 0.00 5.60 0}{5.60 7.00 7.00 7.00 14.00 2}{14.00 2429.00 2629.50 2830.00 4844.00 2}{4844.00 5205.00 5205.00 5205.00 5566.00 1}
COMP 4b-2: 48aca9_48af2d_48b001_48b0ba (10 3257.27 2 47.00 2 5526.00){0.00 47.00 48.00 49.00 2209.20 2}{2209.20 2472.00 2785.60 3094.00 4418.40 5}{4418.40 5234.00 5427.67 5526.00 6627.60 3}{6627.60 0.00 0.00 0.00 8836.80 0}{8836.80 0.00 0.00 0.00 11046.00 0}
COMM 4b-0: 46cffd_46d32c_46d447_46d533 (1 4.00 7 4.00 7 4.00){0.00 0.00 0.00 0.00 1.60 0}{1.60 0.00 0.00 0.00 3.20 0}{3.20 4.00 4.00 4.00 4.80 1}{4.80 0.00 0.00 0.00 6.40 0}{6.40 0.00 0.00 0.00 8.00 0}
COMM 4b-1: 481d4e_4820ce_482207_4822fb (5 1.17 3 1.00 7 2.00){0.00 0.00 0.00 0.00 0.40 0}{0.40 0.00 0.00 0.00 0.80 0}{0.80 1.00 1.00 1.00 1.20 4}{1.20 0.00 0.00 0.00 1.60 0}{1.60 2.00 2.00 2.00 2.00 1}
COMM 4b-2: 48aca9_48af2d_48b001_48b0ba (10 1.09 2 0.00 5 2.00){0.00 0.00 0.00 0.00 0.40 1}{0.40 0.00 0.00 0.00 0.80 0}{0.80 1.00 1.00 1.00 1.20 7}{1.20 0.00 0.00 0.00 1.60 0}{1.60 2.00 2.00 2.00 2.00 2}
LOOP0: iter: ( 2 )[ 1 -1 3 2 1 ]( 4 )[ 1 -1 7 1 0 ] mem: ( 2 )[ 1 -1 3 2 1 ]( 3 )[ 1 -1 7 1 0 ]
10 2 
12 ( 20480 )[ 1 -1 1 2 1 ]
12 ( 10240 20480 )[ 1 -1 3 1 0 ]
12 ( 20480 10240 )[ 1 -1 4 2 3 ]
12 ( 10240 )[ 1 -1 5 2 1 ]
14 16 
1b 0 
2b 2147483647 

RANKS: 1 -1 1 2 1
EVENT10: 1113 481d4e_4820ce_482207_4822fb
COMP 4b-0: 479c1a_479fef_47a15a_47a27b (4 69.00 2 60.00 2 75.00){0.00 0.00 0.00 0.00 29.60 0}{29.60 0.00 0.00 0.00 59.20 0}{59.20 60.00 67.75 75.00 88.80 4}{88.80 0.00 0.00 0.00 118.40 0}{118.40 0.00 0.00 0.00 148.00 0}
COMM 4b-0: 479c1a_479fef_47a15a_47a27b (4 115.20 1 99.00 2 136.00){0.00 0.00 0.00 0.00 48.00 0}{48.00 0.00 0.00 0.00 96.00 0}{96.00 99.00 114.00 136.00 144.00 4}{144.00 0.00 0.00 0.00 192.00 0}{192.00 0.00 0.00 0.00 240.00 0}
10 2 
12 20480 
14 16 
1a 1 7 
1b 0 

RANKS: 1 -1 1 7 1
EVENT11: 1148 48aca9_48af2d_48b001_48b0ba
COMP 4b-0: 479c1a_479fef_47a15a_47a27b (12 5.54 4 4.00 7 11.00){0.00 0.00 0.00 0.00 2.00 0}{2.00 4.00 4.00 4.00 4.00 2}{4.00 5.00 5.00 5.00 6.00 8}{6.00 8.00 8.00 8.00 10.00 1}{10.00 11.00 11.00 11.00 12.00 1}
COMP 4b-1: 481d4e_4820ce_482207_4822fb (2 7.00 1 7.00 1 7.00){0.00 0.00 0.00 0.00 2.80 0}{2.80 0.00 0.00 0.00 5.60 0}{5.60 7.00 7.00 7.00 8.40 2}{8.40 0.00 0.00 0.00 11.20 0}{11.20 0.00 0.00 0.00 14.00 0}
COMM 4b-0: 479c1a_479fef_47a15a_47a27b (12 318.92 5 52.00 7 953.00){0.00 0.00 0.00 0.00 21.20 0}{21.20 0.00 0.00 0.00 42.40 0}{42.40 52.00 58.60 83.00 84.80 5}{84.80 0.00 0.00 0.00 106.00 0}{106.00 209.00 542.86 953.00 1572.00 7}
COMM 4b-1: 481d4e_4820ce_482207_4822fb (2 1.00 1 1.00 1 1.00){0.00 0.00 0.00 0.00 0.40 0}{0.40 0.00 0.00 0.00 0.80 0}{0.80 1.00 1.00 1.00 1.20 2}{1.20 0.00 0.00 0.00 1.60 0}{1.60 0.00 0.00 0.00 2.00 0}
1c 9999 

RANKS: 1 -1 0 8 1
EVENT12: 1113 481d4e_4820ce_482207_4822fb
COMP 4b-0: 46cffd_46d32c_46d447_46d533 (1 16946.00 0 16946.00 0 16946.00){0.00 0.00 0.00 0.00 6778.40 0}{6778.40 0.00 0.00 0.00 13556.80 0}{13556.80 16946.00 16946.00 16946.00 20335.20 1}{20335.20 0.00 0.00 0.00 27113.60 0}{27113.60 0.00 0.00 0.00 33892.00 0}
COMP 4b-1: 481d4e_4820ce_482207_4822fb (1 2446.00 3 2446.00 3 2446.00){0.00 0.00 0.00 0.00 978.40 0}{978.40 0.00 0.00 0.00 1956.80 0}{1956.80 2446.00 2446.00 2446.00 2935.20 1}{2935.20 0.00 0.00 0.00 3913.60 0}{3913.60 0.00 0.00 0.00 4892.00 0}
COMP 4b-2: 48aca9_48af2d_48b001_48b0ba (15 1220.13 7 38.00 0 5302.00){0.00 38.00 59.00 104.00 1155.60 10}{1155.60 0.00 0.00 0.00 2311.20 0}{2311.20 2505.00 2685.25 2889.00 3466.80 4}{3466.80 0.00 0.00 0.00 4622.40 0}{4622.40 5302.00 5302.00 5302.00 5778.00 1}
COMM 4b-0: 46cffd_46d32c_46d447_46d533 (1 3249.00 0 3249.00 0 3249.00){0.00 0.00 0.00 0.00 1299.60 0}{1299.60 0.00 0.00 0.00 2599.20 0}{2599.20 3249.00 3249.00 3249.00 3898.80 1}{3898.80 0.00 0.00 0.00 5198.40 0}{5198.40 0.00 0.00 0.00 6498.00 0}
COMM 4b-1: 481d4e_4820ce_482207_4822fb (1 98.00 3 98.00 3 98.00){0.00 0.00 0.00 0.00 39.20 0}{39.20 0.00 0.00 0.00 78.40 0}{78.40 98.00 98.00 98.00 117.60 1}{117.60 0.00 0.00 0.00 156.80 0}{156.80 0.00 0.00 0.00 196.00 0}
COMM 4b-2: 48aca9_48af2d_48b001_48b0ba (15 922.81 4 58.00 7 12917.00){0.00 0.00 0.00 0.00 24.40 0}{24.40 0.00 0.00 0.00 48.80 0}{48.80 58.00 71.09 116.00 122.00 11}{122.00 179.00 335.00 619.00 1116.00 3}{1116.00 12917.00 12917.00 12917.00 24718.00 1}
LOOP0: iter: ( 4 )[ 1 -1 0 1 0 ]( 2 )[ 1 -1 3 1 0 ] mem: ( 3 )[ 1 -1 0 1 0 ]( 1 )[ 1 -1 3 1 0 ]
10 2 
12 ( 20480 10240 )[ 2 -1 0 2 3 -1 7 1 0 ]
12 ( 10240 )[ 2 -2 1 2 3 2 1 -1 6 1 0 ]
14 16 
1a ( 1 4 )[ 1 -1 0 1 0 ]
1a ( 4 )[ 2 -2 1 2 3 2 1 -1 6 1 0 ]
1a ( 7 4 )[ 1 -1 3 2 4 ]
1b 0 

RANKS: 1 -1 0 4 1
EVENT13: 1090 479c1a_479fef_47a15a_47a27b
COMP 4b-0: 481d4e_4820ce_482207_4822fb (7 7.75 0 5.00 0 14.00){0.00 5.00 5.00 5.00 5.60 2}{5.60 6.00 6.00 6.00 11.20 4}{11.20 14.00 14.00 14.00 16.80 1}{16.80 0.00 0.00 0.00 22.40 0}{22.40 0.00 0.00 0.00 28.00 0}
COMM 4b-0: 481d4e_4820ce_482207_4822fb (7 1.75 0 1.00 0 4.00){0.00 1.00 1.00 1.00 1.60 6}{1.60 0.00 0.00 0.00 3.20 0}{3.20 4.00 4.00 4.00 4.80 1}{4.80 0.00 0.00 0.00 6.40 0}{6.40 0.00 0.00 0.00 8.00 0}
10 2 
12 ( 20480 10240 )[ 1 -1 0 1 0 ]
12 ( 10240 )[ 1 -1 1 3 1 ]
14 16 
1b 0 
2b 2147483647 

RANKS: 1 -1 0 4 1
EVENT14: 1148 48aca9_48af2d_48b001_48b0ba
COMP 4b-0: 479c1a_479fef_47a15a_47a27b (7 7.38 0 5.00 0 13.00){0.00 5.00 5.00 5.00 5.20 5}{5.20 8.00 8.00 8.00 10.40 1}{10.40 13.00 13.00 13.00 15.60 1}{15.60 0.00 0.00 0.00 20.80 0}{20.80 0.00 0.00 0.00 26.00 0}
COMM 4b-0: 479c1a_479fef_47a15a_47a27b (7 2859.25 2 51.00 0 11168.00){0.00 51.00 89.67 239.00 4467.20 6}{4467.20 0.00 0.00 0.00 8934.40 0}{8934.40 11168.00 11168.00 11168.00 13401.60 1}{13401.60 0.00 0.00 0.00 17868.80 0}{17868.80 0.00 0.00 0.00 22336.00 0}
1c 9999 

RANKS: 1 -1 0 8 1
EVENT15: 1004 46a183_46a4e3_46a626_46a718
COMP 4b-0: 481d4e_4820ce_482207_4822fb (4 5056.00 7 4929.00 5 5247.00){0.00 0.00 0.00 0.00 1971.60 0}{1971.60 0.00 0.00 0.00 3943.20 0}{3943.20 4929.00 5087.75 5247.00 5914.80 4}{5914.80 0.00 0.00 0.00 7886.40 0}{7886.40 0.00 0.00 0.00 9858.00 0}
COMP 4b-1: 48aca9_48af2d_48b001_48b0ba (4 5077.60 0 4955.00 2 5265.00){0.00 0.00 0.00 0.00 1982.00 0}{1982.00 0.00 0.00 0.00 3964.00 0}{3964.00 4955.00 5108.25 5265.00 5946.00 4}{5946.00 0.00 0.00 0.00 7928.00 0}{7928.00 0.00 0.00 0.00 9910.00 0}
COMM 4b-0: 481d4e_4820ce_482207_4822fb (4 409.40 6 24.00 7 669.00){0.00 24.00 40.50 57.00 267.60 2}{267.60 0.00 0.00 0.00 535.20 0}{535.20 628.00 648.50 669.00 802.80 2}{802.80 0.00 0.00 0.00 1070.40 0}{1070.40 0.00 0.00 0.00 1338.00 0}
COMM 4b-1: 48aca9_48af2d_48b001_48b0ba (4 413.80 2 70.00 3 679.00){0.00 70.00 95.00 120.00 240.00 2}{240.00 0.00 0.00 0.00 480.00 0}{480.00 600.00 639.50 679.00 720.00 2}{720.00 0.00 0.00 0.00 960.00 0}{960.00 0.00 0.00 0.00 1200.00 0}
10 2 
12 5 
14 16 
18 3 

RANKS: 1 -1 0 8 1
EVENT16: 1010 46cb14_46cd49_46cded_46ce69
COMP 4b-0: 46a183_46a4e3_46a626_46a718 (8 6.00 0 5.00 3 8.00){0.00 0.00 0.00 0.00 2.00 0}{2.00 0.00 0.00 0.00 4.00 0}{4.00 5.00 5.50 6.00 6.00 6}{6.00 8.00 8.00 8.00 8.00 2}{8.00 0.00 0.00 0.00 10.00 0}
COMM 4b-0: 46a183_46a4e3_46a626_46a718 (8 119.00 0 11.00 7 257.00){0.00 0.00 0.00 0.00 4.40 0}{4.40 0.00 0.00 0.00 8.80 0}{8.80 11.00 13.00 15.00 22.00 2}{22.00 127.00 132.25 138.00 232.00 4}{232.00 248.00 252.50 257.00 264.00 2}
10 2 

RANKS: 2 -2 1 2 3 2 1 -1 6 1 0
EVENT17: 1102 47d28d_47d652_47d7bc_47d8db
COMP 4b-0: 46cb14_46cd49_46cded_46ce69 (5 290.17 4 276.00 1 300.00){0.00 0.00 0.00 0.00 120.00 0}{120.00 0.00 0.00 0.00 240.00 0}{240.00 276.00 288.20 300.00 360.00 5}{360.00 0.00 0.00 0.00 480.00 0}{480.00 0.00 0.00 0.00 600.00 0}
COMP 4b-1: 47d28d_47d652_47d7bc_47d8db (124 5.10 6 4.00 6 9.00){0.00 0.00 0.00 0.00 2.00 0}{2.00 4.00 4.00 4.00 4.00 3}{4.00 5.00 5.07 6.00 6.00 119}{6.00 8.00 8.00 8.00 8.00 1}{8.00 9.00 9.00 9.00 10.00 1}
COMP 4b-2: 481d4e_4820ce_482207_4822fb (367 82.07 4 74.00 2 116.00){0.00 0.00 0.00 0.00 33.20 0}{33.20 0.00 0.00 0.00 66.40 0}{66.40 74.00 81.97 94.00 99.60 366}{99.60 116.00 116.00 116.00 132.80 1}{132.80 0.00 0.00 0.00 166.00 0}
COMM 4b-0: 46cb14_46cd49_46cded_46ce69 (5 115.50 1 8.00 6 349.00){0.00 0.00 0.00 0.00 3.20 0}{3.20 0.00 0.00 0.00 6.40 0}{6.40 8.00 8.00 8.00 16.00 2}{16.00 32.00 32.00 32.00 48.00 1}{48.00 288.00 318.50 349.00 528.00 2}
COMM 4b-1: 47d28d_47d652_47d7bc_47d8db (124 6.78 5 1.00 5 117.00){0.00 1.00 2.72 6.00 6.40 83}{6.40 7.00 8.29 10.00 12.80 35}{12.80 15.00 15.50 16.00 25.60 2}{25.60 26.00 26.00 26.00 32.00 1}{32.00 53.00 86.33 117.00 146.00 3}
COMM 4b-2: 481d4e_4820ce_482207_4822fb (367 25.61 1 1.00 4 4764.00){0.00 1.00 2.69 4.00 4.80 271}{4.80 5.00 5.89 9.00 10.00 18}{10.00 26.00 26.00 26.00 42.00 1}{42.00 44.71 47.20 155.00 200.00 75}{200.00 254.00 2509.00 4764.00 9328.00 2}
LOOP0: iter: ( 62 )[ 1 -2 1 2 4 2 1 ]( 124 )[ 1 -1 4 1 0 ] mem: ( 2 )[ 2 -2 1 2 3 2 1 -1 6 1 0 ]
LOOP1: iter: ( 2 )[ 1 -1 5 2 1 ] mem: ( 1 )[ 1 -1 5 2 1 ]
10 2 
12 ( 155 )[ 1 -1 1 2 1 ]
12 ( 155 80 )[ 1 -1 5 2 1 ]
12 ( 75 75 75 75 75 75 75 75 75 75 75 75 75 75 75 75 75 75 75 75 75 75 75 75 75 75 75 75 75 75 75 75 75 75 75 75 75 75 75 75 75 75 75 75 75 75 75 75 75 75 75 75 75 75 75 75 75 75 75 75 75 75 155 155 155 155 155 155 155 155 155 155 155 155 155 155 155 155 155 155 155 155 155 155 155 155 155 155 155 155 155 155 155 155 155 155 155 155 155 155 155 155 155 155 155 155 155 155 155 155 155 155 155 155 155 155 155 155 155 155 155 155 155 155 )[ 1 -1 4 1 0 ]
14 16 
1b 0 
2b ( 7 )[ 1 -1 1 2 1 ]
2b ( 7 4 )[ 1 -1 5 2 1 ]
2b ( 4 4 4 4 4 4 4 4 4 4 4 4 4 4 4 4 4 4 4 4 4 4 4 4 4 4 4 4 4 4 4 4 4 4 4 4 4 4 4 4 4 4 4 4 4 4 4 4 4 4 4 4 4 4 4 4 4 4 4 4 4 4 1 1 1 1 1 1 1 1 1 1 1 1 1 1 1 1 1 1 1 1 1 1 1 1 1 1 1 1 1 1 1 1 1 1 1 1 1 1 1 1 1 1 1 1 1 1 1 1 1 1 1 1 1 1 1 1 1 1 1 1 1 1 )[ 1 -1 4 1 0 ]

RANKS: 1 -2 0 2 4 3 1
EVENT18: 1113 481d4e_4820ce_482207_4822fb
COMP 4b-0: 46cb14_46cd49_46cded_46ce69 (1 366.00 0 366.00 0 366.00){0.00 0.00 0.00 0.00 146.40 0}{146.40 0.00 0.00 0.00 292.80 0}{292.80 366.00 366.00 366.00 439.20 1}{439.20 0.00 0.00 0.00 585.60 0}{585.60 0.00 0.00 0.00 732.00 0}
COMP 4b-1: 47d28d_47d652_47d7bc_47d8db (372 101.79 4 92.00 5 149.00){0.00 0.00 0.00 0.00 43.60 0}{43.60 0.00 0.00 0.00 87.20 0}{87.20 92.00 101.56 127.00 130.80 370}{130.80 135.00 142.00 149.00 174.40 2}{174.40 0.00 0.00 0.00 218.00 0}
COMP 4b-2: 481d4e_4820ce_482207_4822fb (247 45.46 1 4.00 0 177.00){0.00 0.00 0.00 0.00 2.00 0}{2.00 4.00 4.00 4.00 4.00 37}{4.00 5.00 5.37 8.00 8.00 149}{8.00 0.00 0.00 0.00 10.00 0}{10.00 168.00 169.18 177.00 328.00 61}
COMM 4b-0: 46cb14_46cd49_46cded_46ce69 (1 3.00 0 3.00 0 3.00){0.00 0.00 0.00 0.00 1.20 0}{1.20 0.00 0.00 0.00 2.40 0}{2.40 3.00 3.00 3.00 3.60 1}{3.60 0.00 0.00 0.00 4.80 0}{4.80 0.00 0.00 0.00 6.00 0}
COMM 4b-1: 47d28d_47d652_47d7bc_47d8db (372 3.90 1 2.00 1 84.00){0.00 0.00 0.00 0.00 1.20 0}{1.20 2.00 2.12 2.29 2.40 282}{2.40 3.00 3.01 4.00 4.80 80}{4.80 0.00 0.00 0.00 6.00 0}{6.00 10.00 61.20 84.00 162.00 10}
COMM 4b-2: 481d4e_4820ce_482207_4822fb (247 2.35 0 1.00 0 95.00){0.00 0.00 0.00 0.00 0.80 0}{0.80 1.00 1.00 1.00 1.60 116}{1.60 2.00 2.00 2.00 2.40 121}{2.40 3.00 3.00 3.00 4.00 6}{4.00 14.00 51.25 95.00 186.00 4}
LOOP0: iter: ( 124 )[ 1 -1 0 1 0 ]( 2 )[ 1 -1 1 2 1 ] mem: ( 1 )[ 1 -1 0 3 1 ]
10 2 
12 ( 155 75 )[ 1 -1 0 1 0 ]
12 ( 155 80 )[ 1 -1 1 2 1 ]
12 ( 155 )[ 1 -1 5 2 1 ]
12 ( 155 155 155 155 155 155 155 155 155 155 155 155 155 155 155 155 155 155 155 155 155 155 155 155 155 155 155 155 155 155 155 155 155 155 155 155 155 155 155 155 155 155 155 155 155 155 155 155 155 155 155 155 155 155 155 155 155 155 155 155 155 155 75 75 75 75 75 75 75 75 75 75 75 75 75 75 75 75 75 75 75 75 75 75 75 75 75 75 75 75 75 75 75 75 75 75 75 75 75 75 75 75 75 75 75 75 75 75 75 75 75 75 75 75 75 75 75 75 75 75 75 75 75 75 )[ 1 -1 4 1 0 ]
14 16 
1a ( 1 4 )[ 1 -1 0 3 1 ]
1a ( 1 )[ 1 -1 5 2 1 ]
1a ( 1 1 1 1 1 1 1 1 1 1 1 1 1 1 1 1 1 1 1 1 1 1 1 1 1 1 1 1 1 1 1 1 1 1 1 1 1 1 1 1 1 1 1 1 1 1 1 1 1 1 1 1 1 1 1 1 1 1 1 1 1 1 4 4 4 4 4 4 4 4 4 4 4 4 4 4 4 4 4 4 4 4 4 4 4 4 4 4 4 4 4 4 4 4 4 4 4 4 4 4 4 4 4 4 4 4 4 4 4 4 4 4 4 4 4 4 4 4 4 4 4 4 4 4 )[ 1 -1 4 1 0 ]
1b 0 

RANKS: 2 -1 0 4 1 -1 5 3 1
EVENT19: 1102 47d28d_47d652_47d7bc_47d8db
COMP 4b-0: 46cb14_46cd49_46cded_46ce69 (2 271.33 3 270.00 7 274.00){0.00 0.00 0.00 0.00 108.00 0}{108.00 0.00 0.00 0.00 216.00 0}{216.00 270.00 272.00 274.00 324.00 2}{324.00 0.00 0.00 0.00 432.00 0}{432.00 0.00 0.00 0.00 540.00 0}
COMP 4b-1: 47d28d_47d652_47d7bc_47d8db (370 57.95 1 5.00 7 177.00){0.00 0.00 0.00 0.00 2.40 0}{2.40 0.00 0.00 0.00 4.80 0}{4.80 5.00 5.67 9.00 9.60 247}{9.60 10.00 10.00 10.00 12.00 1}{12.00 158.00 164.61 177.00 310.00 122}
COMP 4b-2: 481d4e_4820ce_482207_4822fb (372 78.47 3 74.00 3 91.00){0.00 0.00 0.00 0.00 32.00 0}{32.00 0.00 0.00 0.00 64.00 0}{64.00 74.00 78.46 91.00 96.00 372}{96.00 0.00 0.00 0.00 128.00 0}{128.00 0.00 0.00 0.00 160.00 0}
COMM 4b-0: 46cb14_46cd49_46cded_46ce69 (2 366.33 3 336.00 7 427.00){0.00 0.00 0.00 0.00 134.40 0}{134.40 0.00 0.00 0.00 268.80 0}{268.80 336.00 336.00 336.00 403.20 1}{403.20 427.00 427.00 427.00 537.60 1}{537.60 0.00 0.00 0.00 672.00 0}
COMM 4b-1: 47d28d_47d652_47d7bc_47d8db (370 23.15 0 1.00 0 373.00){0.00 0.00 0.00 0.00 0.80 0}{0.80 1.00 1.08 1.12 1.60 185}{1.60 2.00 2.85 4.00 4.00 62}{4.00 5.00 61.91 72.00 82.00 119}{82.00 113.20 210.30 373.00 664.00 4}
COMM 4b-2: 481d4e_4820ce_482207_4822fb (372 51.55 3 1.00 0 5147.00){0.00 1.00 24.08 1039.00 2058.80 371}{2058.80 0.00 0.00 0.00 4117.60 0}{4117.60 5147.00 5147.00 5147.00 6176.40 1}{6176.40 0.00 0.00 0.00 8235.20 0}{8235.20 0.00 0.00 0.00 10294.00 0}
LOOP0: iter: ( 124 )[ 2 -1 0 2 3 -1 7 1 0 ]( 62 )[ 1 -2 1 2 4 2 1 ] mem: ( 1 )[ 1 -1 0 2 7 ]( 2 )[ 2 -1 1 3 1 -1 5 2 1 ]
LOOP1: iter: ( 2 )[ 1 -1 1 2 1 ] mem: ( 1 )[ 1 -1 1 2 1 ]
10 2 
12 ( 155 75 )[ 1 -1 0 2 7 ]
12 ( 155 80 )[ 1 -1 1 2 1 ]
12 ( 155 155 155 155 155 155 155 155 155 155 155 155 155 155 155 155 155 155 155 155 155 155 155 155 155 155 155 155 155 155 155 155 155 155 155 155 155 155 155 155 155 155 155 155 155 155 155 155 155 155 155 155 155 155 155 155 155 155 155 155 155 155 75 75 75 75 75 75 75 75 75 75 75 75 75 75 75 75 75 75 75 75 75 75 75 75 75 75 75 75 75 75 75 75 75 75 75 75 75 75 75 75 75 75 75 75 75 75 75 75 75 75 75 75 75 75 75 75 75 75 75 75 75 75 )[ 1 -1 3 1 0 ]
12 ( 155 )[ 1 -1 5 2 1 ]
14 16 
1b 0 
2b ( 1 4 )[ 1 -1 0 3 1 ]
2b ( 7 7 7 7 7 7 7 7 7 7 7 7 7 7 7 7 7 7 7 7 7 7 7 7 7 7 7 7 7 7 7 7 7 7 7 7 7 7 7 7 7 7 7 7 7 7 7 7 7 7 7 7 7 7 7 7 7 7 7 7 7 7 4 4 4 4 4 4 4 4 4 4 4 4 4 4 4 4 4 4 4 4 4 4 4 4 4 4 4 4 4 4 4 4 4 4 4 4 4 4 4 4 4 4 4 4 4 4 4 4 4 4 4 4 4 4 4 4 4 4 4 4 4 4 )[ 1 -1 3 1 0 ]
2b ( 7 4 )[ 1 -1 7 1 0 ]
2b ( 1 )[ 1 -1 5 2 1 ]

RANKS: 1 -1 1 7 1
EVENT20: 1113 481d4e_4820ce_482207_4822fb
COMP 4b-0: 46a183_46a4e3_46a626_46a718 (1 13643.00 4 13643.00 4 13643.00){0.00 0.00 0.00 0.00 5457.20 0}{5457.20 0.00 0.00 0.00 10914.40 0}{10914.40 13643.00 13643.00 13643.00 16371.60 1}{16371.60 0.00 0.00 0.00 21828.80 0}{21828.80 0.00 0.00 0.00 27286.00 0}
COMP 4b-1: 47d28d_47d652_47d7bc_47d8db (373 98.21 3 92.00 7 257.00){0.00 0.00 0.00 0.00 40.00 0}{40.00 0.00 0.00 0.00 80.00 0}{80.00 92.00 97.78 107.00 160.00 372}{160.00 0.00 0.00 0.00 200.00 0}{200.00 257.00 257.00 257.00 314.00 1}
COMP 4b-2: 481d4e_4820ce_482207_4822fb (248 44.77 5 4.00 4 499.00){0.00 0.00 0.00 0.00 2.00 0}{2.00 4.00 5.08 7.00 8.00 185}{8.00 9.00 9.00 9.00 10.00 1}{10.00 158.00 158.93 167.00 308.00 61}{308.00 499.00 499.00 499.00 690.00 1}
COMM 4b-0: 46a183_46a4e3_46a626_46a718 (1 883.00 4 883.00 4 883.00){0.00 0.00 0.00 0.00 353.20 0}{353.20 0.00 0.00 0.00 706.40 0}{706.40 883.00 883.00 883.00 1059.60 1}{1059.60 0.00 0.00 0.00 1412.80 0}{1412.80 0.00 0.00 0.00 1766.00 0}
COMM 4b-1: 47d28d_47d652_47d7bc_47d8db (373 3.09 1 2.00 5 81.00){0.00 0.00 0.00 0.00 1.20 0}{1.20 2.00 2.00 2.00 2.40 243}{2.40 3.00 3.01 4.00 6.00 122}{6.00 9.00 10.33 11.00 12.00 3}{12.00 13.00 53.40 81.00 148.00 5}
COMM 4b-2: 481d4e_4820ce_482207_4822fb (248 2.77 7 1.00 4 119.00){0.00 0.00 0.00 0.00 0.80 0}{0.80 1.00 1.07 1.17 1.60 136}{1.60 2.00 2.00 2.00 2.40 88}{2.40 3.00 3.00 3.00 4.00 19}{4.00 13.00 61.60 119.00 166.00 5}
LOOP0: iter: ( 124 )[ 1 -1 7 1 0 ]( 2 )[ 1 -1 4 3 1 ] mem: ( 1 )[ 1 -1 5 3 1 ]( 5 )[ 1 -1 4 1 0 ]
10 2 
12 ( 155 )[ 1 -1 1 2 1 ]
12 ( 75 75 75 75 75 75 75 75 75 75 75 75 75 75 75 75 75 75 75 75 75 75 75 75 75 75 75 75 75 75 75 75 75 75 75 75 75 75 75 75 75 75 75 75 75 75 75 75 75 75 75 75 75 75 75 75 75 75 75 75 75 75 155 155 155 155 155 155 155 155 155 155 155 155 155 155 155 155 155 155 155 155 155 155 155 155 155 155 155 155 155 155 155 155 155 155 155 155 155 155 155 155 155 155 155 155 155 155 155 155 155 155 155 155 155 155 155 155 155 155 155 155 155 155 )[ 1 -1 3 1 0 ]
12 ( 155 75 )[ 1 -1 7 1 0 ]
12 ( 155 80 )[ 1 -1 5 2 1 ]
12 ( 20480 )[ 1 -1 4 1 0 ]
14 16 
1a ( 7 )[ 1 -1 1 2 1 ]
1a ( 4 4 4 4 4 4 4 4 4 4 4 4 4 4 4 4 4 4 4 4 4 4 4 4 4 4 4 4 4 4 4 4 4 4 4 4 4 4 4 4 4 4 4 4 4 4 4 4 4 4 4 4 4 4 4 4 4 4 4 4 4 4 7 7 7 7 7 7 7 7 7 7 7 7 7 7 7 7 7 7 7 7 7 7 7 7 7 7 7 7 7 7 7 7 7 7 7 7 7 7 7 7 7 7 7 7 7 7 7 7 7 7 7 7 7 7 7 7 7 7 7 7 7 7 )[ 1 -1 3 1 0 ]
1a ( 7 4 )[ 1 -1 5 3 1 ]
1a ( 1 )[ 1 -1 4 1 0 ]
1b 0 

RANKS: 1 -1 1 7 1
EVENT21: 1090 479c1a_479fef_47a15a_47a27b
COMP 4b-0: 46a183_46a4e3_46a626_46a718 (6 14143.86 3 13617.00 6 14362.00){0.00 0.00 0.00 0.00 5740.00 0}{5740.00 0.00 0.00 0.00 11480.00 0}{11480.00 13617.00 14109.50 14362.00 17220.00 6}{17220.00 0.00 0.00 0.00 22960.00 0}{22960.00 0.00 0.00 0.00 28700.00 0}
COMP 4b-1: 481d4e_4820ce_482207_4822fb (10 756.91 4 5.00 7 2429.00){0.00 5.00 5.50 6.00 202.40 2}{202.40 0.00 0.00 0.00 404.80 0}{404.80 466.00 493.17 510.00 809.60 6}{809.60 0.00 0.00 0.00 1012.00 0}{1012.00 2421.00 2425.00 2429.00 3846.00 2}
COMP 4b-2: 48aca9_48af2d_48b001_48b0ba (10 477.45 1 35.00 4 2458.00){0.00 0.00 0.00 0.00 15.60 0}{15.60 0.00 0.00 0.00 31.20 0}{31.20 35.00 38.00 44.00 62.40 8}{62.40 0.00 0.00 0.00 78.00 0}{78.00 2451.00 2454.50 2458.00 4838.00 2}
COMM 4b-0: 46a183_46a4e3_46a626_46a718 (6 1.57 3 1.00 1 2.00){0.00 0.00 0.00 0.00 0.80 0}{0.80 1.00 1.00 1.00 1.60 3}{1.60 2.00 2.00 2.00 2.40 3}{2.40 0.00 0.00 0.00 3.20 0}{3.20 0.00 0.00 0.00 4.00 0}
COMM 4b-1: 481d4e_4820ce_482207_4822fb (10 1.55 3 1.00 1 2.00){0.00 0.00 0.00 0.00 0.80 0}{0.80 1.00 1.00 1.00 1.60 5}{1.60 2.00 2.00 2.00 2.40 5}{2.40 0.00 0.00 0.00 3.20 0}{3.20 0.00 0.00 0.00 4.00 0}
COMM 4b-2: 48aca9_48af2d_48b001_48b0ba (10 1.45 1 1.00 2 3.00){0.00 0.00 0.00 0.00 0.40 0}{0.40 0.00 0.00 0.00 0.80 0}{0.80 1.00 1.00 1.00 1.60 7}{1.60 2.00 2.00 2.00 2.00 1}{2.00 3.00 3.00 3.00 4.00 2}
LOOP0: iter: ( 2 )[ 1 -1 1 7 1 ] mem: ( 7 )[ 1 -2 1 2 4 2 1 ]( 6 )[ 1 -1 3 1 0 ]( 4 )[ 1 -1 7 1 0 ]( 2 )[ 1 -1 4 1 0 ]
LOOP1: iter: ( 2 )[ 2 -2 1 2 4 2 1 -1 7 1 0 ] mem: ( 3 )[ 2 -2 1 2 4 2 1 -1 7 1 0 ]
10 2 
12 ( 20480 )[ 2 -1 1 3 1 -1 5 2 1 ]
12 ( 20480 10240 )[ 1 -1 4 2 3 ]
14 16 
1b 0 
2b 2147483647 

RANKS: 1 -2 1 2 4 2 1
EVENT22: 1113 481d4e_4820ce_482207_4822fb
COMP 4b-0: 479c1a_479fef_47a15a_47a27b (16 44.06 1 41.00 1 47.00){0.00 0.00 0.00 0.00 18.80 0}{18.80 0.00 0.00 0.00 37.60 0}{37.60 41.00 43.88 47.00 56.40 16}{56.40 0.00 0.00 0.00 75.20 0}{75.20 0.00 0.00 0.00 94.00 0}
COMM 4b-0: 479c1a_479fef_47a15a_47a27b (16 108.53 5 97.00 2 157.00){0.00 0.00 0.00 0.00 40.80 0}{40.80 0.00 0.00 0.00 81.60 0}{81.60 97.00 101.00 111.00 122.40 13}{122.40 132.00 143.33 157.00 163.20 3}{163.20 0.00 0.00 0.00 204.00 0}
10 2 
12 20480 
14 16 
1a 1 7 
1b 0 

RANKS: 1 -1 1 7 1
EVENT23: 1148 48aca9_48af2d_48b001_48b0ba
COMP 4b-0: 479c1a_479fef_47a15a_47a27b (10 5.64 3 5.00 7 8.00){0.00 0.00 0.00 0.00 2.00 0}{2.00 0.00 0.00 0.00 4.00 0}{4.00 5.00 5.25 6.00 6.00 8}{6.00 7.00 7.50 8.00 8.00 2}{8.00 0.00 0.00 0.00 10.00 0}
COMP 4b-1: 481d4e_4820ce_482207_4822fb (16 6.06 1 5.00 5 9.00){0.00 0.00 0.00 0.00 2.40 0}{2.40 0.00 0.00 0.00 4.80 0}{4.80 5.00 5.33 6.00 7.20 12}{7.20 8.00 8.25 9.00 9.60 4}{9.60 0.00 0.00 0.00 12.00 0}
COMM 4b-0: 479c1a_479fef_47a15a_47a27b (10 1260.27 4 51.00 7 3649.00){0.00 51.00 440.50 869.00 1338.00 8}{1338.00 0.00 0.00 0.00 2676.00 0}{2676.00 3345.00 3497.00 3649.00 4014.00 2}{4014.00 0.00 0.00 0.00 5352.00 0}{5352.00 0.00 0.00 0.00 6690.00 0}
COMM 4b-1: 481d4e_4820ce_482207_4822fb (16 26.76 5 0.00 2 224.00){0.00 0.00 1.00 3.00 11.20 13}{11.20 0.00 0.00 0.00 22.40 0}{22.40 28.00 28.00 28.00 44.80 1}{44.80 0.00 0.00 0.00 56.00 0}{56.00 162.00 193.00 224.00 268.00 2}
1c 9999 

RANKS: 2 -1 0 5 1 -1 7 1 0
EVENT24: 1113 481d4e_4820ce_482207_4822fb
COMP 4b-0: 46a183_46a4e3_46a626_46a718 (1 13677.00 0 13677.00 0 13677.00){0.00 0.00 0.00 0.00 5470.80 0}{5470.80 0.00 0.00 0.00 10941.60 0}{10941.60 13677.00 13677.00 13677.00 16412.40 1}{16412.40 0.00 0.00 0.00 21883.20 0}{21883.20 0.00 0.00 0.00 27354.00 0}
COMP 4b-1: 47d28d_47d652_47d7bc_47d8db (1 598.00 0 598.00 0 598.00){0.00 0.00 0.00 0.00 239.20 0}{239.20 0.00 0.00 0.00 478.40 0}{478.40 598.00 598.00 598.00 717.60 1}{717.60 0.00 0.00 0.00 956.80 0}{956.80 0.00 0.00 0.00 1196.00 0}
COMP 4b-2: 481d4e_4820ce_482207_4822fb (2 2433.33 3 2428.00 3 2436.00){0.00 0.00 0.00 0.00 974.40 0}{974.40 0.00 0.00 0.00 1948.80 0}{1948.80 2428.00 2432.00 2436.00 2923.20 2}{2923.20 0.00 0.00 0.00 3897.60 0}{3897.60 0.00 0.00 0.00 4872.00 0}
COMP 4b-3: 48aca9_48af2d_48b001_48b0ba (14 1236.33 7 38.00 1 2660.00){0.00 38.00 57.25 77.00 996.00 8}{996.00 0.00 0.00 0.00 1992.00 0}{1992.00 2471.00 2599.50 2660.00 2988.00 6}{2988.00 0.00 0.00 0.00 3984.00 0}{3984.00 0.00 0.00 0.00 4980.00 0}
COMM 4b-0: 46a183_46a4e3_46a626_46a718 (1 852.00 0 852.00 0 852.00){0.00 0.00 0.00 0.00 340.80 0}{340.80 0.00 0.00 0.00 681.60 0}{681.60 852.00 852.00 852.00 1022.40 1}{1022.40 0.00 0.00 0.00 1363.20 0}{1363.20 0.00 0.00 0.00 1704.00 0}
COMM 4b-1: 47d28d_47d652_47d7bc_47d8db (1 111.00 0 111.00 0 111.00){0.00 0.00 0.00 0.00 44.40 0}{44.40 0.00 0.00 0.00 88.80 0}{88.80 111.00 111.00 111.00 133.20 1}{133.20 0.00 0.00 0.00 177.60 0}{177.60 0.00 0.00 0.00 222.00 0}
COMM 4b-2: 481d4e_4820ce_482207_4822fb (2 57.67 3 57.00 3 58.00){0.00 0.00 0.00 0.00 23.20 0}{23.20 0.00 0.00 0.00 46.40 0}{46.40 57.00 57.50 58.00 69.60 2}{69.60 0.00 0.00 0.00 92.80 0}{92.80 0.00 0.00 0.00 116.00 0}
COMM 4b-3: 48aca9_48af2d_48b001_48b0ba (14 108.27 4 56.00 3 322.00){0.00 0.00 0.00 0.00 46.40 0}{46.40 56.00 64.70 97.00 116.00 10}{116.00 171.00 175.00 179.00 226.00 2}{226.00 247.00 247.00 247.00 268.00 1}{268.00 322.00 322.00 322.00 376.00 1}
LOOP0: iter: ( 2 )[ 1 -1 0 2 3 ] mem: ( 4 )[ 1 -1 0 1 0 ]( 1 )[ 1 -1 3 1 0 ]
LOOP1: iter: ( 2 )[ 1 -1 0 1 0 ] mem: ( 3 )[ 1 -1 0 1 0 ]
10 2 
12 ( 20480 10240 )[ 2 -1 0 2 3 -1 7 1 0 ]
12 ( 10240 )[ 2 -1 1 2 1 -1 4 1 0 ]
14 16 
1a ( 1 4 )[ 1 -1 0 1 0 ]
1a ( 4 )[ 2 -1 1 2 1 -1 4 1 0 ]
1a ( 7 4 )[ 1 -1 3 2 4 ]
1b 0 

RANKS: 2 -1 0 4 1 -1 5 2 1
EVENT25: 1090 479c1a_479fef_47a15a_47a27b
COMP 4b-0: 481d4e_4820ce_482207_4822fb (10 5.73 0 5.00 0 8.00){0.00 0.00 0.00 0.00 2.00 0}{2.00 0.00 0.00 0.00 4.00 0}{4.00 5.00 5.38 6.00 6.00 8}{6.00 7.00 7.50 8.00 8.00 2}{8.00 0.00 0.00 0.00 10.00 0}
COMP 4b-1: 48aca9_48af2d_48b001_48b0ba (4 2639.60 5 2635.00 5 2643.00){0.00 0.00 0.00 0.00 1057.20 0}{1057.20 0.00 0.00 0.00 2114.40 0}{2114.40 2635.00 2638.75 2643.00 3171.60 4}{3171.60 0.00 0.00 0.00 4228.80 0}{4228.80 0.00 0.00 0.00 5286.00 0}
COMM 4b-0: 481d4e_4820ce_482207_4822fb (10 1.18 0 1.00 0 2.00){0.00 0.00 0.00 0.00 0.80 0}{0.80 1.00 1.00 1.00 1.60 9}{1.60 2.00 2.00 2.00 2.40 1}{2.40 0.00 0.00 0.00 3.20 0}{3.20 0.00 0.00 0.00 4.00 0}
COMM 4b-1: 48aca9_48af2d_48b001_48b0ba (4 1.00 5 1.00 5 1.00){0.00 0.00 0.00 0.00 0.40 0}{0.40 0.00 0.00 0.00 0.80 0}{0.80 1.00 1.00 1.00 1.20 4}{1.20 0.00 0.00 0.00 1.60 0}{1.60 0.00 0.00 0.00 2.00 0}
10 2 
12 ( 20480 10240 )[ 1 -1 0 1 0 ]
12 ( 10240 )[ 2 -1 1 3 1 -1 5 2 1 ]
14 16 
1b 0 
2b 2147483647 

RANKS: 2 -1 0 4 1 -1 5 2 1
EVENT26: 1148 48aca9_48af2d_48b001_48b0ba
COMP 4b-0: 479c1a_479fef_47a15a_47a27b (14 5.27 5 4.00 0 8.00){0.00 0.00 0.00 0.00 2.00 0}{2.00 4.00 4.00 4.00 4.00 2}{4.00 5.00 5.10 6.00 6.00 10}{6.00 7.00 7.50 8.00 8.00 2}{8.00 0.00 0.00 0.00 10.00 0}
COMM 4b-0: 479c1a_479fef_47a15a_47a27b (14 168.93 1 50.00 5 695.00){0.00 50.00 50.83 53.00 63.20 6}{63.20 64.00 81.00 116.00 126.40 4}{126.40 158.00 158.00 158.00 189.60 1}{189.60 207.00 207.00 207.00 316.00 1}{316.00 687.00 691.00 695.00 1074.00 2}
1c 9999 

RANKS: 1 -1 5 2 1
EVENT27: 1113 481d4e_4820ce_482207_4822fb
COMP 4b-0: 48aca9_48af2d_48b001_48b0ba (4 40.20 5 38.00 6 43.00){0.00 0.00 0.00 0.00 16.40 0}{16.40 0.00 0.00 0.00 32.80 0}{32.80 38.00 40.00 43.00 49.20 4}{49.20 0.00 0.00 0.00 65.60 0}{65.60 0.00 0.00 0.00 82.00 0}
COMM 4b-0: 48aca9_48af2d_48b001_48b0ba (4 65.40 5 63.00 5 70.00){0.00 0.00 0.00 0.00 25.20 0}{25.20 0.00 0.00 0.00 50.40 0}{50.40 63.00 66.00 70.00 75.60 4}{75.60 0.00 0.00 0.00 100.80 0}{100.80 0.00 0.00 0.00 126.00 0}
10 2 
12 10240 
14 16 
1a 4 
1b 0 

RANKS: 1 -1 0 8 1
EVENT28: 1004 46a183_46a4e3_46a626_46a718
COMP 4b-0: 481d4e_4820ce_482207_4822fb (8 4955.67 4 4742.00 4 5231.00){0.00 0.00 0.00 0.00 1897.20 0}{1897.20 0.00 0.00 0.00 3794.40 0}{3794.40 4742.00 4982.25 5231.00 5691.60 8}{5691.60 0.00 0.00 0.00 7588.80 0}{7588.80 0.00 0.00 0.00 9486.00 0}
COMP 4b-1: 48aca9_48af2d_48b001_48b0ba (8 4975.67 3 4766.00 3 5242.00){0.00 0.00 0.00 0.00 1906.80 0}{1906.80 0.00 0.00 0.00 3813.60 0}{3813.60 4766.00 5001.75 5242.00 5720.40 8}{5720.40 0.00 0.00 0.00 7627.20 0}{7627.20 0.00 0.00 0.00 9534.00 0}
COMM 4b-0: 481d4e_4820ce_482207_4822fb (8 363.67 6 10.00 7 693.00){0.00 10.00 30.25 51.00 277.20 4}{277.20 546.00 546.00 546.00 554.40 1}{554.40 597.00 637.67 693.00 831.60 3}{831.60 0.00 0.00 0.00 1108.80 0}{1108.80 0.00 0.00 0.00 1386.00 0}
COMM 4b-1: 48aca9_48af2d_48b001_48b0ba (8 337.11 2 13.00 3 715.00){0.00 13.00 24.25 52.00 201.60 4}{201.60 0.00 0.00 0.00 403.20 0}{403.20 504.00 546.00 588.00 604.80 2}{604.80 626.00 670.50 715.00 806.40 2}{806.40 0.00 0.00 0.00 1008.00 0}
10 2 
12 1 5 
14 16 
18 1 3 

RANKS: 1 -1 0 8 1
EVENT29: 1010 46cb14_46cd49_46cded_46ce69
COMP 4b-0: 46a183_46a4e3_46a626_46a718 (8 9.11 0 8.00 1 10.00){0.00 0.00 0.00 0.00 3.20 0}{3.20 0.00 0.00 0.00 6.40 0}{6.40 8.00 8.50 9.00 9.60 4}{9.60 10.00 10.00 10.00 12.80 4}{12.80 0.00 0.00 0.00 16.00 0}
COMM 4b-0: 46a183_46a4e3_46a626_46a718 (8 27.89 2 6.00 7 45.00){0.00 6.00 6.00 6.00 17.20 1}{17.20 19.00 22.80 32.00 34.40 5}{34.40 43.00 44.00 45.00 51.60 2}{51.60 0.00 0.00 0.00 68.80 0}{68.80 0.00 0.00 0.00 86.00 0}
10 2 

RANKS: 2 -2 1 2 3 2 1 -1 6 1 0
EVENT30: 1102 47d28d_47d652_47d7bc_47d8db
COMP 4b-0: 46cb14_46cd49_46cded_46ce69 (5 269.00 4 256.00 1 272.00){0.00 0.00 0.00 0.00 108.80 0}{108.80 0.00 0.00 0.00 217.60 0}{217.60 256.00 268.40 272.00 326.40 5}{326.40 0.00 0.00 0.00 435.20 0}{435.20 0.00 0.00 0.00 544.00 0}
COMP 4b-1: 47d28d_47d652_47d7bc_47d8db (124 5.10 5 4.00 5 6.00){0.00 0.00 0.00 0.00 2.00 0}{2.00 4.00 4.00 4.00 4.00 1}{4.00 5.00 5.11 6.00 6.00 123}{6.00 0.00 0.00 0.00 8.00 0}{8.00 0.00 0.00 0.00 10.00 0}
COMP 4b-2: 481d4e_4820ce_482207_4822fb (30623 85.15 4 74.00 1 1762.00){0.00 0.00 0.00 0.00 32.80 0}{32.80 0.00 0.00 0.00 65.60 0}{65.60 74.00 85.08 120.00 131.20 30620}{131.20 164.00 164.00 164.00 164.00 1}{164.00 277.00 1019.50 1762.00 3360.00 2}
COMP 4b-3: 48aca9_48af2d_48b001_48b0ba (496 5335.43 1 5318.00 2 7017.00){0.00 0.00 0.00 0.00 2127.20 0}{2127.20 0.00 0.00 0.00 4254.40 0}{4254.40 5318.00 5332.07 5514.00 6381.60 495}{6381.60 7017.00 7017.00 7017.00 8508.80 1}{8508.80 0.00 0.00 0.00 10636.00 0}
COMM 4b-0: 46cb14_46cd49_46cded_46ce69 (5 342.83 1 231.00 6 566.00){0.00 0.00 0.00 0.00 184.80 0}{184.80 231.00 252.00 273.00 277.20 2}{277.20 368.00 368.00 368.00 369.60 1}{369.60 388.00 388.00 388.00 462.00 1}{462.00 566.00 566.00 566.00 670.00 1}
COMM 4b-1: 47d28d_47d652_47d7bc_47d8db (124 5.78 6 1.00 5 27.00){0.00 1.00 1.00 1.00 1.60 52}{1.60 2.00 2.53 4.00 4.00 15}{4.00 5.00 9.90 14.00 14.00 50}{14.00 15.00 18.17 20.00 26.00 6}{26.00 27.00 27.00 27.00 28.00 1}
COMM 4b-2: 481d4e_4820ce_482207_4822fb (30623 3.22 1 1.00 4 4716.00){0.00 1.00 2.86 8.00 8.00 30184}{8.00 8.33 10.66 15.00 16.00 365}{16.00 19.00 20.67 24.00 26.00 3}{26.00 50.48 52.54 195.00 364.00 70}{364.00 4716.00 4716.00 4716.00 9068.00 1}
COMM 4b-3: 48aca9_48af2d_48b001_48b0ba (496 77.04 1 3.00 2 345.00){0.00 3.00 4.94 8.00 11.20 249}{11.20 13.00 13.00 13.00 14.00 1}{14.00 99.00 142.74 182.00 184.00 219}{184.00 208.20 208.92 227.00 270.00 26}{270.00 345.00 345.00 345.00 420.00 1}
LOOP0: iter: ( 249 )[ 1 -1 1 2 1 ]( 62 )[ 1 -1 5 2 1 ]( 124 )[ 1 -1 4 1 0 ] mem: ( 10 )[ 1 -1 1 2 1 ]( 2 )[ 1 -1 4 3 1 ]
LOOP1: iter: ( 62 )[ 1 -1 1 2 1 ]( 2 )[ 1 -1 5 2 1 ] mem: ( 2 )[ 1 -1 1 2 1 ]( 1 )[ 1 -1 5 2 1 ]
10 2 
12 ( 155 )[ 1 -1 1 2 1 ]
12 ( 155 80 )[ 1 -1 5 2 1 ]
12 ( 75 75 75 75 75 75 75 75 75 75 75 75 75 75 75 75 75 75 75 75 75 75 75 75 75 75 75 75 75 75 75 75 75 75 75 75 75 75 75 75 75 75 75 75 75 75 75 75 75 75 75 75 75 75 75 75 75 75 75 75 75 75 155 155 155 155 155 155 155 155 155 155 155 155 155 155 155 155 155 155 155 155 155 155 155 155 155 155 155 155 155 155 155 155 155 155 155 155 155 155 155 155 155 155 155 155 155 155 155 155 155 155 155 155 155 155 155 155 155 155 155 155 155 155 )[ 1 -1 4 1 0 ]
14 16 
1b 0 
2b ( 7 )[ 1 -1 1 2 1 ]
2b ( 7 4 )[ 1 -1 5 2 1 ]
2b ( 4 4 4 4 4 4 4 4 4 4 4 4 4 4 4 4 4 4 4 4 4 4 4 4 4 4 4 4 4 4 4 4 4 4 4 4 4 4 4 4 4 4 4 4 4 4 4 4 4 4 4 4 4 4 4 4 4 4 4 4 4 4 1 1 1 1 1 1 1 1 1 1 1 1 1 1 1 1 1 1 1 1 1 1 1 1 1 1 1 1 1 1 1 1 1 1 1 1 1 1 1 1 1 1 1 1 1 1 1 1 1 1 1 1 1 1 1 1 1 1 1 1 1 1 )[ 1 -1 4 1 0 ]

RANKS: 1 -2 0 2 4 3 1
EVENT31: 1113 481d4e_4820ce_482207_4822fb
COMP 4b-0: 46cb14_46cd49_46cded_46ce69 (1 494.00 0 494.00 0 494.00){0.00 0.00 0.00 0.00 197.60 0}{197.60 0.00 0.00 0.00 395.20 0}{395.20 494.00 494.00 494.00 592.80 1}{592.80 0.00 0.00 0.00 790.40 0}{790.40 0.00 0.00 0.00 988.00 0}
COMP 4b-1: 47d28d_47d652_47d7bc_47d8db (31124 104.16 4 92.00 1 294.00){0.00 0.00 0.00 0.00 41.60 0}{41.60 0.00 0.00 0.00 83.20 0}{83.20 92.00 104.14 124.00 124.80 31107}{124.80 126.00 133.06 138.00 208.00 16}{208.00 294.00 294.00 294.00 380.00 1}
COMP 4b-2: 481d4e_4820ce_482207_4822fb (61503 45.74 0 4.00 0 203.00){0.00 0.00 0.00 0.00 2.00 0}{2.00 4.00 4.00 4.00 4.00 1650}{4.00 4.77 5.16 8.00 8.00 44612}{8.00 9.00 9.00 9.00 10.00 1}{10.00 11.00 169.04 203.00 328.00 15240}
COMP 4b-3: 48aca9_48af2d_48b001_48b0ba (248 5117.53 0 5102.00 0 5294.00){0.00 0.00 0.00 0.00 2040.80 0}{2040.80 0.00 0.00 0.00 4081.60 0}{4081.60 5102.00 5117.59 5294.00 6122.40 248}{6122.40 0.00 0.00 0.00 8163.20 0}{8163.20 0.00 0.00 0.00 10204.00 0}
COMM 4b-0: 46cb14_46cd49_46cded_46ce69 (1 3.00 0 3.00 0 3.00){0.00 0.00 0.00 0.00 1.20 0}{1.20 0.00 0.00 0.00 2.40 0}{2.40 3.00 3.00 3.00 3.60 1}{3.60 0.00 0.00 0.00 4.80 0}{4.80 0.00 0.00 0.00 6.00 0}
COMM 4b-1: 47d28d_47d652_47d7bc_47d8db (31124 2.55 1 2.00 1 22.00){0.00 0.00 0.00 0.00 1.20 0}{1.20 2.00 2.00 2.33 2.40 9624}{2.40 2.41 2.57 4.00 4.80 21011}{4.80 0.00 0.00 0.00 6.00 0}{6.00 9.00 12.60 22.00 22.00 489}
COMM 4b-2: 481d4e_4820ce_482207_4822fb (61503 1.63 0 1.00 1 28.00){0.00 0.00 0.00 0.00 0.80 0}{0.80 1.00 1.46 2.00 2.00 57845}{2.00 3.00 3.00 4.00 4.00 3131}{4.00 7.00 12.09 21.00 24.00 526}{24.00 28.00 28.00 28.00 32.00 1}
COMM 4b-3: 48aca9_48af2d_48b001_48b0ba (248 3.49 0 3.00 0 4.00){0.00 0.00 0.00 0.00 1.60 0}{1.60 3.00 3.00 3.00 3.20 126}{3.20 4.00 4.00 4.00 4.80 122}{4.80 0.00 0.00 0.00 6.40 0}{6.40 0.00 0.00 0.00 8.00 0}
LOOP0: iter: ( 249 )[ 1 -1 0 1 0 ]( 2 )[ 1 -1 1 2 1 ] mem: ( 5 )[ 1 -1 0 1 0 ]( 1 )[ 1 -1 1 2 1 ]
LOOP1: iter: ( 124 )[ 1 -1 0 1 0 ] mem: ( 1 )[ 1 -1 0 1 0 ]
10 2 
12 ( 155 75 )[ 1 -1 0 1 0 ]
12 ( 155 80 )[ 1 -1 1 2 1 ]
12 ( 155 )[ 1 -1 5 2 1 ]
12 ( 155 155 155 155 155 155 155 155 155 155 155 155 155 155 155 155 155 155 155 155 155 155 155 155 155 155 155 155 155 155 155 155 155 155 155 155 155 155 155 155 155 155 155 155 155 155 155 155 155 155 155 155 155 155 155 155 155 155 155 155 155 155 75 75 75 75 75 75 75 75 75 75 75 75 75 75 75 75 75 75 75 75 75 75 75 75 75 75 75 75 75 75 75 75 75 75 75 75 75 75 75 75 75 75 75 75 75 75 75 75 75 75 75 75 75 75 75 75 75 75 75 75 75 75 )[ 1 -1 4 1 0 ]
14 16 
1a ( 1 4 )[ 1 -1 0 3 1 ]
1a ( 1 )[ 1 -1 5 2 1 ]
1a ( 1 1 1 1 1 1 1 1 1 1 1 1 1 1 1 1 1 1 1 1 1 1 1 1 1 1 1 1 1 1 1 1 1 1 1 1 1 1 1 1 1 1 1 1 1 1 1 1 1 1 1 1 1 1 1 1 1 1 1 1 1 1 4 4 4 4 4 4 4 4 4 4 4 4 4 4 4 4 4 4 4 4 4 4 4 4 4 4 4 4 4 4 4 4 4 4 4 4 4 4 4 4 4 4 4 4 4 4 4 4 4 4 4 4 4 4 4 4 4 4 4 4 4 4 )[ 1 -1 4 1 0 ]
1b 0 

RANKS: 2 -1 0 4 1 -1 5 3 1
EVENT32: 1102 47d28d_47d652_47d7bc_47d8db
COMP 4b-0: 46cb14_46cd49_46cded_46ce69 (2 258.33 3 256.00 7 263.00){0.00 0.00 0.00 0.00 102.40 0}{102.40 0.00 0.00 0.00 204.80 0}{204.80 256.00 259.50 263.00 307.20 2}{307.20 0.00 0.00 0.00 409.60 0}{409.60 0.00 0.00 0.00 512.00 0}
COMP 4b-1: 47d28d_47d652_47d7bc_47d8db (92130 58.11 1 4.00 7 399.00){0.00 4.00 5.61 8.00 8.00 61665}{8.00 9.00 9.00 9.00 10.00 2}{10.00 11.00 164.37 258.00 310.00 30460}{310.00 351.00 368.50 386.00 392.00 2}{392.00 399.00 399.00 399.00 406.00 1}
COMP 4b-2: 481d4e_4820ce_482207_4822fb (92876 92.42 0 73.00 7 6686.00){0.00 0.00 0.00 0.00 60.00 0}{60.00 73.00 79.26 113.33 120.00 92621}{120.00 121.00 135.00 145.00 150.00 3}{150.00 266.00 269.75 275.00 382.00 4}{382.00 4989.00 5006.21 6686.00 12990.00 248}
COMP 4b-3: 48aca9_48af2d_48b001_48b0ba (248 5014.74 3 5007.00 3 5128.00){0.00 0.00 0.00 0.00 2002.80 0}{2002.80 0.00 0.00 0.00 4005.60 0}{4005.60 5007.00 5014.77 5128.00 6008.40 248}{6008.40 0.00 0.00 0.00 8011.20 0}{8011.20 0.00 0.00 0.00 10014.00 0}
COMM 4b-0: 46cb14_46cd49_46cded_46ce69 (2 597.00 3 520.00 7 751.00){0.00 0.00 0.00 0.00 208.00 0}{208.00 0.00 0.00 0.00 416.00 0}{416.00 520.00 520.00 520.00 624.00 1}{624.00 751.00 751.00 751.00 832.00 1}{832.00 0.00 0.00 0.00 1040.00 0}
COMM 4b-1: 47d28d_47d652_47d7bc_47d8db (92130 23.69 0 0.00 0 1707.00){0.00 0.00 1.00 1.22 1.60 41027}{1.60 2.00 2.70 3.00 4.00 18732}{4.00 4.51 64.42 120.00 124.00 32352}{124.00 129.00 228.71 316.00 392.00 17}{392.00 1648.00 1677.50 1707.00 3022.00 2}
COMM 4b-2: 481d4e_4820ce_482207_4822fb (92876 41.67 1 1.00 0 7627.00){0.00 1.00 25.60 1560.00 2044.40 92627}{2044.40 0.00 0.00 0.00 4088.80 0}{4088.80 5111.00 5984.44 6133.00 6133.20 242}{6133.20 6161.00 6433.86 7627.00 8177.60 7}{8177.60 0.00 0.00 0.00 10222.00 0}
COMM 4b-3: 48aca9_48af2d_48b001_48b0ba (248 1084.66 3 918.00 3 1201.00){0.00 0.00 0.00 0.00 429.20 0}{429.20 0.00 0.00 0.00 858.40 0}{858.40 918.00 1084.71 1201.00 1287.60 248}{1287.60 0.00 0.00 0.00 1716.80 0}{1716.80 0.00 0.00 0.00 2146.00 0}
LOOP0: iter: ( 124 )[ 1 -1 0 1 0 ]( 62 )[ 1 -1 1 2 1 ]( 249 )[ 2 -1 3 2 2 -1 6 2 1 ] mem: ( 1 )[ 1 -1 0 1 0 ]( 2 )[ 1 -1 1 2 1 ]( 7 )[ 1 -1 3 1 0 ]( 5 )[ 1 -1 7 1 0 ]( 10 )[ 1 -1 5 2 1 ]
LOOP1: iter: ( 2 )[ 1 -1 1 2 1 ]( 124 )[ 1 -1 3 2 4 ]( 62 )[ 1 -1 5 2 1 ] mem: ( 1 )[ 2 -1 1 2 1 -1 7 1 0 ]( 2 )[ 2 -1 3 2 2 -1 6 1 0 ]
10 2 
12 ( 155 75 )[ 1 -1 0 2 7 ]
12 ( 155 80 )[ 1 -1 1 2 1 ]
12 ( 155 155 155 155 155 155 155 155 155 155 155 155 155 155 155 155 155 155 155 155 155 155 155 155 155 155 155 155 155 155 155 155 155 155 155 155 155 155 155 155 155 155 155 155 155 155 155 155 155 155 155 155 155 155 155 155 155 155 155 155 155 155 75 75 75 75 75 75 75 75 75 75 75 75 75 75 75 75 75 75 75 75 75 75 75 75 75 75 75 75 75 75 75 75 75 75 75 75 75 75 75 75 75 75 75 75 75 75 75 75 75 75 75 75 75 75 75 75 75 75 75 75 75 75 )[ 1 -1 3 1 0 ]
12 ( 155 )[ 1 -1 5 2 1 ]
14 16 
1b 0 
2b ( 1 4 )[ 1 -1 0 3 1 ]
2b ( 7 7 7 7 7 7 7 7 7 7 7 7 7 7 7 7 7 7 7 7 7 7 7 7 7 7 7 7 7 7 7 7 7 7 7 7 7 7 7 7 7 7 7 7 7 7 7 7 7 7 7 7 7 7 7 7 7 7 7 7 7 7 4 4 4 4 4 4 4 4 4 4 4 4 4 4 4 4 4 4 4 4 4 4 4 4 4 4 4 4 4 4 4 4 4 4 4 4 4 4 4 4 4 4 4 4 4 4 4 4 4 4 4 4 4 4 4 4 4 4 4 4 4 4 )[ 1 -1 3 1 0 ]
2b ( 7 4 )[ 1 -1 7 1 0 ]
2b ( 1 )[ 1 -1 5 2 1 ]

RANKS: 1 -1 1 7 1
EVENT33: 1113 481d4e_4820ce_482207_4822fb
COMP 4b-0: 47d28d_47d652_47d7bc_47d8db (92877 98.23 3 92.00 5 365.00){0.00 0.00 0.00 0.00 79.20 0}{79.20 92.00 97.80 157.00 158.40 92619}{158.40 174.00 186.33 203.00 208.00 3}{208.00 211.00 251.41 291.00 362.00 254}{362.00 365.00 365.00 365.00 368.00 1}
COMP 4b-1: 481d4e_4820ce_482207_4822fb (61504 43.17 7 4.00 4 458.00){0.00 0.00 0.00 0.00 3.20 0}{3.20 4.00 5.04 6.00 6.40 46193}{6.40 7.00 7.01 8.00 8.00 73}{8.00 9.00 158.91 193.00 310.00 15237}{310.00 458.00 458.00 458.00 606.00 1}
COMM 4b-0: 47d28d_47d652_47d7bc_47d8db (92877 2.41 1 2.00 6 30.00){0.00 0.00 0.00 0.00 1.60 0}{1.60 2.00 2.16 2.37 2.40 72496}{2.40 3.00 3.00 4.00 4.00 19643}{4.00 7.00 9.88 12.00 12.00 474}{12.00 14.73 14.91 30.00 42.00 264}
COMM 4b-1: 481d4e_4820ce_482207_4822fb (61504 1.70 7 1.00 7 228.00){0.00 1.00 1.12 1.26 1.60 33926}{1.60 2.00 2.00 2.00 2.40 20720}{2.40 3.00 3.00 4.00 4.00 6339}{4.00 6.33 10.76 19.00 22.00 516}{22.00 27.00 129.00 228.00 434.00 3}
LOOP0: iter: ( 124 )[ 1 -1 7 1 0 ]( 2 )[ 1 -1 5 2 1 ] mem: ( 1 )[ 1 -1 5 3 1 ]
10 2 
12 ( 155 )[ 1 -1 1 2 1 ]
12 ( 75 75 75 75 75 75 75 75 75 75 75 75 75 75 75 75 75 75 75 75 75 75 75 75 75 75 75 75 75 75 75 75 75 75 75 75 75 75 75 75 75 75 75 75 75 75 75 75 75 75 75 75 75 75 75 75 75 75 75 75 75 75 155 155 155 155 155 155 155 155 155 155 155 155 155 155 155 155 155 155 155 155 155 155 155 155 155 155 155 155 155 155 155 155 155 155 155 155 155 155 155 155 155 155 155 155 155 155 155 155 155 155 155 155 155 155 155 155 155 155 155 155 155 155 )[ 1 -1 3 1 0 ]
12 ( 155 75 )[ 1 -1 7 1 0 ]
12 ( 155 80 )[ 1 -1 5 2 1 ]
12 ( 20480 )[ 1 -1 4 1 0 ]
14 16 
1a ( 7 )[ 1 -1 1 2 1 ]
1a ( 4 4 4 4 4 4 4 4 4 4 4 4 4 4 4 4 4 4 4 4 4 4 4 4 4 4 4 4 4 4 4 4 4 4 4 4 4 4 4 4 4 4 4 4 4 4 4 4 4 4 4 4 4 4 4 4 4 4 4 4 4 4 7 7 7 7 7 7 7 7 7 7 7 7 7 7 7 7 7 7 7 7 7 7 7 7 7 7 7 7 7 7 7 7 7 7 7 7 7 7 7 7 7 7 7 7 7 7 7 7 7 7 7 7 7 7 7 7 7 7 7 7 7 7 )[ 1 -1 3 1 0 ]
1a ( 7 4 )[ 1 -1 5 3 1 ]
1a ( 1 )[ 1 -1 4 1 0 ]
1b 0 

RANKS: 1 -1 1 7 1
EVENT34: 1090 479c1a_479fef_47a15a_47a27b
COMP 4b-0: 481d4e_4820ce_482207_4822fb (1991 632.21 4 6.00 7 2449.00){0.00 6.00 9.84 18.00 177.60 248}{177.60 0.00 0.00 0.00 355.20 0}{355.20 417.00 438.22 476.00 710.40 1494}{710.40 0.00 0.00 0.00 888.00 0}{888.00 2410.00 2416.82 2449.00 4010.00 249}
COMP 4b-1: 48aca9_48af2d_48b001_48b0ba (1244 517.73 2 34.00 4 2643.00){0.00 0.00 0.00 0.00 14.80 0}{14.80 0.00 0.00 0.00 29.60 0}{29.60 34.00 35.88 44.00 44.40 995}{44.40 55.00 55.00 55.00 74.00 1}{74.00 2447.00 2454.77 2643.00 5212.00 248}
COMM 4b-0: 481d4e_4820ce_482207_4822fb (1991 1.13 7 0.00 1 2.00){0.00 0.00 0.00 0.00 0.40 3}{0.40 0.00 0.00 0.00 0.80 0}{0.80 1.00 1.00 1.00 1.20 1718}{1.20 0.00 0.00 0.00 1.60 0}{1.60 2.00 2.00 2.00 2.00 270}
COMM 4b-1: 48aca9_48af2d_48b001_48b0ba (1244 1.75 5 0.00 6 10.00){0.00 0.00 0.00 0.00 0.80 1}{0.80 1.00 1.00 1.00 1.60 679}{1.60 2.00 2.00 2.00 2.40 207}{2.40 3.00 3.00 3.00 4.00 356}{4.00 10.00 10.00 10.00 16.00 1}
LOOP0: iter: ( 2 )[ 2 -2 1 2 4 2 1 -1 7 1 0 ]( 248 )[ 1 -1 4 1 0 ] mem: ( 3 )[ 2 -2 1 2 4 2 1 -1 7 1 0 ]( 5 )[ 1 -1 4 1 0 ]
LOOP1: iter: ( 2 )[ 1 -1 4 1 0 ] mem: ( 2 )[ 1 -1 4 1 0 ]
10 2 
12 ( 20480 )[ 2 -1 1 3 1 -1 5 2 1 ]
12 ( 20480 10240 )[ 1 -1 4 2 3 ]
14 16 
1b 0 
2b 2147483647 

RANKS: 1 -1 4 1 0
EVENT35: 1148 48aca9_48af2d_48b001_48b0ba
COMP 4b-0: 479c1a_479fef_47a15a_47a27b (496 5.02 4 4.00 4 10.00){0.00 0.00 0.00 0.00 2.40 0}{2.40 4.00 4.00 4.00 4.80 22}{4.80 5.00 5.05 6.00 7.20 473}{7.20 0.00 0.00 0.00 9.60 0}{9.60 10.00 10.00 10.00 12.00 1}
COMM 4b-0: 479c1a_479fef_47a15a_47a27b (496 138.32 4 55.00 4 485.00){0.00 55.00 55.00 55.00 60.80 1}{60.80 92.00 94.53 120.00 121.60 247}{121.60 128.00 174.56 243.00 243.20 239}{243.20 252.00 266.00 280.00 304.00 2}{304.00 377.00 419.43 485.00 614.00 7}
1c 9999 

RANKS: 2 -2 1 2 3 2 1 -1 6 1 0
EVENT36: 1113 481d4e_4820ce_482207_4822fb
COMP 4b-0: 479c1a_479fef_47a15a_47a27b (1992 40.17 1 38.00 1 59.00){0.00 0.00 0.00 0.00 16.00 0}{16.00 0.00 0.00 0.00 32.00 0}{32.00 38.00 40.10 48.00 48.00 1980}{48.00 49.00 51.50 59.00 64.00 12}{64.00 0.00 0.00 0.00 80.00 0}
COMP 4b-1: 47d28d_47d652_47d7bc_47d8db (30504 97.82 4 93.00 4 293.00){0.00 0.00 0.00 0.00 40.80 0}{40.80 0.00 0.00 0.00 81.60 0}{81.60 93.00 97.79 122.00 122.40 30490}{122.40 123.00 132.08 200.00 204.00 12}{204.00 287.00 290.00 293.00 370.00 2}
COMP 4b-2: 48aca9_48af2d_48b001_48b0ba (248 40.18 4 39.00 4 70.00){0.00 0.00 0.00 0.00 16.40 0}{16.40 0.00 0.00 0.00 32.80 0}{32.80 39.00 40.05 48.00 49.20 247}{49.20 0.00 0.00 0.00 65.60 0}{65.60 70.00 70.00 70.00 82.00 1}
COMM 4b-0: 479c1a_479fef_47a15a_47a27b (1992 122.11 1 96.00 2 204.00){0.00 0.00 0.00 0.00 78.40 0}{78.40 96.00 98.62 110.00 117.60 1246}{117.60 120.00 142.09 156.00 156.80 11}{156.80 157.00 161.62 190.00 196.00 734}{196.00 204.00 204.00 204.00 212.00 1}
COMM 4b-1: 47d28d_47d652_47d7bc_47d8db (30504 2.35 4 2.00 4 16.00){0.00 0.00 0.00 0.00 1.20 0}{1.20 2.00 2.00 2.32 2.40 21622}{2.40 3.00 3.00 4.00 4.80 8617}{4.80 0.00 0.00 0.00 6.00 0}{6.00 9.00 9.80 16.00 16.00 265}
COMM 4b-2: 48aca9_48af2d_48b001_48b0ba (248 55.98 4 55.00 4 68.00){0.00 0.00 0.00 0.00 22.40 0}{22.40 0.00 0.00 0.00 44.80 0}{44.80 55.00 55.93 65.00 67.20 247}{67.20 68.00 68.00 68.00 89.60 1}{89.60 0.00 0.00 0.00 112.00 0}
LOOP0: iter: ( 124 )[ 1 -1 4 1 0 ] mem: ( 2 )[ 1 -1 4 1 0 ]
10 2 
12 ( 20480 )[ 1 -2 1 2 4 2 1 ]
12 ( 10240 155 155 155 155 155 155 155 155 155 155 155 155 155 155 155 155 155 155 155 155 155 155 155 155 155 155 155 155 155 155 155 155 155 155 155 155 155 155 155 155 155 155 155 155 155 155 155 155 155 155 155 155 155 155 155 155 155 155 155 155 155 155 75 75 75 75 75 75 75 75 75 75 75 75 75 75 75 75 75 75 75 75 75 75 75 75 75 75 75 75 75 75 75 75 75 75 75 75 75 75 75 75 75 75 75 75 75 75 75 75 75 75 75 75 75 75 75 75 75 75 75 75 75 )[ 1 -1 4 1 0 ]
14 16 
1a ( 1 7 )[ 1 -2 1 2 4 2 1 ]
1a ( 4 1 1 1 1 1 1 1 1 1 1 1 1 1 1 1 1 1 1 1 1 1 1 1 1 1 1 1 1 1 1 1 1 1 1 1 1 1 1 1 1 1 1 1 1 1 1 1 1 1 1 1 1 1 1 1 1 1 1 1 1 1 1 4 4 4 4 4 4 4 4 4 4 4 4 4 4 4 4 4 4 4 4 4 4 4 4 4 4 4 4 4 4 4 4 4 4 4 4 4 4 4 4 4 4 4 4 4 4 4 4 4 4 4 4 4 4 4 4 4 4 4 4 4 )[ 1 -1 4 1 0 ]
1b 0 

RANKS: 1 -2 1 2 4 3 1
EVENT37: 1148 48aca9_48af2d_48b001_48b0ba
COMP 4b-0: 479c1a_479fef_47a15a_47a27b (747 5.24 7 4.00 7 7.00){0.00 0.00 0.00 0.00 2.40 0}{2.40 4.00 4.00 4.00 4.80 15}{4.80 5.00 5.27 7.00 7.20 732}{7.20 0.00 0.00 0.00 9.60 0}{9.60 0.00 0.00 0.00 12.00 0}
COMP 4b-1: 481d4e_4820ce_482207_4822fb (1992 5.04 1 4.00 6 14.00){0.00 0.00 0.00 0.00 2.00 0}{2.00 4.00 4.00 4.00 4.00 96}{4.00 5.00 5.08 6.00 6.00 1891}{6.00 7.00 7.33 8.00 10.00 3}{10.00 13.00 13.50 14.00 18.00 2}
COMM 4b-0: 479c1a_479fef_47a15a_47a27b (747 2565.50 7 155.00 7 4152.00){0.00 155.00 204.24 585.00 1306.00 248}{1306.00 1837.00 1837.00 1837.00 2612.00 1}{2612.00 3265.00 3547.13 3729.00 3918.00 249}{3918.00 3934.63 3935.76 4152.00 5224.00 249}{5224.00 0.00 0.00 0.00 6530.00 0}
COMM 4b-1: 481d4e_4820ce_482207_4822fb (1992 41.51 1 0.00 6 1844.00){0.00 0.00 7.88 50.00 74.40 1467}{74.40 91.00 125.94 140.97 186.00 513}{186.00 193.00 200.50 208.00 216.00 2}{216.00 237.50 241.33 249.00 282.00 3}{282.00 334.00 763.57 1844.00 3406.00 7}
1c 9999 

RANKS: 1 -1 4 1 0
EVENT38: 1102 47d28d_47d652_47d7bc_47d8db
COMP 4b-0: 481d4e_4820ce_482207_4822fb (30752 114.64 4 71.00 4 6669.00){0.00 71.00 74.79 265.00 1997.20 30504}{1997.20 0.00 0.00 0.00 3994.40 0}{3994.40 4985.00 4989.48 5026.00 5991.60 247}{5991.60 6669.00 6669.00 6669.00 7988.80 1}{7988.80 0.00 0.00 0.00 9986.00 0}
COMM 4b-0: 481d4e_4820ce_482207_4822fb (30752 72.06 4 1.00 4 5568.00){0.00 1.00 27.91 65.00 65.60 30163}{65.60 66.00 75.57 101.00 131.20 88}{131.20 164.00 246.57 262.00 262.40 21}{262.40 264.00 273.89 318.00 328.00 217}{328.00 351.00 4953.02 5568.00 10808.00 263}
10 2 
12 75 75 75 75 75 75 75 75 75 75 75 75 75 75 75 75 75 75 75 75 75 75 75 75 75 75 75 75 75 75 75 75 75 75 75 75 75 75 75 75 75 75 75 75 75 75 75 75 75 75 75 75 75 75 75 75 75 75 75 75 75 75 155 155 155 155 155 155 155 155 155 155 155 155 155 155 155 155 155 155 155 155 155 155 155 155 155 155 155 155 155 155 155 155 155 155 155 155 155 155 155 155 155 155 155 155 155 155 155 155 155 155 155 155 155 155 155 155 155 155 155 155 155 155 
14 16 
1b 0 
2b 4 4 4 4 4 4 4 4 4 4 4 4 4 4 4 4 4 4 4 4 4 4 4 4 4 4 4 4 4 4 4 4 4 4 4 4 4 4 4 4 4 4 4 4 4 4 4 4 4 4 4 4 4 4 4 4 4 4 4 4 4 4 1 1 1 1 1 1 1 1 1 1 1 1 1 1 1 1 1 1 1 1 1 1 1 1 1 1 1 1 1 1 1 1 1 1 1 1 1 1 1 1 1 1 1 1 1 1 1 1 1 1 1 1 1 1 1 1 1 1 1 1 1 1 

RANKS: 2 -1 0 5 1 -1 7 1 0
EVENT39: 1113 481d4e_4820ce_482207_4822fb
COMP 4b-0: 47d28d_47d652_47d7bc_47d8db (497 327.53 4 94.00 0 572.00){0.00 94.00 95.44 108.00 226.40 248}{226.40 0.00 0.00 0.00 452.80 0}{452.80 554.00 557.73 572.00 679.20 249}{679.20 0.00 0.00 0.00 905.60 0}{905.60 0.00 0.00 0.00 1132.00 0}
COMP 4b-1: 481d4e_4820ce_482207_4822fb (497 1449.88 4 447.00 3 4119.00){0.00 447.00 452.00 483.00 971.60 248}{971.60 0.00 0.00 0.00 1943.20 0}{1943.20 2426.00 2433.05 2619.00 2914.80 248}{2914.80 0.00 0.00 0.00 3886.40 0}{3886.40 4119.00 4119.00 4119.00 4858.00 1}
COMP 4b-2: 48aca9_48af2d_48b001_48b0ba (1494 1327.30 7 37.00 1 2841.00){0.00 37.00 58.91 82.00 987.60 747}{987.60 0.00 0.00 0.00 1975.20 0}{1975.20 2464.00 2594.16 2841.00 2962.80 747}{2962.80 0.00 0.00 0.00 3950.40 0}{3950.40 0.00 0.00 0.00 4938.00 0}
COMM 4b-0: 47d28d_47d652_47d7bc_47d8db (497 53.46 4 2.00 0 141.00){0.00 2.00 2.25 3.00 54.80 248}{54.80 97.00 100.00 108.00 109.60 219}{109.60 110.00 134.30 141.00 164.40 30}{164.40 0.00 0.00 0.00 219.20 0}{219.20 0.00 0.00 0.00 274.00 0}
COMM 4b-1: 481d4e_4820ce_482207_4822fb (497 86.55 3 56.00 4 136.00){0.00 0.00 0.00 0.00 23.20 0}{23.20 0.00 0.00 0.00 46.40 0}{46.40 56.00 57.27 60.00 92.80 249}{92.80 99.00 115.92 115.99 116.00 246}{116.00 132.00 134.00 136.00 148.00 2}
COMM 4b-2: 48aca9_48af2d_48b001_48b0ba (1494 122.79 0 56.00 7 1938.00){0.00 56.00 65.58 114.00 114.00 996}{114.00 185.00 227.40 227.52 256.00 486}{256.00 294.00 302.00 310.00 332.00 2}{332.00 395.71 403.63 459.00 459.43 8}{459.43 1905.00 1921.50 1938.00 3416.57 2}
LOOP0: iter: ( 2 )[ 2 -1 0 2 3 -1 4 1 0 ] mem: ( 3 )[ 1 -1 0 1 0 ]( 1 )[ 1 -1 3 2 1 ]
10 2 
12 ( 20480 10240 )[ 2 -1 0 2 3 -1 7 1 0 ]
12 ( 10240 )[ 1 -1 1 2 1 ]
12 ( 75 20480 )[ 1 -1 4 1 0 ]
14 16 
1a ( 1 4 )[ 1 -1 0 1 0 ]
1a ( 4 )[ 1 -1 1 2 1 ]
1a ( 7 4 )[ 1 -1 3 2 4 ]
1a ( 4 1 )[ 1 -1 4 1 0 ]
1b 0 

RANKS: 1 -1 0 7 1
EVENT40: 1090 479c1a_479fef_47a15a_47a27b
COMP 4b-0: 481d4e_4820ce_482207_4822fb (1246 5.45 0 5.00 4 10.00){0.00 0.00 0.00 0.00 2.00 0}{2.00 0.00 0.00 0.00 4.00 0}{4.00 5.00 5.28 6.00 6.00 996}{6.00 6.12 6.12 7.00 8.00 249}{8.00 10.00 10.00 10.00 10.00 1}
COMP 4b-1: 48aca9_48af2d_48b001_48b0ba (499 2640.88 4 2449.00 4 2675.00){0.00 0.00 0.00 0.00 1054.00 0}{1054.00 0.00 0.00 0.00 2108.00 0}{2108.00 2449.00 2640.90 2675.00 3162.00 499}{3162.00 0.00 0.00 0.00 4216.00 0}{4216.00 0.00 0.00 0.00 5270.00 0}
COMM 4b-0: 481d4e_4820ce_482207_4822fb (1246 0.97 0 0.00 0 2.00){0.00 0.00 0.00 0.00 0.40 59}{0.40 0.00 0.00 0.00 0.80 0}{0.80 1.00 1.00 1.00 1.20 1169}{1.20 0.00 0.00 0.00 1.60 0}{1.60 2.00 2.00 2.00 2.00 18}
COMM 4b-1: 48aca9_48af2d_48b001_48b0ba (499 1.07 5 1.00 5 2.00){0.00 0.00 0.00 0.00 0.40 0}{0.40 0.00 0.00 0.00 0.80 0}{0.80 1.00 1.00 1.00 1.20 463}{1.20 0.00 0.00 0.00 1.60 0}{1.60 2.00 2.00 2.00 2.00 36}
LOOP0: iter: ( 2 )[ 1 -1 4 1 0 ] mem: ( 2 )[ 1 -1 4 1 0 ]
10 2 
12 ( 20480 10240 )[ 1 -1 0 2 4 ]
12 ( 10240 )[ 2 -1 1 3 1 -1 5 2 1 ]
14 16 
1b 0 
2b 2147483647 

RANKS: 1 -1 0 7 1
EVENT41: 1148 48aca9_48af2d_48b001_48b0ba
COMP 4b-0: 479c1a_479fef_47a15a_47a27b (1745 5.01 0 4.00 2 27.00){0.00 0.00 0.00 0.00 3.20 0}{3.20 4.00 4.94 6.00 6.40 1730}{6.40 8.00 8.00 8.00 9.60 3}{9.60 10.00 12.18 14.00 16.00 11}{16.00 27.00 27.00 27.00 38.00 1}
COMM 4b-0: 479c1a_479fef_47a15a_47a27b (1745 115.46 1 49.00 6 568.00){0.00 49.00 54.51 110.00 128.00 998}{128.00 145.00 168.06 187.00 192.00 490}{192.00 215.89 242.14 242.26 320.00 245}{320.00 376.00 417.31 431.60 432.00 8}{432.00 462.00 506.75 568.00 568.00 4}
1c 9999 

RANKS: 1 -1 5 2 1
EVENT42: 1113 481d4e_4820ce_482207_4822fb
COMP 4b-0: 47d28d_47d652_47d7bc_47d8db (30378 107.92 6 104.00 5 325.00){0.00 0.00 0.00 0.00 42.00 0}{42.00 0.00 0.00 0.00 84.00 0}{84.00 104.00 107.89 126.00 126.00 30349}{126.00 127.00 134.29 145.00 210.00 28}{210.00 325.00 325.00 325.00 440.00 1}
COMP 4b-1: 48aca9_48af2d_48b001_48b0ba (498 39.05 5 38.00 5 48.00){0.00 0.00 0.00 0.00 15.20 0}{15.20 0.00 0.00 0.00 30.40 0}{30.40 38.00 38.95 41.00 45.60 492}{45.60 47.00 47.67 48.00 60.80 6}{60.80 0.00 0.00 0.00 76.00 0}
COMM 4b-0: 47d28d_47d652_47d7bc_47d8db (30378 2.45 5 2.00 5 21.00){0.00 0.00 0.00 0.00 1.20 0}{1.20 2.00 2.00 2.30 2.40 18759}{2.40 3.00 3.00 4.00 6.00 11330}{6.00 8.00 9.74 12.00 12.00 286}{12.00 14.00 17.33 21.00 22.00 3}
COMM 4b-1: 48aca9_48af2d_48b001_48b0ba (498 72.91 5 63.00 5 321.00){0.00 0.00 0.00 0.00 30.00 0}{30.00 0.00 0.00 0.00 60.00 0}{60.00 63.00 72.41 95.00 120.00 497}{120.00 0.00 0.00 0.00 150.00 0}{150.00 321.00 321.00 321.00 492.00 1}
LOOP0: iter: ( 62 )[ 1 -1 5 2 1 ] mem: ( 2 )[ 1 -1 5 2 1 ]
10 2 
12 10240 155 155 155 155 155 155 155 155 155 155 155 155 155 155 155 155 155 155 155 155 155 155 155 155 155 155 155 155 155 155 155 155 155 155 155 155 155 155 155 155 155 155 155 155 155 155 155 155 155 155 155 155 155 155 155 155 155 155 155 155 155 
14 16 
1a 4 1 1 1 1 1 1 1 1 1 1 1 1 1 1 1 1 1 1 1 1 1 1 1 1 1 1 1 1 1 1 1 1 1 1 1 1 1 1 1 1 1 1 1 1 1 1 1 1 1 1 1 1 1 1 1 1 1 1 1 1 1 
1b 0 

RANKS: 1 -2 1 2 4 2 1
EVENT43: 1102 47d28d_47d652_47d7bc_47d8db
COMP 4b-0: 47d28d_47d652_47d7bc_47d8db (30876 5.22 5 4.00 5 23.00){0.00 0.00 0.00 0.00 2.00 0}{2.00 4.00 5.21 7.00 8.00 30832}{8.00 9.00 9.00 9.00 10.00 1}{10.00 12.00 12.88 14.00 18.00 41}{18.00 20.00 21.50 23.00 28.00 2}
COMP 4b-1: 481d4e_4820ce_482207_4822fb (30998 166.12 5 81.00 6 6990.00){0.00 0.00 0.00 0.00 33.20 0}{33.20 0.00 0.00 0.00 66.40 0}{66.40 81.00 82.17 95.00 99.60 30498}{99.60 117.00 117.00 117.00 166.00 1}{166.00 275.00 5297.23 6990.00 10546.00 499}
COMP 4b-2: 48aca9_48af2d_48b001_48b0ba (2 5331.00 1 5329.00 2 5335.00){0.00 0.00 0.00 0.00 2131.60 0}{2131.60 0.00 0.00 0.00 4263.20 0}{4263.20 5329.00 5332.00 5335.00 6394.80 2}{6394.80 0.00 0.00 0.00 8526.40 0}{8526.40 0.00 0.00 0.00 10658.00 0}
COMM 4b-0: 47d28d_47d652_47d7bc_47d8db (30876 4.81 5 0.00 5 733.00){0.00 0.00 2.18 102.00 117.60 30626}{117.60 147.00 206.67 279.00 294.00 3}{294.00 295.00 304.38 311.00 312.00 13}{312.00 313.00 325.61 340.00 340.00 218}{340.00 345.00 374.25 733.00 1126.00 16}
COMM 4b-1: 481d4e_4820ce_482207_4822fb (30998 7.46 1 1.00 5 1258.00){0.00 1.00 1.79 3.37 3.60 15357}{3.60 4.00 4.72 4.72 4.80 15251}{4.80 5.00 5.00 5.00 6.00 2}{6.00 6.02 6.28 12.00 18.00 133}{18.00 56.00 513.58 1258.00 2498.00 255}
COMM 4b-2: 48aca9_48af2d_48b001_48b0ba (2 53.00 1 6.00 2 147.00){0.00 0.00 0.00 0.00 2.40 0}{2.40 0.00 0.00 0.00 4.80 0}{4.80 6.00 6.00 6.00 9.60 1}{9.60 0.00 0.00 0.00 12.00 0}{12.00 147.00 147.00 147.00 282.00 1}
LOOP0: iter: ( 62 )[ 1 -1 1 2 1 ]( 2 )[ 1 -1 5 2 1 ] mem: ( 2 )[ 1 -1 1 2 1 ]( 1 )[ 1 -1 5 2 1 ]
10 2 
12 ( 155 )[ 1 -1 1 2 1 ]
12 ( 155 80 )[ 1 -1 5 2 1 ]
14 16 
1b 0 
2b ( 7 )[ 1 -1 1 2 1 ]
2b ( 7 4 )[ 1 -1 5 2 1 ]

RANKS: 1 -2 0 2 4 3 1
EVENT44: 1113 481d4e_4820ce_482207_4822fb
COMP 4b-0: 47d28d_47d652_47d7bc_47d8db (745 105.80 4 94.00 5 346.00){0.00 0.00 0.00 0.00 41.60 0}{41.60 0.00 0.00 0.00 83.20 0}{83.20 94.00 105.48 124.00 166.40 744}{166.40 0.00 0.00 0.00 208.00 0}{208.00 346.00 346.00 346.00 484.00 1}
COMP 4b-1: 481d4e_4820ce_482207_4822fb (247 45.58 1 4.00 0 176.00){0.00 0.00 0.00 0.00 2.00 0}{2.00 4.00 4.00 4.00 4.00 25}{4.00 5.00 5.25 6.00 8.00 159}{8.00 0.00 0.00 0.00 10.00 0}{10.00 13.00 164.52 176.00 328.00 63}
COMP 4b-2: 48aca9_48af2d_48b001_48b0ba (2 3510.00 4 40.00 0 5245.00){0.00 40.00 40.00 40.00 2098.00 1}{2098.00 0.00 0.00 0.00 4196.00 0}{4196.00 5245.00 5245.00 5245.00 6294.00 1}{6294.00 0.00 0.00 0.00 8392.00 0}{8392.00 0.00 0.00 0.00 10490.00 0}
COMM 4b-0: 47d28d_47d652_47d7bc_47d8db (745 2.44 1 2.00 1 13.00){0.00 0.00 0.00 0.00 1.20 0}{1.20 2.00 2.00 2.00 2.40 471}{2.40 3.00 3.00 3.00 4.80 267}{4.80 0.00 0.00 0.00 6.00 0}{6.00 9.00 10.43 13.00 20.00 7}
COMM 4b-1: 481d4e_4820ce_482207_4822fb (247 1.58 0 1.00 0 15.00){0.00 0.00 0.00 0.00 0.80 0}{0.80 1.00 1.00 1.00 1.60 137}{1.60 2.00 2.00 2.00 2.40 95}{2.40 3.00 3.00 3.00 4.00 13}{4.00 9.00 12.00 15.00 26.00 2}
COMM 4b-2: 48aca9_48af2d_48b001_48b0ba (2 21.33 0 4.00 4 56.00){0.00 0.00 0.00 0.00 1.60 0}{1.60 0.00 0.00 0.00 3.20 0}{3.20 4.00 4.00 4.00 6.40 1}{6.40 0.00 0.00 0.00 8.00 0}{8.00 56.00 56.00 56.00 104.00 1}
LOOP0: iter: ( 124 )[ 1 -1 0 2 4 ]( 2 )[ 1 -1 1 2 1 ] mem: ( 1 )[ 1 -1 0 3 1 ]( 2 )[ 1 -1 4 1 0 ]
10 2 
12 ( 155 75 )[ 1 -1 0 1 0 ]
12 ( 155 80 )[ 1 -1 1 2 1 ]
12 ( 155 )[ 1 -1 5 2 1 ]
12 ( 10240 155 155 155 155 155 155 155 155 155 155 155 155 155 155 155 155 155 155 155 155 155 155 155 155 155 155 155 155 155 155 155 155 155 155 155 155 155 155 155 155 155 155 155 155 155 155 155 155 155 155 155 155 155 155 155 155 155 155 155 155 155 155 75 75 75 75 75 75 75 75 75 75 75 75 75 75 75 75 75 75 75 75 75 75 75 75 75 75 75 75 75 75 75 75 75 75 75 75 75 75 75 75 75 75 75 75 75 75 75 75 75 75 75 75 75 75 75 75 75 75 75 75 75 )[ 1 -1 4 1 0 ]
14 16 
1a ( 1 4 )[ 1 -1 0 3 1 ]
1a ( 1 )[ 1 -1 5 2 1 ]
1a ( 4 1 1 1 1 1 1 1 1 1 1 1 1 1 1 1 1 1 1 1 1 1 1 1 1 1 1 1 1 1 1 1 1 1 1 1 1 1 1 1 1 1 1 1 1 1 1 1 1 1 1 1 1 1 1 1 1 1 1 1 1 1 1 4 4 4 4 4 4 4 4 4 4 4 4 4 4 4 4 4 4 4 4 4 4 4 4 4 4 4 4 4 4 4 4 4 4 4 4 4 4 4 4 4 4 4 4 4 4 4 4 4 4 4 4 4 4 4 4 4 4 4 4 4 )[ 1 -1 4 1 0 ]
1b 0 

RANKS: 1 -1 0 8 1
EVENT45: 1102 47d28d_47d652_47d7bc_47d8db
COMP 4b-0: 47d28d_47d652_47d7bc_47d8db (370 58.07 2 4.00 7 187.00){0.00 0.00 0.00 0.00 2.40 0}{2.40 4.00 4.00 4.00 4.80 1}{4.80 5.00 5.60 7.00 9.60 247}{9.60 0.00 0.00 0.00 12.00 0}{12.00 159.00 165.16 187.00 306.00 122}
COMP 4b-1: 481d4e_4820ce_482207_4822fb (497 97.94 4 72.00 7 4996.00){0.00 0.00 0.00 0.00 29.60 0}{29.60 0.00 0.00 0.00 59.20 0}{59.20 72.00 78.09 78.58 88.80 492}{88.80 96.00 97.33 98.00 148.00 3}{148.00 4992.00 4994.00 4996.00 9844.00 2}
COMP 4b-2: 48aca9_48af2d_48b001_48b0ba (1 5016.00 3 5016.00 3 5016.00){0.00 0.00 0.00 0.00 2006.40 0}{2006.40 0.00 0.00 0.00 4012.80 0}{4012.80 5016.00 5016.00 5016.00 6019.20 1}{6019.20 0.00 0.00 0.00 8025.60 0}{8025.60 0.00 0.00 0.00 10032.00 0}
COMM 4b-0: 47d28d_47d652_47d7bc_47d8db (370 23.51 0 1.00 7 120.00){0.00 0.00 0.00 0.00 0.80 0}{0.80 1.00 1.00 1.00 1.60 170}{1.60 2.00 2.00 2.00 2.00 26}{2.00 3.00 48.43 78.00 98.00 173}{98.00 120.00 120.00 120.00 142.00 1}
COMM 4b-1: 481d4e_4820ce_482207_4822fb (497 60.60 3 1.00 0 5866.00){0.00 1.00 26.91 1306.00 2346.40 495}{2346.40 0.00 0.00 0.00 4692.80 0}{4692.80 5128.00 5497.00 5866.00 7039.20 2}{7039.20 0.00 0.00 0.00 9385.60 0}{9385.60 0.00 0.00 0.00 11732.00 0}
COMM 4b-2: 48aca9_48af2d_48b001_48b0ba (1 1082.00 3 1082.00 3 1082.00){0.00 0.00 0.00 0.00 432.80 0}{432.80 0.00 0.00 0.00 865.60 0}{865.60 1082.00 1082.00 1082.00 1298.40 1}{1298.40 0.00 0.00 0.00 1731.20 0}{1731.20 0.00 0.00 0.00 2164.00 0}
LOOP0: iter: ( 124 )[ 2 -1 0 2 3 -1 7 1 0 ]( 62 )[ 1 -2 1 2 4 2 1 ] mem: ( 1 )[ 1 -1 0 2 7 ]( 2 )[ 2 -1 1 3 1 -1 5 2 1 ]
LOOP1: iter: ( 2 )[ 1 -1 1 2 1 ] mem: ( 1 )[ 1 -1 1 2 1 ]
10 2 
12 ( 155 75 )[ 1 -1 0 2 7 ]
12 ( 155 80 )[ 1 -1 1 2 1 ]
12 ( 155 155 155 155 155 155 155 155 155 155 155 155 155 155 155 155 155 155 155 155 155 155 155 155 155 155 155 155 155 155 155 155 155 155 155 155 155 155 155 155 155 155 155 155 155 155 155 155 155 155 155 155 155 155 155 155 155 155 155 155 155 155 75 75 75 75 75 75 75 75 75 75 75 75 75 75 75 75 75 75 75 75 75 75 75 75 75 75 75 75 75 75 75 75 75 75 75 75 75 75 75 75 75 75 75 75 75 75 75 75 75 75 75 75 75 75 75 75 75 75 75 75 75 75 )[ 1 -1 3 1 0 ]
12 ( 155 )[ 1 -1 5 2 1 ]
12 ( 75 75 75 75 75 75 75 75 75 75 75 75 75 75 75 75 75 75 75 75 75 75 75 75 75 75 75 75 75 75 75 75 75 75 75 75 75 75 75 75 75 75 75 75 75 75 75 75 75 75 75 75 75 75 75 75 75 75 75 75 75 75 155 155 155 155 155 155 155 155 155 155 155 155 155 155 155 155 155 155 155 155 155 155 155 155 155 155 155 155 155 155 155 155 155 155 155 155 155 155 155 155 155 155 155 155 155 155 155 155 155 155 155 155 155 155 155 155 155 155 155 155 155 155 )[ 1 -1 4 1 0 ]
14 16 
1b 0 
2b ( 1 4 )[ 1 -1 0 3 1 ]
2b ( 7 7 7 7 7 7 7 7 7 7 7 7 7 7 7 7 7 7 7 7 7 7 7 7 7 7 7 7 7 7 7 7 7 7 7 7 7 7 7 7 7 7 7 7 7 7 7 7 7 7 7 7 7 7 7 7 7 7 7 7 7 7 4 4 4 4 4 4 4 4 4 4 4 4 4 4 4 4 4 4 4 4 4 4 4 4 4 4 4 4 4 4 4 4 4 4 4 4 4 4 4 4 4 4 4 4 4 4 4 4 4 4 4 4 4 4 4 4 4 4 4 4 4 4 )[ 1 -1 3 1 0 ]
2b ( 7 4 )[ 1 -1 7 1 0 ]
2b ( 1 )[ 1 -1 5 2 1 ]
2b ( 4 4 4 4 4 4 4 4 4 4 4 4 4 4 4 4 4 4 4 4 4 4 4 4 4 4 4 4 4 4 4 4 4 4 4 4 4 4 4 4 4 4 4 4 4 4 4 4 4 4 4 4 4 4 4 4 4 4 4 4 4 4 1 1 1 1 1 1 1 1 1 1 1 1 1 1 1 1 1 1 1 1 1 1 1 1 1 1 1 1 1 1 1 1 1 1 1 1 1 1 1 1 1 1 1 1 1 1 1 1 1 1 1 1 1 1 1 1 1 1 1 1 1 1 )[ 1 -1 4 1 0 ]

RANKS: 1 -1 1 7 1
EVENT46: 1113 481d4e_4820ce_482207_4822fb
COMP 4b-0: 47d28d_47d652_47d7bc_47d8db (374 98.22 3 92.00 7 250.00){0.00 0.00 0.00 0.00 39.60 0}{39.60 0.00 0.00 0.00 79.20 0}{79.20 92.00 97.81 107.00 158.40 373}{158.40 0.00 0.00 0.00 198.00 0}{198.00 250.00 250.00 250.00 302.00 1}
COMP 4b-1: 481d4e_4820ce_482207_4822fb (247 43.05 5 4.00 7 167.00){0.00 0.00 0.00 0.00 2.00 0}{2.00 4.00 4.00 4.00 4.00 40}{4.00 5.00 5.39 6.00 8.00 145}{8.00 0.00 0.00 0.00 10.00 0}{10.00 12.00 156.94 167.00 308.00 62}
COMM 4b-0: 47d28d_47d652_47d7bc_47d8db (374 2.44 1 2.00 6 20.00){0.00 0.00 0.00 0.00 1.20 0}{1.20 2.00 2.00 2.00 2.40 249}{2.40 3.00 3.00 3.00 6.00 121}{6.00 9.00 10.00 11.00 14.00 3}{14.00 20.00 20.00 20.00 26.00 1}
COMM 4b-1: 481d4e_4820ce_482207_4822fb (247 1.70 7 1.00 7 11.00){0.00 0.00 0.00 0.00 0.80 0}{0.80 1.00 1.00 1.00 1.60 123}{1.60 2.00 2.00 2.00 2.00 91}{2.00 3.00 3.00 3.00 4.00 31}{4.00 11.00 11.00 11.00 18.00 2}
LOOP0: iter: ( 124 )[ 1 -1 7 1 0 ]( 2 )[ 1 -1 5 2 1 ] mem: ( 1 )[ 1 -1 5 3 1 ]
10 2 
12 ( 155 )[ 1 -1 1 2 1 ]
12 ( 75 75 75 75 75 75 75 75 75 75 75 75 75 75 75 75 75 75 75 75 75 75 75 75 75 75 75 75 75 75 75 75 75 75 75 75 75 75 75 75 75 75 75 75 75 75 75 75 75 75 75 75 75 75 75 75 75 75 75 75 75 75 155 155 155 155 155 155 155 155 155 155 155 155 155 155 155 155 155 155 155 155 155 155 155 155 155 155 155 155 155 155 155 155 155 155 155 155 155 155 155 155 155 155 155 155 155 155 155 155 155 155 155 155 155 155 155 155 155 155 155 155 155 155 )[ 1 -1 3 1 0 ]
12 ( 155 75 )[ 1 -1 7 1 0 ]
12 ( 155 80 )[ 1 -1 5 2 1 ]
12 ( 75 )[ 1 -1 4 1 0 ]
14 16 
1a ( 7 )[ 1 -1 1 2 1 ]
1a ( 4 4 4 4 4 4 4 4 4 4 4 4 4 4 4 4 4 4 4 4 4 4 4 4 4 4 4 4 4 4 4 4 4 4 4 4 4 4 4 4 4 4 4 4 4 4 4 4 4 4 4 4 4 4 4 4 4 4 4 4 4 4 7 7 7 7 7 7 7 7 7 7 7 7 7 7 7 7 7 7 7 7 7 7 7 7 7 7 7 7 7 7 7 7 7 7 7 7 7 7 7 7 7 7 7 7 7 7 7 7 7 7 7 7 7 7 7 7 7 7 7 7 7 7 )[ 1 -1 3 1 0 ]
1a ( 7 4 )[ 1 -1 5 3 1 ]
1a ( 4 )[ 1 -1 4 1 0 ]
1b 0 

RANKS: 1 -1 0 8 1
EVENT47: 1004 46a183_46a4e3_46a626_46a718
COMP 4b-0: 47d28d_47d652_47d7bc_47d8db (1 480.00 0 480.00 0 480.00){0.00 0.00 0.00 0.00 192.00 0}{192.00 0.00 0.00 0.00 384.00 0}{384.00 480.00 480.00 480.00 576.00 1}{576.00 0.00 0.00 0.00 768.00 0}{768.00 0.00 0.00 0.00 960.00 0}
COMP 4b-1: 481d4e_4820ce_482207_4822fb (7 411.12 4 392.00 4 424.00){0.00 0.00 0.00 0.00 166.80 0}{166.80 0.00 0.00 0.00 333.60 0}{333.60 392.00 410.29 424.00 500.40 7}{500.40 0.00 0.00 0.00 667.20 0}{667.20 0.00 0.00 0.00 834.00 0}
COMM 4b-0: 47d28d_47d652_47d7bc_47d8db (1 10.00 0 10.00 0 10.00){0.00 0.00 0.00 0.00 4.00 0}{4.00 0.00 0.00 0.00 8.00 0}{8.00 10.00 10.00 10.00 12.00 1}{12.00 0.00 0.00 0.00 16.00 0}{16.00 0.00 0.00 0.00 20.00 0}
COMM 4b-1: 481d4e_4820ce_482207_4822fb (7 1221.62 1 106.00 3 4363.00){0.00 0.00 0.00 0.00 42.40 0}{42.40 0.00 0.00 0.00 84.80 0}{84.80 106.00 106.00 106.00 169.60 1}{169.60 178.00 178.00 178.00 212.00 1}{212.00 236.00 1876.60 4363.00 7464.00 5}
10 2 
12 5 
14 16 
18 3 

RANKS: 1 -1 4 1 0
EVENT48: 1113 481d4e_4820ce_482207_4822fb
COMP 4b-0: 46a183_46a4e3_46a626_46a718 (1 240.00 4 240.00 4 240.00){0.00 0.00 0.00 0.00 96.00 0}{96.00 0.00 0.00 0.00 192.00 0}{192.00 240.00 240.00 240.00 288.00 1}{288.00 0.00 0.00 0.00 384.00 0}{384.00 0.00 0.00 0.00 480.00 0}
COMM 4b-0: 46a183_46a4e3_46a626_46a718 (1 141.00 4 141.00 4 141.00){0.00 0.00 0.00 0.00 56.40 0}{56.40 0.00 0.00 0.00 112.80 0}{112.80 141.00 141.00 141.00 169.20 1}{169.20 0.00 0.00 0.00 225.60 0}{225.60 0.00 0.00 0.00 282.00 0}
10 2 
12 20480 
14 16 
1a 1 
1b 0 

RANKS: 1 -1 1 7 1
EVENT49: 1090 479c1a_479fef_47a15a_47a27b
COMP 4b-0: 46a183_46a4e3_46a626_46a718 (6 220.43 7 209.00 6 228.00){0.00 0.00 0.00 0.00 88.40 0}{88.40 0.00 0.00 0.00 176.80 0}{176.80 209.00 220.33 228.00 265.20 6}{265.20 0.00 0.00 0.00 353.60 0}{353.60 0.00 0.00 0.00 442.00 0}
COMP 4b-1: 481d4e_4820ce_482207_4822fb (2 1609.00 4 5.00 7 2411.00){0.00 5.00 5.00 5.00 964.40 1}{964.40 0.00 0.00 0.00 1928.80 0}{1928.80 2411.00 2411.00 2411.00 2893.20 1}{2893.20 0.00 0.00 0.00 3857.60 0}{3857.60 0.00 0.00 0.00 4822.00 0}
COMP 4b-2: 48aca9_48af2d_48b001_48b0ba (5 439.00 6 34.00 4 2459.00){0.00 0.00 0.00 0.00 14.00 0}{14.00 0.00 0.00 0.00 28.00 0}{28.00 34.00 35.00 36.00 56.00 4}{56.00 0.00 0.00 0.00 70.00 0}{70.00 2459.00 2459.00 2459.00 4848.00 1}
COMM 4b-0: 46a183_46a4e3_46a626_46a718 (6 1.43 3 1.00 1 2.00){0.00 0.00 0.00 0.00 0.80 0}{0.80 1.00 1.00 1.00 1.60 4}{1.60 2.00 2.00 2.00 2.40 2}{2.40 0.00 0.00 0.00 3.20 0}{3.20 0.00 0.00 0.00 4.00 0}
COMM 4b-1: 481d4e_4820ce_482207_4822fb (2 1.00 7 1.00 7 1.00){0.00 0.00 0.00 0.00 0.40 0}{0.40 0.00 0.00 0.00 0.80 0}{0.80 1.00 1.00 1.00 1.20 2}{1.20 0.00 0.00 0.00 1.60 0}{1.60 0.00 0.00 0.00 2.00 0}
COMM 4b-2: 48aca9_48af2d_48b001_48b0ba (5 1.00 1 1.00 1 1.00){0.00 0.00 0.00 0.00 0.40 0}{0.40 0.00 0.00 0.00 0.80 0}{0.80 1.00 1.00 1.00 1.20 5}{1.20 0.00 0.00 0.00 1.60 0}{1.60 0.00 0.00 0.00 2.00 0}
LOOP0: iter: ( 2 )[ 2 -2 1 2 3 2 1 -1 6 2 1 ] mem: ( 3 )[ 2 -2 1 2 4 2 1 -1 7 1 0 ]( 2 )[ 1 -1 4 1 0 ]
10 2 
12 ( 20480 )[ 2 -1 1 3 1 -1 5 2 1 ]
12 ( 20480 10240 )[ 1 -1 4 2 3 ]
14 16 
1b 0 
2b 2147483647 

RANKS: 1 -2 1 2 4 2 1
EVENT50: 1113 481d4e_4820ce_482207_4822fb
COMP 4b-0: 479c1a_479fef_47a15a_47a27b (8 40.78 6 39.00 6 46.00){0.00 0.00 0.00 0.00 16.00 0}{16.00 0.00 0.00 0.00 32.00 0}{32.00 39.00 40.88 46.00 48.00 8}{48.00 0.00 0.00 0.00 64.00 0}{64.00 0.00 0.00 0.00 80.00 0}
COMM 4b-0: 479c1a_479fef_47a15a_47a27b (8 150.44 5 96.00 1 250.00){0.00 96.00 97.25 98.00 100.00 4}{100.00 102.00 121.00 140.00 200.00 2}{200.00 223.00 236.50 250.00 300.00 2}{300.00 0.00 0.00 0.00 400.00 0}{400.00 0.00 0.00 0.00 500.00 0}
10 2 
12 20480 
14 16 
1a 1 7 
1b 0 

RANKS: 1 -1 1 7 1
EVENT51: 1148 48aca9_48af2d_48b001_48b0ba
COMP 4b-0: 479c1a_479fef_47a15a_47a27b (5 4.83 7 4.00 3 5.00){0.00 0.00 0.00 0.00 2.00 0}{2.00 4.00 4.00 4.00 4.00 1}{4.00 5.00 5.00 5.00 6.00 4}{6.00 0.00 0.00 0.00 8.00 0}{8.00 0.00 0.00 0.00 10.00 0}
COMP 4b-1: 481d4e_4820ce_482207_4822fb (8 5.44 1 5.00 2 7.00){0.00 0.00 0.00 0.00 2.40 0}{2.40 0.00 0.00 0.00 4.80 0}{4.80 5.00 5.38 7.00 7.20 8}{7.20 0.00 0.00 0.00 9.60 0}{9.60 0.00 0.00 0.00 12.00 0}
COMM 4b-0: 479c1a_479fef_47a15a_47a27b (5 148.33 4 72.00 4 298.00){0.00 0.00 0.00 0.00 56.80 0}{56.80 72.00 87.00 102.00 113.60 2}{113.60 134.00 138.00 142.00 227.20 2}{227.20 0.00 0.00 0.00 284.00 0}{284.00 298.00 298.00 298.00 312.00 1}
COMM 4b-1: 481d4e_4820ce_482207_4822fb (8 1.00 2 0.00 1 2.00){0.00 0.00 0.00 0.00 0.40 1}{0.40 0.00 0.00 0.00 0.80 0}{0.80 1.00 1.00 1.00 1.20 6}{1.20 0.00 0.00 0.00 1.60 0}{1.60 2.00 2.00 2.00 2.00 1}
1c 9999 

RANKS: 2 -1 0 5 1 -1 7 1 0
EVENT52: 1113 481d4e_4820ce_482207_4822fb
COMP 4b-0: 46a183_46a4e3_46a626_46a718 (1 263.00 0 263.00 0 263.00){0.00 0.00 0.00 0.00 105.20 0}{105.20 0.00 0.00 0.00 210.40 0}{210.40 263.00 263.00 263.00 315.60 1}{315.60 0.00 0.00 0.00 420.80 0}{420.80 0.00 0.00 0.00 526.00 0}
COMP 4b-1: 481d4e_4820ce_482207_4822fb (1 2437.00 3 2437.00 3 2437.00){0.00 0.00 0.00 0.00 974.80 0}{974.80 0.00 0.00 0.00 1949.60 0}{1949.60 2437.00 2437.00 2437.00 2924.40 1}{2924.40 0.00 0.00 0.00 3899.20 0}{3899.20 0.00 0.00 0.00 4874.00 0}
COMP 4b-2: 48aca9_48af2d_48b001_48b0ba (7 1312.62 4 40.00 2 2659.00){0.00 40.00 60.25 72.00 990.40 4}{990.40 0.00 0.00 0.00 1980.80 0}{1980.80 2476.00 2594.67 2659.00 2971.20 3}{2971.20 0.00 0.00 0.00 3961.60 0}{3961.60 0.00 0.00 0.00 4952.00 0}
COMM 4b-0: 46a183_46a4e3_46a626_46a718 (1 122.00 0 122.00 0 122.00){0.00 0.00 0.00 0.00 48.80 0}{48.80 0.00 0.00 0.00 97.60 0}{97.60 122.00 122.00 122.00 146.40 1}{146.40 0.00 0.00 0.00 195.20 0}{195.20 0.00 0.00 0.00 244.00 0}
COMM 4b-1: 481d4e_4820ce_482207_4822fb (1 57.00 3 57.00 3 57.00){0.00 0.00 0.00 0.00 22.80 0}{22.80 0.00 0.00 0.00 45.60 0}{45.60 57.00 57.00 57.00 68.40 1}{68.40 0.00 0.00 0.00 91.20 0}{91.20 0.00 0.00 0.00 114.00 0}
COMM 4b-2: 48aca9_48af2d_48b001_48b0ba (7 88.75 2 56.00 3 184.00){0.00 0.00 0.00 0.00 22.80 0}{22.80 0.00 0.00 0.00 45.60 0}{45.60 56.00 56.50 57.00 68.40 4}{68.40 77.00 77.00 77.00 114.00 1}{114.00 166.00 175.00 184.00 254.00 2}
LOOP0: iter: ( 2 )[ 1 -1 0 2 3 ] mem: ( 3 )[ 1 -1 0 1 0 ]( 1 )[ 1 -1 3 1 0 ]
10 2 
12 ( 20480 10240 )[ 2 -1 0 2 3 -1 7 1 0 ]
12 ( 10240 )[ 2 -1 1 2 1 -1 4 1 0 ]
14 16 
1a ( 1 4 )[ 1 -1 0 1 0 ]
1a ( 4 )[ 2 -1 1 2 1 -1 4 1 0 ]
1a ( 7 4 )[ 1 -1 3 2 4 ]
1b 0 

RANKS: 2 -1 0 4 1 -1 5 2 1
EVENT53: 1090 479c1a_479fef_47a15a_47a27b
COMP 4b-0: 481d4e_4820ce_482207_4822fb (5 5.50 0 5.00 0 6.00){0.00 0.00 0.00 0.00 2.40 0}{2.40 0.00 0.00 0.00 4.80 0}{4.80 5.00 5.40 6.00 7.20 5}{7.20 0.00 0.00 0.00 9.60 0}{9.60 0.00 0.00 0.00 12.00 0}
COMP 4b-1: 48aca9_48af2d_48b001_48b0ba (2 2643.67 6 2643.00 5 2644.00){0.00 0.00 0.00 0.00 1057.60 0}{1057.60 0.00 0.00 0.00 2115.20 0}{2115.20 2643.00 2643.50 2644.00 3172.80 2}{3172.80 0.00 0.00 0.00 4230.40 0}{4230.40 0.00 0.00 0.00 5288.00 0}
COMM 4b-0: 481d4e_4820ce_482207_4822fb (5 1.00 0 1.00 0 1.00){0.00 0.00 0.00 0.00 0.40 0}{0.40 0.00 0.00 0.00 0.80 0}{0.80 1.00 1.00 1.00 1.20 5}{1.20 0.00 0.00 0.00 1.60 0}{1.60 0.00 0.00 0.00 2.00 0}
COMM 4b-1: 48aca9_48af2d_48b001_48b0ba (2 1.00 5 1.00 5 1.00){0.00 0.00 0.00 0.00 0.40 0}{0.40 0.00 0.00 0.00 0.80 0}{0.80 1.00 1.00 1.00 1.20 2}{1.20 0.00 0.00 0.00 1.60 0}{1.60 0.00 0.00 0.00 2.00 0}
10 2 
12 ( 20480 10240 )[ 1 -1 0 1 0 ]
12 ( 10240 )[ 2 -1 1 3 1 -1 5 2 1 ]
14 16 
1b 0 
2b 2147483647 

RANKS: 2 -1 0 4 1 -1 5 2 1
EVENT54: 1148 48aca9_48af2d_48b001_48b0ba
COMP 4b-0: 479c1a_479fef_47a15a_47a27b (7 5.12 0 4.00 3 7.00){0.00 0.00 0.00 0.00 2.00 0}{2.00 4.00 4.00 4.00 4.00 1}{4.00 5.00 5.00 5.00 6.00 5}{6.00 7.00 7.00 7.00 8.00 1}{8.00 0.00 0.00 0.00 10.00 0}
COMM 4b-0: 479c1a_479fef_47a15a_47a27b (7 143.50 2 50.00 0 350.00){0.00 50.00 74.67 140.00 140.00 6}{140.00 0.00 0.00 0.00 280.00 0}{280.00 350.00 350.00 350.00 420.00 1}{420.00 0.00 0.00 0.00 560.00 0}{560.00 0.00 0.00 0.00 700.00 0}
1c 9999 

RANKS: 1 -1 5 2 1
EVENT55: 1113 481d4e_4820ce_482207_4822fb
COMP 4b-0: 48aca9_48af2d_48b001_48b0ba (2 38.67 6 38.00 5 39.00){0.00 0.00 0.00 0.00 15.60 0}{15.60 0.00 0.00 0.00 31.20 0}{31.20 38.00 38.50 39.00 46.80 2}{46.80 0.00 0.00 0.00 62.40 0}{62.40 0.00 0.00 0.00 78.00 0}
COMM 4b-0: 48aca9_48af2d_48b001_48b0ba (2 74.00 5 74.00 5 74.00){0.00 0.00 0.00 0.00 29.60 0}{29.60 0.00 0.00 0.00 59.20 0}{59.20 74.00 74.00 74.00 88.80 2}{88.80 0.00 0.00 0.00 118.40 0}{118.40 0.00 0.00 0.00 148.00 0}
10 2 
12 10240 
14 16 
1a 4 
1b 0 

RANKS: 1 -1 0 8 1
EVENT56: 1004 46a183_46a4e3_46a626_46a718
COMP 4b-0: 46a183_46a4e3_46a626_46a718 (16 1122.29 7 6.00 5 2455.00){0.00 0.00 0.00 0.00 2.80 0}{2.80 0.00 0.00 0.00 5.60 0}{5.60 6.00 6.88 9.00 11.20 8}{11.20 0.00 0.00 0.00 14.00 0}{14.00 2295.00 2377.12 2455.00 4592.00 8}
COMP 4b-1: 481d4e_4820ce_482207_4822fb (4 5041.00 4 4915.00 5 5223.00){0.00 0.00 0.00 0.00 1968.80 0}{1968.80 0.00 0.00 0.00 3937.60 0}{3937.60 4915.00 5070.75 5223.00 5906.40 4}{5906.40 0.00 0.00 0.00 7875.20 0}{7875.20 0.00 0.00 0.00 9844.00 0}
COMP 4b-2: 48aca9_48af2d_48b001_48b0ba (4 5059.20 3 4934.00 3 5245.00){0.00 0.00 0.00 0.00 1974.80 0}{1974.80 0.00 0.00 0.00 3949.60 0}{3949.60 4934.00 5089.75 5245.00 5924.40 4}{5924.40 0.00 0.00 0.00 7899.20 0}{7899.20 0.00 0.00 0.00 9874.00 0}
COMM 4b-0: 46a183_46a4e3_46a626_46a718 (16 49.18 1 7.00 7 175.00){0.00 0.00 0.00 0.00 5.60 0}{5.60 7.00 8.25 11.00 11.20 4}{11.20 12.00 15.25 19.00 22.40 8}{22.40 0.00 0.00 0.00 28.00 0}{28.00 154.00 166.75 175.00 312.00 4}
COMM 4b-1: 481d4e_4820ce_482207_4822fb (4 379.20 6 18.00 4 630.00){0.00 18.00 43.00 68.00 236.00 2}{236.00 0.00 0.00 0.00 472.00 0}{472.00 590.00 610.00 630.00 708.00 2}{708.00 0.00 0.00 0.00 944.00 0}{944.00 0.00 0.00 0.00 1180.00 0}
COMM 4b-2: 48aca9_48af2d_48b001_48b0ba (4 372.20 2 9.00 3 621.00){0.00 9.00 34.00 59.00 234.40 2}{234.40 0.00 0.00 0.00 468.80 0}{468.80 586.00 603.50 621.00 703.20 2}{703.20 0.00 0.00 0.00 937.60 0}{937.60 0.00 0.00 0.00 1172.00 0}
LOOP0: iter: ( 3 )[ 1 -1 0 8 1 ] mem: ( 1 )[ 1 -1 0 8 1 ]
10 2 
12 5 1 5 
14 16 
18 3 1 3 

RANKS: 1 -1 0 4 1
EVENT57: 1090 479c1a_479fef_47a15a_47a27b_45e830
COMP 4b-0: 46a183_46a4e3_46a626_46a718 (4 32.40 3 31.00 3 35.00){0.00 0.00 0.00 0.00 12.80 0}{12.80 0.00 0.00 0.00 25.60 0}{25.60 31.00 32.50 35.00 38.40 4}{38.40 0.00 0.00 0.00 51.20 0}{51.20 0.00 0.00 0.00 64.00 0}
COMM 4b-0: 46a183_46a4e3_46a626_46a718 (4 1.00 0 1.00 0 1.00){0.00 0.00 0.00 0.00 0.40 0}{0.40 0.00 0.00 0.00 0.80 0}{0.80 1.00 1.00 1.00 1.20 4}{1.20 0.00 0.00 0.00 1.60 0}{1.60 0.00 0.00 0.00 2.00 0}
10 2 
12 32 
14 16 
1b 0 
2b 2147483647 

RANKS: 1 -1 0 4 1
EVENT58: 1148 48aca9_48af2d_48b001_48b0ba_45e849
COMP 4b-0: 479c1a_479fef_47a15a_47a27b_45e830 (4 7.00 0 5.00 3 9.00){0.00 0.00 0.00 0.00 2.00 0}{2.00 0.00 0.00 0.00 4.00 0}{4.00 5.00 5.00 5.00 6.00 1}{6.00 8.00 8.00 8.00 8.00 2}{8.00 9.00 9.00 9.00 10.00 1}
COMM 4b-0: 479c1a_479fef_47a15a_47a27b_45e830 (4 2.60 0 2.00 1 3.00){0.00 0.00 0.00 0.00 0.80 0}{0.80 0.00 0.00 0.00 1.60 0}{1.60 2.00 2.00 2.00 2.40 1}{2.40 3.00 3.00 3.00 3.20 3}{3.20 0.00 0.00 0.00 4.00 0}
1c 9999 

RANKS: 1 -1 4 3 1
EVENT59: 1113 481d4e_4820ce_482207_4822fb_45e91e
COMP 4b-0: 46a183_46a4e3_46a626_46a718 (3 35.25 4 29.00 6 38.00){0.00 0.00 0.00 0.00 14.80 0}{14.80 29.00 29.00 29.00 29.60 1}{29.60 37.00 37.50 38.00 44.40 2}{44.40 0.00 0.00 0.00 59.20 0}{59.20 0.00 0.00 0.00 74.00 0}
COMM 4b-0: 46a183_46a4e3_46a626_46a718 (3 2.50 4 2.00 5 3.00){0.00 0.00 0.00 0.00 1.20 0}{1.20 2.00 2.00 2.00 2.40 2}{2.40 3.00 3.00 3.00 3.60 1}{3.60 0.00 0.00 0.00 4.80 0}{4.80 0.00 0.00 0.00 6.00 0}
10 2 
12 32 
14 16 
1a 4 
1b 0 

RANKS: 1 -2 0 2 4 3 1
EVENT60: 1090 479c1a_479fef_47a15a_47a27b_45e97a
COMP 4b-0: 481d4e_4820ce_482207_4822fb_45e91e (3 5.75 4 5.00 5 6.00){0.00 0.00 0.00 0.00 2.40 0}{2.40 0.00 0.00 0.00 4.80 0}{4.80 5.00 5.67 6.00 7.20 3}{7.20 0.00 0.00 0.00 9.60 0}{9.60 0.00 0.00 0.00 12.00 0}
COMP 4b-1: 48aca9_48af2d_48b001_48b0ba_45e849 (3 6.50 1 6.00 0 7.00){0.00 0.00 0.00 0.00 2.80 0}{2.80 0.00 0.00 0.00 5.60 0}{5.60 6.00 6.33 7.00 8.40 3}{8.40 0.00 0.00 0.00 11.20 0}{11.20 0.00 0.00 0.00 14.00 0}
COMM 4b-0: 481d4e_4820ce_482207_4822fb_45e91e (3 1.00 5 1.00 5 1.00){0.00 0.00 0.00 0.00 0.40 0}{0.40 0.00 0.00 0.00 0.80 0}{0.80 1.00 1.00 1.00 1.20 3}{1.20 0.00 0.00 0.00 1.60 0}{1.60 0.00 0.00 0.00 2.00 0}
COMM 4b-1: 48aca9_48af2d_48b001_48b0ba_45e849 (3 0.75 1 0.00 0 1.00){0.00 0.00 0.00 0.00 0.40 1}{0.40 0.00 0.00 0.00 0.80 0}{0.80 1.00 1.00 1.00 1.20 2}{1.20 0.00 0.00 0.00 1.60 0}{1.60 0.00 0.00 0.00 2.00 0}
10 2 
12 68 
14 16 
1b 0 
2b 2147483647 

RANKS: 1 -2 0 2 4 3 1
EVENT61: 1148 48aca9_48af2d_48b001_48b0ba_45e98f
COMP 4b-0: 479c1a_479fef_47a15a_47a27b_45e97a (6 5.86 1 5.00 0 7.00){0.00 0.00 0.00 0.00 2.80 0}{2.80 5.00 5.00 5.00 5.60 3}{5.60 6.00 6.33 7.00 8.40 3}{8.40 0.00 0.00 0.00 11.20 0}{11.20 0.00 0.00 0.00 14.00 0}
COMM 4b-0: 479c1a_479fef_47a15a_47a27b_45e97a (6 27.43 6 2.00 0 53.00){0.00 2.00 11.50 21.00 21.20 4}{21.20 40.00 40.00 40.00 42.40 1}{42.40 53.00 53.00 53.00 63.60 1}{63.60 0.00 0.00 0.00 84.80 0}{84.80 0.00 0.00 0.00 106.00 0}
1c 9999 

RANKS: 1 -1 7 1 0
EVENT62: 1113 481d4e_4820ce_482207_4822fb_45e91e
COMP 4b-0: 46a183_46a4e3_46a626_46a718 (1 31.00 7 31.00 7 31.00){0.00 0.00 0.00 0.00 12.40 0}{12.40 0.00 0.00 0.00 24.80 0}{24.80 31.00 31.00 31.00 37.20 1}{37.20 0.00 0.00 0.00 49.60 0}{49.60 0.00 0.00 0.00 62.00 0}
COMM 4b-0: 46a183_46a4e3_46a626_46a718 (1 3.00 7 3.00 7 3.00){0.00 0.00 0.00 0.00 1.20 0}{1.20 0.00 0.00 0.00 2.40 0}{2.40 3.00 3.00 3.00 3.60 1}{3.60 0.00 0.00 0.00 4.80 0}{4.80 0.00 0.00 0.00 6.00 0}
10 2 
12 32 
14 16 
1a 4 
1b 0 

RANKS: 1 -2 1 2 4 3 1
EVENT63: 1113 481d4e_4820ce_482207_4822fb_45ea8f
COMP 4b-0: 481d4e_4820ce_482207_4822fb_45e91e (1 7.00 7 7.00 7 7.00){0.00 0.00 0.00 0.00 2.80 0}{2.80 0.00 0.00 0.00 5.60 0}{5.60 7.00 7.00 7.00 8.40 1}{8.40 0.00 0.00 0.00 11.20 0}{11.20 0.00 0.00 0.00 14.00 0}
COMP 4b-1: 48aca9_48af2d_48b001_48b0ba_45e849 (1 6.00 3 6.00 3 6.00){0.00 0.00 0.00 0.00 2.40 0}{2.40 0.00 0.00 0.00 4.80 0}{4.80 6.00 6.00 6.00 7.20 1}{7.20 0.00 0.00 0.00 9.60 0}{9.60 0.00 0.00 0.00 12.00 0}
COMP 4b-2: 48aca9_48af2d_48b001_48b0ba_45e98f (4 6.40 5 5.00 1 7.00){0.00 0.00 0.00 0.00 2.80 0}{2.80 5.00 5.00 5.00 5.60 1}{5.60 6.00 6.67 7.00 8.40 3}{8.40 0.00 0.00 0.00 11.20 0}{11.20 0.00 0.00 0.00 14.00 0}
COMM 4b-0: 481d4e_4820ce_482207_4822fb_45e91e (1 2.00 7 2.00 7 2.00){0.00 0.00 0.00 0.00 0.80 0}{0.80 0.00 0.00 0.00 1.60 0}{1.60 2.00 2.00 2.00 2.40 1}{2.40 0.00 0.00 0.00 3.20 0}{3.20 0.00 0.00 0.00 4.00 0}
COMM 4b-1: 48aca9_48af2d_48b001_48b0ba_45e849 (1 3.00 3 3.00 3 3.00){0.00 0.00 0.00 0.00 1.20 0}{1.20 0.00 0.00 0.00 2.40 0}{2.40 3.00 3.00 3.00 3.60 1}{3.60 0.00 0.00 0.00 4.80 0}{4.80 0.00 0.00 0.00 6.00 0}
COMM 4b-2: 48aca9_48af2d_48b001_48b0ba_45e98f (4 2.40 6 1.00 1 3.00){0.00 1.00 1.00 1.00 1.20 1}{1.20 2.00 2.00 2.00 2.40 1}{2.40 3.00 3.00 3.00 3.60 2}{3.60 0.00 0.00 0.00 4.80 0}{4.80 0.00 0.00 0.00 6.00 0}
10 2 
12 68 
14 16 
1a 7 
1b 0 

RANKS: 1 -1 0 8 1
EVENT64: 1004 46a183_46a4e3_46a626_46a718_466402
COMP 4b-0: 481d4e_4820ce_482207_4822fb_45ea8f (6 9.29 3 8.00 1 10.00){0.00 0.00 0.00 0.00 4.00 0}{4.00 8.00 8.00 8.00 8.00 2}{8.00 9.00 9.75 10.00 12.00 4}{12.00 0.00 0.00 0.00 16.00 0}{16.00 0.00 0.00 0.00 20.00 0}
COMP 4b-1: 48aca9_48af2d_48b001_48b0ba_45e98f (2 10.00 0 10.00 0 10.00){0.00 0.00 0.00 0.00 4.00 0}{4.00 0.00 0.00 0.00 8.00 0}{8.00 10.00 10.00 10.00 12.00 2}{12.00 0.00 0.00 0.00 16.00 0}{16.00 0.00 0.00 0.00 20.00 0}
COMM 4b-0: 481d4e_4820ce_482207_4822fb_45ea8f (6 44.71 1 5.00 3 103.00){0.00 0.00 0.00 0.00 2.00 0}{2.00 0.00 0.00 0.00 4.00 0}{4.00 5.00 5.00 5.00 8.00 1}{8.00 0.00 0.00 0.00 10.00 0}{10.00 30.00 60.60 103.00 166.00 5}
COMM 4b-1: 48aca9_48af2d_48b001_48b0ba_45e98f (2 22.67 0 14.00 4 40.00){0.00 0.00 0.00 0.00 5.60 0}{5.60 0.00 0.00 0.00 11.20 0}{11.20 14.00 14.00 14.00 22.40 1}{22.40 0.00 0.00 0.00 28.00 0}{28.00 40.00 40.00 40.00 52.00 1}
10 2 
12 1 
14 16 
18 3 

RANKS: 1 -2 0 2 4 3 1
EVENT65: 1090 479c1a_479fef_47a15a_47a27b
COMP 4b-0: 46a183_46a4e3_46a626_46a718_466402 (6 19.14 4 18.00 1 21.00){0.00 0.00 0.00 0.00 7.60 0}{7.60 0.00 0.00 0.00 15.20 0}{15.20 18.00 19.17 21.00 22.80 6}{22.80 0.00 0.00 0.00 30.40 0}{30.40 0.00 0.00 0.00 38.00 0}
COMM 4b-0: 46a183_46a4e3_46a626_46a718_466402 (6 0.57 5 0.00 0 1.00){0.00 0.00 0.00 0.00 0.40 3}{0.40 0.00 0.00 0.00 0.80 0}{0.80 1.00 1.00 1.00 1.20 3}{1.20 0.00 0.00 0.00 1.60 0}{1.60 0.00 0.00 0.00 2.00 0}
10 2 
12 64 
14 16 
1b 0 
2b 2147483647 

RANKS: 1 -2 0 2 4 3 1
EVENT66: 1148 48aca9_48af2d_48b001_48b0ba
COMP 4b-0: 479c1a_479fef_47a15a_47a27b (6 5.14 0 5.00 1 6.00){0.00 0.00 0.00 0.00 2.00 0}{2.00 0.00 0.00 0.00 4.00 0}{4.00 5.00 5.17 6.00 6.00 6}{6.00 0.00 0.00 0.00 8.00 0}{8.00 0.00 0.00 0.00 10.00 0}
COMM 4b-0: 479c1a_479fef_47a15a_47a27b (6 37.86 2 2.00 0 72.00){0.00 2.00 10.67 28.00 28.80 3}{28.80 33.00 44.50 56.00 57.60 2}{57.60 72.00 72.00 72.00 86.40 1}{86.40 0.00 0.00 0.00 115.20 0}{115.20 0.00 0.00 0.00 144.00 0}
1c 9999 

RANKS: 1 -2 1 2 4 3 1
EVENT67: 1113 481d4e_4820ce_482207_4822fb
COMP 4b-0: 46a183_46a4e3_46a626_46a718_466402 (2 19.67 7 19.00 3 20.00){0.00 0.00 0.00 0.00 8.00 0}{8.00 0.00 0.00 0.00 16.00 0}{16.00 19.00 19.50 20.00 24.00 2}{24.00 0.00 0.00 0.00 32.00 0}{32.00 0.00 0.00 0.00 40.00 0}
COMP 4b-1: 48aca9_48af2d_48b001_48b0ba (4 6.00 5 5.00 1 7.00){0.00 0.00 0.00 0.00 2.80 0}{2.80 5.00 5.00 5.00 5.60 2}{5.60 6.00 6.50 7.00 8.40 2}{8.40 0.00 0.00 0.00 11.20 0}{11.20 0.00 0.00 0.00 14.00 0}
COMM 4b-0: 46a183_46a4e3_46a626_46a718_466402 (2 2.00 3 2.00 3 2.00){0.00 0.00 0.00 0.00 0.80 0}{0.80 0.00 0.00 0.00 1.60 0}{1.60 2.00 2.00 2.00 2.40 2}{2.40 0.00 0.00 0.00 3.20 0}{3.20 0.00 0.00 0.00 4.00 0}
COMM 4b-1: 48aca9_48af2d_48b001_48b0ba (4 2.00 1 2.00 1 2.00){0.00 0.00 0.00 0.00 0.80 0}{0.80 0.00 0.00 0.00 1.60 0}{1.60 2.00 2.00 2.00 2.40 4}{2.40 0.00 0.00 0.00 3.20 0}{3.20 0.00 0.00 0.00 4.00 0}
10 2 
12 64 
14 16 
1a 7 
1b 0 

RANKS: 1 -1 0 8 1
EVENT68: 1004 46a183_46a4e3_46a626_46a718_4667df
COMP 4b-0: 481d4e_4820ce_482207_4822fb (6 10.86 7 9.00 1 12.00){0.00 0.00 0.00 0.00 4.80 0}{4.80 9.00 9.00 9.00 9.60 1}{9.60 10.00 11.00 12.00 14.40 5}{14.40 0.00 0.00 0.00 19.20 0}{19.20 0.00 0.00 0.00 24.00 0}
COMP 4b-1: 48aca9_48af2d_48b001_48b0ba (2 11.00 0 11.00 0 11.00){0.00 0.00 0.00 0.00 4.40 0}{4.40 0.00 0.00 0.00 8.80 0}{8.80 11.00 11.00 11.00 13.20 2}{13.20 0.00 0.00 0.00 17.60 0}{17.60 0.00 0.00 0.00 22.00 0}
COMM 4b-0: 481d4e_4820ce_482207_4822fb (6 50.00 1 5.00 3 114.00){0.00 0.00 0.00 0.00 2.00 0}{2.00 0.00 0.00 0.00 4.00 0}{4.00 5.00 5.00 5.00 8.00 1}{8.00 0.00 0.00 0.00 10.00 0}{10.00 27.00 68.00 114.00 208.00 5}
COMM 4b-1: 48aca9_48af2d_48b001_48b0ba (2 28.33 0 24.00 4 37.00){0.00 0.00 0.00 0.00 9.60 0}{9.60 0.00 0.00 0.00 19.20 0}{19.20 24.00 24.00 24.00 28.80 1}{28.80 37.00 37.00 37.00 38.40 1}{38.40 0.00 0.00 0.00 48.00 0}
10 2 
12 1 
14 16 
18 3 

RANKS: 1 -1 0 2 3
EVENT69: 1090 479c1a_479fef_47a15a_47a27b_45ec68
COMP 4b-0: 46a183_46a4e3_46a626_46a718_4667df (2 28.67 3 28.00 0 29.00){0.00 0.00 0.00 0.00 11.60 0}{11.60 0.00 0.00 0.00 23.20 0}{23.20 28.00 28.50 29.00 34.80 2}{34.80 0.00 0.00 0.00 46.40 0}{46.40 0.00 0.00 0.00 58.00 0}
COMM 4b-0: 46a183_46a4e3_46a626_46a718_4667df (2 1.00 0 1.00 0 1.00){0.00 0.00 0.00 0.00 0.40 0}{0.40 0.00 0.00 0.00 0.80 0}{0.80 1.00 1.00 1.00 1.20 2}{1.20 0.00 0.00 0.00 1.60 0}{1.60 0.00 0.00 0.00 2.00 0}
10 2 
12 64 
14 16 
1b 0 
2b 2147483647 

RANKS: 1 -1 0 2 3
EVENT70: 1148 48aca9_48af2d_48b001_48b0ba_45ec7d
COMP 4b-0: 479c1a_479fef_47a15a_47a27b_45ec68 (2 5.00 0 5.00 0 5.00){0.00 0.00 0.00 0.00 2.00 0}{2.00 0.00 0.00 0.00 4.00 0}{4.00 5.00 5.00 5.00 6.00 2}{6.00 0.00 0.00 0.00 8.00 0}{8.00 0.00 0.00 0.00 10.00 0}
COMM 4b-0: 479c1a_479fef_47a15a_47a27b_45ec68 (2 3.00 0 3.00 0 3.00){0.00 0.00 0.00 0.00 1.20 0}{1.20 0.00 0.00 0.00 2.40 0}{2.40 3.00 3.00 3.00 3.60 2}{3.60 0.00 0.00 0.00 4.80 0}{4.80 0.00 0.00 0.00 6.00 0}
1c 9999 

RANKS: 1 -1 4 2 3
EVENT71: 1113 481d4e_4820ce_482207_4822fb_45ed2a
COMP 4b-0: 46a183_46a4e3_46a626_46a718_4667df (2 28.67 7 28.00 4 30.00){0.00 0.00 0.00 0.00 11.20 0}{11.20 0.00 0.00 0.00 22.40 0}{22.40 28.00 29.00 30.00 33.60 2}{33.60 0.00 0.00 0.00 44.80 0}{44.80 0.00 0.00 0.00 56.00 0}
COMM 4b-0: 46a183_46a4e3_46a626_46a718_4667df (2 2.00 7 2.00 7 2.00){0.00 0.00 0.00 0.00 0.80 0}{0.80 0.00 0.00 0.00 1.60 0}{1.60 2.00 2.00 2.00 2.40 2}{2.40 0.00 0.00 0.00 3.20 0}{3.20 0.00 0.00 0.00 4.00 0}
10 2 
12 64 
14 16 
1a 4 
1b 0 

RANKS: 1 -1 0 8 1
EVENT72: 1004 46a183_46a4e3_46a626_46a718
COMP 4b-0: 46a183_46a4e3_46a626_46a718_4667df (4 19.00 5 18.00 6 21.00){0.00 0.00 0.00 0.00 7.60 0}{7.60 0.00 0.00 0.00 15.20 0}{15.20 18.00 19.00 21.00 22.80 4}{22.80 0.00 0.00 0.00 30.40 0}{30.40 0.00 0.00 0.00 38.00 0}
COMP 4b-1: 481d4e_4820ce_482207_4822fb_45ed2a (2 13.00 7 13.00 7 13.00){0.00 0.00 0.00 0.00 5.20 0}{5.20 0.00 0.00 0.00 10.40 0}{10.40 13.00 13.00 13.00 15.60 2}{15.60 0.00 0.00 0.00 20.80 0}{20.80 0.00 0.00 0.00 26.00 0}
COMP 4b-2: 48aca9_48af2d_48b001_48b0ba_45ec7d (2 15.33 3 14.00 0 16.00){0.00 0.00 0.00 0.00 6.40 0}{6.40 0.00 0.00 0.00 12.80 0}{12.80 14.00 15.00 16.00 19.20 2}{19.20 0.00 0.00 0.00 25.60 0}{25.60 0.00 0.00 0.00 32.00 0}
COMM 4b-0: 46a183_46a4e3_46a626_46a718_4667df (4 80.00 2 78.00 1 81.00){0.00 0.00 0.00 0.00 32.40 0}{32.40 0.00 0.00 0.00 64.80 0}{64.80 78.00 79.75 81.00 97.20 4}{97.20 0.00 0.00 0.00 129.60 0}{129.60 0.00 0.00 0.00 162.00 0}
COMM 4b-1: 481d4e_4820ce_482207_4822fb_45ed2a (2 32.00 7 32.00 7 32.00){0.00 0.00 0.00 0.00 12.80 0}{12.80 0.00 0.00 0.00 25.60 0}{25.60 32.00 32.00 32.00 38.40 2}{38.40 0.00 0.00 0.00 51.20 0}{51.20 0.00 0.00 0.00 64.00 0}
COMM 4b-2: 48aca9_48af2d_48b001_48b0ba_45ec7d (2 7.67 0 7.00 3 9.00){0.00 0.00 0.00 0.00 2.80 0}{2.80 0.00 0.00 0.00 5.60 0}{5.60 7.00 7.00 7.00 8.40 1}{8.40 9.00 9.00 9.00 11.20 1}{11.20 0.00 0.00 0.00 14.00 0}
10 2 
12 1 
14 16 
18 3 

RANKS: 1 -1 0 8 1
EVENT73: 1045 472ae3_472b57_472bbd_472c18
COMP 4b-0: 46a183_46a4e3_46a626_46a718 (8 3359.56 1 3351.00 0 3369.00){0.00 0.00 0.00 0.00 1347.60 0}{1347.60 0.00 0.00 0.00 2695.20 0}{2695.20 3351.00 3358.38 3369.00 4042.80 8}{4042.80 0.00 0.00 0.00 5390.40 0}{5390.40 0.00 0.00 0.00 6738.00 0}

