RANKS: 1 -1 0 4 1
EVENT0: 1084 46bb64_46bc23_46bcb9_46bd14
33 2 
34 0 

RANKS: 1 -1 0 4 1
EVENT1: 1090 46c95e_46cd33_46ce9e_46cfbf_457e56
COMP 4c-0: 46bb64_46bc23_46bcb9_46bd14 (4 534922.60 2 511030.00 0 550929.00){0.00 0.00 0.00 0.00 220371.60 0}{220371.60 0.00 0.00 0.00 440743.20 0}{440743.20 511030.00 530921.00 550929.00 661114.80 4}{661114.80 0.00 0.00 0.00 881486.40 0}{881486.40 0.00 0.00 0.00 1101858.00 0}
COMM 4b-0: 46bb64_46bc23_46bcb9_46bd14 (4 6.80 1 6.00 0 7.00){0.00 0.00 0.00 0.00 2.80 0}{2.80 0.00 0.00 0.00 5.60 0}{5.60 6.00 6.75 7.00 8.40 4}{8.40 0.00 0.00 0.00 11.20 0}{11.20 0.00 0.00 0.00 14.00 0}
10 2 
12 1 
14 16 
1b 0 
2b ( 1 )[ 1 -1 0 2 2 ]
2b ( 3 )[ 1 -1 1 2 2 ]

RANKS: 1 -1 0 4 1
EVENT2: 1113 474a92_474e12_474f4b_47503f_457e8e
COMP 4c-0: 46c95e_46cd33_46ce9e_46cfbf_457e56 (4 17.20 0 17.00 3 18.00){0.00 0.00 0.00 0.00 6.80 0}{6.80 0.00 0.00 0.00 13.60 0}{13.60 17.00 17.25 18.00 20.40 4}{20.40 0.00 0.00 0.00 27.20 0}{27.20 0.00 0.00 0.00 34.00 0}
COMM 4b-0: 46c95e_46cd33_46ce9e_46cfbf_457e56 (4 20.00 0 18.00 1 25.00){0.00 0.00 0.00 0.00 7.20 0}{7.20 0.00 0.00 0.00 14.40 0}{14.40 18.00 19.00 21.00 21.60 3}{21.60 25.00 25.00 25.00 28.80 1}{28.80 0.00 0.00 0.00 36.00 0}
10 2 
12 1 
14 16 
1a ( 1 )[ 1 -1 0 2 2 ]
1a ( 3 )[ 1 -1 1 2 2 ]
1b 0 

RANKS: 1 -1 0 4 1
EVENT3: 1148 47d9ed_47dc71_47dd45_47ddfe_457ea8
COMP 4c-0: 474a92_474e12_474f4b_47503f_457e8e (4 17.00 0 17.00 0 17.00){0.00 0.00 0.00 0.00 6.80 0}{6.80 0.00 0.00 0.00 13.60 0}{13.60 17.00 17.00 17.00 20.40 4}{20.40 0.00 0.00 0.00 27.20 0}{27.20 0.00 0.00 0.00 34.00 0}
COMM 4b-0: 474a92_474e12_474f4b_47503f_457e8e (4 11398.80 0 17.00 1 29288.00){0.00 0.00 0.00 0.00 6.80 0}{6.80 0.00 0.00 0.00 13.60 0}{13.60 17.00 17.00 17.00 27.20 2}{27.20 0.00 0.00 0.00 34.00 0}{34.00 27655.00 28471.50 29288.00 58542.00 2}
1c 9999 

RANKS: 1 -1 0 4 1
EVENT4: 1090 46c95e_46cd33_46ce9e_46cfbf_45800a
COMP 4c-0: 47d9ed_47dc71_47dd45_47ddfe_457ea8 (4 31412.20 1 31216.00 1 31591.00){0.00 0.00 0.00 0.00 12607.60 0}{12607.60 0.00 0.00 0.00 25215.20 0}{25215.20 31216.00 31385.50 31591.00 37822.80 4}{37822.80 0.00 0.00 0.00 50430.40 0}{50430.40 0.00 0.00 0.00 63038.00 0}
COMP 4c-1: 47d9ed_47dc71_47dd45_47ddfe_458469 (96 31739.24 1 31552.00 1 31945.00){0.00 0.00 0.00 0.00 12742.00 0}{12742.00 0.00 0.00 0.00 25484.00 0}{25484.00 31552.00 31738.03 31945.00 38226.00 96}{38226.00 0.00 0.00 0.00 50968.00 0}{50968.00 0.00 0.00 0.00 63710.00 0}
COMM 4b-0: 47d9ed_47dc71_47dd45_47ddfe_457ea8 (4 3.60 0 3.00 1 4.00){0.00 0.00 0.00 0.00 1.20 0}{1.20 0.00 0.00 0.00 2.40 0}{2.40 3.00 3.00 3.00 3.60 1}{3.60 4.00 4.00 4.00 4.80 3}{4.80 0.00 0.00 0.00 6.00 0}
COMM 4b-1: 47d9ed_47dc71_47dd45_47ddfe_458469 (96 4.05 3 3.00 2 8.00){0.00 0.00 0.00 0.00 1.60 0}{1.60 3.00 3.00 3.00 3.20 5}{3.20 4.00 4.00 4.00 4.80 84}{4.80 5.00 5.00 5.00 6.40 6}{6.40 8.00 8.00 8.00 8.00 1}
LOOP0: iter: ( 25 )[ 1 -1 0 4 1 ] mem: ( 12 )[ 1 -1 0 4 1 ]
10 2 
12 37500 
14 16 
1b 0 
2b ( 1 )[ 1 -1 0 2 2 ]
2b ( 3 )[ 1 -1 1 2 2 ]

RANKS: 1 -1 0 4 1
EVENT5: 1113 474a92_474e12_474f4b_47503f_45805c
COMP 4c-0: 46c95e_46cd33_46ce9e_46cfbf_45800a (100 16.00 0 16.00 0 16.00){0.00 0.00 0.00 0.00 6.40 0}{6.40 0.00 0.00 0.00 12.80 0}{12.80 16.00 16.00 16.00 19.20 100}{19.20 0.00 0.00 0.00 25.60 0}{25.60 0.00 0.00 0.00 32.00 0}
COMM 4b-0: 46c95e_46cd33_46ce9e_46cfbf_45800a (100 271.86 0 180.00 1 825.00){0.00 180.00 185.85 190.00 199.60 33}{199.60 208.00 245.54 383.00 399.20 50}{399.20 406.00 468.53 537.00 598.80 15}{598.80 696.00 696.00 696.00 798.40 1}{798.40 825.00 825.00 825.00 998.00 1}
10 2 
12 37500 
14 16 
1a ( 1 )[ 1 -1 0 2 2 ]
1a ( 3 )[ 1 -1 1 2 2 ]
1b 0 

RANKS: 1 -1 0 4 1
EVENT6: 1148 47d9ed_47dc71_47dd45_47ddfe_458071
COMP 4c-0: 474a92_474e12_474f4b_47503f_45805c (100 16.00 0 16.00 0 16.00){0.00 0.00 0.00 0.00 6.40 0}{6.40 0.00 0.00 0.00 12.80 0}{12.80 16.00 16.00 16.00 19.20 100}{19.20 0.00 0.00 0.00 25.60 0}{25.60 0.00 0.00 0.00 32.00 0}
COMM 4b-0: 474a92_474e12_474f4b_47503f_45805c (100 3.04 0 2.00 3 10.00){0.00 0.00 0.00 0.00 1.20 0}{1.20 2.00 2.06 3.00 3.60 69}{3.60 4.00 4.85 6.00 6.00 26}{6.00 6.33 6.50 7.00 8.00 4}{8.00 10.00 10.00 10.00 12.00 1}
1c 9999 

RANKS: 1 -1 0 4 1
EVENT7: 1090 46c95e_46cd33_46ce9e_46cfbf_458110
COMP 4c-0: 47d9ed_47dc71_47dd45_47ddfe_458071 (100 316.20 0 316.00 1 317.00){0.00 0.00 0.00 0.00 126.40 0}{126.40 0.00 0.00 0.00 252.80 0}{252.80 316.00 316.20 317.00 379.20 100}{379.20 0.00 0.00 0.00 505.60 0}{505.60 0.00 0.00 0.00 632.00 0}
COMM 4b-0: 47d9ed_47dc71_47dd45_47ddfe_458071 (100 3.05 0 1.00 1 10.00){0.00 1.00 1.00 1.00 1.20 14}{1.20 2.00 2.00 2.00 2.40 20}{2.40 2.93 3.40 4.00 4.80 60}{4.80 6.00 6.00 6.00 6.00 1}{6.00 7.00 8.20 10.00 14.00 5}
10 2 
12 37500 
14 16 
1b 0 
2b ( 0 )[ 1 -1 0 2 3 ]
2b ( 1 )[ 1 -1 1 1 0 ]
2b ( 3 )[ 1 -1 2 1 0 ]

RANKS: 1 -1 0 4 1
EVENT8: 1113 474a92_474e12_474f4b_47503f_458145
COMP 4c-0: 46c95e_46cd33_46ce9e_46cfbf_458110 (100 16.00 0 16.00 0 16.00){0.00 0.00 0.00 0.00 6.40 0}{6.40 0.00 0.00 0.00 12.80 0}{12.80 16.00 16.00 16.00 19.20 100}{19.20 0.00 0.00 0.00 25.60 0}{25.60 0.00 0.00 0.00 32.00 0}
COMM 4b-0: 46c95e_46cd33_46ce9e_46cfbf_458110 (100 283.15 3 30.00 2 8110.00){0.00 30.00 33.38 43.00 43.20 24}{43.20 46.00 46.00 46.00 86.40 1}{86.40 108.00 114.55 172.00 216.00 49}{216.00 357.00 378.91 379.91 498.00 23}{498.00 684.00 4438.33 8110.00 8544.00 3}
10 2 
12 37500 
14 16 
1a ( 0 )[ 1 -1 0 2 3 ]
1a ( 1 )[ 1 -1 1 1 0 ]
1a ( 3 )[ 1 -1 2 1 0 ]
1b 0 

RANKS: 1 -1 0 4 1
EVENT9: 1148 47d9ed_47dc71_47dd45_47ddfe_45815a
COMP 4c-0: 474a92_474e12_474f4b_47503f_458145 (100 16.00 0 16.00 0 16.00){0.00 0.00 0.00 0.00 6.40 0}{6.40 0.00 0.00 0.00 12.80 0}{12.80 16.00 16.00 16.00 19.20 100}{19.20 0.00 0.00 0.00 25.60 0}{25.60 0.00 0.00 0.00 32.00 0}
COMM 4b-0: 474a92_474e12_474f4b_47503f_458145 (100 2.71 0 1.00 2 63.00){0.00 1.00 1.00 1.00 1.60 68}{1.60 2.00 2.00 2.00 2.00 8}{2.00 2.12 3.05 4.00 4.00 19}{4.00 5.00 5.00 5.00 6.00 3}{6.00 53.00 58.00 63.00 120.00 2}
1c 9999 

RANKS: 1 -1 0 4 1
EVENT10: 1090 46c95e_46cd33_46ce9e_46cfbf_458276
COMP 4c-0: 47d9ed_47dc71_47dd45_47ddfe_45815a (100 466.06 0 466.00 1 467.00){0.00 0.00 0.00 0.00 186.40 0}{186.40 0.00 0.00 0.00 372.80 0}{372.80 466.00 466.06 467.00 559.20 100}{559.20 0.00 0.00 0.00 745.60 0}{745.60 0.00 0.00 0.00 932.00 0}
COMM 4b-0: 47d9ed_47dc71_47dd45_47ddfe_45815a (100 2.34 0 1.00 1 5.00){0.00 0.00 0.00 0.00 0.80 0}{0.80 1.00 1.27 1.48 1.60 41}{1.60 2.00 2.00 2.00 2.00 12}{2.00 2.64 3.15 4.00 4.00 41}{4.00 5.00 5.00 5.00 6.00 6}
10 2 
12 1 
14 16 
1b 0 
2b ( 1 )[ 1 -1 0 2 2 ]
2b ( 3 )[ 1 -1 1 2 2 ]

RANKS: 1 -1 0 4 1
EVENT11: 1113 474a92_474e12_474f4b_47503f_4582ae
COMP 4c-0: 46c95e_46cd33_46ce9e_46cfbf_458276 (100 16.00 0 16.00 0 16.00){0.00 0.00 0.00 0.00 6.40 0}{6.40 0.00 0.00 0.00 12.80 0}{12.80 16.00 16.00 16.00 19.20 100}{19.20 0.00 0.00 0.00 25.60 0}{25.60 0.00 0.00 0.00 32.00 0}
COMM 4b-0: 46c95e_46cd33_46ce9e_46cfbf_458276 (100 4.01 0 3.00 0 10.00){0.00 0.00 0.00 0.00 1.60 0}{1.60 3.00 3.00 3.00 3.20 22}{3.20 4.00 4.03 6.00 6.40 72}{6.40 7.00 7.00 7.00 8.00 5}{8.00 10.00 10.00 10.00 12.00 1}
10 2 
12 1 
14 16 
1a ( 1 )[ 1 -1 0 2 2 ]
1a ( 3 )[ 1 -1 1 2 2 ]
1b 0 

RANKS: 1 -1 0 4 1
EVENT12: 1148 47d9ed_47dc71_47dd45_47ddfe_4582c3
COMP 4c-0: 474a92_474e12_474f4b_47503f_4582ae (100 16.00 0 16.00 0 16.00){0.00 0.00 0.00 0.00 6.40 0}{6.40 0.00 0.00 0.00 12.80 0}{12.80 16.00 16.00 16.00 19.20 100}{19.20 0.00 0.00 0.00 25.60 0}{25.60 0.00 0.00 0.00 32.00 0}
COMM 4b-0: 474a92_474e12_474f4b_47503f_4582ae (100 309.20 1 1.00 3 8072.00){0.00 1.00 146.83 605.00 1753.60 98}{1753.60 0.00 0.00 0.00 3507.20 0}{3507.20 4384.00 4384.00 4384.00 5260.80 1}{5260.80 0.00 0.00 0.00 7014.40 0}{7014.40 8072.00 8072.00 8072.00 8768.00 1}
1c 9999 

RANKS: 1 -1 0 4 1
EVENT13: 1090 46c95e_46cd33_46ce9e_46cfbf_45841c
COMP 4c-0: 47d9ed_47dc71_47dd45_47ddfe_4582c3 (100 804.00 0 804.00 0 804.00){0.00 0.00 0.00 0.00 321.60 0}{321.60 0.00 0.00 0.00 643.20 0}{643.20 804.00 804.00 804.00 964.80 100}{964.80 0.00 0.00 0.00 1286.40 0}{1286.40 0.00 0.00 0.00 1608.00 0}
COMM 4b-0: 47d9ed_47dc71_47dd45_47ddfe_4582c3 (100 1.78 0 1.00 0 5.00){0.00 0.00 0.00 0.00 0.80 0}{0.80 1.00 1.00 1.00 1.60 36}{1.60 2.00 2.00 2.00 2.40 52}{2.40 3.00 3.00 3.00 4.00 11}{4.00 5.00 5.00 5.00 6.00 1}
10 2 
12 1 
14 16 
1b 0 
2b ( 1 )[ 1 -1 0 2 2 ]
2b ( 3 )[ 1 -1 1 2 2 ]

RANKS: 1 -1 0 4 1
EVENT14: 1113 474a92_474e12_474f4b_47503f_458454
COMP 4c-0: 46c95e_46cd33_46ce9e_46cfbf_45841c (100 16.02 0 16.00 1 17.00){0.00 0.00 0.00 0.00 6.40 0}{6.40 0.00 0.00 0.00 12.80 0}{12.80 16.00 16.02 17.00 19.20 100}{19.20 0.00 0.00 0.00 25.60 0}{25.60 0.00 0.00 0.00 32.00 0}
COMM 4b-0: 46c95e_46cd33_46ce9e_46cfbf_45841c (100 3.45 0 3.00 0 7.00){0.00 0.00 0.00 0.00 1.20 0}{1.20 0.00 0.00 0.00 2.40 0}{2.40 3.00 3.03 4.00 4.80 86}{4.80 5.00 5.92 6.00 6.00 13}{6.00 7.00 7.00 7.00 8.00 1}
10 2 
12 1 
14 16 
1a ( 1 )[ 1 -1 0 2 2 ]
1a ( 3 )[ 1 -1 1 2 2 ]
1b 0 

RANKS: 1 -1 0 4 1
EVENT15: 1148 47d9ed_47dc71_47dd45_47ddfe_458469
COMP 4c-0: 474a92_474e12_474f4b_47503f_458454 (100 16.00 0 16.00 0 16.00){0.00 0.00 0.00 0.00 6.40 0}{6.40 0.00 0.00 0.00 12.80 0}{12.80 16.00 16.00 16.00 19.20 100}{19.20 0.00 0.00 0.00 25.60 0}{25.60 0.00 0.00 0.00 32.00 0}
COMM 4b-0: 474a92_474e12_474f4b_47503f_458454 (100 32.77 0 2.00 0 242.00){0.00 2.00 4.61 8.00 16.40 64}{16.40 18.00 22.25 28.00 32.80 4}{32.80 35.00 41.20 58.00 65.60 10}{65.60 67.00 73.25 79.67 82.00 8}{82.00 87.00 134.79 242.00 282.00 14}
1c 9999 

RANKS: 1 -1 0 4 1
EVENT16: 1090 46c95e_46cd33_46ce9e_46cfbf_45861a
COMP 4c-0: 47d9ed_47dc71_47dd45_47ddfe_458469 (4 31765.40 1 31569.00 1 31945.00){0.00 0.00 0.00 0.00 12748.80 0}{12748.80 0.00 0.00 0.00 25497.60 0}{25497.60 31569.00 31738.75 31945.00 38246.40 4}{38246.40 0.00 0.00 0.00 50995.20 0}{50995.20 0.00 0.00 0.00 63744.00 0}
COMM 4b-0: 47d9ed_47dc71_47dd45_47ddfe_458469 (4 4.20 0 4.00 3 5.00){0.00 0.00 0.00 0.00 1.60 0}{1.60 0.00 0.00 0.00 3.20 0}{3.20 4.00 4.00 4.00 4.80 3}{4.80 5.00 5.00 5.00 6.40 1}{6.40 0.00 0.00 0.00 8.00 0}
10 2 
12 37500 
14 16 
1b 0 
2b ( 1 )[ 1 -1 0 2 2 ]
2b ( 3 )[ 1 -1 1 2 2 ]

RANKS: 1 -1 0 4 1
EVENT17: 1113 474a92_474e12_474f4b_47503f_45866c
COMP 4c-0: 46c95e_46cd33_46ce9e_46cfbf_45861a (4 16.00 0 16.00 0 16.00){0.00 0.00 0.00 0.00 6.40 0}{6.40 0.00 0.00 0.00 12.80 0}{12.80 16.00 16.00 16.00 19.20 4}{19.20 0.00 0.00 0.00 25.60 0}{25.60 0.00 0.00 0.00 32.00 0}
COMM 4b-0: 46c95e_46cd33_46ce9e_46cfbf_45861a (4 359.60 3 258.00 2 527.00){0.00 0.00 0.00 0.00 142.80 0}{142.80 258.00 258.00 258.00 285.60 1}{285.60 299.00 328.00 357.00 428.40 2}{428.40 527.00 527.00 527.00 571.20 1}{571.20 0.00 0.00 0.00 714.00 0}
10 2 
12 37500 
14 16 
1a ( 1 )[ 1 -1 0 2 2 ]
1a ( 3 )[ 1 -1 1 2 2 ]
1b 0 

RANKS: 1 -1 0 4 1
EVENT18: 1148 47d9ed_47dc71_47dd45_47ddfe_458681
COMP 4c-0: 474a92_474e12_474f4b_47503f_45866c (4 16.60 1 16.00 0 17.00){0.00 0.00 0.00 0.00 6.80 0}{6.80 0.00 0.00 0.00 13.60 0}{13.60 16.00 16.50 17.00 20.40 4}{20.40 0.00 0.00 0.00 27.20 0}{27.20 0.00 0.00 0.00 34.00 0}
COMM 4b-0: 474a92_474e12_474f4b_47503f_45866c (4 4.20 0 2.00 3 9.00){0.00 0.00 0.00 0.00 0.80 0}{0.80 0.00 0.00 0.00 1.60 0}{1.60 2.00 2.00 2.00 4.00 2}{4.00 6.00 6.00 6.00 8.00 1}{8.00 9.00 9.00 9.00 10.00 1}
1c 9999 

RANKS: 1 -1 0 4 1
EVENT19: 1090 46c95e_46cd33_46ce9e_46cfbf_458722
COMP 4c-0: 47d9ed_47dc71_47dd45_47ddfe_458681 (4 316.00 0 316.00 0 316.00){0.00 0.00 0.00 0.00 126.40 0}{126.40 0.00 0.00 0.00 252.80 0}{252.80 316.00 316.00 316.00 379.20 4}{379.20 0.00 0.00 0.00 505.60 0}{505.60 0.00 0.00 0.00 632.00 0}
COMM 4b-0: 47d9ed_47dc71_47dd45_47ddfe_458681 (4 2.60 0 2.00 2 4.00){0.00 0.00 0.00 0.00 0.80 0}{0.80 0.00 0.00 0.00 1.60 0}{1.60 2.00 2.00 2.00 2.40 2}{2.40 3.00 3.00 3.00 3.20 1}{3.20 4.00 4.00 4.00 4.00 1}
10 2 
12 37500 
14 16 
1b 0 
2b ( 0 )[ 1 -1 0 2 3 ]
2b ( 1 )[ 1 -1 1 1 0 ]
2b ( 3 )[ 1 -1 2 1 0 ]

RANKS: 1 -1 0 4 1
EVENT20: 1113 474a92_474e12_474f4b_47503f_458757
COMP 4c-0: 46c95e_46cd33_46ce9e_46cfbf_458722 (4 16.00 0 16.00 0 16.00){0.00 0.00 0.00 0.00 6.40 0}{6.40 0.00 0.00 0.00 12.80 0}{12.80 16.00 16.00 16.00 19.20 4}{19.20 0.00 0.00 0.00 25.60 0}{25.60 0.00 0.00 0.00 32.00 0}
COMM 4b-0: 46c95e_46cd33_46ce9e_46cfbf_458722 (4 117.80 3 31.00 2 322.00){0.00 0.00 0.00 0.00 13.20 0}{13.20 0.00 0.00 0.00 26.40 0}{26.40 31.00 32.00 33.00 66.00 2}{66.00 170.00 170.00 170.00 274.00 1}{274.00 322.00 322.00 322.00 370.00 1}
10 2 
12 37500 
14 16 
1a ( 0 )[ 1 -1 0 2 3 ]
1a ( 1 )[ 1 -1 1 1 0 ]
1a ( 3 )[ 1 -1 2 1 0 ]
1b 0 

RANKS: 1 -1 0 4 1
EVENT21: 1148 47d9ed_47dc71_47dd45_47ddfe_45876c
COMP 4c-0: 474a92_474e12_474f4b_47503f_458757 (4 16.00 0 16.00 0 16.00){0.00 0.00 0.00 0.00 6.40 0}{6.40 0.00 0.00 0.00 12.80 0}{12.80 16.00 16.00 16.00 19.20 4}{19.20 0.00 0.00 0.00 25.60 0}{25.60 0.00 0.00 0.00 32.00 0}
COMM 4b-0: 474a92_474e12_474f4b_47503f_458757 (4 1.20 0 1.00 2 2.00){0.00 0.00 0.00 0.00 0.40 0}{0.40 0.00 0.00 0.00 0.80 0}{0.80 1.00 1.00 1.00 1.20 3}{1.20 0.00 0.00 0.00 1.60 0}{1.60 2.00 2.00 2.00 2.00 1}
1c 9999 

RANKS: 1 -1 0 4 1
EVENT22: 1090 46c95e_46cd33_46ce9e_46cfbf
COMP 4c-0: 47d9ed_47dc71_47dd45_47ddfe (4 465.00 0 465.00 0 465.00){0.00 0.00 0.00 0.00 186.00 0}{186.00 0.00 0.00 0.00 372.00 0}{372.00 465.00 465.00 465.00 558.00 4}{558.00 0.00 0.00 0.00 744.00 0}{744.00 0.00 0.00 0.00 930.00 0}
COMP 4c-1: 47d9ed_47dc71_47dd45_47ddfe_45876c (4 352.00 0 352.00 0 352.00){0.00 0.00 0.00 0.00 140.80 0}{140.80 0.00 0.00 0.00 281.60 0}{281.60 352.00 352.00 352.00 422.40 4}{422.40 0.00 0.00 0.00 563.20 0}{563.20 0.00 0.00 0.00 704.00 0}
COMM 4b-0: 47d9ed_47dc71_47dd45_47ddfe (4 1.60 0 1.00 1 2.00){0.00 0.00 0.00 0.00 0.40 0}{0.40 0.00 0.00 0.00 0.80 0}{0.80 1.00 1.00 1.00 1.20 1}{1.20 0.00 0.00 0.00 1.60 0}{1.60 2.00 2.00 2.00 2.00 3}
COMM 4b-1: 47d9ed_47dc71_47dd45_47ddfe_45876c (4 2.20 0 1.00 3 4.00){0.00 0.00 0.00 0.00 0.40 0}{0.40 0.00 0.00 0.00 0.80 0}{0.80 1.00 1.00 1.00 1.60 2}{1.60 0.00 0.00 0.00 2.00 0}{2.00 4.00 4.00 4.00 6.00 2}
LOOP0: iter: ( 2 )[ 1 -1 0 4 1 ] mem: ( 3 )[ 1 -1 0 4 1 ]
10 2 
12 1 2 
14 16 
1b 0 
2b ( 1 )[ 1 -1 0 2 2 ]
2b ( 3 )[ 1 -1 1 2 2 ]

RANKS: 1 -1 0 4 1
EVENT23: 1113 474a92_474e12_474f4b_47503f
COMP 4c-0: 46c95e_46cd33_46ce9e_46cfbf (8 14.67 0 14.00 0 15.00){0.00 0.00 0.00 0.00 6.00 0}{6.00 0.00 0.00 0.00 12.00 0}{12.00 14.00 14.62 15.00 18.00 8}{18.00 0.00 0.00 0.00 24.00 0}{24.00 0.00 0.00 0.00 30.00 0}
COMM 4b-0: 46c95e_46cd33_46ce9e_46cfbf (8 3.78 0 3.00 3 7.00){0.00 0.00 0.00 0.00 1.20 0}{1.20 0.00 0.00 0.00 2.40 0}{2.40 3.00 3.00 3.00 3.60 4}{3.60 4.00 4.00 4.00 6.00 3}{6.00 7.00 7.00 7.00 8.00 1}
10 2 
12 1 2 
14 16 
1a ( 1 )[ 1 -1 0 2 2 ]
1a ( 3 )[ 1 -1 1 2 2 ]
1b 0 

RANKS: 1 -1 0 4 1
EVENT24: 1148 47d9ed_47dc71_47dd45_47ddfe
COMP 4c-0: 474a92_474e12_474f4b_47503f (8 14.56 0 14.00 0 15.00){0.00 0.00 0.00 0.00 6.00 0}{6.00 0.00 0.00 0.00 12.00 0}{12.00 14.00 14.50 15.00 18.00 8}{18.00 0.00 0.00 0.00 24.00 0}{24.00 0.00 0.00 0.00 30.00 0}
COMM 4b-0: 474a92_474e12_474f4b_47503f (8 92.78 0 2.00 3 295.00){0.00 2.00 13.00 60.00 92.40 6}{92.40 0.00 0.00 0.00 184.80 0}{184.80 231.00 231.00 231.00 277.20 1}{277.20 295.00 295.00 295.00 369.60 1}{369.60 0.00 0.00 0.00 462.00 0}
1c 9999 

RANKS: 1 -1 0 4 1
EVENT25: 1010 45f858_45fa8d_45fb31_45fbad
COMP 4c-0: 47d9ed_47dc71_47dd45_47ddfe (4 581.00 0 581.00 0 581.00){0.00 0.00 0.00 0.00 232.40 0}{232.40 0.00 0.00 0.00 464.80 0}{464.80 581.00 581.00 581.00 697.20 4}{697.20 0.00 0.00 0.00 929.60 0}{929.60 0.00 0.00 0.00 1162.00 0}
COMM 4b-0: 47d9ed_47dc71_47dd45_47ddfe (4 224.80 2 17.00 0 366.00){0.00 17.00 73.50 130.00 146.40 2}{146.40 245.00 245.00 245.00 292.80 1}{292.80 366.00 366.00 366.00 439.20 1}{439.20 0.00 0.00 0.00 585.60 0}{585.60 0.00 0.00 0.00 732.00 0}
10 2 

RANKS: 1 -1 0 4 1
EVENT26: 1090 46c95e_46cd33_46ce9e_46cfbf_457e56
COMP 4c-0: 45f858_45fa8d_45fb31_45fbad (4 696.00 0 696.00 0 696.00){0.00 0.00 0.00 0.00 278.40 0}{278.40 0.00 0.00 0.00 556.80 0}{556.80 696.00 696.00 696.00 835.20 4}{835.20 0.00 0.00 0.00 1113.60 0}{1113.60 0.00 0.00 0.00 1392.00 0}
COMP 4c-1: 47d9ed_47dc71_47dd45_47ddfe (296 1076.32 1 1033.00 0 1094.00){0.00 0.00 0.00 0.00 424.00 0}{424.00 0.00 0.00 0.00 848.00 0}{848.00 1033.00 1076.38 1094.00 1272.00 296}{1272.00 0.00 0.00 0.00 1696.00 0}{1696.00 0.00 0.00 0.00 2120.00 0}
COMM 4b-0: 45f858_45fa8d_45fb31_45fbad (4 2.40 1 2.00 0 3.00){0.00 0.00 0.00 0.00 1.20 0}{1.20 2.00 2.00 2.00 2.40 3}{2.40 3.00 3.00 3.00 3.60 1}{3.60 0.00 0.00 0.00 4.80 0}{4.80 0.00 0.00 0.00 6.00 0}
COMM 4b-1: 47d9ed_47dc71_47dd45_47ddfe (296 1.88 0 1.00 0 4.00){0.00 0.00 0.00 0.00 0.80 0}{0.80 1.00 1.00 1.00 1.60 64}{1.60 2.00 2.00 2.00 2.40 213}{2.40 3.00 3.00 3.00 3.20 11}{3.20 4.00 4.00 4.00 4.00 8}
LOOP0: iter: ( 75 )[ 1 -1 0 4 1 ] mem: ( 24 )[ 1 -1 0 4 1 ]
10 2 
12 1 
14 16 
1b 0 
2b ( 1 )[ 1 -1 0 2 2 ]
2b ( 3 )[ 1 -1 1 2 2 ]

RANKS: 1 -1 0 4 1
EVENT27: 1113 474a92_474e12_474f4b_47503f_457e8e
COMP 4c-0: 46c95e_46cd33_46ce9e_46cfbf_457e56 (300 16.11 0 16.00 0 17.00){0.00 0.00 0.00 0.00 6.40 0}{6.40 0.00 0.00 0.00 12.80 0}{12.80 16.00 16.11 17.00 19.20 300}{19.20 0.00 0.00 0.00 25.60 0}{25.60 0.00 0.00 0.00 32.00 0}
COMM 4b-0: 46c95e_46cd33_46ce9e_46cfbf_457e56 (300 3.93 0 3.00 0 13.00){0.00 0.00 0.00 0.00 1.20 0}{1.20 0.00 0.00 0.00 2.40 0}{2.40 3.00 3.03 3.08 3.60 197}{3.60 4.00 4.06 6.00 6.00 33}{6.00 6.32 6.43 13.00 20.00 70}
10 2 
12 1 
14 16 
1a ( 1 )[ 1 -1 0 2 2 ]
1a ( 3 )[ 1 -1 1 2 2 ]
1b 0 

RANKS: 1 -1 0 4 1
EVENT28: 1148 47d9ed_47dc71_47dd45_47ddfe_457ea8
COMP 4c-0: 474a92_474e12_474f4b_47503f_457e8e (300 16.09 0 16.00 0 17.00){0.00 0.00 0.00 0.00 6.40 0}{6.40 0.00 0.00 0.00 12.80 0}{12.80 16.00 16.09 17.00 19.20 300}{19.20 0.00 0.00 0.00 25.60 0}{25.60 0.00 0.00 0.00 32.00 0}
COMM 4b-0: 474a92_474e12_474f4b_47503f_457e8e (300 10.30 0 2.00 0 112.00){0.00 0.00 0.00 0.00 1.60 0}{1.60 2.00 2.99 3.09 3.20 229}{3.20 4.00 4.00 4.00 4.00 4}{4.00 5.00 13.48 40.00 42.00 23}{42.00 44.40 47.48 112.00 182.00 44}
1c 9999 

RANKS: 1 -1 0 4 1
EVENT29: 1090 46c95e_46cd33_46ce9e_46cfbf_45800a
COMP 4c-0: 47d9ed_47dc71_47dd45_47ddfe_457ea8 (300 31385.04 1 31214.00 1 31591.00){0.00 0.00 0.00 0.00 12607.20 0}{12607.20 0.00 0.00 0.00 25214.40 0}{25214.40 31214.00 31384.60 31591.00 37821.60 300}{37821.60 0.00 0.00 0.00 50428.80 0}{50428.80 0.00 0.00 0.00 63036.00 0}
COMP 4c-1: 47d9ed_47dc71_47dd45_47ddfe_458469 (7200 31738.26 1 31552.00 1 31945.00){0.00 0.00 0.00 0.00 12742.00 0}{12742.00 0.00 0.00 0.00 25484.00 0}{25484.00 31552.00 31738.25 31945.00 38226.00 7200}{38226.00 0.00 0.00 0.00 50968.00 0}{50968.00 0.00 0.00 0.00 63710.00 0}
COMM 4b-0: 47d9ed_47dc71_47dd45_47ddfe_457ea8 (300 4.23 0 3.00 0 13.00){0.00 0.00 0.00 0.00 1.60 0}{1.60 3.00 3.00 3.00 3.20 6}{3.20 4.00 4.00 4.00 4.80 247}{4.80 5.00 5.25 8.00 8.00 44}{8.00 9.00 10.33 13.00 18.00 3}
COMM 4b-1: 47d9ed_47dc71_47dd45_47ddfe_458469 (7200 4.15 0 3.00 3 98.00){0.00 0.00 0.00 0.00 1.60 0}{1.60 3.00 4.12 10.00 10.00 7191}{10.00 13.00 15.71 17.00 22.00 7}{22.00 26.00 26.00 26.00 30.00 1}{30.00 98.00 98.00 98.00 166.00 1}
LOOP0: iter: ( 25 )[ 1 -1 0 4 1 ] mem: ( 12 )[ 1 -1 0 4 1 ]
10 2 
12 37500 
14 16 
1b 0 
2b ( 1 )[ 1 -1 0 2 2 ]
2b ( 3 )[ 1 -1 1 2 2 ]

RANKS: 1 -1 0 4 1
EVENT30: 1113 474a92_474e12_474f4b_47503f_45805c
COMP 4c-0: 46c95e_46cd33_46ce9e_46cfbf_45800a (7500 16.17 0 16.00 0 17.00){0.00 0.00 0.00 0.00 6.40 0}{6.40 0.00 0.00 0.00 12.80 0}{12.80 16.00 16.17 17.00 19.20 7500}{19.20 0.00 0.00 0.00 25.60 0}{25.60 0.00 0.00 0.00 32.00 0}
COMM 4b-0: 46c95e_46cd33_46ce9e_46cfbf_45800a (7500 289.12 0 179.00 1 1055.00){0.00 0.00 0.00 0.00 148.80 0}{148.80 179.00 226.20 370.00 372.00 5901}{372.00 373.00 488.00 639.00 642.00 1338}{642.00 650.00 689.94 872.79 906.00 259}{906.00 975.00 1015.00 1055.00 1066.00 2}
10 2 
12 37500 
14 16 
1a ( 1 )[ 1 -1 0 2 2 ]
1a ( 3 )[ 1 -1 1 2 2 ]
1b 0 

RANKS: 1 -1 0 4 1
EVENT31: 1148 47d9ed_47dc71_47dd45_47ddfe_458071
COMP 4c-0: 474a92_474e12_474f4b_47503f_45805c (7500 16.05 0 16.00 0 17.00){0.00 0.00 0.00 0.00 6.40 0}{6.40 0.00 0.00 0.00 12.80 0}{12.80 16.00 16.05 17.00 19.20 7500}{19.20 0.00 0.00 0.00 25.60 0}{25.60 0.00 0.00 0.00 32.00 0}
COMM 4b-0: 474a92_474e12_474f4b_47503f_45805c (7500 3.38 0 1.00 0 16.00){0.00 1.00 2.25 3.00 3.20 4952}{3.20 4.00 5.37 6.09 6.40 2388}{6.40 7.89 8.15 9.00 9.60 138}{9.60 10.00 10.29 12.00 12.80 17}{12.80 13.00 14.60 16.00 16.00 5}
1c 9999 

RANKS: 1 -1 0 4 1
EVENT32: 1090 46c95e_46cd33_46ce9e_46cfbf_458110
COMP 4c-0: 47d9ed_47dc71_47dd45_47ddfe_458071 (7500 316.20 0 316.00 1 317.00){0.00 0.00 0.00 0.00 126.40 0}{126.40 0.00 0.00 0.00 252.80 0}{252.80 316.00 316.20 317.00 379.20 7500}{379.20 0.00 0.00 0.00 505.60 0}{505.60 0.00 0.00 0.00 632.00 0}
COMM 4b-0: 47d9ed_47dc71_47dd45_47ddfe_458071 (7500 2.57 0 1.00 0 21.00){0.00 1.00 1.71 2.37 2.40 3405}{2.40 2.88 3.04 4.00 4.80 3859}{4.80 5.00 6.77 9.00 9.60 212}{9.60 10.00 11.45 11.58 12.00 22}{12.00 21.00 21.00 21.00 30.00 2}
10 2 
12 37500 
14 16 
1b 0 
2b ( 0 )[ 1 -1 0 2 3 ]
2b ( 1 )[ 1 -1 1 1 0 ]
2b ( 3 )[ 1 -1 2 1 0 ]

RANKS: 1 -1 0 4 1
EVENT33: 1113 474a92_474e12_474f4b_47503f_458145
COMP 4c-0: 46c95e_46cd33_46ce9e_46cfbf_458110 (7500 16.07 0 16.00 0 17.00){0.00 0.00 0.00 0.00 6.40 0}{6.40 0.00 0.00 0.00 12.80 0}{12.80 16.00 16.07 17.00 19.20 7500}{19.20 0.00 0.00 0.00 25.60 0}{25.60 0.00 0.00 0.00 32.00 0}
COMM 4b-0: 46c95e_46cd33_46ce9e_46cfbf_458110 (7500 160.01 0 30.00 2 1072.00){0.00 30.00 33.26 96.00 98.00 3749}{98.00 141.00 153.50 166.00 184.00 2}{184.00 215.23 282.33 528.83 560.00 3719}{560.00 666.00 832.24 850.88 854.00 29}{854.00 1072.00 1072.00 1072.00 1290.00 1}
10 2 
12 37500 
14 16 
1a ( 0 )[ 1 -1 0 2 3 ]
1a ( 1 )[ 1 -1 1 1 0 ]
1a ( 3 )[ 1 -1 2 1 0 ]
1b 0 

RANKS: 1 -1 0 4 1
EVENT34: 1148 47d9ed_47dc71_47dd45_47ddfe_45815a
COMP 4c-0: 474a92_474e12_474f4b_47503f_458145 (7500 16.02 0 16.00 0 17.00){0.00 0.00 0.00 0.00 6.40 0}{6.40 0.00 0.00 0.00 12.80 0}{12.80 16.00 16.02 17.00 19.20 7500}{19.20 0.00 0.00 0.00 25.60 0}{25.60 0.00 0.00 0.00 32.00 0}
COMM 4b-0: 474a92_474e12_474f4b_47503f_458145 (7500 1.82 0 1.00 2 83.00){0.00 1.00 1.32 2.00 2.00 6538}{2.00 2.20 4.21 6.00 6.00 933}{6.00 7.00 7.50 8.00 8.00 2}{8.00 9.00 12.00 18.00 18.00 5}{18.00 22.00 48.32 83.00 148.00 22}
1c 9999 

RANKS: 1 -1 0 4 1
EVENT35: 1090 46c95e_46cd33_46ce9e_46cfbf_458276
COMP 4c-0: 47d9ed_47dc71_47dd45_47ddfe_45815a (7500 466.25 0 466.00 0 467.00){0.00 0.00 0.00 0.00 186.40 0}{186.40 0.00 0.00 0.00 372.80 0}{372.80 466.00 466.25 467.00 559.20 7500}{559.20 0.00 0.00 0.00 745.60 0}{745.60 0.00 0.00 0.00 932.00 0}
COMM 4b-0: 47d9ed_47dc71_47dd45_47ddfe_45815a (7500 2.21 0 1.00 2 18.00){0.00 0.00 0.00 0.00 0.80 0}{0.80 1.00 1.49 2.00 2.00 4291}{2.00 2.07 3.15 6.00 6.00 3198}{6.00 7.00 7.44 8.00 8.00 9}{8.00 17.00 17.50 18.00 26.00 2}
10 2 
12 1 
14 16 
1b 0 
2b ( 1 )[ 1 -1 0 2 2 ]
2b ( 3 )[ 1 -1 1 2 2 ]

RANKS: 1 -1 0 4 1
EVENT36: 1113 474a92_474e12_474f4b_47503f_4582ae
COMP 4c-0: 46c95e_46cd33_46ce9e_46cfbf_458276 (7500 16.05 0 16.00 0 17.00){0.00 0.00 0.00 0.00 6.40 0}{6.40 0.00 0.00 0.00 12.80 0}{12.80 16.00 16.05 17.00 19.20 7500}{19.20 0.00 0.00 0.00 25.60 0}{25.60 0.00 0.00 0.00 32.00 0}
COMM 4b-0: 46c95e_46cd33_46ce9e_46cfbf_458276 (7500 4.11 0 3.00 0 65.00){0.00 0.00 0.00 0.00 2.40 0}{2.40 3.00 3.73 6.00 6.00 6654}{6.00 6.77 6.92 12.00 12.00 839}{12.00 13.00 13.25 14.00 14.00 4}{14.00 23.00 44.33 65.00 116.00 3}
10 2 
12 1 
14 16 
1a ( 1 )[ 1 -1 0 2 2 ]
1a ( 3 )[ 1 -1 1 2 2 ]
1b 0 

RANKS: 1 -1 0 4 1
EVENT37: 1148 47d9ed_47dc71_47dd45_47ddfe_4582c3
COMP 4c-0: 474a92_474e12_474f4b_47503f_4582ae (7500 16.03 0 16.00 0 17.00){0.00 0.00 0.00 0.00 6.40 0}{6.40 0.00 0.00 0.00 12.80 0}{12.80 16.00 16.03 17.00 19.20 7500}{19.20 0.00 0.00 0.00 25.60 0}{25.60 0.00 0.00 0.00 32.00 0}
COMM 4b-0: 474a92_474e12_474f4b_47503f_4582ae (7500 126.55 1 1.00 3 862.00){0.00 1.00 40.84 182.00 182.00 5438}{182.00 183.00 283.02 363.75 364.00 1090}{364.00 364.33 420.41 541.00 546.00 930}{546.00 548.00 619.17 726.00 728.00 35}{728.00 737.00 793.14 862.00 910.00 7}
1c 9999 

RANKS: 1 -1 0 4 1
EVENT38: 1090 46c95e_46cd33_46ce9e_46cfbf_45841c
COMP 4c-0: 47d9ed_47dc71_47dd45_47ddfe_4582c3 (7500 804.00 0 804.00 1 805.00){0.00 0.00 0.00 0.00 321.60 0}{321.60 0.00 0.00 0.00 643.20 0}{643.20 804.00 804.00 805.00 964.80 7500}{964.80 0.00 0.00 0.00 1286.40 0}{1286.40 0.00 0.00 0.00 1608.00 0}
COMM 4b-0: 47d9ed_47dc71_47dd45_47ddfe_4582c3 (7500 1.81 0 1.00 0 49.00){0.00 1.00 1.00 1.55 1.60 2793}{1.60 2.00 2.13 2.33 2.40 4197}{2.40 3.00 3.24 4.00 4.00 481}{4.00 5.00 5.59 7.00 8.00 22}{8.00 8.33 15.43 49.00 90.00 7}
10 2 
12 1 
14 16 
1b 0 
2b ( 1 )[ 1 -1 0 2 2 ]
2b ( 3 )[ 1 -1 1 2 2 ]

RANKS: 1 -1 0 4 1
EVENT39: 1113 474a92_474e12_474f4b_47503f_458454
COMP 4c-0: 46c95e_46cd33_46ce9e_46cfbf_45841c (7500 16.06 0 16.00 0 17.00){0.00 0.00 0.00 0.00 6.40 0}{6.40 0.00 0.00 0.00 12.80 0}{12.80 16.00 16.06 17.00 19.20 7500}{19.20 0.00 0.00 0.00 25.60 0}{25.60 0.00 0.00 0.00 32.00 0}
COMM 4b-0: 46c95e_46cd33_46ce9e_46cfbf_45841c (7500 3.73 0 2.00 3 89.00){0.00 0.00 0.00 0.00 1.60 0}{1.60 2.00 3.08 4.67 4.80 5944}{4.80 5.00 6.09 8.00 8.00 1546}{8.00 8.50 9.71 12.00 12.00 7}{12.00 22.00 64.67 89.00 166.00 3}
10 2 
12 1 
14 16 
1a ( 1 )[ 1 -1 0 2 2 ]
1a ( 3 )[ 1 -1 1 2 2 ]
1b 0 

RANKS: 1 -1 0 4 1
EVENT40: 1148 47d9ed_47dc71_47dd45_47ddfe_458469
COMP 4c-0: 474a92_474e12_474f4b_47503f_458454 (7500 16.01 0 16.00 0 17.00){0.00 0.00 0.00 0.00 6.40 0}{6.40 0.00 0.00 0.00 12.80 0}{12.80 16.00 16.01 17.00 19.20 7500}{19.20 0.00 0.00 0.00 25.60 0}{25.60 0.00 0.00 0.00 32.00 0}
COMM 4b-0: 474a92_474e12_474f4b_47503f_458454 (7500 29.90 0 2.00 0 269.00){0.00 2.00 5.31 47.00 47.20 5130}{47.20 47.25 68.02 94.00 94.40 1821}{94.40 95.00 117.09 150.00 150.00 399}{150.00 151.00 167.83 206.00 206.00 130}{206.00 208.00 230.00 269.00 282.00 20}
1c 9999 

RANKS: 1 -1 0 4 1
EVENT41: 1090 46c95e_46cd33_46ce9e_46cfbf_45861a
COMP 4c-0: 47d9ed_47dc71_47dd45_47ddfe_458469 (300 31739.42 1 31569.00 1 31945.00){0.00 0.00 0.00 0.00 12748.80 0}{12748.80 0.00 0.00 0.00 25497.60 0}{25497.60 31569.00 31738.98 31945.00 38246.40 300}{38246.40 0.00 0.00 0.00 50995.20 0}{50995.20 0.00 0.00 0.00 63744.00 0}
COMM 4b-0: 47d9ed_47dc71_47dd45_47ddfe_458469 (300 4.12 1 3.00 1 9.00){0.00 0.00 0.00 0.00 1.60 0}{1.60 3.00 3.96 4.00 4.80 263}{4.80 5.00 5.06 6.00 6.40 35}{6.40 8.00 8.00 8.00 8.00 1}{8.00 9.00 9.00 9.00 10.00 1}
10 2 
12 37500 
14 16 
1b 0 
2b ( 1 )[ 1 -1 0 2 2 ]
2b ( 3 )[ 1 -1 1 2 2 ]

RANKS: 1 -1 0 4 1
EVENT42: 1113 474a92_474e12_474f4b_47503f_45866c
COMP 4c-0: 46c95e_46cd33_46ce9e_46cfbf_45861a (300 16.18 0 16.00 0 17.00){0.00 0.00 0.00 0.00 6.40 0}{6.40 0.00 0.00 0.00 12.80 0}{12.80 16.00 16.18 17.00 19.20 300}{19.20 0.00 0.00 0.00 25.60 0}{25.60 0.00 0.00 0.00 32.00 0}
COMM 4b-0: 46c95e_46cd33_46ce9e_46cfbf_45861a (300 285.59 3 179.00 3 842.00){0.00 0.00 0.00 0.00 144.00 0}{144.00 179.00 186.52 216.00 216.00 176}{216.00 232.00 252.50 273.00 288.00 2}{288.00 290.00 330.78 354.00 360.00 60}{360.00 368.00 525.89 842.00 938.00 62}
10 2 
12 37500 
14 16 
1a ( 1 )[ 1 -1 0 2 2 ]
1a ( 3 )[ 1 -1 1 2 2 ]
1b 0 

RANKS: 1 -1 0 4 1
EVENT43: 1148 47d9ed_47dc71_47dd45_47ddfe_458681
COMP 4c-0: 474a92_474e12_474f4b_47503f_45866c (300 16.05 0 16.00 1 17.00){0.00 0.00 0.00 0.00 6.40 0}{6.40 0.00 0.00 0.00 12.80 0}{12.80 16.00 16.05 17.00 19.20 300}{19.20 0.00 0.00 0.00 25.60 0}{25.60 0.00 0.00 0.00 32.00 0}
COMM 4b-0: 474a92_474e12_474f4b_47503f_45866c (300 3.46 0 1.00 0 9.00){0.00 1.00 2.30 3.00 3.60 197}{3.60 4.00 5.27 7.00 7.20 92}{7.20 8.00 8.45 9.00 10.80 11}{10.80 0.00 0.00 0.00 14.40 0}{14.40 0.00 0.00 0.00 18.00 0}
1c 9999 

RANKS: 1 -1 0 4 1
EVENT44: 1090 46c95e_46cd33_46ce9e_46cfbf_458722
COMP 4c-0: 47d9ed_47dc71_47dd45_47ddfe_458681 (300 316.20 0 316.00 0 317.00){0.00 0.00 0.00 0.00 126.40 0}{126.40 0.00 0.00 0.00 252.80 0}{252.80 316.00 316.20 317.00 379.20 300}{379.20 0.00 0.00 0.00 505.60 0}{505.60 0.00 0.00 0.00 632.00 0}
COMM 4b-0: 47d9ed_47dc71_47dd45_47ddfe_458681 (300 2.47 0 1.00 1 9.00){0.00 0.00 0.00 0.00 0.80 0}{0.80 1.00 1.00 1.00 1.60 35}{1.60 2.00 2.29 3.00 3.20 217}{3.20 4.00 4.00 4.00 4.00 22}{4.00 4.38 4.65 9.00 10.00 26}
10 2 
12 37500 
14 16 
1b 0 
2b ( 0 )[ 1 -1 0 2 3 ]
2b ( 1 )[ 1 -1 1 1 0 ]
2b ( 3 )[ 1 -1 2 1 0 ]

RANKS: 1 -1 0 4 1
EVENT45: 1113 474a92_474e12_474f4b_47503f_458757
COMP 4c-0: 46c95e_46cd33_46ce9e_46cfbf_458722 (300 16.06 0 16.00 0 17.00){0.00 0.00 0.00 0.00 6.40 0}{6.40 0.00 0.00 0.00 12.80 0}{12.80 16.00 16.06 17.00 19.20 300}{19.20 0.00 0.00 0.00 25.60 0}{25.60 0.00 0.00 0.00 32.00 0}
COMM 4b-0: 46c95e_46cd33_46ce9e_46cfbf_458722 (300 158.32 0 30.00 1 627.00){0.00 30.00 32.99 58.00 66.00 150}{66.00 167.00 185.19 250.00 268.00 78}{268.00 289.92 340.11 423.50 434.00 53}{434.00 475.00 489.00 516.00 522.00 4}{522.00 533.25 549.73 627.00 732.00 15}
10 2 
12 37500 
14 16 
1a ( 0 )[ 1 -1 0 2 3 ]
1a ( 1 )[ 1 -1 1 1 0 ]
1a ( 3 )[ 1 -1 2 1 0 ]
1b 0 

RANKS: 1 -1 0 4 1
EVENT46: 1148 47d9ed_47dc71_47dd45_47ddfe_45876c
COMP 4c-0: 474a92_474e12_474f4b_47503f_458757 (300 16.01 0 16.00 1 17.00){0.00 0.00 0.00 0.00 6.40 0}{6.40 0.00 0.00 0.00 12.80 0}{12.80 16.00 16.01 17.00 19.20 300}{19.20 0.00 0.00 0.00 25.60 0}{25.60 0.00 0.00 0.00 32.00 0}
COMM 4b-0: 474a92_474e12_474f4b_47503f_458757 (300 1.66 0 1.00 2 6.00){0.00 0.00 0.00 0.00 0.80 0}{0.80 1.00 1.00 1.00 1.60 187}{1.60 2.00 2.00 2.00 2.00 72}{2.00 3.00 3.82 4.00 4.00 34}{4.00 5.00 5.29 6.00 6.00 7}
1c 9999 

RANKS: 1 -1 0 4 1
EVENT47: 1090 46c95e_46cd33_46ce9e_46cfbf
COMP 4c-0: 47d9ed_47dc71_47dd45_47ddfe (300 465.00 0 465.00 0 465.00){0.00 0.00 0.00 0.00 186.00 0}{186.00 0.00 0.00 0.00 372.00 0}{372.00 465.00 465.00 465.00 558.00 300}{558.00 0.00 0.00 0.00 744.00 0}{744.00 0.00 0.00 0.00 930.00 0}
COMP 4c-1: 47d9ed_47dc71_47dd45_47ddfe_45876c (300 352.06 0 352.00 0 353.00){0.00 0.00 0.00 0.00 140.80 0}{140.80 0.00 0.00 0.00 281.60 0}{281.60 352.00 352.06 353.00 422.40 300}{422.40 0.00 0.00 0.00 563.20 0}{563.20 0.00 0.00 0.00 704.00 0}
COMM 4b-0: 47d9ed_47dc71_47dd45_47ddfe (300 1.90 0 1.00 0 20.00){0.00 0.00 0.00 0.00 0.80 0}{0.80 1.00 1.00 1.00 1.60 115}{1.60 2.00 2.00 2.00 2.00 122}{2.00 3.00 3.10 4.00 4.00 62}{4.00 20.00 20.00 20.00 36.00 1}
COMM 4b-1: 47d9ed_47dc71_47dd45_47ddfe_45876c (300 2.35 0 1.00 1 5.00){0.00 0.00 0.00 0.00 0.80 0}{0.80 1.00 1.00 1.00 1.60 77}{1.60 2.00 2.45 3.14 3.20 187}{3.20 4.00 4.00 4.00 4.00 11}{4.00 5.00 5.00 5.00 6.00 25}
LOOP0: iter: ( 2 )[ 1 -1 0 4 1 ] mem: ( 3 )[ 1 -1 0 4 1 ]
10 2 
12 1 2 
14 16 
1b 0 
2b ( 1 )[ 1 -1 0 2 2 ]
2b ( 3 )[ 1 -1 1 2 2 ]

RANKS: 1 -1 0 4 1
EVENT48: 1113 474a92_474e12_474f4b_47503f
COMP 4c-0: 46c95e_46cd33_46ce9e_46cfbf (600 14.85 0 14.00 0 15.00){0.00 0.00 0.00 0.00 6.00 0}{6.00 0.00 0.00 0.00 12.00 0}{12.00 14.00 14.85 15.00 18.00 600}{18.00 0.00 0.00 0.00 24.00 0}{24.00 0.00 0.00 0.00 30.00 0}
COMM 4b-0: 46c95e_46cd33_46ce9e_46cfbf (600 3.78 0 2.00 0 7.00){0.00 2.00 2.00 2.00 2.40 2}{2.40 2.97 2.99 3.00 3.60 302}{3.60 4.00 4.00 4.00 4.80 219}{4.80 5.00 5.93 6.00 6.00 14}{6.00 6.00 6.37 7.00 8.00 63}
10 2 
12 1 2 
14 16 
1a ( 1 )[ 1 -1 0 2 2 ]
1a ( 3 )[ 1 -1 1 2 2 ]
1b 0 

RANKS: 1 -1 0 4 1
EVENT49: 1148 47d9ed_47dc71_47dd45_47ddfe
COMP 4c-0: 474a92_474e12_474f4b_47503f (600 14.59 0 14.00 0 15.00){0.00 0.00 0.00 0.00 6.00 0}{6.00 0.00 0.00 0.00 12.00 0}{12.00 14.00 14.59 15.00 18.00 600}{18.00 0.00 0.00 0.00 24.00 0}{24.00 0.00 0.00 0.00 30.00 0}
COMM 4b-0: 474a92_474e12_474f4b_47503f (600 81.46 1 1.00 0 732.00){0.00 1.00 32.23 151.00 158.80 512}{158.80 170.00 243.05 312.00 317.60 27}{317.60 319.00 391.27 469.00 476.40 52}{476.40 493.00 533.71 585.00 635.20 7}{635.20 681.00 706.50 732.00 794.00 2}
1c 9999 

RANKS: 1 -1 0 4 1
EVENT50: 1104 471041_4713de_471542_471651
COMP 4c-0: 47d9ed_47dc71_47dd45_47ddfe (4 407.60 3 399.00 0 419.00){0.00 0.00 0.00 0.00 167.60 0}{167.60 0.00 0.00 0.00 335.20 0}{335.20 399.00 404.75 419.00 502.80 4}{502.80 0.00 0.00 0.00 670.40 0}{670.40 0.00 0.00 0.00 838.00 0}
COMM 4b-0: 47d9ed_47dc71_47dd45_47ddfe (4 7244.40 2 9.00 0 12164.00){0.00 9.00 9.50 10.00 4865.60 2}{4865.60 0.00 0.00 0.00 9731.20 0}{9731.20 11875.00 12019.50 12164.00 14596.80 2}{14596.80 0.00 0.00 0.00 19462.40 0}{19462.40 0.00 0.00 0.00 24328.00 0}
10 2 
12 1 
14 16 
18 1 
19 0 

RANKS: 1 -1 0 4 1
EVENT51: 1045 465827_46589b_465901_46595c
COMP 4c-0: 471041_4713de_471542_471651 (4 27778.60 0 210.00 1 68613.00){0.00 0.00 0.00 0.00 84.00 0}{84.00 0.00 0.00 0.00 168.00 0}{168.00 210.00 210.00 210.00 420.00 1}{420.00 2438.00 2438.00 2438.00 4456.00 1}{4456.00 67422.00 68017.50 68613.00 132770.00 2}

