RANKS: 1 -1 0 4 1
EVENT0: 1084 47960c_4796cb_479761_4797bc
33 2 
34 0 

RANKS: 1 -1 0 4 1
EVENT1: 1011 46d7e9_46db18_46dc33_46dd1f
COMP 4c-0: 46d7e9_46db18_46dc33_46dd1f (32 15.79 1 14.00 0 16.00){0.00 0.00 0.00 0.00 6.00 0}{6.00 0.00 0.00 0.00 12.00 0}{12.00 14.00 15.81 16.00 18.00 32}{18.00 0.00 0.00 0.00 24.00 0}{24.00 0.00 0.00 0.00 30.00 0}
COMP 4c-1: 47960c_4796cb_479761_4797bc (4 54.80 1 24.00 0 101.00){0.00 24.00 24.00 24.00 40.40 3}{40.40 0.00 0.00 0.00 80.80 0}{80.80 101.00 101.00 101.00 121.20 1}{121.20 0.00 0.00 0.00 161.60 0}{161.60 0.00 0.00 0.00 202.00 0}
COMM 4b-0: 46d7e9_46db18_46dc33_46dd1f (32 12.67 0 2.00 2 72.00){0.00 0.00 0.00 0.00 1.20 0}{1.20 2.00 2.00 2.00 2.40 9}{2.40 3.00 3.23 4.00 4.80 13}{4.80 0.00 0.00 0.00 6.00 0}{6.00 11.00 35.50 72.00 136.00 10}
COMM 4b-1: 47960c_4796cb_479761_4797bc (4 401.80 0 16.00 1 716.00){0.00 0.00 0.00 0.00 6.40 0}{6.40 0.00 0.00 0.00 12.80 0}{12.80 16.00 16.00 16.00 25.60 1}{25.60 0.00 0.00 0.00 32.00 0}{32.00 551.00 659.00 716.00 1388.00 3}
LOOP0: iter: ( 9 )[ 1 -1 0 4 1 ] mem: ( 1 )[ 1 -1 0 4 1 ]
10 2 
12 1 1 1 1 1 5 1 1 1 
14 14 14 14 16 16 16 14 14 14 
19 0 

RANKS: 1 -1 2 1 0
EVENT2: 1113 48253a_4828ba_4829f3_482ae7
COMP 4c-0: 46d7e9_46db18_46dc33_46dd1f (1 633452.00 2 633452.00 2 633452.00){0.00 0.00 0.00 0.00 253380.80 0}{253380.80 0.00 0.00 0.00 506761.60 0}{506761.60 633452.00 633452.00 633452.00 760142.40 1}{760142.40 0.00 0.00 0.00 1013523.20 0}{1013523.20 0.00 0.00 0.00 1266904.00 0}
COMM 4b-0: 46d7e9_46db18_46dc33_46dd1f (1 510.00 2 510.00 2 510.00){0.00 0.00 0.00 0.00 204.00 0}{204.00 0.00 0.00 0.00 408.00 0}{408.00 510.00 510.00 510.00 612.00 1}{612.00 0.00 0.00 0.00 816.00 0}{816.00 0.00 0.00 0.00 1020.00 0}
10 2 
12 52020 
14 16 
1a 1 
1b 0 

RANKS: 1 -1 1 2 1
EVENT3: 1090 47a406_47a7db_47a946_47aa67
COMP 4c-0: 46d7e9_46db18_46dc33_46dd1f (1 633279.00 1 633279.00 1 633279.00){0.00 0.00 0.00 0.00 253311.60 0}{253311.60 0.00 0.00 0.00 506623.20 0}{506623.20 633279.00 633279.00 633279.00 759934.80 1}{759934.80 0.00 0.00 0.00 1013246.40 0}{1013246.40 0.00 0.00 0.00 1266558.00 0}
COMP 4c-1: 48253a_4828ba_4829f3_482ae7 (1 15.00 2 15.00 2 15.00){0.00 0.00 0.00 0.00 6.00 0}{6.00 0.00 0.00 0.00 12.00 0}{12.00 15.00 15.00 15.00 18.00 1}{18.00 0.00 0.00 0.00 24.00 0}{24.00 0.00 0.00 0.00 30.00 0}
COMP 4c-2: 48b495_48b719_48b7ed_48b8a6 (1 93824.00 2 93824.00 2 93824.00){0.00 0.00 0.00 0.00 37529.60 0}{37529.60 0.00 0.00 0.00 75059.20 0}{75059.20 93824.00 93824.00 93824.00 112588.80 1}{112588.80 0.00 0.00 0.00 150118.40 0}{150118.40 0.00 0.00 0.00 187648.00 0}
COMM 4b-0: 46d7e9_46db18_46dc33_46dd1f (1 5.00 1 5.00 1 5.00){0.00 0.00 0.00 0.00 2.00 0}{2.00 0.00 0.00 0.00 4.00 0}{4.00 5.00 5.00 5.00 6.00 1}{6.00 0.00 0.00 0.00 8.00 0}{8.00 0.00 0.00 0.00 10.00 0}
COMM 4b-1: 48253a_4828ba_4829f3_482ae7 (1 5.00 2 5.00 2 5.00){0.00 0.00 0.00 0.00 2.00 0}{2.00 0.00 0.00 0.00 4.00 0}{4.00 5.00 5.00 5.00 6.00 1}{6.00 0.00 0.00 0.00 8.00 0}{8.00 0.00 0.00 0.00 10.00 0}
COMM 4b-2: 48b495_48b719_48b7ed_48b8a6 (1 3.00 2 3.00 2 3.00){0.00 0.00 0.00 0.00 1.20 0}{1.20 0.00 0.00 0.00 2.40 0}{2.40 3.00 3.00 3.00 3.60 1}{3.60 0.00 0.00 0.00 4.80 0}{4.80 0.00 0.00 0.00 6.00 0}
LOOP0: iter: ( 2 )[ 1 -1 2 1 0 ] mem: ( 2 )[ 1 -1 2 1 0 ]
10 2 
12 52020 
14 16 
1b 0 
2b 2147483647 

RANKS: 1 -1 1 2 1
EVENT4: 1148 48b495_48b719_48b7ed_48b8a6
COMP 4c-0: 47a406_47a7db_47a946_47aa67 (3 15.75 2 15.00 1 16.00){0.00 0.00 0.00 0.00 6.40 0}{6.40 0.00 0.00 0.00 12.80 0}{12.80 15.00 15.67 16.00 19.20 3}{19.20 0.00 0.00 0.00 25.60 0}{25.60 0.00 0.00 0.00 32.00 0}
COMM 4b-0: 47a406_47a7db_47a946_47aa67 (3 497.25 1 421.00 2 696.00){0.00 0.00 0.00 0.00 168.40 0}{168.40 0.00 0.00 0.00 336.80 0}{336.80 421.00 436.00 451.00 505.20 2}{505.20 0.00 0.00 0.00 673.60 0}{673.60 696.00 696.00 696.00 842.00 1}
1c 9999 

RANKS: 1 -1 1 2 1
EVENT5: 1113 48253a_4828ba_4829f3_482ae7
COMP 4c-0: 48253a_4828ba_4829f3_482ae7 (2 129144.33 1 93899.00 2 199635.00){0.00 0.00 0.00 0.00 37559.60 0}{37559.60 0.00 0.00 0.00 75119.20 0}{75119.20 93899.00 93899.00 93899.00 150238.40 1}{150238.40 0.00 0.00 0.00 187798.00 0}{187798.00 199635.00 199635.00 199635.00 211472.00 1}
COMP 4c-1: 48b495_48b719_48b7ed_48b8a6 (2 371.67 1 371.00 2 373.00){0.00 0.00 0.00 0.00 148.40 0}{148.40 0.00 0.00 0.00 296.80 0}{296.80 371.00 372.00 373.00 445.20 2}{445.20 0.00 0.00 0.00 593.60 0}{593.60 0.00 0.00 0.00 742.00 0}
COMM 4b-0: 48253a_4828ba_4829f3_482ae7 (2 246.33 2 245.00 1 247.00){0.00 0.00 0.00 0.00 98.80 0}{98.80 0.00 0.00 0.00 197.60 0}{197.60 245.00 246.00 247.00 296.40 2}{296.40 0.00 0.00 0.00 395.20 0}{395.20 0.00 0.00 0.00 494.00 0}
COMM 4b-1: 48b495_48b719_48b7ed_48b8a6 (2 375.00 2 235.00 1 445.00){0.00 0.00 0.00 0.00 178.00 0}{178.00 235.00 235.00 235.00 356.00 1}{356.00 445.00 445.00 445.00 534.00 1}{534.00 0.00 0.00 0.00 712.00 0}{712.00 0.00 0.00 0.00 890.00 0}
LOOP0: iter: ( 2 )[ 1 -1 1 2 1 ] mem: ( 1 )[ 1 -1 1 2 1 ]
10 2 
12 52020 
14 16 
1a ( 3 2 )[ 1 -1 1 1 0 ]
1a ( 2 1 )[ 1 -1 2 1 0 ]
1b 0 

RANKS: 1 -1 1 3 1
EVENT6: 1090 47a406_47a7db_47a946_47aa67
COMP 4c-0: 46d7e9_46db18_46dc33_46dd1f (1 633295.00 3 633295.00 3 633295.00){0.00 0.00 0.00 0.00 253318.00 0}{253318.00 0.00 0.00 0.00 506636.00 0}{506636.00 633295.00 633295.00 633295.00 759954.00 1}{759954.00 0.00 0.00 0.00 1013272.00 0}{1013272.00 0.00 0.00 0.00 1266590.00 0}
COMP 4c-1: 48253a_4828ba_4829f3_482ae7 (5 64449.83 1 16.00 3 199451.00){0.00 0.00 0.00 0.00 6.40 0}{6.40 0.00 0.00 0.00 12.80 0}{12.80 16.00 16.00 16.00 32.00 2}{32.00 93485.00 93600.00 93715.00 186938.00 2}{186938.00 199451.00 199451.00 199451.00 211964.00 1}
COMP 4c-2: 48b495_48b719_48b7ed_48b8a6 (2 164248.33 2 93595.00 1 199575.00){0.00 0.00 0.00 0.00 79830.00 0}{79830.00 93595.00 93595.00 93595.00 159660.00 1}{159660.00 199575.00 199575.00 199575.00 239490.00 1}{239490.00 0.00 0.00 0.00 319320.00 0}{319320.00 0.00 0.00 0.00 399150.00 0}
COMM 4b-0: 46d7e9_46db18_46dc33_46dd1f (1 6.00 3 6.00 3 6.00){0.00 0.00 0.00 0.00 2.40 0}{2.40 0.00 0.00 0.00 4.80 0}{4.80 6.00 6.00 6.00 7.20 1}{7.20 0.00 0.00 0.00 9.60 0}{9.60 0.00 0.00 0.00 12.00 0}
COMM 4b-1: 48253a_4828ba_4829f3_482ae7 (5 2.33 1 2.00 3 3.00){0.00 0.00 0.00 0.00 0.80 0}{0.80 0.00 0.00 0.00 1.60 0}{1.60 2.00 2.00 2.00 2.40 3}{2.40 3.00 3.00 3.00 3.20 2}{3.20 0.00 0.00 0.00 4.00 0}
COMM 4b-2: 48b495_48b719_48b7ed_48b8a6 (2 3.00 1 3.00 1 3.00){0.00 0.00 0.00 0.00 1.20 0}{1.20 0.00 0.00 0.00 2.40 0}{2.40 3.00 3.00 3.00 3.60 2}{3.60 0.00 0.00 0.00 4.80 0}{4.80 0.00 0.00 0.00 6.00 0}
LOOP0: iter: ( 2 )[ 1 -1 1 2 1 ]( 4 )[ 1 -1 3 1 0 ] mem: ( 2 )[ 1 -1 1 2 1 ]( 3 )[ 1 -1 3 1 0 ]
10 2 
12 52020 
14 16 
1b 0 
2b 2147483647 

RANKS: 1 -1 1 3 1
EVENT7: 1148 48b495_48b719_48b7ed_48b8a6
COMP 4c-0: 47a406_47a7db_47a946_47aa67 (8 15.00 3 14.00 3 16.00){0.00 0.00 0.00 0.00 6.00 0}{6.00 0.00 0.00 0.00 12.00 0}{12.00 14.00 15.00 16.00 18.00 8}{18.00 0.00 0.00 0.00 24.00 0}{24.00 0.00 0.00 0.00 30.00 0}
COMM 4b-0: 47a406_47a7db_47a946_47aa67 (8 459.56 3 374.00 2 559.00){0.00 0.00 0.00 0.00 173.20 0}{173.20 0.00 0.00 0.00 346.40 0}{346.40 374.00 432.67 461.00 519.60 6}{519.60 548.00 553.50 559.00 692.80 2}{692.80 0.00 0.00 0.00 866.00 0}
1c 9999 

RANKS: 1 -1 0 4 1
EVENT8: 1113 48253a_4828ba_4829f3_482ae7
COMP 4c-0: 46d7e9_46db18_46dc33_46dd1f (1 633436.00 0 633436.00 0 633436.00){0.00 0.00 0.00 0.00 253374.40 0}{253374.40 0.00 0.00 0.00 506748.80 0}{506748.80 633436.00 633436.00 633436.00 760123.20 1}{760123.20 0.00 0.00 0.00 1013497.60 0}{1013497.60 0.00 0.00 0.00 1266872.00 0}
COMP 4c-1: 48253a_4828ba_4829f3_482ae7 (1 93665.00 1 93665.00 1 93665.00){0.00 0.00 0.00 0.00 37466.00 0}{37466.00 0.00 0.00 0.00 74932.00 0}{74932.00 93665.00 93665.00 93665.00 112398.00 1}{112398.00 0.00 0.00 0.00 149864.00 0}{149864.00 0.00 0.00 0.00 187330.00 0}
COMP 4c-2: 48b495_48b719_48b7ed_48b8a6 (9 48379.40 3 370.00 0 199767.00){0.00 370.00 371.50 373.00 37603.20 6}{37603.20 0.00 0.00 0.00 75206.40 0}{75206.40 93782.00 93895.00 94008.00 150412.80 2}{150412.80 0.00 0.00 0.00 188016.00 0}{188016.00 199767.00 199767.00 199767.00 211518.00 1}
COMM 4b-0: 46d7e9_46db18_46dc33_46dd1f (1 943.00 0 943.00 0 943.00){0.00 0.00 0.00 0.00 377.20 0}{377.20 0.00 0.00 0.00 754.40 0}{754.40 943.00 943.00 943.00 1131.60 1}{1131.60 0.00 0.00 0.00 1508.80 0}{1508.80 0.00 0.00 0.00 1886.00 0}
COMM 4b-1: 48253a_4828ba_4829f3_482ae7 (1 246.00 1 246.00 1 246.00){0.00 0.00 0.00 0.00 98.40 0}{98.40 0.00 0.00 0.00 196.80 0}{196.80 246.00 246.00 246.00 295.20 1}{295.20 0.00 0.00 0.00 393.60 0}{393.60 0.00 0.00 0.00 492.00 0}
COMM 4b-2: 48b495_48b719_48b7ed_48b8a6 (9 260.10 2 232.00 3 456.00){0.00 0.00 0.00 0.00 97.60 0}{97.60 0.00 0.00 0.00 195.20 0}{195.20 232.00 237.62 244.00 292.80 8}{292.80 0.00 0.00 0.00 390.40 0}{390.40 456.00 456.00 456.00 488.00 1}
LOOP0: iter: ( 4 )[ 1 -1 0 1 0 ]( 2 )[ 1 -1 1 1 0 ] mem: ( 3 )[ 1 -1 0 1 0 ]( 1 )[ 1 -1 1 1 0 ]
10 2 
12 52020 
14 16 
1a ( 1 2 )[ 1 -1 0 1 0 ]
1a ( 3 2 )[ 1 -1 1 2 2 ]
1a ( 2 )[ 1 -1 2 1 0 ]
1b 0 

RANKS: 1 -1 0 2 1
EVENT9: 1090 47a406_47a7db_47a946_47aa67
COMP 4c-0: 48253a_4828ba_4829f3_482ae7 (5 14.83 0 14.00 1 16.00){0.00 0.00 0.00 0.00 6.00 0}{6.00 0.00 0.00 0.00 12.00 0}{12.00 14.00 14.80 16.00 18.00 5}{18.00 0.00 0.00 0.00 24.00 0}{24.00 0.00 0.00 0.00 30.00 0}
COMM 4b-0: 48253a_4828ba_4829f3_482ae7 (5 2.67 0 2.00 0 4.00){0.00 0.00 0.00 0.00 1.60 0}{1.60 2.00 2.00 2.00 3.20 4}{3.20 4.00 4.00 4.00 4.80 1}{4.80 0.00 0.00 0.00 6.40 0}{6.40 0.00 0.00 0.00 8.00 0}
10 2 
12 52020 
14 16 
1b 0 
2b 2147483647 

RANKS: 1 -1 0 2 1
EVENT10: 1148 48b495_48b719_48b7ed_48b8a6
COMP 4c-0: 47a406_47a7db_47a946_47aa67 (5 15.33 0 15.00 0 16.00){0.00 0.00 0.00 0.00 6.40 0}{6.40 0.00 0.00 0.00 12.80 0}{12.80 15.00 15.20 16.00 19.20 5}{19.20 0.00 0.00 0.00 25.60 0}{25.60 0.00 0.00 0.00 32.00 0}
COMM 4b-0: 47a406_47a7db_47a946_47aa67 (5 559.00 1 436.00 0 697.00){0.00 0.00 0.00 0.00 278.80 0}{278.80 436.00 490.00 529.00 557.60 4}{557.60 697.00 697.00 697.00 836.40 1}{836.40 0.00 0.00 0.00 1115.20 0}{1115.20 0.00 0.00 0.00 1394.00 0}
1c 9999 

RANKS: 1 -1 0 4 1
EVENT11: 1004 46a96f_46accf_46ae12_46af04
COMP 4c-0: 48253a_4828ba_4829f3_482ae7 (2 194744.67 2 194742.00 3 194746.00){0.00 0.00 0.00 0.00 77898.40 0}{77898.40 0.00 0.00 0.00 155796.80 0}{155796.80 194742.00 194744.00 194746.00 233695.20 2}{233695.20 0.00 0.00 0.00 311593.60 0}{311593.60 0.00 0.00 0.00 389492.00 0}
COMP 4c-1: 48b495_48b719_48b7ed_48b8a6 (2 194872.33 1 194869.00 0 194874.00){0.00 0.00 0.00 0.00 77949.60 0}{77949.60 0.00 0.00 0.00 155899.20 0}{155899.20 194869.00 194871.50 194874.00 233848.80 2}{233848.80 0.00 0.00 0.00 311798.40 0}{311798.40 0.00 0.00 0.00 389748.00 0}
COMM 4b-0: 48253a_4828ba_4829f3_482ae7 (2 309.33 2 234.00 3 347.00){0.00 0.00 0.00 0.00 138.80 0}{138.80 234.00 234.00 234.00 277.60 1}{277.60 347.00 347.00 347.00 416.40 1}{416.40 0.00 0.00 0.00 555.20 0}{555.20 0.00 0.00 0.00 694.00 0}
COMM 4b-1: 48b495_48b719_48b7ed_48b8a6 (2 67.00 0 39.00 1 123.00){0.00 0.00 0.00 0.00 15.60 0}{15.60 0.00 0.00 0.00 31.20 0}{31.20 39.00 39.00 39.00 62.40 1}{62.40 0.00 0.00 0.00 78.00 0}{78.00 123.00 123.00 123.00 168.00 1}
10 2 
12 5 
14 16 
18 3 

RANKS: 1 -1 0 4 1
EVENT12: 1010 46d300_46d535_46d5d9_46d655
COMP 4c-0: 46a96f_46accf_46ae12_46af04 (4 14.40 0 14.00 3 15.00){0.00 0.00 0.00 0.00 5.60 0}{5.60 0.00 0.00 0.00 11.20 0}{11.20 14.00 14.50 15.00 16.80 4}{16.80 0.00 0.00 0.00 22.40 0}{22.40 0.00 0.00 0.00 28.00 0}
COMM 4b-0: 46a96f_46accf_46ae12_46af04 (4 167.40 2 134.00 3 267.00){0.00 0.00 0.00 0.00 59.20 0}{59.20 0.00 0.00 0.00 118.40 0}{118.40 134.00 140.67 148.00 177.60 3}{177.60 0.00 0.00 0.00 236.80 0}{236.80 267.00 267.00 267.00 296.00 1}
10 2 

RANKS: 1 -1 1 3 1
EVENT13: 1102 47da79_47de3e_47dfa8_47e0c7
COMP 4c-0: 46d300_46d535_46d5d9_46d655 (3 12711.00 1 12711.00 1 12711.00){0.00 0.00 0.00 0.00 5084.40 0}{5084.40 0.00 0.00 0.00 10168.80 0}{10168.80 12711.00 12711.00 12711.00 15253.20 3}{15253.20 0.00 0.00 0.00 20337.60 0}{20337.60 0.00 0.00 0.00 25422.00 0}
COMP 4c-1: 47da79_47de3e_47dfa8_47e0c7 (199 1791.12 3 16.00 3 3601.00){0.00 0.00 0.00 0.00 6.40 0}{6.40 0.00 0.00 0.00 12.80 0}{12.80 16.00 17.11 18.00 25.60 100}{25.60 0.00 0.00 0.00 32.00 0}{32.00 3600.00 3600.99 3601.00 7168.00 99}
COMP 4c-2: 48253a_4828ba_4829f3_482ae7 (398 1863.32 1 1813.00 1 1914.00){0.00 0.00 0.00 0.00 764.00 0}{764.00 0.00 0.00 0.00 1528.00 0}{1528.00 1813.00 1863.21 1914.00 2292.00 398}{2292.00 0.00 0.00 0.00 3056.00 0}{3056.00 0.00 0.00 0.00 3820.00 0}
COMM 4b-0: 46d300_46d535_46d5d9_46d655 (3 584.00 1 435.00 3 923.00){0.00 0.00 0.00 0.00 174.00 0}{174.00 0.00 0.00 0.00 348.00 0}{348.00 435.00 489.00 543.00 696.00 2}{696.00 0.00 0.00 0.00 870.00 0}{870.00 923.00 923.00 923.00 976.00 1}
COMM 4b-1: 47da79_47de3e_47dfa8_47e0c7 (199 4.59 3 1.00 3 134.00){0.00 1.00 1.00 1.00 1.60 70}{1.60 2.00 2.09 3.00 3.20 32}{3.20 4.00 4.00 4.00 4.00 14}{4.00 5.00 5.69 8.00 8.00 72}{8.00 9.00 28.45 134.00 134.00 11}
COMM 4b-2: 48253a_4828ba_4829f3_482ae7 (398 10.52 1 2.00 1 1157.00){0.00 2.00 3.78 6.00 6.80 387}{6.80 9.00 9.50 10.00 13.60 2}{13.60 14.00 19.33 27.00 34.00 3}{34.00 55.00 61.00 67.00 76.00 2}{76.00 137.00 629.75 1157.00 2238.00 4}
LOOP0: iter: ( 200 )[ 1 -1 1 3 1 ] mem: ( 2 )[ 1 -1 1 2 1 ]( 1 )[ 1 -1 3 1 0 ]
10 2 
12 250 
14 16 
1b 0 
2b ( 3 3 3 3 3 3 3 3 3 3 3 3 3 3 3 3 3 3 3 3 3 3 3 3 3 3 3 3 3 3 3 3 3 3 3 3 3 3 3 3 3 3 3 3 3 3 3 3 3 3 3 3 3 3 3 3 3 3 3 3 3 3 3 3 3 3 3 3 3 3 3 3 3 3 3 3 3 3 3 3 3 3 3 3 3 3 3 3 3 3 3 3 3 3 3 3 3 3 3 3 2 2 2 2 2 2 2 2 2 2 2 2 2 2 2 2 2 2 2 2 2 2 2 2 2 2 2 2 2 2 2 2 2 2 2 2 2 2 2 2 2 2 2 2 2 2 2 2 2 2 2 2 2 2 2 2 2 2 2 2 2 2 2 2 2 2 2 2 2 2 2 2 2 2 2 2 2 2 2 2 2 2 2 2 2 2 2 2 2 2 2 2 2 2 2 2 2 2 2 2 )[ 1 -1 1 1 0 ]
2b ( 3 2 )[ 1 -1 3 1 0 ]
2b ( 2 2 2 2 2 2 2 2 2 2 2 2 2 2 2 2 2 2 2 2 2 2 2 2 2 2 2 2 2 2 2 2 2 2 2 2 2 2 2 2 2 2 2 2 2 2 2 2 2 2 2 2 2 2 2 2 2 2 2 2 2 2 2 2 2 2 2 2 2 2 2 2 2 2 2 2 2 2 2 2 2 2 2 2 2 2 2 2 2 2 2 2 2 2 2 2 2 2 2 2 1 1 1 1 1 1 1 1 1 1 1 1 1 1 1 1 1 1 1 1 1 1 1 1 1 1 1 1 1 1 1 1 1 1 1 1 1 1 1 1 1 1 1 1 1 1 1 1 1 1 1 1 1 1 1 1 1 1 1 1 1 1 1 1 1 1 1 1 1 1 1 1 1 1 1 1 1 1 1 1 1 1 1 1 1 1 1 1 1 1 1 1 1 1 1 1 1 1 1 1 )[ 1 -1 2 1 0 ]

RANKS: 1 -1 2 1 0
EVENT14: 1113 48253a_4828ba_4829f3_482ae7
COMP 4c-0: 47da79_47de3e_47dfa8_47e0c7 (200 1692.12 2 1679.00 2 1705.00){0.00 0.00 0.00 0.00 681.60 0}{681.60 0.00 0.00 0.00 1363.20 0}{1363.20 1679.00 1692.07 1705.00 2044.80 200}{2044.80 0.00 0.00 0.00 2726.40 0}{2726.40 0.00 0.00 0.00 3408.00 0}
COMM 4b-0: 47da79_47de3e_47dfa8_47e0c7 (200 3.69 2 2.00 2 110.00){0.00 2.00 2.00 2.00 2.80 26}{2.80 3.00 3.00 3.00 5.60 167}{5.60 7.00 8.50 10.00 11.20 2}{11.20 12.00 13.00 14.00 14.00 3}{14.00 15.00 62.50 110.00 206.00 2}
10 2 
12 250 
14 16 
1a 1 1 1 1 1 1 1 1 1 1 1 1 1 1 1 1 1 1 1 1 1 1 1 1 1 1 1 1 1 1 1 1 1 1 1 1 1 1 1 1 1 1 1 1 1 1 1 1 1 1 1 1 1 1 1 1 1 1 1 1 1 1 1 1 1 1 1 1 1 1 1 1 1 1 1 1 1 1 1 1 1 1 1 1 1 1 1 1 1 1 1 1 1 1 1 1 1 1 1 1 2 2 2 2 2 2 2 2 2 2 2 2 2 2 2 2 2 2 2 2 2 2 2 2 2 2 2 2 2 2 2 2 2 2 2 2 2 2 2 2 2 2 2 2 2 2 2 2 2 2 2 2 2 2 2 2 2 2 2 2 2 2 2 2 2 2 2 2 2 2 2 2 2 2 2 2 2 2 2 2 2 2 2 2 2 2 2 2 2 2 2 2 2 2 2 2 2 2 2 2 
1b 0 

RANKS: 1 -1 0 4 1
EVENT15: 1113 48253a_4828ba_4829f3_482ae7
COMP 4c-0: 46a96f_46accf_46ae12_46af04 (1 555440.00 2 555440.00 2 555440.00){0.00 0.00 0.00 0.00 222176.00 0}{222176.00 0.00 0.00 0.00 444352.00 0}{444352.00 555440.00 555440.00 555440.00 666528.00 1}{666528.00 0.00 0.00 0.00 888704.00 0}{888704.00 0.00 0.00 0.00 1110880.00 0}
COMP 4c-1: 46d300_46d535_46d5d9_46d655 (1 14399.00 0 14399.00 0 14399.00){0.00 0.00 0.00 0.00 5759.60 0}{5759.60 0.00 0.00 0.00 11519.20 0}{11519.20 14399.00 14399.00 14399.00 17278.80 1}{17278.80 0.00 0.00 0.00 23038.40 0}{23038.40 0.00 0.00 0.00 28798.00 0}
COMP 4c-2: 47da79_47de3e_47dfa8_47e0c7 (201 1709.19 1 1679.00 3 5164.00){0.00 0.00 0.00 0.00 681.60 0}{681.60 0.00 0.00 0.00 1363.20 0}{1363.20 1679.00 1691.95 1705.00 2726.40 200}{2726.40 0.00 0.00 0.00 3408.00 0}{3408.00 5164.00 5164.00 5164.00 6920.00 1}
COMP 4c-3: 48253a_4828ba_4829f3_482ae7 (399 1819.11 3 15.00 2 23708.00){0.00 0.00 0.00 0.00 6.40 0}{6.40 0.00 0.00 0.00 12.80 0}{12.80 15.00 17.00 18.00 32.00 200}{32.00 3474.00 3537.99 3601.00 7168.00 198}{7168.00 23708.00 23708.00 23708.00 40248.00 1}
COMM 4b-0: 46a96f_46accf_46ae12_46af04 (1 354.00 2 354.00 2 354.00){0.00 0.00 0.00 0.00 141.60 0}{141.60 0.00 0.00 0.00 283.20 0}{283.20 354.00 354.00 354.00 424.80 1}{424.80 0.00 0.00 0.00 566.40 0}{566.40 0.00 0.00 0.00 708.00 0}
COMM 4b-1: 46d300_46d535_46d5d9_46d655 (1 8.00 0 8.00 0 8.00){0.00 0.00 0.00 0.00 3.20 0}{3.20 0.00 0.00 0.00 6.40 0}{6.40 8.00 8.00 8.00 9.60 1}{9.60 0.00 0.00 0.00 12.80 0}{12.80 0.00 0.00 0.00 16.00 0}
COMM 4b-2: 47da79_47de3e_47dfa8_47e0c7 (201 3.74 1 2.00 1 108.00){0.00 2.00 2.00 2.00 2.80 40}{2.80 3.00 3.01 4.00 5.60 153}{5.60 6.00 6.50 7.00 11.20 2}{11.20 13.00 13.67 14.00 14.00 3}{14.00 15.00 51.33 108.00 202.00 3}
COMM 4b-3: 48253a_4828ba_4829f3_482ae7 (399 4.04 0 1.00 2 243.00){0.00 1.00 1.00 1.00 1.60 63}{1.60 2.00 2.00 2.00 2.40 187}{2.40 3.00 3.00 3.00 4.00 138}{4.00 19.00 52.00 107.00 210.00 10}{210.00 243.00 243.00 243.00 276.00 1}
LOOP0: iter: ( 200 )[ 1 -1 0 2 3 ]( 2 )[ 1 -1 2 1 0 ] mem: ( 1 )[ 1 -1 0 2 3 ]( 5 )[ 1 -1 2 1 0 ]
10 2 
12 ( 250 )[ 2 -1 0 2 1 -1 3 1 0 ]
12 ( 52020 )[ 1 -1 2 1 0 ]
14 16 
1a ( 1 2 )[ 1 -1 0 1 0 ]
1a ( 2 2 2 2 2 2 2 2 2 2 2 2 2 2 2 2 2 2 2 2 2 2 2 2 2 2 2 2 2 2 2 2 2 2 2 2 2 2 2 2 2 2 2 2 2 2 2 2 2 2 2 2 2 2 2 2 2 2 2 2 2 2 2 2 2 2 2 2 2 2 2 2 2 2 2 2 2 2 2 2 2 2 2 2 2 2 2 2 2 2 2 2 2 2 2 2 2 2 2 2 3 3 3 3 3 3 3 3 3 3 3 3 3 3 3 3 3 3 3 3 3 3 3 3 3 3 3 3 3 3 3 3 3 3 3 3 3 3 3 3 3 3 3 3 3 3 3 3 3 3 3 3 3 3 3 3 3 3 3 3 3 3 3 3 3 3 3 3 3 3 3 3 3 3 3 3 3 3 3 3 3 3 3 3 3 3 3 3 3 3 3 3 3 3 3 3 3 3 3 3 )[ 1 -1 1 1 0 ]
1a ( 3 2 )[ 1 -1 3 1 0 ]
1a ( 1 )[ 1 -1 2 1 0 ]
1b 0 

RANKS: 1 -1 0 1 0
EVENT16: 1102 47da79_47de3e_47dfa8_47e0c7
COMP 4c-0: 47da79_47de3e_47dfa8_47e0c7 (199 1729.13 0 16.00 0 3475.00){0.00 0.00 0.00 0.00 6.40 0}{6.40 0.00 0.00 0.00 12.80 0}{12.80 16.00 17.85 18.00 25.60 100}{25.60 0.00 0.00 0.00 32.00 0}{32.00 3475.00 3475.00 3475.00 6918.00 99}
COMP 4c-1: 48253a_4828ba_4829f3_482ae7 (1 1811.00 0 1811.00 0 1811.00){0.00 0.00 0.00 0.00 724.40 0}{724.40 0.00 0.00 0.00 1448.80 0}{1448.80 1811.00 1811.00 1811.00 2173.20 1}{2173.20 0.00 0.00 0.00 2897.60 0}{2897.60 0.00 0.00 0.00 3622.00 0}
COMM 4b-0: 47da79_47de3e_47dfa8_47e0c7 (199 8.01 0 1.00 0 356.00){0.00 0.00 0.00 0.00 0.80 0}{0.80 1.00 1.00 1.00 1.60 57}{1.60 2.00 2.63 4.00 4.00 64}{4.00 5.00 5.31 6.00 6.00 13}{6.00 7.00 20.11 356.00 706.00 65}
COMM 4b-1: 48253a_4828ba_4829f3_482ae7 (1 2529.00 0 2529.00 0 2529.00){0.00 0.00 0.00 0.00 1011.60 0}{1011.60 0.00 0.00 0.00 2023.20 0}{2023.20 2529.00 2529.00 2529.00 3034.80 1}{3034.80 0.00 0.00 0.00 4046.40 0}{4046.40 0.00 0.00 0.00 5058.00 0}
LOOP0: iter: ( 200 )[ 1 -1 0 1 0 ] mem: ( 1 )[ 1 -1 0 1 0 ]
10 2 
12 250 
14 16 
1b 0 
2b 1 2 

RANKS: 1 -1 1 3 1
EVENT17: 1090 47a406_47a7db_47a946_47aa67
COMP 4c-0: 46a96f_46accf_46ae12_46af04 (2 555271.33 1 555266.00 3 555282.00){0.00 0.00 0.00 0.00 222106.40 0}{222106.40 0.00 0.00 0.00 444212.80 0}{444212.80 555266.00 555274.00 555282.00 666319.20 2}{666319.20 0.00 0.00 0.00 888425.60 0}{888425.60 0.00 0.00 0.00 1110532.00 0}
COMP 4c-1: 48253a_4828ba_4829f3_482ae7 (6 36792.86 2 15.00 3 93481.00){0.00 15.00 15.00 15.00 9408.00 2}{9408.00 0.00 0.00 0.00 18816.00 0}{18816.00 23518.00 23519.00 23520.00 37632.00 2}{37632.00 0.00 0.00 0.00 47040.00 0}{47040.00 93481.00 93481.00 93481.00 139922.00 2}
COMP 4c-2: 48b495_48b719_48b7ed_48b8a6 (2 93595.00 2 93595.00 2 93595.00){0.00 0.00 0.00 0.00 37438.00 0}{37438.00 0.00 0.00 0.00 74876.00 0}{74876.00 93595.00 93595.00 93595.00 112314.00 2}{112314.00 0.00 0.00 0.00 149752.00 0}{149752.00 0.00 0.00 0.00 187190.00 0}
COMM 4b-0: 46a96f_46accf_46ae12_46af04 (2 3.00 1 3.00 1 3.00){0.00 0.00 0.00 0.00 1.20 0}{1.20 0.00 0.00 0.00 2.40 0}{2.40 3.00 3.00 3.00 3.60 2}{3.60 0.00 0.00 0.00 4.80 0}{4.80 0.00 0.00 0.00 6.00 0}
COMM 4b-1: 48253a_4828ba_4829f3_482ae7 (6 2.43 1 2.00 3 3.00){0.00 0.00 0.00 0.00 0.80 0}{0.80 0.00 0.00 0.00 1.60 0}{1.60 2.00 2.00 2.00 2.40 3}{2.40 3.00 3.00 3.00 3.20 3}{3.20 0.00 0.00 0.00 4.00 0}
COMM 4b-2: 48b495_48b719_48b7ed_48b8a6 (2 3.00 2 3.00 2 3.00){0.00 0.00 0.00 0.00 1.20 0}{1.20 0.00 0.00 0.00 2.40 0}{2.40 3.00 3.00 3.00 3.60 2}{3.60 0.00 0.00 0.00 4.80 0}{4.80 0.00 0.00 0.00 6.00 0}
LOOP0: iter: ( 2 )[ 1 -1 1 3 1 ] mem: ( 6 )[ 1 -1 1 1 0 ]( 4 )[ 1 -1 3 1 0 ]( 2 )[ 1 -1 2 1 0 ]
LOOP1: iter: ( 2 )[ 1 -1 3 1 0 ] mem: ( 3 )[ 1 -1 3 1 0 ]
10 2 
12 52020 
14 16 
1b 0 
2b 2147483647 

RANKS: 1 -1 1 3 1
EVENT18: 1148 48b495_48b719_48b7ed_48b8a6
COMP 4c-0: 47a406_47a7db_47a946_47aa67 (10 15.00 1 15.00 1 15.00){0.00 0.00 0.00 0.00 6.00 0}{6.00 0.00 0.00 0.00 12.00 0}{12.00 15.00 15.00 15.00 18.00 10}{18.00 0.00 0.00 0.00 24.00 0}{24.00 0.00 0.00 0.00 30.00 0}
COMM 4b-0: 47a406_47a7db_47a946_47aa67 (10 728.55 1 236.00 3 1937.00){0.00 236.00 238.00 240.00 316.00 2}{316.00 488.00 536.33 630.00 632.00 3}{632.00 647.00 800.50 890.00 1264.00 4}{1264.00 0.00 0.00 0.00 1580.00 0}{1580.00 1937.00 1937.00 1937.00 2294.00 1}
1c 9999 

RANKS: 1 -1 0 4 1
EVENT19: 1113 48253a_4828ba_4829f3_482ae7
COMP 4c-0: 46a96f_46accf_46ae12_46af04 (1 555423.00 0 555423.00 0 555423.00){0.00 0.00 0.00 0.00 222169.20 0}{222169.20 0.00 0.00 0.00 444338.40 0}{444338.40 555423.00 555423.00 555423.00 666507.60 1}{666507.60 0.00 0.00 0.00 888676.80 0}{888676.80 0.00 0.00 0.00 1110846.00 0}
COMP 4c-1: 47da79_47de3e_47dfa8_47e0c7 (1 25370.00 0 25370.00 0 25370.00){0.00 0.00 0.00 0.00 10148.00 0}{10148.00 0.00 0.00 0.00 20296.00 0}{20296.00 25370.00 25370.00 25370.00 30444.00 1}{30444.00 0.00 0.00 0.00 40592.00 0}{40592.00 0.00 0.00 0.00 50740.00 0}
COMP 4c-2: 48253a_4828ba_4829f3_482ae7 (2 93665.00 1 93665.00 1 93665.00){0.00 0.00 0.00 0.00 37466.00 0}{37466.00 0.00 0.00 0.00 74932.00 0}{74932.00 93665.00 93665.00 93665.00 112398.00 2}{112398.00 0.00 0.00 0.00 149864.00 0}{149864.00 0.00 0.00 0.00 187330.00 0}
COMP 4c-3: 48b495_48b719_48b7ed_48b8a6 (10 25845.64 1 370.00 0 93778.00){0.00 370.00 371.00 373.00 37511.20 8}{37511.20 0.00 0.00 0.00 75022.40 0}{75022.40 93778.00 93778.00 93778.00 112533.60 2}{112533.60 0.00 0.00 0.00 150044.80 0}{150044.80 0.00 0.00 0.00 187556.00 0}
COMM 4b-0: 46a96f_46accf_46ae12_46af04 (1 941.00 0 941.00 0 941.00){0.00 0.00 0.00 0.00 376.40 0}{376.40 0.00 0.00 0.00 752.80 0}{752.80 941.00 941.00 941.00 1129.20 1}{1129.20 0.00 0.00 0.00 1505.60 0}{1505.60 0.00 0.00 0.00 1882.00 0}
COMM 4b-1: 47da79_47de3e_47dfa8_47e0c7 (1 240.00 0 240.00 0 240.00){0.00 0.00 0.00 0.00 96.00 0}{96.00 0.00 0.00 0.00 192.00 0}{192.00 240.00 240.00 240.00 288.00 1}{288.00 0.00 0.00 0.00 384.00 0}{384.00 0.00 0.00 0.00 480.00 0}
COMM 4b-2: 48253a_4828ba_4829f3_482ae7 (2 244.67 1 244.00 1 245.00){0.00 0.00 0.00 0.00 98.00 0}{98.00 0.00 0.00 0.00 196.00 0}{196.00 244.00 244.50 245.00 294.00 2}{294.00 0.00 0.00 0.00 392.00 0}{392.00 0.00 0.00 0.00 490.00 0}
COMM 4b-3: 48b495_48b719_48b7ed_48b8a6 (10 234.55 2 230.00 0 240.00){0.00 0.00 0.00 0.00 95.20 0}{95.20 0.00 0.00 0.00 190.40 0}{190.40 230.00 234.20 240.00 285.60 10}{285.60 0.00 0.00 0.00 380.80 0}{380.80 0.00 0.00 0.00 476.00 0}
LOOP0: iter: ( 2 )[ 1 -1 0 2 1 ] mem: ( 4 )[ 1 -1 0 1 0 ]( 1 )[ 1 -1 1 1 0 ]
LOOP1: iter: ( 2 )[ 1 -1 0 1 0 ] mem: ( 3 )[ 1 -1 0 1 0 ]
10 2 
12 52020 
14 16 
1a ( 1 2 )[ 1 -1 0 1 0 ]
1a ( 3 2 )[ 1 -1 1 2 2 ]
1a ( 2 )[ 1 -1 2 1 0 ]
1b 0 

RANKS: 1 -1 0 2 1
EVENT20: 1090 47a406_47a7db_47a946_47aa67
COMP 4c-0: 48253a_4828ba_4829f3_482ae7 (6 14.86 0 14.00 1 16.00){0.00 0.00 0.00 0.00 5.60 0}{5.60 0.00 0.00 0.00 11.20 0}{11.20 14.00 15.00 16.00 16.80 6}{16.80 0.00 0.00 0.00 22.40 0}{22.40 0.00 0.00 0.00 28.00 0}
COMM 4b-0: 48253a_4828ba_4829f3_482ae7 (6 1.86 1 1.00 0 2.00){0.00 0.00 0.00 0.00 0.80 0}{0.80 1.00 1.00 1.00 1.60 1}{1.60 2.00 2.00 2.00 2.40 5}{2.40 0.00 0.00 0.00 3.20 0}{3.20 0.00 0.00 0.00 4.00 0}
10 2 
12 52020 
14 16 
1b 0 
2b 2147483647 

RANKS: 1 -1 0 2 1
EVENT21: 1148 48b495_48b719_48b7ed_48b8a6
COMP 4c-0: 47a406_47a7db_47a946_47aa67 (6 15.00 0 15.00 0 15.00){0.00 0.00 0.00 0.00 6.00 0}{6.00 0.00 0.00 0.00 12.00 0}{12.00 15.00 15.00 15.00 18.00 6}{18.00 0.00 0.00 0.00 24.00 0}{24.00 0.00 0.00 0.00 30.00 0}
COMM 4b-0: 47a406_47a7db_47a946_47aa67 (6 426.71 1 356.00 0 485.00){0.00 0.00 0.00 0.00 193.20 0}{193.20 356.00 361.50 367.00 386.40 2}{386.40 402.00 445.25 485.00 579.60 4}{579.60 0.00 0.00 0.00 772.80 0}{772.80 0.00 0.00 0.00 966.00 0}
1c 9999 

RANKS: 1 -1 0 4 1
EVENT22: 1004 46a96f_46accf_46ae12_46af04
COMP 4c-0: 48253a_4828ba_4829f3_482ae7 (4 188265.80 2 183945.00 3 194745.00){0.00 0.00 0.00 0.00 73579.60 0}{73579.60 0.00 0.00 0.00 147159.20 0}{147159.20 183945.00 189345.00 194745.00 220738.80 4}{220738.80 0.00 0.00 0.00 294318.40 0}{294318.40 0.00 0.00 0.00 367898.00 0}
COMP 4c-1: 48b495_48b719_48b7ed_48b8a6 (4 188393.20 1 184072.00 0 194873.00){0.00 0.00 0.00 0.00 73630.40 0}{73630.40 0.00 0.00 0.00 147260.80 0}{147260.80 184072.00 189472.50 194873.00 220891.20 4}{220891.20 0.00 0.00 0.00 294521.60 0}{294521.60 0.00 0.00 0.00 368152.00 0}
COMM 4b-0: 48253a_4828ba_4829f3_482ae7 (4 176.60 2 103.00 3 255.00){0.00 0.00 0.00 0.00 78.00 0}{78.00 103.00 119.00 135.00 156.00 2}{156.00 195.00 195.00 195.00 234.00 1}{234.00 255.00 255.00 255.00 312.00 1}{312.00 0.00 0.00 0.00 390.00 0}
COMM 4b-1: 48b495_48b719_48b7ed_48b8a6 (4 111.40 0 23.00 1 324.00){0.00 0.00 0.00 0.00 10.00 0}{10.00 0.00 0.00 0.00 20.00 0}{20.00 23.00 24.00 25.00 50.00 2}{50.00 160.00 160.00 160.00 270.00 1}{270.00 324.00 324.00 324.00 378.00 1}
10 2 
12 1 5 
14 16 
18 1 3 

RANKS: 1 -1 0 4 1
EVENT23: 1010 46d300_46d535_46d5d9_46d655
COMP 4c-0: 46a96f_46accf_46ae12_46af04 (4 21.40 3 20.00 3 23.00){0.00 0.00 0.00 0.00 8.40 0}{8.40 0.00 0.00 0.00 16.80 0}{16.80 20.00 21.50 23.00 25.20 4}{25.20 0.00 0.00 0.00 33.60 0}{33.60 0.00 0.00 0.00 42.00 0}
COMM 4b-0: 46a96f_46accf_46ae12_46af04 (4 18.80 1 6.00 3 31.00){0.00 6.00 6.00 6.00 9.20 1}{9.20 11.00 11.00 11.00 18.40 1}{18.40 23.00 23.00 23.00 27.60 1}{27.60 31.00 31.00 31.00 36.80 1}{36.80 0.00 0.00 0.00 46.00 0}
10 2 

RANKS: 1 -1 2 1 0
EVENT24: 1102 47da79_47de3e_47dfa8_47e0c7
COMP 4c-0: 46d300_46d535_46d5d9_46d655 (1 12706.00 2 12706.00 2 12706.00){0.00 0.00 0.00 0.00 5082.40 0}{5082.40 0.00 0.00 0.00 10164.80 0}{10164.80 12706.00 12706.00 12706.00 15247.20 1}{15247.20 0.00 0.00 0.00 20329.60 0}{20329.60 0.00 0.00 0.00 25412.00 0}
COMP 4c-1: 48253a_4828ba_4829f3_482ae7 (199 1863.36 2 1813.00 2 1914.00){0.00 0.00 0.00 0.00 764.00 0}{764.00 0.00 0.00 0.00 1528.00 0}{1528.00 1813.00 1863.13 1914.00 2292.00 199}{2292.00 0.00 0.00 0.00 3056.00 0}{3056.00 0.00 0.00 0.00 3820.00 0}
COMM 4b-0: 46d300_46d535_46d5d9_46d655 (1 772.00 2 772.00 2 772.00){0.00 0.00 0.00 0.00 308.80 0}{308.80 0.00 0.00 0.00 617.60 0}{617.60 772.00 772.00 772.00 926.40 1}{926.40 0.00 0.00 0.00 1235.20 0}{1235.20 0.00 0.00 0.00 1544.00 0}
COMM 4b-1: 48253a_4828ba_4829f3_482ae7 (199 8.95 2 2.00 2 1036.00){0.00 2.00 2.95 3.00 3.60 85}{3.60 4.00 4.00 4.00 4.80 87}{4.80 5.00 5.36 6.00 6.00 22}{6.00 7.00 8.50 11.00 12.00 4}{12.00 1036.00 1036.00 1036.00 2060.00 1}
LOOP0: iter: ( 200 )[ 1 -1 2 1 0 ] mem: ( 2 )[ 1 -1 2 1 0 ]
10 2 
12 250 
14 16 
1b 0 
2b 2 2 2 2 2 2 2 2 2 2 2 2 2 2 2 2 2 2 2 2 2 2 2 2 2 2 2 2 2 2 2 2 2 2 2 2 2 2 2 2 2 2 2 2 2 2 2 2 2 2 2 2 2 2 2 2 2 2 2 2 2 2 2 2 2 2 2 2 2 2 2 2 2 2 2 2 2 2 2 2 2 2 2 2 2 2 2 2 2 2 2 2 2 2 2 2 2 2 2 2 1 1 1 1 1 1 1 1 1 1 1 1 1 1 1 1 1 1 1 1 1 1 1 1 1 1 1 1 1 1 1 1 1 1 1 1 1 1 1 1 1 1 1 1 1 1 1 1 1 1 1 1 1 1 1 1 1 1 1 1 1 1 1 1 1 1 1 1 1 1 1 1 1 1 1 1 1 1 1 1 1 1 1 1 1 1 1 1 1 1 1 1 1 1 1 1 1 1 1 1 

RANKS: 1 -1 0 2 2
EVENT25: 1113 48253a_4828ba_4829f3_482ae7
COMP 4c-0: 46d300_46d535_46d5d9_46d655 (1 14399.00 0 14399.00 0 14399.00){0.00 0.00 0.00 0.00 5759.60 0}{5759.60 0.00 0.00 0.00 11519.20 0}{11519.20 14399.00 14399.00 14399.00 17278.80 1}{17278.80 0.00 0.00 0.00 23038.40 0}{23038.40 0.00 0.00 0.00 28798.00 0}
COMP 4c-1: 47da79_47de3e_47dfa8_47e0c7 (200 1691.67 2 1679.00 2 1705.00){0.00 0.00 0.00 0.00 681.60 0}{681.60 0.00 0.00 0.00 1363.20 0}{1363.20 1679.00 1691.61 1705.00 2044.80 200}{2044.80 0.00 0.00 0.00 2726.40 0}{2726.40 0.00 0.00 0.00 3408.00 0}
COMP 4c-2: 48253a_4828ba_4829f3_482ae7 (49551 1800.40 0 15.00 0 3602.00){0.00 0.00 0.00 0.00 6.00 0}{6.00 0.00 0.00 0.00 12.00 0}{12.00 15.00 17.88 18.00 24.00 24900}{24.00 0.00 0.00 0.00 30.00 0}{30.00 3600.00 3601.00 3602.00 7170.00 24651}
COMP 4c-3: 48b495_48b719_48b7ed_48b8a6 (248 198469.80 0 198456.00 0 198475.00){0.00 0.00 0.00 0.00 79382.40 0}{79382.40 0.00 0.00 0.00 158764.80 0}{158764.80 198456.00 198469.86 198475.00 238147.20 248}{238147.20 0.00 0.00 0.00 317529.60 0}{317529.60 0.00 0.00 0.00 396912.00 0}
COMM 4b-0: 46d300_46d535_46d5d9_46d655 (1 11.00 0 11.00 0 11.00){0.00 0.00 0.00 0.00 4.40 0}{4.40 0.00 0.00 0.00 8.80 0}{8.80 11.00 11.00 11.00 13.20 1}{13.20 0.00 0.00 0.00 17.60 0}{17.60 0.00 0.00 0.00 22.00 0}
COMM 4b-1: 47da79_47de3e_47dfa8_47e0c7 (200 3.23 2 2.00 2 14.00){0.00 2.00 2.00 2.00 2.80 31}{2.80 3.00 3.02 4.00 5.60 161}{5.60 7.00 7.00 7.00 8.40 1}{8.40 10.00 10.50 11.00 11.20 2}{11.20 12.00 13.20 14.00 14.00 5}
COMM 4b-2: 48253a_4828ba_4829f3_482ae7 (49551 2.67 0 1.00 0 43.00){0.00 1.00 1.90 2.00 2.40 27488}{2.40 3.00 3.00 3.04 3.20 21043}{3.20 4.00 4.00 4.00 4.00 246}{4.00 5.00 20.14 32.00 42.00 773}{42.00 43.00 43.00 43.00 44.00 1}
COMM 4b-3: 48b495_48b719_48b7ed_48b8a6 (248 9.68 0 8.00 0 12.00){0.00 0.00 0.00 0.00 3.60 0}{3.60 0.00 0.00 0.00 7.20 0}{7.20 8.00 9.45 10.00 10.80 211}{10.80 11.00 11.03 12.00 14.40 37}{14.40 0.00 0.00 0.00 18.00 0}
LOOP0: iter: ( 249 )[ 1 -1 0 1 0 ] mem: ( 5 )[ 1 -1 0 1 0 ]
LOOP1: iter: ( 200 )[ 1 -1 0 1 0 ] mem: ( 1 )[ 1 -1 0 1 0 ]
10 2 
12 250 
14 16 
1a ( 1 2 )[ 1 -1 0 1 0 ]
1a ( 1 1 1 1 1 1 1 1 1 1 1 1 1 1 1 1 1 1 1 1 1 1 1 1 1 1 1 1 1 1 1 1 1 1 1 1 1 1 1 1 1 1 1 1 1 1 1 1 1 1 1 1 1 1 1 1 1 1 1 1 1 1 1 1 1 1 1 1 1 1 1 1 1 1 1 1 1 1 1 1 1 1 1 1 1 1 1 1 1 1 1 1 1 1 1 1 1 1 1 1 2 2 2 2 2 2 2 2 2 2 2 2 2 2 2 2 2 2 2 2 2 2 2 2 2 2 2 2 2 2 2 2 2 2 2 2 2 2 2 2 2 2 2 2 2 2 2 2 2 2 2 2 2 2 2 2 2 2 2 2 2 2 2 2 2 2 2 2 2 2 2 2 2 2 2 2 2 2 2 2 2 2 2 2 2 2 2 2 2 2 2 2 2 2 2 2 2 2 2 2 )[ 1 -1 2 1 0 ]
1b 0 

RANKS: 2 -1 0 2 1 -1 3 1 0
EVENT26: 1102 47da79_47de3e_47dfa8_47e0c7
COMP 4c-0: 46d300_46d535_46d5d9_46d655 (2 12706.00 1 12706.00 1 12706.00){0.00 0.00 0.00 0.00 5082.40 0}{5082.40 0.00 0.00 0.00 10164.80 0}{10164.80 12706.00 12706.00 12706.00 15247.20 2}{15247.20 0.00 0.00 0.00 20329.60 0}{20329.60 0.00 0.00 0.00 25412.00 0}
COMP 4c-1: 47da79_47de3e_47dfa8_47e0c7 (99102 1769.09 0 15.00 3 3602.00){0.00 0.00 0.00 0.00 6.40 0}{6.40 0.00 0.00 0.00 12.80 0}{12.80 15.00 17.89 18.00 25.60 49800}{25.60 0.00 0.00 0.00 32.00 0}{32.00 3474.00 3538.02 3602.00 6916.00 49302}
COMP 4c-2: 48253a_4828ba_4829f3_482ae7 (50048 2828.04 0 1811.00 3 196655.00){0.00 0.00 0.00 0.00 724.80 0}{724.80 0.00 0.00 0.00 1449.60 0}{1449.60 1811.00 1862.82 1914.00 2899.20 49800}{2899.20 0.00 0.00 0.00 3624.00 0}{3624.00 196640.00 196653.34 196655.00 389686.00 248}
COMP 4c-3: 48b495_48b719_48b7ed_48b8a6 (248 196777.37 1 196764.00 1 196778.00){0.00 0.00 0.00 0.00 78705.60 0}{78705.60 0.00 0.00 0.00 157411.20 0}{157411.20 196764.00 196777.42 196778.00 236116.80 248}{236116.80 0.00 0.00 0.00 314822.40 0}{314822.40 0.00 0.00 0.00 393528.00 0}
COMM 4b-0: 46d300_46d535_46d5d9_46d655 (2 859.67 1 653.00 3 1273.00){0.00 0.00 0.00 0.00 261.20 0}{261.20 0.00 0.00 0.00 522.40 0}{522.40 653.00 653.00 653.00 783.60 1}{783.60 0.00 0.00 0.00 1044.80 0}{1044.80 1273.00 1273.00 1273.00 1306.00 1}
COMM 4b-1: 47da79_47de3e_47dfa8_47e0c7 (99102 8.31 0 1.00 3 393.00){0.00 1.00 7.88 26.00 26.00 97671}{26.00 26.09 30.19 50.00 50.00 1069}{50.00 50.86 52.72 101.00 144.00 343}{144.00 157.00 208.67 231.00 280.00 18}{280.00 393.00 393.00 393.00 506.00 1}
COMM 4b-2: 48253a_4828ba_4829f3_482ae7 (50048 35.16 1 2.00 0 3586.00){0.00 2.00 3.79 12.00 1048.00 49204}{1048.00 1312.57 1314.94 2061.00 2096.00 590}{2096.00 2123.00 3062.03 3144.00 3144.00 132}{3144.00 3145.00 3197.87 3586.00 4192.00 122}{4192.00 0.00 0.00 0.00 5240.00 0}
COMM 4b-3: 48b495_48b719_48b7ed_48b8a6 (248 609.00 1 16.00 1 921.00){0.00 0.00 0.00 0.00 6.40 0}{6.40 0.00 0.00 0.00 12.80 0}{12.80 16.00 16.00 16.00 25.60 1}{25.60 0.00 0.00 0.00 32.00 0}{32.00 411.00 613.81 921.00 1050.00 247}
LOOP0: iter: ( 200 )[ 1 -1 0 1 0 ]( 249 )[ 1 -1 1 2 2 ] mem: ( 1 )[ 1 -1 0 1 0 ]( 7 )[ 1 -1 1 1 0 ]( 5 )[ 1 -1 3 1 0 ]
LOOP1: iter: ( 200 )[ 1 -1 1 2 2 ] mem: ( 2 )[ 1 -1 1 1 0 ]( 1 )[ 1 -1 3 1 0 ]
10 2 
12 250 
14 16 
1b 0 
2b ( 1 2 )[ 1 -1 0 1 0 ]
2b ( 3 3 3 3 3 3 3 3 3 3 3 3 3 3 3 3 3 3 3 3 3 3 3 3 3 3 3 3 3 3 3 3 3 3 3 3 3 3 3 3 3 3 3 3 3 3 3 3 3 3 3 3 3 3 3 3 3 3 3 3 3 3 3 3 3 3 3 3 3 3 3 3 3 3 3 3 3 3 3 3 3 3 3 3 3 3 3 3 3 3 3 3 3 3 3 3 3 3 3 3 2 2 2 2 2 2 2 2 2 2 2 2 2 2 2 2 2 2 2 2 2 2 2 2 2 2 2 2 2 2 2 2 2 2 2 2 2 2 2 2 2 2 2 2 2 2 2 2 2 2 2 2 2 2 2 2 2 2 2 2 2 2 2 2 2 2 2 2 2 2 2 2 2 2 2 2 2 2 2 2 2 2 2 2 2 2 2 2 2 2 2 2 2 2 2 2 2 2 2 2 )[ 1 -1 1 1 0 ]
2b ( 3 2 )[ 1 -1 3 1 0 ]

RANKS: 1 -1 0 4 1
EVENT27: 1113 48253a_4828ba_4829f3_482ae7
COMP 4c-0: 47da79_47de3e_47dfa8_47e0c7 (50298 1826.47 1 1679.00 0 25371.00){0.00 1679.00 1708.87 5164.00 10148.00 50049}{10148.00 0.00 0.00 0.00 20296.00 0}{20296.00 25370.00 25370.02 25371.00 30444.00 249}{30444.00 0.00 0.00 0.00 40592.00 0}{40592.00 0.00 0.00 0.00 50740.00 0}
COMP 4c-1: 48253a_4828ba_4829f3_482ae7 (49552 1738.11 3 15.00 2 23708.00){0.00 0.00 0.00 0.00 6.00 0}{6.00 0.00 0.00 0.00 12.00 0}{12.00 15.00 17.74 18.00 30.00 24900}{30.00 3474.00 3475.03 3476.00 6920.00 24651}{6920.00 23708.00 23708.00 23708.00 40496.00 1}
COMP 4c-2: 48b495_48b719_48b7ed_48b8a6 (249 93778.02 0 93778.00 0 93779.00){0.00 0.00 0.00 0.00 37511.20 0}{37511.20 0.00 0.00 0.00 75022.40 0}{75022.40 93778.00 93778.02 93779.00 112533.60 249}{112533.60 0.00 0.00 0.00 150044.80 0}{150044.80 0.00 0.00 0.00 187556.00 0}
COMM 4b-0: 47da79_47de3e_47dfa8_47e0c7 (50298 4.31 1 2.00 0 243.00){0.00 2.00 3.13 28.00 96.40 50048}{96.40 0.00 0.00 0.00 192.80 0}{192.80 209.00 240.75 243.00 289.20 250}{289.20 0.00 0.00 0.00 385.60 0}{385.60 0.00 0.00 0.00 482.00 0}
COMM 4b-1: 48253a_4828ba_4829f3_482ae7 (49552 2.63 3 1.00 2 243.00){0.00 1.00 1.91 2.00 2.40 28802}{2.40 3.00 3.01 4.00 4.00 19962}{4.00 5.00 19.12 28.00 38.00 786}{38.00 43.00 43.00 43.00 48.00 1}{48.00 243.00 243.00 243.00 438.00 1}
COMM 4b-2: 48b495_48b719_48b7ed_48b8a6 (249 247.37 0 238.00 0 1224.00){0.00 238.00 239.50 268.00 489.60 248}{489.60 0.00 0.00 0.00 979.20 0}{979.20 1224.00 1224.00 1224.00 1468.80 1}{1468.80 0.00 0.00 0.00 1958.40 0}{1958.40 0.00 0.00 0.00 2448.00 0}
LOOP0: iter: ( 2 )[ 1 -1 0 1 0 ]( 200 )[ 1 -1 3 1 0 ] mem: ( 3 )[ 1 -1 0 1 0 ]( 1 )[ 1 -1 3 1 0 ]
10 2 
12 ( 52020 )[ 1 -1 0 2 2 ]
12 ( 250 )[ 1 -1 1 2 2 ]
14 16 
1a ( 1 2 )[ 1 -1 0 1 0 ]
1a ( 2 2 2 2 2 2 2 2 2 2 2 2 2 2 2 2 2 2 2 2 2 2 2 2 2 2 2 2 2 2 2 2 2 2 2 2 2 2 2 2 2 2 2 2 2 2 2 2 2 2 2 2 2 2 2 2 2 2 2 2 2 2 2 2 2 2 2 2 2 2 2 2 2 2 2 2 2 2 2 2 2 2 2 2 2 2 2 2 2 2 2 2 2 2 2 2 2 2 2 2 3 3 3 3 3 3 3 3 3 3 3 3 3 3 3 3 3 3 3 3 3 3 3 3 3 3 3 3 3 3 3 3 3 3 3 3 3 3 3 3 3 3 3 3 3 3 3 3 3 3 3 3 3 3 3 3 3 3 3 3 3 3 3 3 3 3 3 3 3 3 3 3 3 3 3 3 3 3 3 3 3 3 3 3 3 3 3 3 3 3 3 3 3 3 3 3 3 3 3 3 )[ 1 -1 1 1 0 ]
1a ( 3 2 )[ 1 -1 3 1 0 ]
1a ( 1 )[ 1 -1 2 1 0 ]
1b 0 

RANKS: 1 -1 0 4 1
EVENT28: 1090 47a406_47a7db_47a946_47aa67
COMP 4c-0: 48253a_4828ba_4829f3_482ae7 (1493 23429.14 0 14.00 3 93482.00){0.00 0.00 0.00 0.00 6.00 0}{6.00 0.00 0.00 0.00 12.00 0}{12.00 14.00 18.82 29.00 30.00 746}{30.00 23518.00 23518.69 23520.00 47006.00 498}{47006.00 93481.00 93481.04 93482.00 139958.00 249}
COMP 4c-1: 48b495_48b719_48b7ed_48b8a6 (248 93595.00 2 93595.00 2 93595.00){0.00 0.00 0.00 0.00 37438.00 0}{37438.00 0.00 0.00 0.00 74876.00 0}{74876.00 93595.00 93595.00 93595.00 112314.00 248}{112314.00 0.00 0.00 0.00 149752.00 0}{149752.00 0.00 0.00 0.00 187190.00 0}
COMM 4b-0: 48253a_4828ba_4829f3_482ae7 (1493 2.45 0 1.00 3 21.00){0.00 1.00 1.00 1.00 1.60 23}{1.60 2.00 2.00 2.00 2.40 833}{2.40 3.00 3.00 3.00 3.20 615}{3.20 4.00 4.00 4.00 4.00 19}{4.00 15.00 17.33 21.00 38.00 3}
COMM 4b-1: 48b495_48b719_48b7ed_48b8a6 (248 2.60 2 2.00 2 4.00){0.00 0.00 0.00 0.00 1.20 0}{1.20 2.00 2.00 2.00 2.40 107}{2.40 3.00 3.00 3.00 3.60 134}{3.60 4.00 4.00 4.00 4.80 7}{4.80 0.00 0.00 0.00 6.00 0}
LOOP0: iter: ( 2 )[ 1 -1 3 1 0 ]( 248 )[ 1 -1 2 1 0 ] mem: ( 3 )[ 1 -1 3 1 0 ]( 5 )[ 1 -1 2 1 0 ]
LOOP1: iter: ( 2 )[ 1 -1 2 1 0 ] mem: ( 2 )[ 1 -1 2 1 0 ]
10 2 
12 52020 
14 16 
1b 0 
2b 2147483647 

RANKS: 1 -1 0 4 1
EVENT29: 1148 48b495_48b719_48b7ed_48b8a6
COMP 4c-0: 47a406_47a7db_47a946_47aa67 (1741 14.58 0 14.00 0 15.00){0.00 0.00 0.00 0.00 6.00 0}{6.00 0.00 0.00 0.00 12.00 0}{12.00 14.00 14.58 15.00 18.00 1741}{18.00 0.00 0.00 0.00 24.00 0}{24.00 0.00 0.00 0.00 30.00 0}
COMM 4b-0: 47a406_47a7db_47a946_47aa67 (1741 901.72 2 236.00 3 2514.00){0.00 236.00 320.01 390.00 392.00 247}{392.00 396.00 453.28 544.00 588.00 499}{588.00 607.40 857.76 952.00 980.00 246}{980.00 1001.00 1067.56 1767.00 2068.00 501}{2068.00 2088.70 2093.60 2514.00 2960.00 248}
1c 9999 

RANKS: 1 -1 2 1 0
EVENT30: 1113 48253a_4828ba_4829f3_482ae7
COMP 4c-0: 47da79_47de3e_47dfa8_47e0c7 (49352 1695.44 2 1679.00 2 1708.00){0.00 0.00 0.00 0.00 681.60 0}{681.60 0.00 0.00 0.00 1363.20 0}{1363.20 1679.00 1695.44 1708.00 2044.80 49352}{2044.80 0.00 0.00 0.00 2726.40 0}{2726.40 0.00 0.00 0.00 3408.00 0}
COMP 4c-1: 48b495_48b719_48b7ed_48b8a6 (248 373.21 2 373.00 2 374.00){0.00 0.00 0.00 0.00 149.20 0}{149.20 0.00 0.00 0.00 298.40 0}{298.40 373.00 373.21 374.00 447.60 248}{447.60 0.00 0.00 0.00 596.80 0}{596.80 0.00 0.00 0.00 746.00 0}
COMM 4b-0: 47da79_47de3e_47dfa8_47e0c7 (49352 3.23 2 2.00 2 36.00){0.00 2.00 2.90 6.00 6.40 47602}{6.40 7.00 7.28 8.00 9.60 232}{9.60 10.00 12.98 16.00 16.00 1507}{16.00 19.00 21.43 24.00 26.00 7}{26.00 27.00 32.50 36.00 46.00 4}
COMM 4b-1: 48b495_48b719_48b7ed_48b8a6 (248 230.75 2 229.00 2 242.00){0.00 0.00 0.00 0.00 92.40 0}{92.40 0.00 0.00 0.00 184.80 0}{184.80 229.00 230.75 242.00 277.20 248}{277.20 0.00 0.00 0.00 369.60 0}{369.60 0.00 0.00 0.00 462.00 0}
LOOP0: iter: ( 200 )[ 1 -1 2 1 0 ] mem: ( 2 )[ 1 -1 2 1 0 ]
10 2 
12 52020 250 250 250 250 250 250 250 250 250 250 250 250 250 250 250 250 250 250 250 250 250 250 250 250 250 250 250 250 250 250 250 250 250 250 250 250 250 250 250 250 250 250 250 250 250 250 250 250 250 250 250 250 250 250 250 250 250 250 250 250 250 250 250 250 250 250 250 250 250 250 250 250 250 250 250 250 250 250 250 250 250 250 250 250 250 250 250 250 250 250 250 250 250 250 250 250 250 250 250 250 250 250 250 250 250 250 250 250 250 250 250 250 250 250 250 250 250 250 250 250 250 250 250 250 250 250 250 250 250 250 250 250 250 250 250 250 250 250 250 250 250 250 250 250 250 250 250 250 250 250 250 250 250 250 250 250 250 250 250 250 250 250 250 250 250 250 250 250 250 250 250 250 250 250 250 250 250 250 250 250 250 250 250 250 250 250 250 250 250 250 250 250 250 250 250 250 250 250 250 
14 16 
1a 2 1 1 1 1 1 1 1 1 1 1 1 1 1 1 1 1 1 1 1 1 1 1 1 1 1 1 1 1 1 1 1 1 1 1 1 1 1 1 1 1 1 1 1 1 1 1 1 1 1 1 1 1 1 1 1 1 1 1 1 1 1 1 1 1 1 1 1 1 1 1 1 1 1 1 1 1 1 1 1 1 1 1 1 1 1 1 1 1 1 1 1 1 1 1 1 1 1 1 1 1 2 2 2 2 2 2 2 2 2 2 2 2 2 2 2 2 2 2 2 2 2 2 2 2 2 2 2 2 2 2 2 2 2 2 2 2 2 2 2 2 2 2 2 2 2 2 2 2 2 2 2 2 2 2 2 2 2 2 2 2 2 2 2 2 2 2 2 2 2 2 2 2 2 2 2 2 2 2 2 2 2 2 2 2 2 2 2 2 2 2 2 2 2 2 2 2 2 2 2 
1b 0 

RANKS: 1 -1 2 1 0
EVENT31: 1102 47da79_47de3e_47dfa8_47e0c7
COMP 4c-0: 48253a_4828ba_4829f3_482ae7 (49600 2837.30 2 1809.00 2 196636.00){0.00 1809.00 1859.51 1911.00 78654.40 49352}{78654.40 0.00 0.00 0.00 157308.80 0}{157308.80 196635.00 196636.00 196636.00 235963.20 248}{235963.20 0.00 0.00 0.00 314617.60 0}{314617.60 0.00 0.00 0.00 393272.00 0}
COMM 4b-0: 48253a_4828ba_4829f3_482ae7 (49600 13.26 2 1.00 2 1238.00){0.00 1.00 3.78 175.00 264.80 49104}{264.80 0.00 0.00 0.00 529.60 0}{529.60 659.00 743.90 791.00 794.40 10}{794.40 798.00 949.84 1049.00 1059.20 473}{1059.20 1064.00 1126.38 1238.00 1324.00 13}
10 2 
12 250 
14 16 
1b 0 
2b 2 2 2 2 2 2 2 2 2 2 2 2 2 2 2 2 2 2 2 2 2 2 2 2 2 2 2 2 2 2 2 2 2 2 2 2 2 2 2 2 2 2 2 2 2 2 2 2 2 2 2 2 2 2 2 2 2 2 2 2 2 2 2 2 2 2 2 2 2 2 2 2 2 2 2 2 2 2 2 2 2 2 2 2 2 2 2 2 2 2 2 2 2 2 2 2 2 2 2 2 1 1 1 1 1 1 1 1 1 1 1 1 1 1 1 1 1 1 1 1 1 1 1 1 1 1 1 1 1 1 1 1 1 1 1 1 1 1 1 1 1 1 1 1 1 1 1 1 1 1 1 1 1 1 1 1 1 1 1 1 1 1 1 1 1 1 1 1 1 1 1 1 1 1 1 1 1 1 1 1 1 1 1 1 1 1 1 1 1 1 1 1 1 1 1 1 1 1 1 1 

RANKS: 1 -1 0 4 1
EVENT32: 1113 48253a_4828ba_4829f3_482ae7
COMP 4c-0: 47da79_47de3e_47dfa8_47e0c7 (248 1682.82 2 1681.00 2 1684.00){0.00 0.00 0.00 0.00 672.80 0}{672.80 0.00 0.00 0.00 1345.60 0}{1345.60 1681.00 1682.83 1684.00 2018.40 248}{2018.40 0.00 0.00 0.00 2691.20 0}{2691.20 0.00 0.00 0.00 3364.00 0}
COMP 4c-1: 48253a_4828ba_4829f3_482ae7 (696 42409.80 0 15.00 1 93665.00){0.00 0.00 0.00 0.00 6.00 0}{6.00 0.00 0.00 0.00 12.00 0}{12.00 15.00 17.97 18.00 30.00 100}{30.00 3601.00 3601.00 3601.00 7172.00 99}{7172.00 23704.00 58755.16 93665.00 180156.00 497}
COMP 4c-2: 48b495_48b719_48b7ed_48b8a6 (748 899.41 1 370.00 0 198475.00){0.00 370.00 370.43 371.00 79390.00 747}{79390.00 0.00 0.00 0.00 158780.00 0}{158780.00 198475.00 198475.00 198475.00 238170.00 1}{238170.00 0.00 0.00 0.00 317560.00 0}{317560.00 0.00 0.00 0.00 396950.00 0}
COMM 4b-0: 47da79_47de3e_47dfa8_47e0c7 (248 3.14 2 2.00 2 11.00){0.00 2.00 2.98 4.00 4.40 244}{4.40 0.00 0.00 0.00 8.80 0}{8.80 11.00 11.00 11.00 13.20 4}{13.20 0.00 0.00 0.00 17.60 0}{17.60 0.00 0.00 0.00 22.00 0}
COMM 4b-1: 48253a_4828ba_4829f3_482ae7 (696 173.99 0 1.00 1 256.00){0.00 1.00 1.90 2.00 2.40 107}{2.40 3.00 3.00 3.00 3.60 86}{3.60 4.00 4.00 4.00 6.00 3}{6.00 16.00 21.00 25.00 44.00 3}{44.00 240.00 242.93 256.00 438.00 497}
COMM 4b-2: 48b495_48b719_48b7ed_48b8a6 (748 232.95 0 11.00 1 255.00){0.00 0.00 0.00 0.00 4.40 0}{4.40 0.00 0.00 0.00 8.80 0}{8.80 11.00 11.00 11.00 17.60 1}{17.60 0.00 0.00 0.00 22.00 0}{22.00 230.00 233.54 255.00 438.00 747}
LOOP0: iter: ( 200 )[ 1 -1 0 1 0 ]( 2 )[ 1 -1 1 2 1 ] mem: ( 1 )[ 1 -1 0 3 1 ]
10 2 
12 ( 250 )[ 1 -1 0 1 0 ]
12 ( 52020 )[ 1 -1 1 2 2 ]
12 ( 250 52020 )[ 1 -1 2 1 0 ]
14 16 
1a ( 1 2 )[ 1 -1 0 1 0 ]
1a ( 3 2 )[ 1 -1 1 2 2 ]
1a ( 2 1 )[ 1 -1 2 1 0 ]
1b 0 

RANKS: 1 -1 1 2 1
EVENT33: 1090 47a406_47a7db_47a946_47aa67
COMP 4c-0: 48253a_4828ba_4829f3_482ae7 (250 16.03 1 16.00 2 24.00){0.00 0.00 0.00 0.00 6.40 0}{6.40 0.00 0.00 0.00 12.80 0}{12.80 16.00 16.00 16.00 19.20 249}{19.20 24.00 24.00 24.00 25.60 1}{25.60 0.00 0.00 0.00 32.00 0}
COMP 4c-1: 48b495_48b719_48b7ed_48b8a6 (1 93595.00 2 93595.00 2 93595.00){0.00 0.00 0.00 0.00 37438.00 0}{37438.00 0.00 0.00 0.00 74876.00 0}{74876.00 93595.00 93595.00 93595.00 112314.00 1}{112314.00 0.00 0.00 0.00 149752.00 0}{149752.00 0.00 0.00 0.00 187190.00 0}
COMM 4b-0: 48253a_4828ba_4829f3_482ae7 (250 1.99 1 1.00 1 13.00){0.00 0.00 0.00 0.00 0.80 0}{0.80 1.00 1.00 1.00 1.60 18}{1.60 2.00 2.00 2.00 2.40 227}{2.40 3.00 3.00 3.00 4.00 4}{4.00 13.00 13.00 13.00 22.00 1}
COMM 4b-1: 48b495_48b719_48b7ed_48b8a6 (1 2.00 2 2.00 2 2.00){0.00 0.00 0.00 0.00 0.80 0}{0.80 0.00 0.00 0.00 1.60 0}{1.60 2.00 2.00 2.00 2.40 1}{2.40 0.00 0.00 0.00 3.20 0}{3.20 0.00 0.00 0.00 4.00 0}
LOOP0: iter: ( 2 )[ 1 -1 2 1 0 ] mem: ( 2 )[ 1 -1 2 1 0 ]
10 2 
12 52020 
14 16 
1b 0 
2b 2147483647 

RANKS: 1 -1 1 2 1
EVENT34: 1148 48b495_48b719_48b7ed_48b8a6
COMP 4c-0: 47a406_47a7db_47a946_47aa67 (251 14.98 1 14.00 1 16.00){0.00 0.00 0.00 0.00 6.00 0}{6.00 0.00 0.00 0.00 12.00 0}{12.00 14.00 14.98 16.00 18.00 251}{18.00 0.00 0.00 0.00 24.00 0}{24.00 0.00 0.00 0.00 30.00 0}
COMM 4b-0: 47a406_47a7db_47a946_47aa67 (251 364.79 2 314.00 2 825.00){0.00 0.00 0.00 0.00 144.80 0}{144.80 0.00 0.00 0.00 289.60 0}{289.60 314.00 362.96 388.00 579.20 250}{579.20 0.00 0.00 0.00 724.00 0}{724.00 825.00 825.00 825.00 926.00 1}
1c 9999 

RANKS: 1 -1 2 1 0
EVENT35: 1113 48253a_4828ba_4829f3_482ae7
COMP 4c-0: 47da79_47de3e_47dfa8_47e0c7 (199 1695.49 2 1682.00 2 1708.00){0.00 0.00 0.00 0.00 682.00 0}{682.00 0.00 0.00 0.00 1364.00 0}{1364.00 1682.00 1695.45 1708.00 2046.00 199}{2046.00 0.00 0.00 0.00 2728.00 0}{2728.00 0.00 0.00 0.00 3410.00 0}
COMP 4c-1: 48b495_48b719_48b7ed_48b8a6 (1 374.00 2 374.00 2 374.00){0.00 0.00 0.00 0.00 149.60 0}{149.60 0.00 0.00 0.00 299.20 0}{299.20 374.00 374.00 374.00 448.80 1}{448.80 0.00 0.00 0.00 598.40 0}{598.40 0.00 0.00 0.00 748.00 0}
COMM 4b-0: 47da79_47de3e_47dfa8_47e0c7 (199 3.24 2 2.00 2 15.00){0.00 2.00 2.87 3.00 3.20 191}{3.20 4.00 4.00 4.00 6.40 1}{6.40 8.00 8.00 8.00 9.60 1}{9.60 12.00 12.00 12.00 12.80 2}{12.80 13.00 13.75 15.00 16.00 4}
COMM 4b-1: 48b495_48b719_48b7ed_48b8a6 (1 230.00 2 230.00 2 230.00){0.00 0.00 0.00 0.00 92.00 0}{92.00 0.00 0.00 0.00 184.00 0}{184.00 230.00 230.00 230.00 276.00 1}{276.00 0.00 0.00 0.00 368.00 0}{368.00 0.00 0.00 0.00 460.00 0}
LOOP0: iter: ( 200 )[ 1 -1 2 1 0 ] mem: ( 2 )[ 1 -1 2 1 0 ]
10 2 
12 52020 250 250 250 250 250 250 250 250 250 250 250 250 250 250 250 250 250 250 250 250 250 250 250 250 250 250 250 250 250 250 250 250 250 250 250 250 250 250 250 250 250 250 250 250 250 250 250 250 250 250 250 250 250 250 250 250 250 250 250 250 250 250 250 250 250 250 250 250 250 250 250 250 250 250 250 250 250 250 250 250 250 250 250 250 250 250 250 250 250 250 250 250 250 250 250 250 250 250 250 250 250 250 250 250 250 250 250 250 250 250 250 250 250 250 250 250 250 250 250 250 250 250 250 250 250 250 250 250 250 250 250 250 250 250 250 250 250 250 250 250 250 250 250 250 250 250 250 250 250 250 250 250 250 250 250 250 250 250 250 250 250 250 250 250 250 250 250 250 250 250 250 250 250 250 250 250 250 250 250 250 250 250 250 250 250 250 250 250 250 250 250 250 250 250 250 250 250 250 250 
14 16 
1a 2 1 1 1 1 1 1 1 1 1 1 1 1 1 1 1 1 1 1 1 1 1 1 1 1 1 1 1 1 1 1 1 1 1 1 1 1 1 1 1 1 1 1 1 1 1 1 1 1 1 1 1 1 1 1 1 1 1 1 1 1 1 1 1 1 1 1 1 1 1 1 1 1 1 1 1 1 1 1 1 1 1 1 1 1 1 1 1 1 1 1 1 1 1 1 1 1 1 1 1 1 2 2 2 2 2 2 2 2 2 2 2 2 2 2 2 2 2 2 2 2 2 2 2 2 2 2 2 2 2 2 2 2 2 2 2 2 2 2 2 2 2 2 2 2 2 2 2 2 2 2 2 2 2 2 2 2 2 2 2 2 2 2 2 2 2 2 2 2 2 2 2 2 2 2 2 2 2 2 2 2 2 2 2 2 2 2 2 2 2 2 2 2 2 2 2 2 2 2 2 
1b 0 

RANKS: 1 -1 0 4 1
EVENT36: 1102 47da79_47de3e_47dfa8_47e0c7
COMP 4c-0: 47da79_47de3e_47dfa8_47e0c7 (398 1764.86 0 15.00 3 3602.00){0.00 0.00 0.00 0.00 6.00 0}{6.00 0.00 0.00 0.00 12.00 0}{12.00 15.00 17.96 18.00 24.00 200}{24.00 0.00 0.00 0.00 30.00 0}{30.00 3475.00 3538.24 3602.00 6920.00 198}
COMP 4c-1: 48253a_4828ba_4829f3_482ae7 (401 2829.91 2 1809.00 3 196655.00){0.00 0.00 0.00 0.00 724.80 0}{724.80 0.00 0.00 0.00 1449.60 0}{1449.60 1809.00 1860.95 1913.00 2899.20 399}{2899.20 0.00 0.00 0.00 3624.00 0}{3624.00 196636.00 196645.50 196655.00 389686.00 2}
COMP 4c-2: 48b495_48b719_48b7ed_48b8a6 (1 196778.00 1 196778.00 1 196778.00){0.00 0.00 0.00 0.00 78711.20 0}{78711.20 0.00 0.00 0.00 157422.40 0}{157422.40 196778.00 196778.00 196778.00 236133.60 1}{236133.60 0.00 0.00 0.00 314844.80 0}{314844.80 0.00 0.00 0.00 393556.00 0}
COMM 4b-0: 47da79_47de3e_47dfa8_47e0c7 (398 8.00 0 1.00 3 71.00){0.00 1.00 1.00 1.00 1.60 75}{1.60 2.00 2.00 2.00 2.00 35}{2.00 3.00 10.22 28.00 28.00 285}{28.00 29.00 30.50 32.00 36.00 2}{36.00 71.00 71.00 71.00 106.00 1}
COMM 4b-1: 48253a_4828ba_4829f3_482ae7 (401 32.30 1 2.00 0 3092.00){0.00 2.00 9.04 1014.00 1236.80 398}{1236.80 1467.00 1603.00 1739.00 2473.60 2}{2473.60 3092.00 3092.00 3092.00 3710.40 1}{3710.40 0.00 0.00 0.00 4947.20 0}{4947.20 0.00 0.00 0.00 6184.00 0}
COMM 4b-2: 48b495_48b719_48b7ed_48b8a6 (1 729.00 1 729.00 1 729.00){0.00 0.00 0.00 0.00 291.60 0}{291.60 0.00 0.00 0.00 583.20 0}{583.20 729.00 729.00 729.00 874.80 1}{874.80 0.00 0.00 0.00 1166.40 0}{1166.40 0.00 0.00 0.00 1458.00 0}
LOOP0: iter: ( 200 )[ 2 -1 0 2 1 -1 3 1 0 ] mem: ( 1 )[ 1 -1 0 2 3 ]( 2 )[ 1 -1 1 1 0 ]
10 2 
12 250 
14 16 
1b 0 
2b ( 1 2 )[ 1 -1 0 1 0 ]
2b ( 3 3 3 3 3 3 3 3 3 3 3 3 3 3 3 3 3 3 3 3 3 3 3 3 3 3 3 3 3 3 3 3 3 3 3 3 3 3 3 3 3 3 3 3 3 3 3 3 3 3 3 3 3 3 3 3 3 3 3 3 3 3 3 3 3 3 3 3 3 3 3 3 3 3 3 3 3 3 3 3 3 3 3 3 3 3 3 3 3 3 3 3 3 3 3 3 3 3 3 3 2 2 2 2 2 2 2 2 2 2 2 2 2 2 2 2 2 2 2 2 2 2 2 2 2 2 2 2 2 2 2 2 2 2 2 2 2 2 2 2 2 2 2 2 2 2 2 2 2 2 2 2 2 2 2 2 2 2 2 2 2 2 2 2 2 2 2 2 2 2 2 2 2 2 2 2 2 2 2 2 2 2 2 2 2 2 2 2 2 2 2 2 2 2 2 2 2 2 2 2 )[ 1 -1 1 1 0 ]
2b ( 3 2 )[ 1 -1 3 1 0 ]
2b ( 2 2 2 2 2 2 2 2 2 2 2 2 2 2 2 2 2 2 2 2 2 2 2 2 2 2 2 2 2 2 2 2 2 2 2 2 2 2 2 2 2 2 2 2 2 2 2 2 2 2 2 2 2 2 2 2 2 2 2 2 2 2 2 2 2 2 2 2 2 2 2 2 2 2 2 2 2 2 2 2 2 2 2 2 2 2 2 2 2 2 2 2 2 2 2 2 2 2 2 2 1 1 1 1 1 1 1 1 1 1 1 1 1 1 1 1 1 1 1 1 1 1 1 1 1 1 1 1 1 1 1 1 1 1 1 1 1 1 1 1 1 1 1 1 1 1 1 1 1 1 1 1 1 1 1 1 1 1 1 1 1 1 1 1 1 1 1 1 1 1 1 1 1 1 1 1 1 1 1 1 1 1 1 1 1 1 1 1 1 1 1 1 1 1 1 1 1 1 1 1 )[ 1 -1 2 1 0 ]

RANKS: 1 -1 1 3 1
EVENT37: 1113 48253a_4828ba_4829f3_482ae7
COMP 4c-0: 47da79_47de3e_47dfa8_47e0c7 (202 1708.65 1 1679.00 3 5164.00){0.00 0.00 0.00 0.00 681.60 0}{681.60 0.00 0.00 0.00 1363.20 0}{1363.20 1679.00 1691.48 1704.00 2726.40 201}{2726.40 0.00 0.00 0.00 3408.00 0}{3408.00 5164.00 5164.00 5164.00 6920.00 1}
COMP 4c-1: 48253a_4828ba_4829f3_482ae7 (199 1729.18 3 15.00 3 3475.00){0.00 0.00 0.00 0.00 6.00 0}{6.00 0.00 0.00 0.00 12.00 0}{12.00 15.00 17.97 18.00 24.00 100}{24.00 0.00 0.00 0.00 30.00 0}{30.00 3475.00 3475.00 3475.00 6920.00 99}
COMM 4b-0: 47da79_47de3e_47dfa8_47e0c7 (202 3.13 1 2.00 1 14.00){0.00 2.00 2.00 2.00 2.80 42}{2.80 3.00 3.01 4.00 5.60 152}{5.60 6.00 6.50 7.00 8.40 2}{8.40 11.00 11.00 11.00 11.20 1}{11.20 12.00 12.60 14.00 14.00 5}
COMM 4b-1: 48253a_4828ba_4829f3_482ae7 (199 2.67 3 1.00 3 22.00){0.00 0.00 0.00 0.00 0.80 0}{0.80 1.00 1.00 1.00 1.60 7}{1.60 2.00 2.00 2.00 2.40 101}{2.40 3.00 3.00 3.00 4.00 88}{4.00 17.00 19.67 22.00 36.00 3}
LOOP0: iter: ( 200 )[ 1 -1 3 1 0 ] mem: ( 1 )[ 1 -1 3 1 0 ]
10 2 
12 250 
14 16 
1a ( 2 2 2 2 2 2 2 2 2 2 2 2 2 2 2 2 2 2 2 2 2 2 2 2 2 2 2 2 2 2 2 2 2 2 2 2 2 2 2 2 2 2 2 2 2 2 2 2 2 2 2 2 2 2 2 2 2 2 2 2 2 2 2 2 2 2 2 2 2 2 2 2 2 2 2 2 2 2 2 2 2 2 2 2 2 2 2 2 2 2 2 2 2 2 2 2 2 2 2 2 3 3 3 3 3 3 3 3 3 3 3 3 3 3 3 3 3 3 3 3 3 3 3 3 3 3 3 3 3 3 3 3 3 3 3 3 3 3 3 3 3 3 3 3 3 3 3 3 3 3 3 3 3 3 3 3 3 3 3 3 3 3 3 3 3 3 3 3 3 3 3 3 3 3 3 3 3 3 3 3 3 3 3 3 3 3 3 3 3 3 3 3 3 3 3 3 3 3 3 3 )[ 1 -1 1 1 0 ]
1a ( 3 2 )[ 1 -1 3 1 0 ]
1a ( 2 )[ 1 -1 2 1 0 ]
1b 0 

RANKS: 1 -1 0 4 1
EVENT38: 1004 46a96f_46accf_46ae12_46af04
COMP 4c-0: 47da79_47de3e_47dfa8_47e0c7 (1 24523.00 0 24523.00 0 24523.00){0.00 0.00 0.00 0.00 9809.20 0}{9809.20 0.00 0.00 0.00 19618.40 0}{19618.40 24523.00 24523.00 24523.00 29427.60 1}{29427.60 0.00 0.00 0.00 39236.80 0}{39236.80 0.00 0.00 0.00 49046.00 0}
COMP 4c-1: 48253a_4828ba_4829f3_482ae7 (3 22859.00 2 22857.00 1 22860.00){0.00 0.00 0.00 0.00 9144.00 0}{9144.00 0.00 0.00 0.00 18288.00 0}{18288.00 22857.00 22858.67 22860.00 27432.00 3}{27432.00 0.00 0.00 0.00 36576.00 0}{36576.00 0.00 0.00 0.00 45720.00 0}
COMM 4b-0: 47da79_47de3e_47dfa8_47e0c7 (1 18.00 0 18.00 0 18.00){0.00 0.00 0.00 0.00 7.20 0}{7.20 0.00 0.00 0.00 14.40 0}{14.40 18.00 18.00 18.00 21.60 1}{21.60 0.00 0.00 0.00 28.80 0}{28.80 0.00 0.00 0.00 36.00 0}
COMM 4b-1: 48253a_4828ba_4829f3_482ae7 (3 1172.25 2 535.00 3 2284.00){0.00 0.00 0.00 0.00 374.00 0}{374.00 535.00 535.00 535.00 748.00 1}{748.00 935.00 935.00 935.00 1496.00 1}{1496.00 0.00 0.00 0.00 1870.00 0}{1870.00 2284.00 2284.00 2284.00 2698.00 1}
10 2 
12 5 
14 16 
18 3 

RANKS: 1 -1 0 2 2
EVENT39: 1113 48253a_4828ba_4829f3_482ae7
COMP 4c-0: 46a96f_46accf_46ae12_46af04 (2 11659.00 0 11659.00 0 11659.00){0.00 0.00 0.00 0.00 4663.60 0}{4663.60 0.00 0.00 0.00 9327.20 0}{9327.20 11659.00 11659.00 11659.00 13990.80 2}{13990.80 0.00 0.00 0.00 18654.40 0}{18654.40 0.00 0.00 0.00 23318.00 0}
COMP 4c-1: 48b495_48b719_48b7ed_48b8a6 (1 93778.00 0 93778.00 0 93778.00){0.00 0.00 0.00 0.00 37511.20 0}{37511.20 0.00 0.00 0.00 75022.40 0}{75022.40 93778.00 93778.00 93778.00 112533.60 1}{112533.60 0.00 0.00 0.00 150044.80 0}{150044.80 0.00 0.00 0.00 187556.00 0}
COMM 4b-0: 46a96f_46accf_46ae12_46af04 (2 240.33 0 240.00 2 241.00){0.00 0.00 0.00 0.00 96.00 0}{96.00 0.00 0.00 0.00 192.00 0}{192.00 240.00 240.50 241.00 288.00 2}{288.00 0.00 0.00 0.00 384.00 0}{384.00 0.00 0.00 0.00 480.00 0}
COMM 4b-1: 48b495_48b719_48b7ed_48b8a6 (1 240.00 0 240.00 0 240.00){0.00 0.00 0.00 0.00 96.00 0}{96.00 0.00 0.00 0.00 192.00 0}{192.00 240.00 240.00 240.00 288.00 1}{288.00 0.00 0.00 0.00 384.00 0}{384.00 0.00 0.00 0.00 480.00 0}
LOOP0: iter: ( 2 )[ 1 -1 0 1 0 ] mem: ( 3 )[ 1 -1 0 1 0 ]
10 2 
12 52020 
14 16 
1a ( 1 2 )[ 1 -1 0 1 0 ]
1a ( 1 )[ 1 -1 2 1 0 ]
1b 0 

RANKS: 1 -1 0 4 1
EVENT40: 1090 47a406_47a7db_47a946_47aa67
COMP 4c-0: 46a96f_46accf_46ae12_46af04 (2 11470.00 1 11470.00 1 11470.00){0.00 0.00 0.00 0.00 4588.00 0}{4588.00 0.00 0.00 0.00 9176.00 0}{9176.00 11470.00 11470.00 11470.00 13764.00 2}{13764.00 0.00 0.00 0.00 18352.00 0}{18352.00 0.00 0.00 0.00 22940.00 0}
COMP 4c-1: 48253a_4828ba_4829f3_482ae7 (4 18708.00 0 14.00 3 93481.00){0.00 0.00 0.00 0.00 6.00 0}{6.00 0.00 0.00 0.00 12.00 0}{12.00 14.00 14.67 15.00 24.00 3}{24.00 0.00 0.00 0.00 30.00 0}{30.00 93481.00 93481.00 93481.00 186932.00 1}
COMP 4c-2: 48b495_48b719_48b7ed_48b8a6 (1 93595.00 2 93595.00 2 93595.00){0.00 0.00 0.00 0.00 37438.00 0}{37438.00 0.00 0.00 0.00 74876.00 0}{74876.00 93595.00 93595.00 93595.00 112314.00 1}{112314.00 0.00 0.00 0.00 149752.00 0}{149752.00 0.00 0.00 0.00 187190.00 0}
COMM 4b-0: 46a96f_46accf_46ae12_46af04 (2 3.00 1 3.00 1 3.00){0.00 0.00 0.00 0.00 1.20 0}{1.20 0.00 0.00 0.00 2.40 0}{2.40 3.00 3.00 3.00 3.60 2}{3.60 0.00 0.00 0.00 4.80 0}{4.80 0.00 0.00 0.00 6.00 0}
COMM 4b-1: 48253a_4828ba_4829f3_482ae7 (4 2.00 0 1.00 3 3.00){0.00 0.00 0.00 0.00 0.80 0}{0.80 1.00 1.00 1.00 1.60 1}{1.60 2.00 2.00 2.00 2.40 2}{2.40 3.00 3.00 3.00 3.20 1}{3.20 0.00 0.00 0.00 4.00 0}
COMM 4b-2: 48b495_48b719_48b7ed_48b8a6 (1 3.00 2 3.00 2 3.00){0.00 0.00 0.00 0.00 1.20 0}{1.20 0.00 0.00 0.00 2.40 0}{2.40 3.00 3.00 3.00 3.60 1}{3.60 0.00 0.00 0.00 4.80 0}{4.80 0.00 0.00 0.00 6.00 0}
LOOP0: iter: ( 2 )[ 1 -1 2 2 1 ] mem: ( 3 )[ 1 -1 3 1 0 ]( 2 )[ 1 -1 2 1 0 ]
10 2 
12 52020 
14 16 
1b 0 
2b 2147483647 

RANKS: 1 -1 0 4 1
EVENT41: 1148 48b495_48b719_48b7ed_48b8a6
COMP 4c-0: 47a406_47a7db_47a946_47aa67 (7 14.50 0 14.00 3 15.00){0.00 0.00 0.00 0.00 5.60 0}{5.60 0.00 0.00 0.00 11.20 0}{11.20 14.00 14.57 15.00 16.80 7}{16.80 0.00 0.00 0.00 22.40 0}{22.40 0.00 0.00 0.00 28.00 0}
COMM 4b-0: 47a406_47a7db_47a946_47aa67 (7 377.25 3 246.00 0 484.00){0.00 0.00 0.00 0.00 193.60 0}{193.60 246.00 297.75 369.00 387.20 4}{387.20 403.00 447.67 484.00 580.80 3}{580.80 0.00 0.00 0.00 774.40 0}{774.40 0.00 0.00 0.00 968.00 0}
1c 9999 

RANKS: 1 -1 2 2 1
EVENT42: 1113 48253a_4828ba_4829f3_482ae7
COMP 4c-0: 48b495_48b719_48b7ed_48b8a6 (3 371.25 3 370.00 2 373.00){0.00 0.00 0.00 0.00 148.40 0}{148.40 0.00 0.00 0.00 296.80 0}{296.80 370.00 371.33 373.00 445.20 3}{445.20 0.00 0.00 0.00 593.60 0}{593.60 0.00 0.00 0.00 742.00 0}
COMM 4b-0: 48b495_48b719_48b7ed_48b8a6 (3 233.50 2 231.00 3 235.00){0.00 0.00 0.00 0.00 94.00 0}{94.00 0.00 0.00 0.00 188.00 0}{188.00 231.00 233.00 235.00 282.00 3}{282.00 0.00 0.00 0.00 376.00 0}{376.00 0.00 0.00 0.00 470.00 0}
10 2 
12 52020 
14 16 
1a ( 3 2 )[ 1 -1 3 1 0 ]
1a ( 2 )[ 1 -1 2 1 0 ]
1b 0 

RANKS: 2 -1 0 2 2 -1 3 1 0
EVENT43: 1004 46a96f_46accf_46ae12_46af04
COMP 4c-0: 46a96f_46accf_46ae12_46af04 (6 40650.86 0 15.00 0 94832.00){0.00 0.00 0.00 0.00 6.00 0}{6.00 0.00 0.00 0.00 12.00 0}{12.00 15.00 15.00 15.00 24.00 3}{24.00 0.00 0.00 0.00 30.00 0}{30.00 94832.00 94832.00 94832.00 189634.00 3}
COMP 4c-1: 48253a_4828ba_4829f3_482ae7 (2 194743.67 2 194741.00 3 194745.00){0.00 0.00 0.00 0.00 77898.00 0}{77898.00 0.00 0.00 0.00 155796.00 0}{155796.00 194741.00 194743.00 194745.00 233694.00 2}{233694.00 0.00 0.00 0.00 311592.00 0}{311592.00 0.00 0.00 0.00 389490.00 0}
COMP 4c-2: 48b495_48b719_48b7ed_48b8a6 (1 194873.00 0 194873.00 0 194873.00){0.00 0.00 0.00 0.00 77949.20 0}{77949.20 0.00 0.00 0.00 155898.40 0}{155898.40 194873.00 194873.00 194873.00 233847.60 1}{233847.60 0.00 0.00 0.00 311796.80 0}{311796.80 0.00 0.00 0.00 389746.00 0}
COMM 4b-0: 46a96f_46accf_46ae12_46af04 (6 117.57 2 5.00 0 401.00){0.00 5.00 5.00 5.00 5.20 1}{5.20 0.00 0.00 0.00 10.40 0}{10.40 13.00 15.50 18.00 20.80 2}{20.80 21.00 21.00 21.00 26.00 1}{26.00 352.00 376.50 401.00 776.00 2}
COMM 4b-1: 48253a_4828ba_4829f3_482ae7 (2 238.00 2 156.00 3 279.00){0.00 0.00 0.00 0.00 111.60 0}{111.60 156.00 156.00 156.00 223.20 1}{223.20 279.00 279.00 279.00 334.80 1}{334.80 0.00 0.00 0.00 446.40 0}{446.40 0.00 0.00 0.00 558.00 0}
COMM 4b-2: 48b495_48b719_48b7ed_48b8a6 (1 23.00 0 23.00 0 23.00){0.00 0.00 0.00 0.00 9.20 0}{9.20 0.00 0.00 0.00 18.40 0}{18.40 23.00 23.00 23.00 27.60 1}{27.60 0.00 0.00 0.00 36.80 0}{36.80 0.00 0.00 0.00 46.00 0}
LOOP0: iter: ( 3 )[ 2 -1 0 2 2 -1 3 1 0 ] mem: ( 1 )[ 2 -1 0 2 2 -1 3 1 0 ]
10 2 
12 5 1 5 
14 16 
18 3 1 3 

RANKS: 1 -1 1 3 1
EVENT44: 1113 48253a_4828ba_4829f3_482ae7
COMP 4c-0: 46a96f_46accf_46ae12_46af04 (2 133.67 2 133.00 3 134.00){0.00 0.00 0.00 0.00 53.60 0}{53.60 0.00 0.00 0.00 107.20 0}{107.20 133.00 133.50 134.00 160.80 2}{160.80 0.00 0.00 0.00 214.40 0}{214.40 0.00 0.00 0.00 268.00 0}
COMP 4c-1: 48253a_4828ba_4829f3_482ae7 (2 62448.33 3 15.00 1 93665.00){0.00 15.00 15.00 15.00 37466.00 1}{37466.00 0.00 0.00 0.00 74932.00 0}{74932.00 93665.00 93665.00 93665.00 112398.00 1}{112398.00 0.00 0.00 0.00 149864.00 0}{149864.00 0.00 0.00 0.00 187330.00 0}
COMP 4c-2: 48b495_48b719_48b7ed_48b8a6 (1 371.00 1 371.00 1 371.00){0.00 0.00 0.00 0.00 148.40 0}{148.40 0.00 0.00 0.00 296.80 0}{296.80 371.00 371.00 371.00 445.20 1}{445.20 0.00 0.00 0.00 593.60 0}{593.60 0.00 0.00 0.00 742.00 0}
COMM 4b-0: 46a96f_46accf_46ae12_46af04 (2 4.33 3 4.00 2 5.00){0.00 0.00 0.00 0.00 1.60 0}{1.60 0.00 0.00 0.00 3.20 0}{3.20 4.00 4.00 4.00 4.80 1}{4.80 5.00 5.00 5.00 6.40 1}{6.40 0.00 0.00 0.00 8.00 0}
COMM 4b-1: 48253a_4828ba_4829f3_482ae7 (2 163.33 3 2.00 1 244.00){0.00 2.00 2.00 2.00 97.60 1}{97.60 0.00 0.00 0.00 195.20 0}{195.20 244.00 244.00 244.00 292.80 1}{292.80 0.00 0.00 0.00 390.40 0}{390.40 0.00 0.00 0.00 488.00 0}
COMM 4b-2: 48b495_48b719_48b7ed_48b8a6 (1 231.00 1 231.00 1 231.00){0.00 0.00 0.00 0.00 92.40 0}{92.40 0.00 0.00 0.00 184.80 0}{184.80 231.00 231.00 231.00 277.20 1}{277.20 0.00 0.00 0.00 369.60 0}{369.60 0.00 0.00 0.00 462.00 0}
LOOP0: iter: ( 2 )[ 1 -1 1 2 2 ] mem: ( 1 )[ 1 -1 1 2 2 ]
10 2 
12 ( 52020 )[ 1 -1 1 1 0 ]
12 ( 102 106 )[ 1 -1 3 1 0 ]
12 ( 102 )[ 1 -1 2 1 0 ]
14 16 
1a ( 3 2 )[ 1 -1 1 1 0 ]
1a ( 2 3 )[ 1 -1 3 1 0 ]
1a ( 2 )[ 1 -1 2 1 0 ]
1b 0 

RANKS: 1 -1 0 2 1
EVENT45: 1090 47a406_47a7db_47a946_47aa67
COMP 4c-0: 46a96f_46accf_46ae12_46af04 (1 135.00 0 135.00 0 135.00){0.00 0.00 0.00 0.00 54.00 0}{54.00 0.00 0.00 0.00 108.00 0}{108.00 135.00 135.00 135.00 162.00 1}{162.00 0.00 0.00 0.00 216.00 0}{216.00 0.00 0.00 0.00 270.00 0}
COMP 4c-1: 48253a_4828ba_4829f3_482ae7 (1 16.00 1 16.00 1 16.00){0.00 0.00 0.00 0.00 6.40 0}{6.40 0.00 0.00 0.00 12.80 0}{12.80 16.00 16.00 16.00 19.20 1}{19.20 0.00 0.00 0.00 25.60 0}{25.60 0.00 0.00 0.00 32.00 0}
COMP 4c-2: 48b495_48b719_48b7ed_48b8a6 (1 15.00 0 15.00 0 15.00){0.00 0.00 0.00 0.00 6.00 0}{6.00 0.00 0.00 0.00 12.00 0}{12.00 15.00 15.00 15.00 18.00 1}{18.00 0.00 0.00 0.00 24.00 0}{24.00 0.00 0.00 0.00 30.00 0}
COMM 4b-0: 46a96f_46accf_46ae12_46af04 (1 2.00 0 2.00 0 2.00){0.00 0.00 0.00 0.00 0.80 0}{0.80 0.00 0.00 0.00 1.60 0}{1.60 2.00 2.00 2.00 2.40 1}{2.40 0.00 0.00 0.00 3.20 0}{3.20 0.00 0.00 0.00 4.00 0}
COMM 4b-1: 48253a_4828ba_4829f3_482ae7 (1 2.00 1 2.00 1 2.00){0.00 0.00 0.00 0.00 0.80 0}{0.80 0.00 0.00 0.00 1.60 0}{1.60 2.00 2.00 2.00 2.40 1}{2.40 0.00 0.00 0.00 3.20 0}{3.20 0.00 0.00 0.00 4.00 0}
COMM 4b-2: 48b495_48b719_48b7ed_48b8a6 (1 1.00 0 1.00 0 1.00){0.00 0.00 0.00 0.00 0.40 0}{0.40 0.00 0.00 0.00 0.80 0}{0.80 1.00 1.00 1.00 1.20 1}{1.20 0.00 0.00 0.00 1.60 0}{1.60 0.00 0.00 0.00 2.00 0}
LOOP0: iter: ( 2 )[ 1 -1 0 1 0 ] mem: ( 2 )[ 1 -1 0 1 0 ]
10 2 
12 ( 102 106 )[ 1 -1 0 1 0 ]
12 ( 52020 )[ 1 -1 1 1 0 ]
14 16 
1b 0 
2b 2147483647 

RANKS: 1 -1 0 2 1
EVENT46: 1148 48b495_48b719_48b7ed_48b8a6
COMP 4c-0: 47a406_47a7db_47a946_47aa67 (3 14.50 0 14.00 0 15.00){0.00 0.00 0.00 0.00 5.60 0}{5.60 0.00 0.00 0.00 11.20 0}{11.20 14.00 14.67 15.00 16.80 3}{16.80 0.00 0.00 0.00 22.40 0}{22.40 0.00 0.00 0.00 28.00 0}
COMM 4b-0: 47a406_47a7db_47a946_47aa67 (3 92.50 0 2.00 1 360.00){0.00 0.00 0.00 0.00 1.60 0}{1.60 2.00 2.00 2.00 3.20 1}{3.20 4.00 4.00 4.00 6.40 1}{6.40 0.00 0.00 0.00 8.00 0}{8.00 360.00 360.00 360.00 712.00 1}
1c 9999 

RANKS: 2 -1 0 2 1 -1 3 1 0
EVENT47: 1004 46a96f_46accf_46ae12_46af04
COMP 4c-0: 46a96f_46accf_46ae12_46af04 (2 31620.67 1 15.00 1 94832.00){0.00 0.00 0.00 0.00 6.00 0}{6.00 0.00 0.00 0.00 12.00 0}{12.00 15.00 15.00 15.00 24.00 1}{24.00 0.00 0.00 0.00 30.00 0}{30.00 94832.00 94832.00 94832.00 189634.00 1}
COMP 4c-1: 48253a_4828ba_4829f3_482ae7 (1 59.00 3 59.00 3 59.00){0.00 0.00 0.00 0.00 23.60 0}{23.60 0.00 0.00 0.00 47.20 0}{47.20 59.00 59.00 59.00 70.80 1}{70.80 0.00 0.00 0.00 94.40 0}{94.40 0.00 0.00 0.00 118.00 0}
COMP 4c-2: 48b495_48b719_48b7ed_48b8a6 (2 64999.00 0 64.00 1 194869.00){0.00 0.00 0.00 0.00 25.60 0}{25.60 0.00 0.00 0.00 51.20 0}{51.20 64.00 64.00 64.00 102.40 1}{102.40 0.00 0.00 0.00 128.00 0}{128.00 194869.00 194869.00 194869.00 389610.00 1}
COMM 4b-0: 46a96f_46accf_46ae12_46af04 (2 135.33 1 18.00 1 370.00){0.00 0.00 0.00 0.00 7.20 0}{7.20 0.00 0.00 0.00 14.40 0}{14.40 18.00 18.00 18.00 28.80 1}{28.80 0.00 0.00 0.00 36.00 0}{36.00 370.00 370.00 370.00 704.00 1}
COMM 4b-1: 48253a_4828ba_4829f3_482ae7 (1 75.00 3 75.00 3 75.00){0.00 0.00 0.00 0.00 30.00 0}{30.00 0.00 0.00 0.00 60.00 0}{60.00 75.00 75.00 75.00 90.00 1}{90.00 0.00 0.00 0.00 120.00 0}{120.00 0.00 0.00 0.00 150.00 0}
COMM 4b-2: 48b495_48b719_48b7ed_48b8a6 (2 70.67 0 6.00 1 200.00){0.00 0.00 0.00 0.00 2.40 0}{2.40 0.00 0.00 0.00 4.80 0}{4.80 6.00 6.00 6.00 9.60 1}{9.60 0.00 0.00 0.00 12.00 0}{12.00 200.00 200.00 200.00 388.00 1}
LOOP0: iter: ( 3 )[ 1 -1 1 1 0 ] mem: ( 1 )[ 1 -1 1 1 0 ]
10 2 
12 ( 1 )[ 1 -1 0 2 3 ]
12 ( 5 1 5 )[ 1 -1 1 1 0 ]
14 16 
18 ( 3 )[ 1 -1 0 2 3 ]
18 ( 3 1 3 )[ 1 -1 1 1 0 ]

RANKS: 1 -1 0 3 1
EVENT48: 1090 47a406_47a7db_47a946_47aa67
COMP 4c-0: 46a96f_46accf_46ae12_46af04 (3 144.25 1 135.00 2 148.00){0.00 0.00 0.00 0.00 58.80 0}{58.80 0.00 0.00 0.00 117.60 0}{117.60 135.00 143.33 148.00 176.40 3}{176.40 0.00 0.00 0.00 235.20 0}{235.20 0.00 0.00 0.00 294.00 0}
COMP 4c-1: 48253a_4828ba_4829f3_482ae7 (1 15.00 2 15.00 2 15.00){0.00 0.00 0.00 0.00 6.00 0}{6.00 0.00 0.00 0.00 12.00 0}{12.00 15.00 15.00 15.00 18.00 1}{18.00 0.00 0.00 0.00 24.00 0}{24.00 0.00 0.00 0.00 30.00 0}
COMM 4b-0: 46a96f_46accf_46ae12_46af04 (3 1.00 2 0.00 1 2.00){0.00 0.00 0.00 0.00 0.40 1}{0.40 0.00 0.00 0.00 0.80 0}{0.80 1.00 1.00 1.00 1.20 1}{1.20 0.00 0.00 0.00 1.60 0}{1.60 2.00 2.00 2.00 2.00 1}
COMM 4b-1: 48253a_4828ba_4829f3_482ae7 (1 1.00 2 1.00 2 1.00){0.00 0.00 0.00 0.00 0.40 0}{0.40 0.00 0.00 0.00 0.80 0}{0.80 1.00 1.00 1.00 1.20 1}{1.20 0.00 0.00 0.00 1.60 0}{1.60 0.00 0.00 0.00 2.00 0}
LOOP0: iter: ( 2 )[ 1 -1 2 1 0 ] mem: ( 3 )[ 1 -1 2 1 0 ]
10 2 
12 ( 102 )[ 1 -1 0 2 1 ]
12 ( 106 102 )[ 1 -1 2 1 0 ]
14 16 
1b 0 
2b 2147483647 

RANKS: 1 -1 0 3 1
EVENT49: 1148 48b495_48b719_48b7ed_48b8a6
COMP 4c-0: 47a406_47a7db_47a946_47aa67 (4 15.00 0 15.00 0 15.00){0.00 0.00 0.00 0.00 6.00 0}{6.00 0.00 0.00 0.00 12.00 0}{12.00 15.00 15.00 15.00 18.00 4}{18.00 0.00 0.00 0.00 24.00 0}{24.00 0.00 0.00 0.00 30.00 0}
COMM 4b-0: 47a406_47a7db_47a946_47aa67 (4 3.20 2 2.00 1 4.00){0.00 0.00 0.00 0.00 1.20 0}{1.20 2.00 2.00 2.00 2.40 1}{2.40 3.00 3.00 3.00 3.60 1}{3.60 4.00 4.00 4.00 4.80 2}{4.80 0.00 0.00 0.00 6.00 0}
1c 9999 

RANKS: 1 -1 1 2 2
EVENT50: 1113 48253a_4828ba_4829f3_482ae7
COMP 4c-0: 46a96f_46accf_46ae12_46af04 (2 148.33 1 148.00 3 149.00){0.00 0.00 0.00 0.00 59.20 0}{59.20 0.00 0.00 0.00 118.40 0}{118.40 148.00 148.50 149.00 177.60 2}{177.60 0.00 0.00 0.00 236.80 0}{236.80 0.00 0.00 0.00 296.00 0}
COMP 4c-1: 48b495_48b719_48b7ed_48b8a6 (1 16.00 1 16.00 1 16.00){0.00 0.00 0.00 0.00 6.40 0}{6.40 0.00 0.00 0.00 12.80 0}{12.80 16.00 16.00 16.00 19.20 1}{19.20 0.00 0.00 0.00 25.60 0}{25.60 0.00 0.00 0.00 32.00 0}
COMM 4b-0: 46a96f_46accf_46ae12_46af04 (2 2.33 1 2.00 3 3.00){0.00 0.00 0.00 0.00 0.80 0}{0.80 0.00 0.00 0.00 1.60 0}{1.60 2.00 2.00 2.00 2.40 1}{2.40 3.00 3.00 3.00 3.20 1}{3.20 0.00 0.00 0.00 4.00 0}
COMM 4b-1: 48b495_48b719_48b7ed_48b8a6 (1 4.00 1 4.00 1 4.00){0.00 0.00 0.00 0.00 1.60 0}{1.60 0.00 0.00 0.00 3.20 0}{3.20 4.00 4.00 4.00 4.80 1}{4.80 0.00 0.00 0.00 6.40 0}{6.40 0.00 0.00 0.00 8.00 0}
LOOP0: iter: ( 2 )[ 1 -1 1 1 0 ] mem: ( 2 )[ 1 -1 1 1 0 ]
10 2 
12 ( 106 102 )[ 1 -1 1 1 0 ]
12 ( 102 )[ 1 -1 3 1 0 ]
14 16 
1a 3 
1b 0 

RANKS: 1 -1 0 4 1
EVENT51: 1004 46a96f_46accf_46ae12_46af04
COMP 4c-0: 48253a_4828ba_4829f3_482ae7 (3 80.50 1 59.00 1 102.00){0.00 0.00 0.00 0.00 23.60 0}{23.60 0.00 0.00 0.00 47.20 0}{47.20 59.00 59.00 59.00 70.80 1}{70.80 0.00 0.00 0.00 94.40 0}{94.40 102.00 102.00 102.00 118.00 2}
COMP 4c-1: 48b495_48b719_48b7ed_48b8a6 (3 93.50 2 59.00 0 105.00){0.00 0.00 0.00 0.00 42.00 0}{42.00 59.00 59.00 59.00 84.00 1}{84.00 105.00 105.00 105.00 126.00 2}{126.00 0.00 0.00 0.00 168.00 0}{168.00 0.00 0.00 0.00 210.00 0}
COMM 4b-0: 48253a_4828ba_4829f3_482ae7 (3 38.75 3 30.00 1 44.00){0.00 0.00 0.00 0.00 17.60 0}{17.60 30.00 30.00 30.00 35.20 1}{35.20 37.00 40.50 44.00 52.80 2}{52.80 0.00 0.00 0.00 70.40 0}{70.40 0.00 0.00 0.00 88.00 0}
COMM 4b-1: 48b495_48b719_48b7ed_48b8a6 (3 23.00 2 5.00 2 41.00){0.00 5.00 5.00 5.00 9.20 1}{9.20 0.00 0.00 0.00 18.40 0}{18.40 23.00 23.00 23.00 27.60 1}{27.60 0.00 0.00 0.00 36.80 0}{36.80 41.00 41.00 41.00 46.00 1}
10 2 
12 1 
14 16 
18 3 

RANKS: 1 -1 0 2 1
EVENT52: 1090 47a406_47a7db_47a946_47aa67_45f344
COMP 4c-0: 46a96f_46accf_46ae12_46af04 (2 155.00 0 154.00 1 157.00){0.00 0.00 0.00 0.00 61.60 0}{61.60 0.00 0.00 0.00 123.20 0}{123.20 154.00 155.50 157.00 184.80 2}{184.80 0.00 0.00 0.00 246.40 0}{246.40 0.00 0.00 0.00 308.00 0}
COMM 4b-0: 46a96f_46accf_46ae12_46af04 (2 1.00 0 1.00 0 1.00){0.00 0.00 0.00 0.00 0.40 0}{0.40 0.00 0.00 0.00 0.80 0}{0.80 1.00 1.00 1.00 1.20 2}{1.20 0.00 0.00 0.00 1.60 0}{1.60 0.00 0.00 0.00 2.00 0}
10 2 
12 102 
14 16 
1b 0 
2b 2147483647 

RANKS: 1 -1 0 2 1
EVENT53: 1148 48b495_48b719_48b7ed_48b8a6_45f359
COMP 4c-0: 47a406_47a7db_47a946_47aa67_45f344 (2 16.00 0 16.00 0 16.00){0.00 0.00 0.00 0.00 6.40 0}{6.40 0.00 0.00 0.00 12.80 0}{12.80 16.00 16.00 16.00 19.20 2}{19.20 0.00 0.00 0.00 25.60 0}{25.60 0.00 0.00 0.00 32.00 0}
COMM 4b-0: 47a406_47a7db_47a946_47aa67_45f344 (2 2.33 0 2.00 1 3.00){0.00 0.00 0.00 0.00 0.80 0}{0.80 0.00 0.00 0.00 1.60 0}{1.60 2.00 2.00 2.00 2.40 1}{2.40 3.00 3.00 3.00 3.20 1}{3.20 0.00 0.00 0.00 4.00 0}
1c 9999 

RANKS: 1 -1 2 2 1
EVENT54: 1113 48253a_4828ba_4829f3_482ae7_45f408
COMP 4c-0: 46a96f_46accf_46ae12_46af04 (2 154.00 3 153.00 2 156.00){0.00 0.00 0.00 0.00 61.20 0}{61.20 0.00 0.00 0.00 122.40 0}{122.40 153.00 154.50 156.00 183.60 2}{183.60 0.00 0.00 0.00 244.80 0}{244.80 0.00 0.00 0.00 306.00 0}
COMM 4b-0: 46a96f_46accf_46ae12_46af04 (2 3.00 3 3.00 3 3.00){0.00 0.00 0.00 0.00 1.20 0}{1.20 0.00 0.00 0.00 2.40 0}{2.40 3.00 3.00 3.00 3.60 2}{3.60 0.00 0.00 0.00 4.80 0}{4.80 0.00 0.00 0.00 6.00 0}
10 2 
12 102 
14 16 
1a 2 
1b 0 

RANKS: 1 -1 0 4 1
EVENT55: 1004 46a96f_46accf_46ae12_46af04
COMP 4c-0: 48253a_4828ba_4829f3_482ae7_45f408 (2 101.00 3 101.00 3 101.00){0.00 0.00 0.00 0.00 40.40 0}{40.40 0.00 0.00 0.00 80.80 0}{80.80 101.00 101.00 101.00 121.20 2}{121.20 0.00 0.00 0.00 161.60 0}{161.60 0.00 0.00 0.00 202.00 0}
COMP 4c-1: 48b495_48b719_48b7ed_48b8a6_45f359 (2 105.00 0 105.00 0 105.00){0.00 0.00 0.00 0.00 42.00 0}{42.00 0.00 0.00 0.00 84.00 0}{84.00 105.00 105.00 105.00 126.00 2}{126.00 0.00 0.00 0.00 168.00 0}{168.00 0.00 0.00 0.00 210.00 0}
COMM 4b-0: 48253a_4828ba_4829f3_482ae7_45f408 (2 51.33 2 32.00 3 61.00){0.00 0.00 0.00 0.00 24.40 0}{24.40 32.00 32.00 32.00 48.80 1}{48.80 61.00 61.00 61.00 73.20 1}{73.20 0.00 0.00 0.00 97.60 0}{97.60 0.00 0.00 0.00 122.00 0}
COMM 4b-1: 48b495_48b719_48b7ed_48b8a6_45f359 (2 25.00 1 5.00 0 35.00){0.00 5.00 5.00 5.00 14.00 1}{14.00 0.00 0.00 0.00 28.00 0}{28.00 35.00 35.00 35.00 42.00 1}{42.00 0.00 0.00 0.00 56.00 0}{56.00 0.00 0.00 0.00 70.00 0}
10 2 
12 1 
14 16 
18 3 

RANKS: 1 -1 0 4 1
EVENT56: 1045 4732cf_473343_4733a9_473404
COMP 4c-0: 46a96f_46accf_46ae12_46af04 (4 12304.20 0 590.00 2 20149.00){0.00 0.00 0.00 0.00 236.00 0}{236.00 0.00 0.00 0.00 472.00 0}{472.00 590.00 590.00 590.00 944.00 1}{944.00 0.00 0.00 0.00 1180.00 0}{1180.00 20093.00 20113.67 20149.00 39006.00 3}

