RANKS: 1 -1 0 4 1
EVENT0: 1084 47929c_47935b_4793f1_47944c
33 2 
34 0 

RANKS: 1 -1 0 4 1
EVENT1: 1011 46d479_46d7a8_46d8c3_46d9af
COMP 4c-0: 46d479_46d7a8_46d8c3_46d9af (32 15.73 0 14.00 0 17.00){0.00 0.00 0.00 0.00 5.60 0}{5.60 0.00 0.00 0.00 11.20 0}{11.20 14.00 15.74 16.00 16.80 31}{16.80 17.00 17.00 17.00 22.40 1}{22.40 0.00 0.00 0.00 28.00 0}
COMP 4c-1: 47929c_47935b_4793f1_47944c (4 55.00 1 24.00 0 101.00){0.00 24.00 24.33 25.00 40.40 3}{40.40 0.00 0.00 0.00 80.80 0}{80.80 101.00 101.00 101.00 121.20 1}{121.20 0.00 0.00 0.00 161.60 0}{161.60 0.00 0.00 0.00 202.00 0}
COMM 4b-0: 46d479_46d7a8_46d8c3_46d9af (32 16.15 2 2.00 1 127.00){0.00 2.00 2.00 2.00 2.40 1}{2.40 3.00 3.08 3.50 3.60 6}{3.60 4.00 4.32 6.00 6.00 14}{6.00 8.00 32.20 54.00 102.00 10}{102.00 127.00 127.00 127.00 152.00 1}
COMM 4b-1: 47929c_47935b_4793f1_47944c (4 65.20 0 18.00 2 147.00){0.00 0.00 0.00 0.00 7.20 0}{7.20 0.00 0.00 0.00 14.40 0}{14.40 18.00 18.00 18.00 21.60 1}{21.60 27.00 27.00 27.00 36.00 1}{36.00 116.00 131.50 147.00 196.00 2}
LOOP0: iter: ( 9 )[ 1 -1 0 4 1 ] mem: ( 1 )[ 1 -1 0 4 1 ]
10 2 
12 1 1 1 1 1 5 1 1 1 
14 14 14 14 16 16 16 14 14 14 
19 0 

RANKS: 1 -1 2 1 0
EVENT2: 1113 4821ca_48254a_482683_482777
COMP 4c-0: 46d479_46d7a8_46d8c3_46d9af (1 152267.00 2 152267.00 2 152267.00){0.00 0.00 0.00 0.00 60906.80 0}{60906.80 0.00 0.00 0.00 121813.60 0}{121813.60 152267.00 152267.00 152267.00 182720.40 1}{182720.40 0.00 0.00 0.00 243627.20 0}{243627.20 0.00 0.00 0.00 304534.00 0}
COMM 4b-0: 46d479_46d7a8_46d8c3_46d9af (1 394.00 2 394.00 2 394.00){0.00 0.00 0.00 0.00 157.60 0}{157.60 0.00 0.00 0.00 315.20 0}{315.20 394.00 394.00 394.00 472.80 1}{472.80 0.00 0.00 0.00 630.40 0}{630.40 0.00 0.00 0.00 788.00 0}
10 2 
12 20480 
14 16 
1a 1 
1b 0 

RANKS: 1 -1 1 2 1
EVENT3: 1090 47a096_47a46b_47a5d6_47a6f7
COMP 4c-0: 46d479_46d7a8_46d8c3_46d9af (1 152198.00 1 152198.00 1 152198.00){0.00 0.00 0.00 0.00 60879.20 0}{60879.20 0.00 0.00 0.00 121758.40 0}{121758.40 152198.00 152198.00 152198.00 182637.60 1}{182637.60 0.00 0.00 0.00 243516.80 0}{243516.80 0.00 0.00 0.00 304396.00 0}
COMP 4c-1: 4821ca_48254a_482683_482777 (1 15.00 2 15.00 2 15.00){0.00 0.00 0.00 0.00 6.00 0}{6.00 0.00 0.00 0.00 12.00 0}{12.00 15.00 15.00 15.00 18.00 1}{18.00 0.00 0.00 0.00 24.00 0}{24.00 0.00 0.00 0.00 30.00 0}
COMP 4c-2: 48b125_48b3a9_48b47d_48b536 (1 21405.00 2 21405.00 2 21405.00){0.00 0.00 0.00 0.00 8562.00 0}{8562.00 0.00 0.00 0.00 17124.00 0}{17124.00 21405.00 21405.00 21405.00 25686.00 1}{25686.00 0.00 0.00 0.00 34248.00 0}{34248.00 0.00 0.00 0.00 42810.00 0}
COMM 4b-0: 46d479_46d7a8_46d8c3_46d9af (1 11.00 1 11.00 1 11.00){0.00 0.00 0.00 0.00 4.40 0}{4.40 0.00 0.00 0.00 8.80 0}{8.80 11.00 11.00 11.00 13.20 1}{13.20 0.00 0.00 0.00 17.60 0}{17.60 0.00 0.00 0.00 22.00 0}
COMM 4b-1: 4821ca_48254a_482683_482777 (1 9.00 2 9.00 2 9.00){0.00 0.00 0.00 0.00 3.60 0}{3.60 0.00 0.00 0.00 7.20 0}{7.20 9.00 9.00 9.00 10.80 1}{10.80 0.00 0.00 0.00 14.40 0}{14.40 0.00 0.00 0.00 18.00 0}
COMM 4b-2: 48b125_48b3a9_48b47d_48b536 (1 7.00 2 7.00 2 7.00){0.00 0.00 0.00 0.00 2.80 0}{2.80 0.00 0.00 0.00 5.60 0}{5.60 7.00 7.00 7.00 8.40 1}{8.40 0.00 0.00 0.00 11.20 0}{11.20 0.00 0.00 0.00 14.00 0}
LOOP0: iter: ( 2 )[ 1 -1 2 1 0 ] mem: ( 2 )[ 1 -1 2 1 0 ]
10 2 
12 20480 
14 16 
1b 0 
2b 2147483647 

RANKS: 1 -1 1 2 1
EVENT4: 1148 48b125_48b3a9_48b47d_48b536
COMP 4c-0: 47a096_47a46b_47a5d6_47a6f7 (3 15.75 2 15.00 1 16.00){0.00 0.00 0.00 0.00 6.40 0}{6.40 0.00 0.00 0.00 12.80 0}{12.80 15.00 15.67 16.00 19.20 3}{19.20 0.00 0.00 0.00 25.60 0}{25.60 0.00 0.00 0.00 32.00 0}
COMM 4b-0: 47a096_47a46b_47a5d6_47a6f7 (3 196.75 2 104.00 1 247.00){0.00 0.00 0.00 0.00 98.80 0}{98.80 104.00 146.50 189.00 197.60 2}{197.60 247.00 247.00 247.00 296.40 1}{296.40 0.00 0.00 0.00 395.20 0}{395.20 0.00 0.00 0.00 494.00 0}
1c 9999 

RANKS: 1 -1 1 2 1
EVENT5: 1113 4821ca_48254a_482683_482777
COMP 4c-0: 4821ca_48254a_482683_482777 (2 29445.33 1 21435.00 2 45466.00){0.00 0.00 0.00 0.00 8574.00 0}{8574.00 0.00 0.00 0.00 17148.00 0}{17148.00 21435.00 21435.00 21435.00 34296.00 1}{34296.00 0.00 0.00 0.00 42870.00 0}{42870.00 45466.00 45466.00 45466.00 48062.00 1}
COMP 4c-1: 48b125_48b3a9_48b47d_48b536 (2 156.67 1 156.00 2 158.00){0.00 0.00 0.00 0.00 62.40 0}{62.40 0.00 0.00 0.00 124.80 0}{124.80 156.00 157.00 158.00 187.20 2}{187.20 0.00 0.00 0.00 249.60 0}{249.60 0.00 0.00 0.00 312.00 0}
COMM 4b-0: 4821ca_48254a_482683_482777 (2 353.33 2 124.00 1 468.00){0.00 124.00 124.00 124.00 187.20 1}{187.20 0.00 0.00 0.00 374.40 0}{374.40 468.00 468.00 468.00 561.60 1}{561.60 0.00 0.00 0.00 748.80 0}{748.80 0.00 0.00 0.00 936.00 0}
COMM 4b-1: 48b125_48b3a9_48b47d_48b536 (2 233.00 2 113.00 1 293.00){0.00 113.00 113.00 113.00 117.20 1}{117.20 0.00 0.00 0.00 234.40 0}{234.40 293.00 293.00 293.00 351.60 1}{351.60 0.00 0.00 0.00 468.80 0}{468.80 0.00 0.00 0.00 586.00 0}
LOOP0: iter: ( 2 )[ 1 -1 1 2 1 ] mem: ( 1 )[ 1 -1 1 2 1 ]
10 2 
12 20480 
14 16 
1a ( 3 2 )[ 1 -1 1 1 0 ]
1a ( 2 1 )[ 1 -1 2 1 0 ]
1b 0 

RANKS: 1 -1 1 3 1
EVENT6: 1090 47a096_47a46b_47a5d6_47a6f7
COMP 4c-0: 46d479_46d7a8_46d8c3_46d9af (1 152204.00 3 152204.00 3 152204.00){0.00 0.00 0.00 0.00 60881.60 0}{60881.60 0.00 0.00 0.00 121763.20 0}{121763.20 152204.00 152204.00 152204.00 182644.80 1}{182644.80 0.00 0.00 0.00 243526.40 0}{243526.40 0.00 0.00 0.00 304408.00 0}
COMP 4c-1: 4821ca_48254a_482683_482777 (5 14696.67 1 16.00 3 45396.00){0.00 0.00 0.00 0.00 6.40 0}{6.40 0.00 0.00 0.00 12.80 0}{12.80 16.00 16.00 16.00 32.00 2}{32.00 21363.00 21368.00 21373.00 42694.00 2}{42694.00 45396.00 45396.00 45396.00 48098.00 1}
COMP 4c-2: 48b125_48b3a9_48b47d_48b536 (2 37433.00 2 21413.00 1 45443.00){0.00 0.00 0.00 0.00 18177.20 0}{18177.20 21413.00 21413.00 21413.00 36354.40 1}{36354.40 45443.00 45443.00 45443.00 54531.60 1}{54531.60 0.00 0.00 0.00 72708.80 0}{72708.80 0.00 0.00 0.00 90886.00 0}
COMM 4b-0: 46d479_46d7a8_46d8c3_46d9af (1 6.00 3 6.00 3 6.00){0.00 0.00 0.00 0.00 2.40 0}{2.40 0.00 0.00 0.00 4.80 0}{4.80 6.00 6.00 6.00 7.20 1}{7.20 0.00 0.00 0.00 9.60 0}{9.60 0.00 0.00 0.00 12.00 0}
COMM 4b-1: 4821ca_48254a_482683_482777 (5 3.50 3 3.00 1 4.00){0.00 0.00 0.00 0.00 1.60 0}{1.60 3.00 3.00 3.00 3.20 3}{3.20 4.00 4.00 4.00 4.80 2}{4.80 0.00 0.00 0.00 6.40 0}{6.40 0.00 0.00 0.00 8.00 0}
COMM 4b-2: 48b125_48b3a9_48b47d_48b536 (2 6.00 2 4.00 1 7.00){0.00 0.00 0.00 0.00 2.80 0}{2.80 4.00 4.00 4.00 5.60 1}{5.60 7.00 7.00 7.00 8.40 1}{8.40 0.00 0.00 0.00 11.20 0}{11.20 0.00 0.00 0.00 14.00 0}
LOOP0: iter: ( 2 )[ 1 -1 1 2 1 ]( 4 )[ 1 -1 3 1 0 ] mem: ( 2 )[ 1 -1 1 2 1 ]( 3 )[ 1 -1 3 1 0 ]
10 2 
12 20480 
14 16 
1b 0 
2b 2147483647 

RANKS: 1 -1 1 3 1
EVENT7: 1148 48b125_48b3a9_48b47d_48b536
COMP 4c-0: 47a096_47a46b_47a5d6_47a6f7 (8 15.00 3 14.00 3 16.00){0.00 0.00 0.00 0.00 6.00 0}{6.00 0.00 0.00 0.00 12.00 0}{12.00 14.00 15.00 16.00 18.00 8}{18.00 0.00 0.00 0.00 24.00 0}{24.00 0.00 0.00 0.00 30.00 0}
COMM 4b-0: 47a096_47a46b_47a5d6_47a6f7 (8 373.22 1 102.00 1 794.00){0.00 0.00 0.00 0.00 40.80 0}{40.80 0.00 0.00 0.00 81.60 0}{81.60 102.00 113.00 132.00 163.20 3}{163.20 0.00 0.00 0.00 204.00 0}{204.00 392.00 583.60 794.00 1384.00 5}
1c 9999 

RANKS: 1 -1 0 4 1
EVENT8: 1113 4821ca_48254a_482683_482777
COMP 4c-0: 46d479_46d7a8_46d8c3_46d9af (1 152260.00 0 152260.00 0 152260.00){0.00 0.00 0.00 0.00 60904.00 0}{60904.00 0.00 0.00 0.00 121808.00 0}{121808.00 152260.00 152260.00 152260.00 182712.00 1}{182712.00 0.00 0.00 0.00 243616.00 0}{243616.00 0.00 0.00 0.00 304520.00 0}
COMP 4c-1: 4821ca_48254a_482683_482777 (1 21442.00 1 21442.00 1 21442.00){0.00 0.00 0.00 0.00 8576.80 0}{8576.80 0.00 0.00 0.00 17153.60 0}{17153.60 21442.00 21442.00 21442.00 25730.40 1}{25730.40 0.00 0.00 0.00 34307.20 0}{34307.20 0.00 0.00 0.00 42884.00 0}
COMP 4c-2: 48b125_48b3a9_48b47d_48b536 (9 11090.30 3 155.00 0 45521.00){0.00 155.00 156.00 158.00 8591.20 6}{8591.20 0.00 0.00 0.00 17182.40 0}{17182.40 21478.00 21484.00 21490.00 34364.80 2}{34364.80 0.00 0.00 0.00 42956.00 0}{42956.00 45521.00 45521.00 45521.00 48086.00 1}
COMM 4b-0: 46d479_46d7a8_46d8c3_46d9af (1 875.00 0 875.00 0 875.00){0.00 0.00 0.00 0.00 350.00 0}{350.00 0.00 0.00 0.00 700.00 0}{700.00 875.00 875.00 875.00 1050.00 1}{1050.00 0.00 0.00 0.00 1400.00 0}{1400.00 0.00 0.00 0.00 1750.00 0}
COMM 4b-1: 4821ca_48254a_482683_482777 (1 115.00 1 115.00 1 115.00){0.00 0.00 0.00 0.00 46.00 0}{46.00 0.00 0.00 0.00 92.00 0}{92.00 115.00 115.00 115.00 138.00 1}{138.00 0.00 0.00 0.00 184.00 0}{184.00 0.00 0.00 0.00 230.00 0}
COMM 4b-2: 48b125_48b3a9_48b47d_48b536 (9 294.70 2 108.00 0 915.00){0.00 108.00 139.62 276.00 366.00 8}{366.00 0.00 0.00 0.00 732.00 0}{732.00 915.00 915.00 915.00 1098.00 1}{1098.00 0.00 0.00 0.00 1464.00 0}{1464.00 0.00 0.00 0.00 1830.00 0}
LOOP0: iter: ( 4 )[ 1 -1 0 1 0 ]( 2 )[ 1 -1 1 1 0 ] mem: ( 3 )[ 1 -1 0 1 0 ]( 1 )[ 1 -1 1 1 0 ]
10 2 
12 20480 
14 16 
1a ( 1 2 )[ 1 -1 0 1 0 ]
1a ( 3 2 )[ 1 -1 1 2 2 ]
1a ( 2 )[ 1 -1 2 1 0 ]
1b 0 

RANKS: 1 -1 0 2 1
EVENT9: 1090 47a096_47a46b_47a5d6_47a6f7
COMP 4c-0: 4821ca_48254a_482683_482777 (5 14.83 0 14.00 1 16.00){0.00 0.00 0.00 0.00 6.00 0}{6.00 0.00 0.00 0.00 12.00 0}{12.00 14.00 14.80 16.00 18.00 5}{18.00 0.00 0.00 0.00 24.00 0}{24.00 0.00 0.00 0.00 30.00 0}
COMM 4b-0: 4821ca_48254a_482683_482777 (5 3.50 0 2.00 0 6.00){0.00 2.00 2.00 2.00 2.40 3}{2.40 3.00 3.00 3.00 4.80 1}{4.80 6.00 6.00 6.00 7.20 1}{7.20 0.00 0.00 0.00 9.60 0}{9.60 0.00 0.00 0.00 12.00 0}
10 2 
12 20480 
14 16 
1b 0 
2b 2147483647 

RANKS: 1 -1 0 2 1
EVENT10: 1148 48b125_48b3a9_48b47d_48b536
COMP 4c-0: 47a096_47a46b_47a5d6_47a6f7 (5 15.33 0 15.00 0 16.00){0.00 0.00 0.00 0.00 6.40 0}{6.40 0.00 0.00 0.00 12.80 0}{12.80 15.00 15.20 16.00 19.20 5}{19.20 0.00 0.00 0.00 25.60 0}{25.60 0.00 0.00 0.00 32.00 0}
COMM 4b-0: 47a096_47a46b_47a5d6_47a6f7 (5 274.17 1 98.00 0 363.00){0.00 98.00 98.00 98.00 145.20 1}{145.20 252.00 256.00 260.00 290.40 2}{290.40 309.00 336.00 363.00 435.60 2}{435.60 0.00 0.00 0.00 580.80 0}{580.80 0.00 0.00 0.00 726.00 0}
1c 9999 

RANKS: 1 -1 0 4 1
EVENT11: 1004 46a5ff_46a95f_46aaa2_46ab94
COMP 4c-0: 4821ca_48254a_482683_482777 (2 44551.67 2 44549.00 3 44553.00){0.00 0.00 0.00 0.00 17821.20 0}{17821.20 0.00 0.00 0.00 35642.40 0}{35642.40 44549.00 44551.00 44553.00 53463.60 2}{53463.60 0.00 0.00 0.00 71284.80 0}{71284.80 0.00 0.00 0.00 89106.00 0}
COMP 4c-1: 48b125_48b3a9_48b47d_48b536 (2 44602.67 1 44600.00 0 44604.00){0.00 0.00 0.00 0.00 17841.60 0}{17841.60 0.00 0.00 0.00 35683.20 0}{35683.20 44600.00 44602.00 44604.00 53524.80 2}{53524.80 0.00 0.00 0.00 71366.40 0}{71366.40 0.00 0.00 0.00 89208.00 0}
COMM 4b-0: 4821ca_48254a_482683_482777 (2 440.00 2 244.00 3 538.00){0.00 0.00 0.00 0.00 215.20 0}{215.20 244.00 244.00 244.00 430.40 1}{430.40 538.00 538.00 538.00 645.60 1}{645.60 0.00 0.00 0.00 860.80 0}{860.80 0.00 0.00 0.00 1076.00 0}
COMM 4b-1: 48b125_48b3a9_48b47d_48b536 (2 174.67 0 41.00 1 442.00){0.00 0.00 0.00 0.00 16.40 0}{16.40 0.00 0.00 0.00 32.80 0}{32.80 41.00 41.00 41.00 65.60 1}{65.60 0.00 0.00 0.00 82.00 0}{82.00 442.00 442.00 442.00 802.00 1}
10 2 
12 5 
14 16 
18 3 

RANKS: 1 -1 0 4 1
EVENT12: 1010 46cf90_46d1c5_46d269_46d2e5
COMP 4c-0: 46a5ff_46a95f_46aaa2_46ab94 (4 14.40 0 14.00 3 15.00){0.00 0.00 0.00 0.00 5.60 0}{5.60 0.00 0.00 0.00 11.20 0}{11.20 14.00 14.50 15.00 16.80 4}{16.80 0.00 0.00 0.00 22.40 0}{22.40 0.00 0.00 0.00 28.00 0}
COMM 4b-0: 46a5ff_46a95f_46aaa2_46ab94 (4 215.20 0 112.00 3 408.00){0.00 0.00 0.00 0.00 44.80 0}{44.80 0.00 0.00 0.00 89.60 0}{89.60 112.00 112.00 112.00 179.20 1}{179.20 188.00 188.00 188.00 224.00 1}{224.00 256.00 332.00 408.00 592.00 2}
10 2 

RANKS: 1 -1 1 3 1
EVENT13: 1102 47d709_47dace_47dc38_47dd57
COMP 4c-0: 46cf90_46d1c5_46d269_46d2e5 (3 3331.00 1 3331.00 1 3331.00){0.00 0.00 0.00 0.00 1332.40 0}{1332.40 0.00 0.00 0.00 2664.80 0}{2664.80 3331.00 3331.00 3331.00 3997.20 3}{3997.20 0.00 0.00 0.00 5329.60 0}{5329.60 0.00 0.00 0.00 6662.00 0}
COMP 4c-1: 47d709_47dace_47dc38_47dd57 (123 696.32 3 15.00 3 1398.00){0.00 0.00 0.00 0.00 6.00 0}{6.00 0.00 0.00 0.00 12.00 0}{12.00 15.00 16.95 17.00 24.00 62}{24.00 0.00 0.00 0.00 30.00 0}{30.00 1398.00 1398.00 1398.00 2766.00 61}
COMP 4c-2: 4821ca_48254a_482683_482777 (246 730.35 2 709.00 1 750.00){0.00 0.00 0.00 0.00 298.40 0}{298.40 0.00 0.00 0.00 596.80 0}{596.80 709.00 730.28 750.00 895.20 246}{895.20 0.00 0.00 0.00 1193.60 0}{1193.60 0.00 0.00 0.00 1492.00 0}
COMM 4b-0: 46cf90_46d1c5_46d269_46d2e5 (3 123.25 1 15.00 3 431.00){0.00 0.00 0.00 0.00 6.00 0}{6.00 0.00 0.00 0.00 12.00 0}{12.00 15.00 15.00 15.00 24.00 1}{24.00 0.00 0.00 0.00 30.00 0}{30.00 32.00 231.50 431.00 832.00 2}
COMM 4b-1: 47d709_47dace_47dc38_47dd57 (123 24.10 3 1.00 3 500.00){0.00 1.00 2.81 4.00 4.00 73}{4.00 5.00 13.47 40.00 54.00 36}{54.00 73.00 88.20 114.00 116.00 5}{116.00 118.00 169.50 207.00 298.00 8}{298.00 500.00 500.00 500.00 702.00 1}
COMM 4b-2: 4821ca_48254a_482683_482777 (246 18.95 1 2.00 2 1851.00){0.00 2.00 3.89 8.00 8.40 194}{8.40 9.00 10.90 14.00 14.00 29}{14.00 15.83 19.67 27.00 28.00 12}{28.00 64.88 151.60 758.00 1488.00 10}{1488.00 1851.00 1851.00 1851.00 2214.00 1}
LOOP0: iter: ( 124 )[ 1 -1 1 3 1 ] mem: ( 2 )[ 1 -1 1 2 1 ]( 1 )[ 1 -1 3 1 0 ]
10 2 
12 155 
14 16 
1b 0 
2b ( 3 3 3 3 3 3 3 3 3 3 3 3 3 3 3 3 3 3 3 3 3 3 3 3 3 3 3 3 3 3 3 3 3 3 3 3 3 3 3 3 3 3 3 3 3 3 3 3 3 3 3 3 3 3 3 3 3 3 3 3 3 3 2 2 2 2 2 2 2 2 2 2 2 2 2 2 2 2 2 2 2 2 2 2 2 2 2 2 2 2 2 2 2 2 2 2 2 2 2 2 2 2 2 2 2 2 2 2 2 2 2 2 2 2 2 2 2 2 2 2 2 2 2 2 )[ 1 -1 1 1 0 ]
2b ( 3 2 )[ 1 -1 3 1 0 ]
2b ( 2 2 2 2 2 2 2 2 2 2 2 2 2 2 2 2 2 2 2 2 2 2 2 2 2 2 2 2 2 2 2 2 2 2 2 2 2 2 2 2 2 2 2 2 2 2 2 2 2 2 2 2 2 2 2 2 2 2 2 2 2 2 1 1 1 1 1 1 1 1 1 1 1 1 1 1 1 1 1 1 1 1 1 1 1 1 1 1 1 1 1 1 1 1 1 1 1 1 1 1 1 1 1 1 1 1 1 1 1 1 1 1 1 1 1 1 1 1 1 1 1 1 1 1 )[ 1 -1 2 1 0 ]

RANKS: 1 -1 2 1 0
EVENT14: 1113 4821ca_48254a_482683_482777
COMP 4c-0: 47d709_47dace_47dc38_47dd57 (124 660.52 2 655.00 2 665.00){0.00 0.00 0.00 0.00 266.00 0}{266.00 0.00 0.00 0.00 532.00 0}{532.00 655.00 660.48 665.00 798.00 124}{798.00 0.00 0.00 0.00 1064.00 0}{1064.00 0.00 0.00 0.00 1330.00 0}
COMM 4b-0: 47d709_47dace_47dc38_47dd57 (124 5.81 2 3.00 2 215.00){0.00 0.00 0.00 0.00 2.40 0}{2.40 3.00 3.44 4.00 4.80 106}{4.80 6.00 6.40 7.00 9.60 10}{9.60 10.00 10.33 12.00 12.00 6}{12.00 14.00 114.50 215.00 418.00 2}
10 2 
12 155 
14 16 
1a 1 1 1 1 1 1 1 1 1 1 1 1 1 1 1 1 1 1 1 1 1 1 1 1 1 1 1 1 1 1 1 1 1 1 1 1 1 1 1 1 1 1 1 1 1 1 1 1 1 1 1 1 1 1 1 1 1 1 1 1 1 1 2 2 2 2 2 2 2 2 2 2 2 2 2 2 2 2 2 2 2 2 2 2 2 2 2 2 2 2 2 2 2 2 2 2 2 2 2 2 2 2 2 2 2 2 2 2 2 2 2 2 2 2 2 2 2 2 2 2 2 2 2 2 
1b 0 

RANKS: 1 -1 0 4 1
EVENT15: 1113 4821ca_48254a_482683_482777
COMP 4c-0: 46a5ff_46a95f_46aaa2_46ab94 (1 133461.00 2 133461.00 2 133461.00){0.00 0.00 0.00 0.00 53384.40 0}{53384.40 0.00 0.00 0.00 106768.80 0}{106768.80 133461.00 133461.00 133461.00 160153.20 1}{160153.20 0.00 0.00 0.00 213537.60 0}{213537.60 0.00 0.00 0.00 266922.00 0}
COMP 4c-1: 46cf90_46d1c5_46d269_46d2e5 (1 3981.00 0 3981.00 0 3981.00){0.00 0.00 0.00 0.00 1592.40 0}{1592.40 0.00 0.00 0.00 3184.80 0}{3184.80 3981.00 3981.00 3981.00 4777.20 1}{4777.20 0.00 0.00 0.00 6369.60 0}{6369.60 0.00 0.00 0.00 7962.00 0}
COMP 4c-2: 47d709_47dace_47dc38_47dd57 (125 671.33 1 655.00 3 2000.00){0.00 0.00 0.00 0.00 266.00 0}{266.00 0.00 0.00 0.00 532.00 0}{532.00 655.00 660.66 666.00 1064.00 124}{1064.00 0.00 0.00 0.00 1330.00 0}{1330.00 2000.00 2000.00 2000.00 2670.00 1}
COMP 4c-3: 4821ca_48254a_482683_482777 (247 707.86 0 15.00 2 5808.00){0.00 0.00 0.00 0.00 6.00 0}{6.00 0.00 0.00 0.00 12.00 0}{12.00 15.00 16.96 17.00 30.00 124}{30.00 1349.00 1373.96 1398.00 2766.00 122}{2766.00 5808.00 5808.00 5808.00 8850.00 1}
COMM 4b-0: 46a5ff_46a95f_46aaa2_46ab94 (1 122.00 2 122.00 2 122.00){0.00 0.00 0.00 0.00 48.80 0}{48.80 0.00 0.00 0.00 97.60 0}{97.60 122.00 122.00 122.00 146.40 1}{146.40 0.00 0.00 0.00 195.20 0}{195.20 0.00 0.00 0.00 244.00 0}
COMM 4b-1: 46cf90_46d1c5_46d269_46d2e5 (1 6.00 0 6.00 0 6.00){0.00 0.00 0.00 0.00 2.40 0}{2.40 0.00 0.00 0.00 4.80 0}{4.80 6.00 6.00 6.00 7.20 1}{7.20 0.00 0.00 0.00 9.60 0}{9.60 0.00 0.00 0.00 12.00 0}
COMM 4b-2: 47d709_47dace_47dc38_47dd57 (125 5.44 1 3.00 1 132.00){0.00 0.00 0.00 0.00 2.00 0}{2.00 3.00 3.35 4.00 4.00 100}{4.00 5.00 5.83 6.00 6.00 6}{6.00 7.00 9.06 10.00 10.00 16}{10.00 15.00 55.33 132.00 254.00 3}
COMM 4b-3: 4821ca_48254a_482683_482777 (247 5.58 0 2.00 3 168.00){0.00 0.00 0.00 0.00 1.20 0}{1.20 2.00 2.00 2.00 2.40 66}{2.40 3.00 3.00 3.00 3.60 138}{3.60 4.00 4.05 5.00 6.00 22}{6.00 15.13 35.48 168.00 216.00 21}
LOOP0: iter: ( 124 )[ 1 -1 0 2 3 ]( 2 )[ 1 -1 2 1 0 ] mem: ( 1 )[ 1 -1 0 2 3 ]( 5 )[ 1 -1 2 1 0 ]
10 2 
12 ( 155 )[ 2 -1 0 2 1 -1 3 1 0 ]
12 ( 20480 )[ 1 -1 2 1 0 ]
14 16 
1a ( 1 2 )[ 1 -1 0 1 0 ]
1a ( 2 2 2 2 2 2 2 2 2 2 2 2 2 2 2 2 2 2 2 2 2 2 2 2 2 2 2 2 2 2 2 2 2 2 2 2 2 2 2 2 2 2 2 2 2 2 2 2 2 2 2 2 2 2 2 2 2 2 2 2 2 2 3 3 3 3 3 3 3 3 3 3 3 3 3 3 3 3 3 3 3 3 3 3 3 3 3 3 3 3 3 3 3 3 3 3 3 3 3 3 3 3 3 3 3 3 3 3 3 3 3 3 3 3 3 3 3 3 3 3 3 3 3 3 )[ 1 -1 1 1 0 ]
1a ( 3 2 )[ 1 -1 3 1 0 ]
1a ( 1 )[ 1 -1 2 1 0 ]
1b 0 

RANKS: 1 -1 0 1 0
EVENT16: 1102 47d709_47dace_47dc38_47dd57
COMP 4c-0: 47d709_47dace_47dc38_47dd57 (123 672.69 0 15.00 0 1350.00){0.00 0.00 0.00 0.00 6.00 0}{6.00 0.00 0.00 0.00 12.00 0}{12.00 15.00 16.95 17.00 24.00 62}{24.00 0.00 0.00 0.00 30.00 0}{30.00 1349.00 1349.95 1350.00 2668.00 61}
COMP 4c-1: 4821ca_48254a_482683_482777 (1 709.00 0 709.00 0 709.00){0.00 0.00 0.00 0.00 283.60 0}{283.60 0.00 0.00 0.00 567.20 0}{567.20 709.00 709.00 709.00 850.80 1}{850.80 0.00 0.00 0.00 1134.40 0}{1134.40 0.00 0.00 0.00 1418.00 0}
COMM 4b-0: 47d709_47dace_47dc38_47dd57 (123 47.35 0 1.00 0 280.00){0.00 1.00 2.06 4.00 4.00 62}{4.00 5.00 5.00 5.00 8.00 1}{8.00 10.00 13.33 15.00 16.00 3}{16.00 0.00 0.00 0.00 20.00 0}{20.00 24.00 99.79 280.00 292.00 57}
COMM 4b-1: 4821ca_48254a_482683_482777 (1 5036.00 0 5036.00 0 5036.00){0.00 0.00 0.00 0.00 2014.40 0}{2014.40 0.00 0.00 0.00 4028.80 0}{4028.80 5036.00 5036.00 5036.00 6043.20 1}{6043.20 0.00 0.00 0.00 8057.60 0}{8057.60 0.00 0.00 0.00 10072.00 0}
LOOP0: iter: ( 124 )[ 1 -1 0 1 0 ] mem: ( 1 )[ 1 -1 0 1 0 ]
10 2 
12 155 
14 16 
1b 0 
2b 1 2 

RANKS: 1 -1 1 3 1
EVENT17: 1090 47a096_47a46b_47a5d6_47a6f7
COMP 4c-0: 46a5ff_46a95f_46aaa2_46ab94 (2 133394.33 1 133392.00 3 133399.00){0.00 0.00 0.00 0.00 53356.80 0}{53356.80 0.00 0.00 0.00 106713.60 0}{106713.60 133392.00 133395.50 133399.00 160070.40 2}{160070.40 0.00 0.00 0.00 213427.20 0}{213427.20 0.00 0.00 0.00 266784.00 0}
COMP 4c-1: 4821ca_48254a_482683_482777 (6 8566.43 2 15.00 3 21369.00){0.00 15.00 15.00 15.00 2293.20 2}{2293.20 0.00 0.00 0.00 4586.40 0}{4586.40 5731.00 5732.00 5733.00 9172.80 2}{9172.80 0.00 0.00 0.00 11466.00 0}{11466.00 21369.00 21369.00 21369.00 31272.00 2}
COMP 4c-2: 48b125_48b3a9_48b47d_48b536 (2 21413.00 2 21413.00 2 21413.00){0.00 0.00 0.00 0.00 8565.20 0}{8565.20 0.00 0.00 0.00 17130.40 0}{17130.40 21413.00 21413.00 21413.00 25695.60 2}{25695.60 0.00 0.00 0.00 34260.80 0}{34260.80 0.00 0.00 0.00 42826.00 0}
COMM 4b-0: 46a5ff_46a95f_46aaa2_46ab94 (2 3.67 3 3.00 1 4.00){0.00 0.00 0.00 0.00 1.60 0}{1.60 3.00 3.00 3.00 3.20 1}{3.20 4.00 4.00 4.00 4.80 1}{4.80 0.00 0.00 0.00 6.40 0}{6.40 0.00 0.00 0.00 8.00 0}
COMM 4b-1: 4821ca_48254a_482683_482777 (6 3.00 1 3.00 1 3.00){0.00 0.00 0.00 0.00 1.20 0}{1.20 0.00 0.00 0.00 2.40 0}{2.40 3.00 3.00 3.00 3.60 6}{3.60 0.00 0.00 0.00 4.80 0}{4.80 0.00 0.00 0.00 6.00 0}
COMM 4b-2: 48b125_48b3a9_48b47d_48b536 (2 5.00 2 4.00 2 7.00){0.00 0.00 0.00 0.00 1.60 0}{1.60 0.00 0.00 0.00 3.20 0}{3.20 4.00 4.00 4.00 4.80 1}{4.80 0.00 0.00 0.00 6.40 0}{6.40 7.00 7.00 7.00 8.00 1}
LOOP0: iter: ( 2 )[ 1 -1 1 3 1 ] mem: ( 6 )[ 1 -1 1 1 0 ]( 4 )[ 1 -1 3 1 0 ]( 2 )[ 1 -1 2 1 0 ]
LOOP1: iter: ( 2 )[ 1 -1 3 1 0 ] mem: ( 3 )[ 1 -1 3 1 0 ]
10 2 
12 20480 
14 16 
1b 0 
2b 2147483647 

RANKS: 1 -1 1 3 1
EVENT18: 1148 48b125_48b3a9_48b47d_48b536
COMP 4c-0: 47a096_47a46b_47a5d6_47a6f7 (10 15.00 1 15.00 1 15.00){0.00 0.00 0.00 0.00 6.00 0}{6.00 0.00 0.00 0.00 12.00 0}{12.00 15.00 15.00 15.00 18.00 10}{18.00 0.00 0.00 0.00 24.00 0}{24.00 0.00 0.00 0.00 30.00 0}
COMM 4b-0: 47a096_47a46b_47a5d6_47a6f7 (10 985.36 1 109.00 2 4163.00){0.00 109.00 130.33 149.00 172.00 3}{172.00 222.00 272.00 322.00 344.00 2}{344.00 430.00 446.50 463.00 516.00 2}{516.00 556.00 556.00 556.00 860.00 1}{860.00 3862.00 4012.50 4163.00 6864.00 2}
1c 9999 

RANKS: 1 -1 0 4 1
EVENT19: 1113 4821ca_48254a_482683_482777
COMP 4c-0: 46a5ff_46a95f_46aaa2_46ab94 (1 133455.00 0 133455.00 0 133455.00){0.00 0.00 0.00 0.00 53382.00 0}{53382.00 0.00 0.00 0.00 106764.00 0}{106764.00 133455.00 133455.00 133455.00 160146.00 1}{160146.00 0.00 0.00 0.00 213528.00 0}{213528.00 0.00 0.00 0.00 266910.00 0}
COMP 4c-1: 47d709_47dace_47dc38_47dd57 (1 6446.00 0 6446.00 0 6446.00){0.00 0.00 0.00 0.00 2578.40 0}{2578.40 0.00 0.00 0.00 5156.80 0}{5156.80 6446.00 6446.00 6446.00 7735.20 1}{7735.20 0.00 0.00 0.00 10313.60 0}{10313.60 0.00 0.00 0.00 12892.00 0}
COMP 4c-2: 4821ca_48254a_482683_482777 (2 21442.00 1 21442.00 1 21442.00){0.00 0.00 0.00 0.00 8576.80 0}{8576.80 0.00 0.00 0.00 17153.60 0}{17153.60 21442.00 21442.00 21442.00 25730.40 2}{25730.40 0.00 0.00 0.00 34307.20 0}{34307.20 0.00 0.00 0.00 42884.00 0}
COMP 4c-3: 48b125_48b3a9_48b47d_48b536 (10 5972.73 1 155.00 0 21485.00){0.00 155.00 155.62 157.00 8594.00 8}{8594.00 0.00 0.00 0.00 17188.00 0}{17188.00 21485.00 21485.00 21485.00 25782.00 2}{25782.00 0.00 0.00 0.00 34376.00 0}{34376.00 0.00 0.00 0.00 42970.00 0}
COMM 4b-0: 46a5ff_46a95f_46aaa2_46ab94 (1 441.00 0 441.00 0 441.00){0.00 0.00 0.00 0.00 176.40 0}{176.40 0.00 0.00 0.00 352.80 0}{352.80 441.00 441.00 441.00 529.20 1}{529.20 0.00 0.00 0.00 705.60 0}{705.60 0.00 0.00 0.00 882.00 0}
COMM 4b-1: 47d709_47dace_47dc38_47dd57 (1 113.00 0 113.00 0 113.00){0.00 0.00 0.00 0.00 45.20 0}{45.20 0.00 0.00 0.00 90.40 0}{90.40 113.00 113.00 113.00 135.60 1}{135.60 0.00 0.00 0.00 180.80 0}{180.80 0.00 0.00 0.00 226.00 0}
COMM 4b-2: 4821ca_48254a_482683_482777 (2 114.00 1 113.00 1 116.00){0.00 0.00 0.00 0.00 45.20 0}{45.20 0.00 0.00 0.00 90.40 0}{90.40 113.00 114.50 116.00 135.60 2}{135.60 0.00 0.00 0.00 180.80 0}{180.80 0.00 0.00 0.00 226.00 0}
COMM 4b-3: 48b125_48b3a9_48b47d_48b536 (10 121.45 1 104.00 3 221.00){0.00 0.00 0.00 0.00 45.20 0}{45.20 0.00 0.00 0.00 90.40 0}{90.40 104.00 108.25 113.00 135.60 8}{135.60 136.00 136.00 136.00 180.80 1}{180.80 221.00 221.00 221.00 226.00 1}
LOOP0: iter: ( 2 )[ 1 -1 0 2 1 ] mem: ( 4 )[ 1 -1 0 1 0 ]( 1 )[ 1 -1 1 1 0 ]
LOOP1: iter: ( 2 )[ 1 -1 0 1 0 ] mem: ( 3 )[ 1 -1 0 1 0 ]
10 2 
12 20480 
14 16 
1a ( 1 2 )[ 1 -1 0 1 0 ]
1a ( 3 2 )[ 1 -1 1 2 2 ]
1a ( 2 )[ 1 -1 2 1 0 ]
1b 0 

RANKS: 1 -1 0 2 1
EVENT20: 1090 47a096_47a46b_47a5d6_47a6f7
COMP 4c-0: 4821ca_48254a_482683_482777 (6 15.14 0 14.00 1 16.00){0.00 0.00 0.00 0.00 6.00 0}{6.00 0.00 0.00 0.00 12.00 0}{12.00 14.00 15.17 16.00 18.00 6}{18.00 0.00 0.00 0.00 24.00 0}{24.00 0.00 0.00 0.00 30.00 0}
COMM 4b-0: 4821ca_48254a_482683_482777 (6 2.43 0 2.00 1 4.00){0.00 0.00 0.00 0.00 0.80 0}{0.80 0.00 0.00 0.00 1.60 0}{1.60 2.00 2.00 2.00 2.40 4}{2.40 3.00 3.00 3.00 3.20 1}{3.20 4.00 4.00 4.00 4.00 1}
10 2 
12 20480 
14 16 
1b 0 
2b 2147483647 

RANKS: 1 -1 0 2 1
EVENT21: 1148 48b125_48b3a9_48b47d_48b536
COMP 4c-0: 47a096_47a46b_47a5d6_47a6f7 (6 15.00 0 15.00 0 15.00){0.00 0.00 0.00 0.00 6.00 0}{6.00 0.00 0.00 0.00 12.00 0}{12.00 15.00 15.00 15.00 18.00 6}{18.00 0.00 0.00 0.00 24.00 0}{24.00 0.00 0.00 0.00 30.00 0}
COMM 4b-0: 47a096_47a46b_47a5d6_47a6f7 (6 144.57 1 97.00 0 231.00){0.00 0.00 0.00 0.00 85.60 0}{85.60 97.00 101.33 107.00 128.40 3}{128.40 170.00 170.00 170.00 171.20 1}{171.20 200.00 200.00 200.00 214.00 1}{214.00 231.00 231.00 231.00 248.00 1}
1c 9999 

RANKS: 1 -1 0 4 1
EVENT22: 1004 46a5ff_46a95f_46aaa2_46ab94
COMP 4c-0: 4821ca_48254a_482683_482777 (4 43002.40 2 41968.00 3 44552.00){0.00 0.00 0.00 0.00 16788.80 0}{16788.80 0.00 0.00 0.00 33577.60 0}{33577.60 41968.00 43260.00 44552.00 50366.40 4}{50366.40 0.00 0.00 0.00 67155.20 0}{67155.20 0.00 0.00 0.00 83944.00 0}
COMP 4c-1: 48b125_48b3a9_48b47d_48b536 (4 43053.40 1 42019.00 0 44603.00){0.00 0.00 0.00 0.00 16809.20 0}{16809.20 0.00 0.00 0.00 33618.40 0}{33618.40 42019.00 43311.00 44603.00 50427.60 4}{50427.60 0.00 0.00 0.00 67236.80 0}{67236.80 0.00 0.00 0.00 84046.00 0}
COMM 4b-0: 4821ca_48254a_482683_482777 (4 177.20 2 82.00 3 259.00){0.00 82.00 85.50 89.00 103.60 2}{103.60 197.00 197.00 197.00 207.20 1}{207.20 259.00 259.00 259.00 310.80 1}{310.80 0.00 0.00 0.00 414.40 0}{414.40 0.00 0.00 0.00 518.00 0}
COMM 4b-1: 48b125_48b3a9_48b47d_48b536 (4 86.20 0 23.00 1 214.00){0.00 0.00 0.00 0.00 9.20 0}{9.20 0.00 0.00 0.00 18.40 0}{18.40 23.00 23.50 24.00 36.80 2}{36.80 0.00 0.00 0.00 46.00 0}{46.00 147.00 180.50 214.00 248.00 2}
10 2 
12 1 5 
14 16 
18 1 3 

RANKS: 1 -1 0 4 1
EVENT23: 1010 46cf90_46d1c5_46d269_46d2e5
COMP 4c-0: 46a5ff_46a95f_46aaa2_46ab94 (4 21.40 3 20.00 3 23.00){0.00 0.00 0.00 0.00 8.40 0}{8.40 0.00 0.00 0.00 16.80 0}{16.80 20.00 21.50 23.00 25.20 4}{25.20 0.00 0.00 0.00 33.60 0}{33.60 0.00 0.00 0.00 42.00 0}
COMM 4b-0: 46a5ff_46a95f_46aaa2_46ab94 (4 106.20 1 15.00 3 149.00){0.00 15.00 15.00 15.00 53.20 1}{53.20 101.00 101.00 101.00 106.40 1}{106.40 133.00 141.00 149.00 159.60 2}{159.60 0.00 0.00 0.00 212.80 0}{212.80 0.00 0.00 0.00 266.00 0}
10 2 

RANKS: 1 -1 2 1 0
EVENT24: 1102 47d709_47dace_47dc38_47dd57
COMP 4c-0: 46cf90_46d1c5_46d269_46d2e5 (1 3326.00 2 3326.00 2 3326.00){0.00 0.00 0.00 0.00 1330.40 0}{1330.40 0.00 0.00 0.00 2660.80 0}{2660.80 3326.00 3326.00 3326.00 3991.20 1}{3991.20 0.00 0.00 0.00 5321.60 0}{5321.60 0.00 0.00 0.00 6652.00 0}
COMP 4c-1: 4821ca_48254a_482683_482777 (123 730.41 2 710.00 2 750.00){0.00 0.00 0.00 0.00 298.40 0}{298.40 0.00 0.00 0.00 596.80 0}{596.80 710.00 730.28 750.00 895.20 123}{895.20 0.00 0.00 0.00 1193.60 0}{1193.60 0.00 0.00 0.00 1492.00 0}
COMM 4b-0: 46cf90_46d1c5_46d269_46d2e5 (1 291.00 2 291.00 2 291.00){0.00 0.00 0.00 0.00 116.40 0}{116.40 0.00 0.00 0.00 232.80 0}{232.80 291.00 291.00 291.00 349.20 1}{349.20 0.00 0.00 0.00 465.60 0}{465.60 0.00 0.00 0.00 582.00 0}
COMM 4b-1: 4821ca_48254a_482683_482777 (123 51.24 2 3.00 2 4516.00){0.00 0.00 0.00 0.00 2.40 0}{2.40 3.00 3.77 4.00 4.80 86}{4.80 5.00 5.36 6.00 6.00 14}{6.00 9.00 65.27 113.00 126.00 22}{126.00 4516.00 4516.00 4516.00 8906.00 1}
LOOP0: iter: ( 124 )[ 1 -1 2 1 0 ] mem: ( 2 )[ 1 -1 2 1 0 ]
10 2 
12 155 
14 16 
1b 0 
2b 2 2 2 2 2 2 2 2 2 2 2 2 2 2 2 2 2 2 2 2 2 2 2 2 2 2 2 2 2 2 2 2 2 2 2 2 2 2 2 2 2 2 2 2 2 2 2 2 2 2 2 2 2 2 2 2 2 2 2 2 2 2 1 1 1 1 1 1 1 1 1 1 1 1 1 1 1 1 1 1 1 1 1 1 1 1 1 1 1 1 1 1 1 1 1 1 1 1 1 1 1 1 1 1 1 1 1 1 1 1 1 1 1 1 1 1 1 1 1 1 1 1 1 1 

RANKS: 1 -1 0 2 2
EVENT25: 1113 4821ca_48254a_482683_482777
COMP 4c-0: 46cf90_46d1c5_46d269_46d2e5 (1 3980.00 0 3980.00 0 3980.00){0.00 0.00 0.00 0.00 1592.00 0}{1592.00 0.00 0.00 0.00 3184.00 0}{3184.00 3980.00 3980.00 3980.00 4776.00 1}{4776.00 0.00 0.00 0.00 6368.00 0}{6368.00 0.00 0.00 0.00 7960.00 0}
COMP 4c-1: 47d709_47dace_47dc38_47dd57 (124 660.56 2 656.00 2 666.00){0.00 0.00 0.00 0.00 266.00 0}{266.00 0.00 0.00 0.00 532.00 0}{532.00 656.00 660.52 666.00 798.00 124}{798.00 0.00 0.00 0.00 1064.00 0}{1064.00 0.00 0.00 0.00 1330.00 0}
COMP 4c-2: 4821ca_48254a_482683_482777 (30627 702.43 0 15.00 0 1399.00){0.00 0.00 0.00 0.00 6.00 0}{6.00 0.00 0.00 0.00 12.00 0}{12.00 15.00 17.24 18.00 24.00 15438}{24.00 0.00 0.00 0.00 30.00 0}{30.00 1398.00 1398.89 1399.00 2766.00 15189}
COMP 4c-3: 48b125_48b3a9_48b47d_48b536 (248 45997.86 0 45984.00 0 46003.00){0.00 0.00 0.00 0.00 18393.60 0}{18393.60 0.00 0.00 0.00 36787.20 0}{36787.20 45984.00 45997.91 46003.00 55180.80 248}{55180.80 0.00 0.00 0.00 73574.40 0}{73574.40 0.00 0.00 0.00 91968.00 0}
COMM 4b-0: 46cf90_46d1c5_46d269_46d2e5 (1 5.00 0 5.00 0 5.00){0.00 0.00 0.00 0.00 2.00 0}{2.00 0.00 0.00 0.00 4.00 0}{4.00 5.00 5.00 5.00 6.00 1}{6.00 0.00 0.00 0.00 8.00 0}{8.00 0.00 0.00 0.00 10.00 0}
COMM 4b-1: 47d709_47dace_47dc38_47dd57 (124 3.57 2 3.00 2 13.00){0.00 0.00 0.00 0.00 2.00 0}{2.00 3.00 3.42 4.00 4.00 121}{4.00 5.00 5.00 5.00 8.00 1}{8.00 9.00 9.00 9.00 10.00 1}{10.00 13.00 13.00 13.00 16.00 1}
COMM 4b-2: 4821ca_48254a_482683_482777 (30627 3.25 0 2.00 0 57.00){0.00 0.00 0.00 0.00 1.20 0}{1.20 2.00 2.82 3.29 3.60 26680}{3.60 4.00 4.26 6.00 6.00 3124}{6.00 6.10 13.55 29.00 30.00 821}{30.00 31.00 44.00 57.00 84.00 2}
COMM 4b-3: 48b125_48b3a9_48b47d_48b536 (248 10.49 0 9.00 0 18.00){0.00 0.00 0.00 0.00 4.00 0}{4.00 0.00 0.00 0.00 8.00 0}{8.00 9.00 9.66 11.00 12.00 206}{12.00 13.00 14.33 16.00 16.00 39}{16.00 18.00 18.00 18.00 20.00 3}
LOOP0: iter: ( 249 )[ 1 -1 0 1 0 ] mem: ( 5 )[ 1 -1 0 1 0 ]
LOOP1: iter: ( 124 )[ 1 -1 0 1 0 ] mem: ( 1 )[ 1 -1 0 1 0 ]
10 2 
12 155 
14 16 
1a ( 1 2 )[ 1 -1 0 1 0 ]
1a ( 1 1 1 1 1 1 1 1 1 1 1 1 1 1 1 1 1 1 1 1 1 1 1 1 1 1 1 1 1 1 1 1 1 1 1 1 1 1 1 1 1 1 1 1 1 1 1 1 1 1 1 1 1 1 1 1 1 1 1 1 1 1 2 2 2 2 2 2 2 2 2 2 2 2 2 2 2 2 2 2 2 2 2 2 2 2 2 2 2 2 2 2 2 2 2 2 2 2 2 2 2 2 2 2 2 2 2 2 2 2 2 2 2 2 2 2 2 2 2 2 2 2 2 2 )[ 1 -1 2 1 0 ]
1b 0 

RANKS: 2 -1 0 2 1 -1 3 1 0
EVENT26: 1102 47d709_47dace_47dc38_47dd57
COMP 4c-0: 46cf90_46d1c5_46d269_46d2e5 (2 3326.00 1 3326.00 1 3326.00){0.00 0.00 0.00 0.00 1330.40 0}{1330.40 0.00 0.00 0.00 2660.80 0}{2660.80 3326.00 3326.00 3326.00 3991.20 2}{3991.20 0.00 0.00 0.00 5321.60 0}{5321.60 0.00 0.00 0.00 6652.00 0}
COMP 4c-1: 47d709_47dace_47dc38_47dd57 (61254 690.52 0 15.00 3 1399.00){0.00 0.00 0.00 0.00 6.00 0}{6.00 0.00 0.00 0.00 12.00 0}{12.00 15.00 17.62 18.00 24.00 30876}{24.00 0.00 0.00 0.00 30.00 0}{30.00 1349.00 1374.46 1399.00 2668.00 30378}
COMP 4c-2: 4821ca_48254a_482683_482777 (31124 1085.23 1 708.00 3 45299.00){0.00 0.00 0.00 0.00 284.00 0}{284.00 0.00 0.00 0.00 568.00 0}{568.00 708.00 730.12 751.00 1136.00 30876}{1136.00 0.00 0.00 0.00 1420.00 0}{1420.00 45283.00 45297.30 45299.00 89178.00 248}
COMP 4c-3: 48b125_48b3a9_48b47d_48b536 (248 45344.27 1 45330.00 1 45345.00){0.00 0.00 0.00 0.00 18132.00 0}{18132.00 0.00 0.00 0.00 36264.00 0}{36264.00 45330.00 45344.32 45345.00 54396.00 248}{54396.00 0.00 0.00 0.00 72528.00 0}{72528.00 0.00 0.00 0.00 90660.00 0}
COMM 4b-0: 46cf90_46d1c5_46d269_46d2e5 (2 268.33 1 126.00 3 553.00){0.00 0.00 0.00 0.00 50.40 0}{50.40 0.00 0.00 0.00 100.80 0}{100.80 126.00 126.00 126.00 201.60 1}{201.60 0.00 0.00 0.00 252.00 0}{252.00 553.00 553.00 553.00 854.00 1}
COMM 4b-1: 47d709_47dace_47dc38_47dd57 (61254 20.46 0 1.00 3 386.00){0.00 1.00 2.37 4.00 4.00 35042}{4.00 4.18 44.55 279.00 282.00 26202}{282.00 283.00 293.50 295.67 298.00 8}{298.00 318.00 318.00 318.00 338.00 1}{338.00 386.00 386.00 386.00 434.00 1}
COMM 4b-2: 4821ca_48254a_482683_482777 (31124 70.31 1 2.00 0 9602.00){0.00 2.00 35.08 2002.00 2013.60 30879}{2013.60 2020.00 3235.10 4017.00 4027.20 115}{4027.20 4038.00 4931.67 6029.00 6040.80 90}{6040.80 6046.00 6769.53 7996.00 8054.40 34}{8054.40 8195.00 9026.67 9602.00 10068.00 6}
COMM 4b-3: 48b125_48b3a9_48b47d_48b536 (248 993.43 1 21.00 1 2032.00){0.00 21.00 87.50 154.00 162.00 2}{162.00 235.00 261.80 292.00 324.00 5}{324.00 342.00 399.17 479.00 486.00 12}{486.00 492.00 665.70 808.00 810.00 79}{810.00 820.00 1253.96 2032.00 2278.00 150}
LOOP0: iter: ( 124 )[ 1 -1 0 1 0 ]( 249 )[ 1 -1 1 2 2 ] mem: ( 1 )[ 1 -1 0 1 0 ]( 7 )[ 1 -1 1 1 0 ]( 5 )[ 1 -1 3 1 0 ]
LOOP1: iter: ( 124 )[ 1 -1 1 2 2 ] mem: ( 2 )[ 1 -1 1 1 0 ]( 1 )[ 1 -1 3 1 0 ]
10 2 
12 155 
14 16 
1b 0 
2b ( 1 2 )[ 1 -1 0 1 0 ]
2b ( 3 3 3 3 3 3 3 3 3 3 3 3 3 3 3 3 3 3 3 3 3 3 3 3 3 3 3 3 3 3 3 3 3 3 3 3 3 3 3 3 3 3 3 3 3 3 3 3 3 3 3 3 3 3 3 3 3 3 3 3 3 3 2 2 2 2 2 2 2 2 2 2 2 2 2 2 2 2 2 2 2 2 2 2 2 2 2 2 2 2 2 2 2 2 2 2 2 2 2 2 2 2 2 2 2 2 2 2 2 2 2 2 2 2 2 2 2 2 2 2 2 2 2 2 )[ 1 -1 1 1 0 ]
2b ( 3 2 )[ 1 -1 3 1 0 ]

RANKS: 1 -1 0 4 1
EVENT27: 1113 4821ca_48254a_482683_482777
COMP 4c-0: 47d709_47dace_47dc38_47dd57 (31374 717.23 1 655.00 0 6447.00){0.00 655.00 671.22 2000.00 2578.40 31125}{2578.40 0.00 0.00 0.00 5156.80 0}{5156.80 6446.00 6446.14 6447.00 7735.20 249}{7735.20 0.00 0.00 0.00 10313.60 0}{10313.60 0.00 0.00 0.00 12892.00 0}
COMP 4c-1: 4821ca_48254a_482683_482777 (30628 678.38 3 15.00 2 5808.00){0.00 0.00 0.00 0.00 6.00 0}{6.00 0.00 0.00 0.00 12.00 0}{12.00 15.00 17.32 18.00 30.00 15438}{30.00 1349.00 1349.99 1351.00 2668.00 15189}{2668.00 5808.00 5808.00 5808.00 8948.00 1}
COMP 4c-2: 48b125_48b3a9_48b47d_48b536 (249 21485.04 0 21485.00 0 21486.00){0.00 0.00 0.00 0.00 8594.00 0}{8594.00 0.00 0.00 0.00 17188.00 0}{17188.00 21485.00 21485.04 21486.00 25782.00 249}{25782.00 0.00 0.00 0.00 34376.00 0}{34376.00 0.00 0.00 0.00 42970.00 0}
COMM 4b-0: 47d709_47dace_47dc38_47dd57 (31374 4.80 1 2.00 0 132.00){0.00 2.00 3.92 31.00 47.60 31125}{47.60 0.00 0.00 0.00 95.20 0}{95.20 110.00 113.50 132.00 142.80 249}{142.80 0.00 0.00 0.00 190.40 0}{190.40 0.00 0.00 0.00 238.00 0}
COMM 4b-1: 4821ca_48254a_482683_482777 (30628 3.51 3 2.00 2 114.00){0.00 2.00 3.08 6.00 6.00 28497}{6.00 6.00 7.16 10.00 10.00 1673}{10.00 11.00 16.04 24.00 24.00 423}{24.00 25.00 27.44 33.00 34.00 34}{34.00 114.00 114.00 114.00 194.00 1}
COMM 4b-2: 48b125_48b3a9_48b47d_48b536 (249 111.97 0 109.00 0 126.00){0.00 0.00 0.00 0.00 44.00 0}{44.00 0.00 0.00 0.00 88.00 0}{88.00 109.00 111.98 126.00 132.00 249}{132.00 0.00 0.00 0.00 176.00 0}{176.00 0.00 0.00 0.00 220.00 0}
LOOP0: iter: ( 2 )[ 1 -1 0 1 0 ]( 124 )[ 1 -1 3 1 0 ] mem: ( 3 )[ 1 -1 0 1 0 ]( 1 )[ 1 -1 3 1 0 ]
10 2 
12 ( 20480 )[ 1 -1 0 2 2 ]
12 ( 155 )[ 1 -1 1 2 2 ]
14 16 
1a ( 1 2 )[ 1 -1 0 1 0 ]
1a ( 2 2 2 2 2 2 2 2 2 2 2 2 2 2 2 2 2 2 2 2 2 2 2 2 2 2 2 2 2 2 2 2 2 2 2 2 2 2 2 2 2 2 2 2 2 2 2 2 2 2 2 2 2 2 2 2 2 2 2 2 2 2 3 3 3 3 3 3 3 3 3 3 3 3 3 3 3 3 3 3 3 3 3 3 3 3 3 3 3 3 3 3 3 3 3 3 3 3 3 3 3 3 3 3 3 3 3 3 3 3 3 3 3 3 3 3 3 3 3 3 3 3 3 3 )[ 1 -1 1 1 0 ]
1a ( 3 2 )[ 1 -1 3 1 0 ]
1a ( 1 )[ 1 -1 2 1 0 ]
1b 0 

RANKS: 1 -1 0 4 1
EVENT28: 1090 47a096_47a46b_47a5d6_47a6f7
COMP 4c-0: 4821ca_48254a_482683_482777 (1493 5481.45 0 14.00 3 21369.00){0.00 0.00 0.00 0.00 5.60 0}{5.60 0.00 0.00 0.00 11.20 0}{11.20 14.00 16.08 25.00 28.00 607}{28.00 28.14 4487.64 5733.00 11432.00 637}{11432.00 21369.00 21369.00 21369.00 31306.00 249}
COMP 4c-1: 48b125_48b3a9_48b47d_48b536 (248 21413.00 2 21413.00 2 21413.00){0.00 0.00 0.00 0.00 8565.20 0}{8565.20 0.00 0.00 0.00 17130.40 0}{17130.40 21413.00 21413.00 21413.00 25695.60 248}{25695.60 0.00 0.00 0.00 34260.80 0}{34260.80 0.00 0.00 0.00 42826.00 0}
COMM 4b-0: 4821ca_48254a_482683_482777 (1493 2.94 0 1.00 1 17.00){0.00 1.00 1.00 1.00 1.60 2}{1.60 2.00 2.63 3.00 3.20 1241}{3.20 4.00 4.13 6.00 6.40 229}{6.40 7.00 7.42 8.00 8.00 19}{8.00 13.00 15.00 17.00 26.00 2}
COMM 4b-1: 48b125_48b3a9_48b47d_48b536 (248 3.19 2 2.00 2 12.00){0.00 0.00 0.00 0.00 1.20 0}{1.20 2.00 3.00 3.00 3.60 209}{3.60 4.00 4.00 4.00 4.80 37}{4.80 5.00 5.00 5.00 6.00 1}{6.00 12.00 12.00 12.00 18.00 1}
LOOP0: iter: ( 2 )[ 1 -1 3 1 0 ]( 248 )[ 1 -1 2 1 0 ] mem: ( 3 )[ 1 -1 3 1 0 ]( 5 )[ 1 -1 2 1 0 ]
LOOP1: iter: ( 2 )[ 1 -1 2 1 0 ] mem: ( 2 )[ 1 -1 2 1 0 ]
10 2 
12 20480 
14 16 
1b 0 
2b 2147483647 

RANKS: 1 -1 0 4 1
EVENT29: 1148 48b125_48b3a9_48b47d_48b536
COMP 4c-0: 47a096_47a46b_47a5d6_47a6f7 (1741 14.66 0 14.00 0 15.00){0.00 0.00 0.00 0.00 6.00 0}{6.00 0.00 0.00 0.00 12.00 0}{12.00 14.00 14.66 15.00 18.00 1741}{18.00 0.00 0.00 0.00 24.00 0}{24.00 0.00 0.00 0.00 30.00 0}
COMM 4b-0: 47a096_47a46b_47a5d6_47a6f7 (1741 697.25 0 95.00 3 9391.00){0.00 0.00 0.00 0.00 77.60 0}{77.60 95.00 143.81 248.00 254.00 913}{254.00 264.67 470.58 568.00 632.00 269}{632.00 765.57 769.84 961.00 1242.00 86}{1242.00 1358.27 1882.51 9391.00 17540.00 473}
1c 9999 

RANKS: 1 -1 2 1 0
EVENT30: 1113 4821ca_48254a_482683_482777
COMP 4c-0: 47d709_47dace_47dc38_47dd57 (30504 663.91 2 656.00 2 669.00){0.00 0.00 0.00 0.00 266.00 0}{266.00 0.00 0.00 0.00 532.00 0}{532.00 656.00 663.91 669.00 798.00 30504}{798.00 0.00 0.00 0.00 1064.00 0}{1064.00 0.00 0.00 0.00 1330.00 0}
COMP 4c-1: 48b125_48b3a9_48b47d_48b536 (248 157.92 2 157.00 2 159.00){0.00 0.00 0.00 0.00 62.80 0}{62.80 0.00 0.00 0.00 125.60 0}{125.60 157.00 157.92 159.00 188.40 248}{188.40 0.00 0.00 0.00 251.20 0}{251.20 0.00 0.00 0.00 314.00 0}
COMM 4b-0: 47d709_47dace_47dc38_47dd57 (30504 3.75 2 3.00 2 103.00){0.00 3.00 3.45 6.00 6.40 29230}{6.40 6.50 8.55 12.00 12.80 788}{12.80 13.00 13.86 19.00 20.00 477}{20.00 21.00 23.88 27.00 34.00 8}{34.00 103.00 103.00 103.00 172.00 1}
COMM 4b-1: 48b125_48b3a9_48b47d_48b536 (248 108.63 2 102.00 2 187.00){0.00 0.00 0.00 0.00 42.40 0}{42.40 0.00 0.00 0.00 84.80 0}{84.80 102.00 105.83 126.00 127.20 229}{127.20 128.00 138.29 165.00 169.60 17}{169.60 171.00 179.00 187.00 212.00 2}
LOOP0: iter: ( 124 )[ 1 -1 2 1 0 ] mem: ( 2 )[ 1 -1 2 1 0 ]
10 2 
12 20480 155 155 155 155 155 155 155 155 155 155 155 155 155 155 155 155 155 155 155 155 155 155 155 155 155 155 155 155 155 155 155 155 155 155 155 155 155 155 155 155 155 155 155 155 155 155 155 155 155 155 155 155 155 155 155 155 155 155 155 155 155 155 155 155 155 155 155 155 155 155 155 155 155 155 155 155 155 155 155 155 155 155 155 155 155 155 155 155 155 155 155 155 155 155 155 155 155 155 155 155 155 155 155 155 155 155 155 155 155 155 155 155 155 155 155 155 155 155 155 155 155 155 155 
14 16 
1a 2 1 1 1 1 1 1 1 1 1 1 1 1 1 1 1 1 1 1 1 1 1 1 1 1 1 1 1 1 1 1 1 1 1 1 1 1 1 1 1 1 1 1 1 1 1 1 1 1 1 1 1 1 1 1 1 1 1 1 1 1 1 1 2 2 2 2 2 2 2 2 2 2 2 2 2 2 2 2 2 2 2 2 2 2 2 2 2 2 2 2 2 2 2 2 2 2 2 2 2 2 2 2 2 2 2 2 2 2 2 2 2 2 2 2 2 2 2 2 2 2 2 2 2 
1b 0 

RANKS: 1 -1 2 1 0
EVENT31: 1102 47d709_47dace_47dc38_47dd57
COMP 4c-0: 4821ca_48254a_482683_482777 (30752 1087.43 2 707.00 2 45280.00){0.00 707.00 726.70 747.00 18112.00 30504}{18112.00 0.00 0.00 0.00 36224.00 0}{36224.00 45279.00 45279.36 45280.00 54336.00 248}{54336.00 0.00 0.00 0.00 72448.00 0}{72448.00 0.00 0.00 0.00 90560.00 0}
COMM 4b-0: 4821ca_48254a_482683_482777 (30752 42.29 2 2.00 2 8160.00){0.00 2.00 15.05 162.00 162.00 30236}{162.00 165.00 196.44 321.00 324.00 25}{324.00 331.00 594.88 804.00 810.00 179}{810.00 814.00 2267.50 6359.00 6744.00 307}{6744.00 6772.00 7493.40 8160.00 9010.00 5}
10 2 
12 155 
14 16 
1b 0 
2b 2 2 2 2 2 2 2 2 2 2 2 2 2 2 2 2 2 2 2 2 2 2 2 2 2 2 2 2 2 2 2 2 2 2 2 2 2 2 2 2 2 2 2 2 2 2 2 2 2 2 2 2 2 2 2 2 2 2 2 2 2 2 1 1 1 1 1 1 1 1 1 1 1 1 1 1 1 1 1 1 1 1 1 1 1 1 1 1 1 1 1 1 1 1 1 1 1 1 1 1 1 1 1 1 1 1 1 1 1 1 1 1 1 1 1 1 1 1 1 1 1 1 1 1 

RANKS: 1 -1 0 4 1
EVENT32: 1113 4821ca_48254a_482683_482777
COMP 4c-0: 47d709_47dace_47dc38_47dd57 (248 658.95 2 656.00 2 660.00){0.00 0.00 0.00 0.00 263.60 0}{263.60 0.00 0.00 0.00 527.20 0}{527.20 656.00 658.95 660.00 790.80 248}{790.80 0.00 0.00 0.00 1054.40 0}{1054.40 0.00 0.00 0.00 1318.00 0}
COMP 4c-1: 4821ca_48254a_482683_482777 (620 11054.35 0 15.00 1 21442.00){0.00 0.00 0.00 0.00 6.00 0}{6.00 0.00 0.00 0.00 12.00 0}{12.00 15.00 16.97 17.00 30.00 62}{30.00 1398.00 1398.98 1399.00 2766.00 61}{2766.00 5804.00 13638.53 21442.00 40116.00 497}
COMP 4c-2: 48b125_48b3a9_48b47d_48b536 (748 277.57 1 155.00 0 46003.00){0.00 155.00 155.15 156.00 18401.20 747}{18401.20 0.00 0.00 0.00 36802.40 0}{36802.40 46003.00 46003.00 46003.00 55203.60 1}{55203.60 0.00 0.00 0.00 73604.80 0}{73604.80 0.00 0.00 0.00 92006.00 0}
COMM 4b-0: 47d709_47dace_47dc38_47dd57 (248 3.52 2 3.00 2 10.00){0.00 0.00 0.00 0.00 1.60 0}{1.60 3.00 3.00 3.00 3.20 142}{3.20 4.00 4.00 4.00 6.40 102}{6.40 0.00 0.00 0.00 8.00 0}{8.00 9.00 9.50 10.00 10.00 4}
COMM 4b-1: 4821ca_48254a_482683_482777 (620 94.88 0 2.00 1 258.00){0.00 2.00 3.14 7.00 8.00 121}{8.00 13.00 17.00 21.00 34.00 2}{34.00 111.00 116.15 180.00 188.00 490}{188.00 195.00 196.00 197.00 206.00 2}{206.00 213.00 239.80 258.00 310.00 5}
COMM 4b-2: 48b125_48b3a9_48b47d_48b536 (748 163.06 0 10.00 3 329.00){0.00 10.00 10.00 10.00 20.00 1}{20.00 103.00 119.16 163.00 186.00 413}{186.00 195.30 215.43 225.32 240.00 320}{240.00 250.00 250.00 250.00 260.00 1}{260.00 281.92 285.54 329.00 398.00 13}
LOOP0: iter: ( 124 )[ 1 -1 0 1 0 ]( 2 )[ 1 -1 1 2 1 ] mem: ( 1 )[ 1 -1 0 3 1 ]
10 2 
12 ( 155 )[ 1 -1 0 1 0 ]
12 ( 20480 )[ 1 -1 1 2 2 ]
12 ( 155 20480 )[ 1 -1 2 1 0 ]
14 16 
1a ( 1 2 )[ 1 -1 0 1 0 ]
1a ( 3 2 )[ 1 -1 1 2 2 ]
1a ( 2 1 )[ 1 -1 2 1 0 ]
1b 0 

RANKS: 1 -1 1 2 1
EVENT33: 1090 47a096_47a46b_47a5d6_47a6f7
COMP 4c-0: 4821ca_48254a_482683_482777 (250 16.05 1 16.00 2 29.00){0.00 0.00 0.00 0.00 6.40 0}{6.40 0.00 0.00 0.00 12.80 0}{12.80 16.00 16.00 16.00 19.20 249}{19.20 0.00 0.00 0.00 25.60 0}{25.60 29.00 29.00 29.00 32.00 1}
COMP 4c-1: 48b125_48b3a9_48b47d_48b536 (1 21413.00 2 21413.00 2 21413.00){0.00 0.00 0.00 0.00 8565.20 0}{8565.20 0.00 0.00 0.00 17130.40 0}{17130.40 21413.00 21413.00 21413.00 25695.60 1}{25695.60 0.00 0.00 0.00 34260.80 0}{34260.80 0.00 0.00 0.00 42826.00 0}
COMM 4b-0: 4821ca_48254a_482683_482777 (250 3.16 1 2.00 1 17.00){0.00 0.00 0.00 0.00 1.60 0}{1.60 2.00 2.49 3.00 3.20 166}{3.20 4.00 4.00 4.00 4.80 70}{4.80 5.00 5.17 7.00 8.00 12}{8.00 16.00 16.50 17.00 24.00 2}
COMM 4b-1: 48b125_48b3a9_48b47d_48b536 (1 3.00 2 3.00 2 3.00){0.00 0.00 0.00 0.00 1.20 0}{1.20 0.00 0.00 0.00 2.40 0}{2.40 3.00 3.00 3.00 3.60 1}{3.60 0.00 0.00 0.00 4.80 0}{4.80 0.00 0.00 0.00 6.00 0}
LOOP0: iter: ( 2 )[ 1 -1 2 1 0 ] mem: ( 2 )[ 1 -1 2 1 0 ]
10 2 
12 20480 
14 16 
1b 0 
2b 2147483647 

RANKS: 1 -1 1 2 1
EVENT34: 1148 48b125_48b3a9_48b47d_48b536
COMP 4c-0: 47a096_47a46b_47a5d6_47a6f7 (251 14.99 1 14.00 1 15.00){0.00 0.00 0.00 0.00 6.00 0}{6.00 0.00 0.00 0.00 12.00 0}{12.00 14.00 14.99 15.00 18.00 251}{18.00 0.00 0.00 0.00 24.00 0}{24.00 0.00 0.00 0.00 30.00 0}
COMM 4b-0: 47a096_47a46b_47a5d6_47a6f7 (251 102.19 1 96.00 2 646.00){0.00 0.00 0.00 0.00 38.80 0}{38.80 0.00 0.00 0.00 77.60 0}{77.60 96.00 99.29 115.00 116.40 242}{116.40 117.00 122.75 133.00 194.00 8}{194.00 646.00 646.00 646.00 1098.00 1}
1c 9999 

RANKS: 1 -1 2 1 0
EVENT35: 1113 4821ca_48254a_482683_482777
COMP 4c-0: 47d709_47dace_47dc38_47dd57 (123 663.88 2 658.00 2 669.00){0.00 0.00 0.00 0.00 266.00 0}{266.00 0.00 0.00 0.00 532.00 0}{532.00 658.00 663.87 669.00 798.00 123}{798.00 0.00 0.00 0.00 1064.00 0}{1064.00 0.00 0.00 0.00 1330.00 0}
COMP 4c-1: 48b125_48b3a9_48b47d_48b536 (1 158.00 2 158.00 2 158.00){0.00 0.00 0.00 0.00 63.20 0}{63.20 0.00 0.00 0.00 126.40 0}{126.40 158.00 158.00 158.00 189.60 1}{189.60 0.00 0.00 0.00 252.80 0}{252.80 0.00 0.00 0.00 316.00 0}
COMM 4b-0: 47d709_47dace_47dc38_47dd57 (123 3.79 2 3.00 2 14.00){0.00 3.00 3.42 4.00 5.60 118}{5.60 6.00 8.00 11.00 11.20 3}{11.20 14.00 14.00 14.00 16.80 2}{16.80 0.00 0.00 0.00 22.40 0}{22.40 0.00 0.00 0.00 28.00 0}
COMM 4b-1: 48b125_48b3a9_48b47d_48b536 (1 107.00 2 107.00 2 107.00){0.00 0.00 0.00 0.00 42.80 0}{42.80 0.00 0.00 0.00 85.60 0}{85.60 107.00 107.00 107.00 128.40 1}{128.40 0.00 0.00 0.00 171.20 0}{171.20 0.00 0.00 0.00 214.00 0}
LOOP0: iter: ( 124 )[ 1 -1 2 1 0 ] mem: ( 2 )[ 1 -1 2 1 0 ]
10 2 
12 20480 155 155 155 155 155 155 155 155 155 155 155 155 155 155 155 155 155 155 155 155 155 155 155 155 155 155 155 155 155 155 155 155 155 155 155 155 155 155 155 155 155 155 155 155 155 155 155 155 155 155 155 155 155 155 155 155 155 155 155 155 155 155 155 155 155 155 155 155 155 155 155 155 155 155 155 155 155 155 155 155 155 155 155 155 155 155 155 155 155 155 155 155 155 155 155 155 155 155 155 155 155 155 155 155 155 155 155 155 155 155 155 155 155 155 155 155 155 155 155 155 155 155 155 
14 16 
1a 2 1 1 1 1 1 1 1 1 1 1 1 1 1 1 1 1 1 1 1 1 1 1 1 1 1 1 1 1 1 1 1 1 1 1 1 1 1 1 1 1 1 1 1 1 1 1 1 1 1 1 1 1 1 1 1 1 1 1 1 1 1 1 2 2 2 2 2 2 2 2 2 2 2 2 2 2 2 2 2 2 2 2 2 2 2 2 2 2 2 2 2 2 2 2 2 2 2 2 2 2 2 2 2 2 2 2 2 2 2 2 2 2 2 2 2 2 2 2 2 2 2 2 2 
1b 0 

RANKS: 1 -1 0 4 1
EVENT36: 1102 47d709_47dace_47dc38_47dd57
COMP 4c-0: 47d709_47dace_47dc38_47dd57 (246 687.94 0 15.00 3 1399.00){0.00 0.00 0.00 0.00 6.00 0}{6.00 0.00 0.00 0.00 12.00 0}{12.00 15.00 17.88 18.00 24.00 124}{24.00 0.00 0.00 0.00 30.00 0}{30.00 1350.00 1374.49 1399.00 2670.00 122}
COMP 4c-1: 4821ca_48254a_482683_482777 (249 1084.72 2 707.00 3 45298.00){0.00 0.00 0.00 0.00 284.00 0}{284.00 0.00 0.00 0.00 568.00 0}{568.00 707.00 728.32 750.00 1136.00 247}{1136.00 0.00 0.00 0.00 1420.00 0}{1420.00 45279.00 45288.50 45298.00 89176.00 2}
COMP 4c-2: 48b125_48b3a9_48b47d_48b536 (1 45345.00 1 45345.00 1 45345.00){0.00 0.00 0.00 0.00 18138.00 0}{18138.00 0.00 0.00 0.00 36276.00 0}{36276.00 45345.00 45345.00 45345.00 54414.00 1}{54414.00 0.00 0.00 0.00 72552.00 0}{72552.00 0.00 0.00 0.00 90690.00 0}
COMM 4b-0: 47d709_47dace_47dc38_47dd57 (246 10.78 3 1.00 3 190.00){0.00 1.00 1.00 1.00 1.60 4}{1.60 2.00 2.81 3.00 3.20 94}{3.20 4.00 4.00 4.00 4.00 46}{4.00 5.00 19.98 81.00 100.00 101}{100.00 190.00 190.00 190.00 280.00 1}
COMM 4b-1: 4821ca_48254a_482683_482777 (249 32.59 1 2.00 3 1940.00){0.00 2.00 7.69 496.00 638.00 246}{638.00 1125.00 1125.00 1125.00 1276.00 1}{1276.00 1595.00 1595.00 1595.00 1914.00 1}{1914.00 1940.00 1940.00 1940.00 2552.00 1}{2552.00 0.00 0.00 0.00 3190.00 0}
COMM 4b-2: 48b125_48b3a9_48b47d_48b536 (1 1486.00 1 1486.00 1 1486.00){0.00 0.00 0.00 0.00 594.40 0}{594.40 0.00 0.00 0.00 1188.80 0}{1188.80 1486.00 1486.00 1486.00 1783.20 1}{1783.20 0.00 0.00 0.00 2377.60 0}{2377.60 0.00 0.00 0.00 2972.00 0}
LOOP0: iter: ( 124 )[ 2 -1 0 2 1 -1 3 1 0 ] mem: ( 1 )[ 1 -1 0 2 3 ]( 2 )[ 1 -1 1 1 0 ]
10 2 
12 155 
14 16 
1b 0 
2b ( 1 2 )[ 1 -1 0 1 0 ]
2b ( 3 3 3 3 3 3 3 3 3 3 3 3 3 3 3 3 3 3 3 3 3 3 3 3 3 3 3 3 3 3 3 3 3 3 3 3 3 3 3 3 3 3 3 3 3 3 3 3 3 3 3 3 3 3 3 3 3 3 3 3 3 3 2 2 2 2 2 2 2 2 2 2 2 2 2 2 2 2 2 2 2 2 2 2 2 2 2 2 2 2 2 2 2 2 2 2 2 2 2 2 2 2 2 2 2 2 2 2 2 2 2 2 2 2 2 2 2 2 2 2 2 2 2 2 )[ 1 -1 1 1 0 ]
2b ( 3 2 )[ 1 -1 3 1 0 ]
2b ( 2 2 2 2 2 2 2 2 2 2 2 2 2 2 2 2 2 2 2 2 2 2 2 2 2 2 2 2 2 2 2 2 2 2 2 2 2 2 2 2 2 2 2 2 2 2 2 2 2 2 2 2 2 2 2 2 2 2 2 2 2 2 1 1 1 1 1 1 1 1 1 1 1 1 1 1 1 1 1 1 1 1 1 1 1 1 1 1 1 1 1 1 1 1 1 1 1 1 1 1 1 1 1 1 1 1 1 1 1 1 1 1 1 1 1 1 1 1 1 1 1 1 1 1 )[ 1 -1 2 1 0 ]

RANKS: 1 -1 1 3 1
EVENT37: 1113 4821ca_48254a_482683_482777
COMP 4c-0: 47d709_47dace_47dc38_47dd57 (126 670.93 1 655.00 3 2000.00){0.00 0.00 0.00 0.00 266.00 0}{266.00 0.00 0.00 0.00 532.00 0}{532.00 655.00 660.34 665.00 1064.00 125}{1064.00 0.00 0.00 0.00 1330.00 0}{1330.00 2000.00 2000.00 2000.00 2670.00 1}
COMP 4c-1: 4821ca_48254a_482683_482777 (123 673.06 3 15.00 3 1350.00){0.00 0.00 0.00 0.00 6.00 0}{6.00 0.00 0.00 0.00 12.00 0}{12.00 15.00 17.65 18.00 24.00 62}{24.00 0.00 0.00 0.00 30.00 0}{30.00 1350.00 1350.00 1350.00 2670.00 61}
COMM 4b-0: 47d709_47dace_47dc38_47dd57 (126 3.70 1 3.00 1 14.00){0.00 3.00 3.28 4.00 5.60 120}{5.60 6.00 8.75 11.00 11.20 4}{11.20 13.00 13.50 14.00 16.80 2}{16.80 0.00 0.00 0.00 22.40 0}{22.40 0.00 0.00 0.00 28.00 0}
COMM 4b-1: 4821ca_48254a_482683_482777 (123 3.19 3 2.00 3 17.00){0.00 0.00 0.00 0.00 1.60 0}{1.60 2.00 2.71 3.00 3.20 94}{3.20 4.00 4.00 4.00 4.00 26}{4.00 7.00 7.00 7.00 10.00 1}{10.00 11.00 14.00 17.00 24.00 2}
LOOP0: iter: ( 124 )[ 1 -1 3 1 0 ] mem: ( 1 )[ 1 -1 3 1 0 ]
10 2 
12 155 
14 16 
1a ( 2 2 2 2 2 2 2 2 2 2 2 2 2 2 2 2 2 2 2 2 2 2 2 2 2 2 2 2 2 2 2 2 2 2 2 2 2 2 2 2 2 2 2 2 2 2 2 2 2 2 2 2 2 2 2 2 2 2 2 2 2 2 3 3 3 3 3 3 3 3 3 3 3 3 3 3 3 3 3 3 3 3 3 3 3 3 3 3 3 3 3 3 3 3 3 3 3 3 3 3 3 3 3 3 3 3 3 3 3 3 3 3 3 3 3 3 3 3 3 3 3 3 3 3 )[ 1 -1 1 1 0 ]
1a ( 3 2 )[ 1 -1 3 1 0 ]
1a ( 2 )[ 1 -1 2 1 0 ]
1b 0 

RANKS: 1 -1 0 4 1
EVENT38: 1004 46a5ff_46a95f_46aaa2_46ab94
COMP 4c-0: 47d709_47dace_47dc38_47dd57 (1 6115.00 0 6115.00 0 6115.00){0.00 0.00 0.00 0.00 2446.00 0}{2446.00 0.00 0.00 0.00 4892.00 0}{4892.00 6115.00 6115.00 6115.00 7338.00 1}{7338.00 0.00 0.00 0.00 9784.00 0}{9784.00 0.00 0.00 0.00 12230.00 0}
COMP 4c-1: 4821ca_48254a_482683_482777 (3 5474.75 2 5472.00 1 5476.00){0.00 0.00 0.00 0.00 2190.40 0}{2190.40 0.00 0.00 0.00 4380.80 0}{4380.80 5472.00 5474.33 5476.00 6571.20 3}{6571.20 0.00 0.00 0.00 8761.60 0}{8761.60 0.00 0.00 0.00 10952.00 0}
COMM 4b-0: 47d709_47dace_47dc38_47dd57 (1 14.00 0 14.00 0 14.00){0.00 0.00 0.00 0.00 5.60 0}{5.60 0.00 0.00 0.00 11.20 0}{11.20 14.00 14.00 14.00 16.80 1}{16.80 0.00 0.00 0.00 22.40 0}{22.40 0.00 0.00 0.00 28.00 0}
COMM 4b-1: 4821ca_48254a_482683_482777 (3 834.00 2 308.00 3 1752.00){0.00 0.00 0.00 0.00 255.20 0}{255.20 308.00 308.00 308.00 510.40 1}{510.40 638.00 638.00 638.00 1020.80 1}{1020.80 0.00 0.00 0.00 1276.00 0}{1276.00 1752.00 1752.00 1752.00 2228.00 1}
10 2 
12 5 
14 16 
18 3 

RANKS: 1 -1 2 1 0
EVENT39: 1113 4821ca_48254a_482683_482777
COMP 4c-0: 46a5ff_46a95f_46aaa2_46ab94 (1 2926.00 2 2926.00 2 2926.00){0.00 0.00 0.00 0.00 1170.40 0}{1170.40 0.00 0.00 0.00 2340.80 0}{2340.80 2926.00 2926.00 2926.00 3511.20 1}{3511.20 0.00 0.00 0.00 4681.60 0}{4681.60 0.00 0.00 0.00 5852.00 0}
COMM 4b-0: 46a5ff_46a95f_46aaa2_46ab94 (1 115.00 2 115.00 2 115.00){0.00 0.00 0.00 0.00 46.00 0}{46.00 0.00 0.00 0.00 92.00 0}{92.00 115.00 115.00 115.00 138.00 1}{138.00 0.00 0.00 0.00 184.00 0}{184.00 0.00 0.00 0.00 230.00 0}
10 2 
12 20480 
14 16 
1a 1 
1b 0 

RANKS: 1 -1 1 3 1
EVENT40: 1090 47a096_47a46b_47a5d6_47a6f7
COMP 4c-0: 46a5ff_46a95f_46aaa2_46ab94 (2 2851.67 3 2851.00 1 2852.00){0.00 0.00 0.00 0.00 1140.80 0}{1140.80 0.00 0.00 0.00 2281.60 0}{2281.60 2851.00 2851.50 2852.00 3422.40 2}{3422.40 0.00 0.00 0.00 4563.20 0}{4563.20 0.00 0.00 0.00 5704.00 0}
COMP 4c-1: 4821ca_48254a_482683_482777 (2 14251.00 2 15.00 3 21369.00){0.00 15.00 15.00 15.00 8547.60 1}{8547.60 0.00 0.00 0.00 17095.20 0}{17095.20 21369.00 21369.00 21369.00 25642.80 1}{25642.80 0.00 0.00 0.00 34190.40 0}{34190.40 0.00 0.00 0.00 42738.00 0}
COMP 4c-2: 48b125_48b3a9_48b47d_48b536 (1 21413.00 2 21413.00 2 21413.00){0.00 0.00 0.00 0.00 8565.20 0}{8565.20 0.00 0.00 0.00 17130.40 0}{17130.40 21413.00 21413.00 21413.00 25695.60 1}{25695.60 0.00 0.00 0.00 34260.80 0}{34260.80 0.00 0.00 0.00 42826.00 0}
COMM 4b-0: 46a5ff_46a95f_46aaa2_46ab94 (2 2.67 3 2.00 1 3.00){0.00 0.00 0.00 0.00 1.20 0}{1.20 2.00 2.00 2.00 2.40 1}{2.40 3.00 3.00 3.00 3.60 1}{3.60 0.00 0.00 0.00 4.80 0}{4.80 0.00 0.00 0.00 6.00 0}
COMM 4b-1: 4821ca_48254a_482683_482777 (2 3.33 3 3.00 2 4.00){0.00 0.00 0.00 0.00 1.20 0}{1.20 0.00 0.00 0.00 2.40 0}{2.40 3.00 3.00 3.00 3.60 1}{3.60 4.00 4.00 4.00 4.80 1}{4.80 0.00 0.00 0.00 6.00 0}
COMM 4b-2: 48b125_48b3a9_48b47d_48b536 (1 3.00 2 3.00 2 3.00){0.00 0.00 0.00 0.00 1.20 0}{1.20 0.00 0.00 0.00 2.40 0}{2.40 3.00 3.00 3.00 3.60 1}{3.60 0.00 0.00 0.00 4.80 0}{4.80 0.00 0.00 0.00 6.00 0}
LOOP0: iter: ( 2 )[ 1 -1 2 2 1 ] mem: ( 3 )[ 1 -1 3 1 0 ]( 2 )[ 1 -1 2 1 0 ]
10 2 
12 20480 
14 16 
1b 0 
2b 2147483647 

RANKS: 1 -1 1 3 1
EVENT41: 1148 48b125_48b3a9_48b47d_48b536
COMP 4c-0: 47a096_47a46b_47a5d6_47a6f7 (5 14.83 3 14.00 1 15.00){0.00 0.00 0.00 0.00 6.00 0}{6.00 0.00 0.00 0.00 12.00 0}{12.00 14.00 14.80 15.00 18.00 5}{18.00 0.00 0.00 0.00 24.00 0}{24.00 0.00 0.00 0.00 30.00 0}
COMM 4b-0: 47a096_47a46b_47a5d6_47a6f7 (5 195.00 2 97.00 2 627.00){0.00 0.00 0.00 0.00 40.40 0}{40.40 0.00 0.00 0.00 80.80 0}{80.80 97.00 101.67 107.00 121.20 3}{121.20 137.00 137.00 137.00 202.00 1}{202.00 627.00 627.00 627.00 1052.00 1}
1c 9999 

RANKS: 1 -1 0 4 1
EVENT42: 1113 4821ca_48254a_482683_482777
COMP 4c-0: 46a5ff_46a95f_46aaa2_46ab94 (1 2926.00 0 2926.00 0 2926.00){0.00 0.00 0.00 0.00 1170.40 0}{1170.40 0.00 0.00 0.00 2340.80 0}{2340.80 2926.00 2926.00 2926.00 3511.20 1}{3511.20 0.00 0.00 0.00 4681.60 0}{4681.60 0.00 0.00 0.00 5852.00 0}
COMP 4c-1: 4821ca_48254a_482683_482777 (1 21442.00 1 21442.00 1 21442.00){0.00 0.00 0.00 0.00 8576.80 0}{8576.80 0.00 0.00 0.00 17153.60 0}{17153.60 21442.00 21442.00 21442.00 25730.40 1}{25730.40 0.00 0.00 0.00 34307.20 0}{34307.20 0.00 0.00 0.00 42884.00 0}
COMP 4c-2: 48b125_48b3a9_48b47d_48b536 (5 7265.33 1 155.00 0 21485.00){0.00 155.00 155.50 157.00 8594.00 4}{8594.00 0.00 0.00 0.00 17188.00 0}{17188.00 21485.00 21485.00 21485.00 25782.00 1}{25782.00 0.00 0.00 0.00 34376.00 0}{34376.00 0.00 0.00 0.00 42970.00 0}
COMM 4b-0: 46a5ff_46a95f_46aaa2_46ab94 (1 174.00 0 174.00 0 174.00){0.00 0.00 0.00 0.00 69.60 0}{69.60 0.00 0.00 0.00 139.20 0}{139.20 174.00 174.00 174.00 208.80 1}{208.80 0.00 0.00 0.00 278.40 0}{278.40 0.00 0.00 0.00 348.00 0}
COMM 4b-1: 4821ca_48254a_482683_482777 (1 116.00 1 116.00 1 116.00){0.00 0.00 0.00 0.00 46.40 0}{46.40 0.00 0.00 0.00 92.80 0}{92.80 116.00 116.00 116.00 139.20 1}{139.20 0.00 0.00 0.00 185.60 0}{185.60 0.00 0.00 0.00 232.00 0}
COMM 4b-2: 48b125_48b3a9_48b47d_48b536 (5 119.17 1 104.00 3 135.00){0.00 0.00 0.00 0.00 46.40 0}{46.40 0.00 0.00 0.00 92.80 0}{92.80 104.00 119.80 135.00 139.20 5}{139.20 0.00 0.00 0.00 185.60 0}{185.60 0.00 0.00 0.00 232.00 0}
LOOP0: iter: ( 2 )[ 1 -1 0 2 1 ] mem: ( 3 )[ 1 -1 0 1 0 ]( 1 )[ 1 -1 1 1 0 ]
10 2 
12 20480 
14 16 
1a ( 1 2 )[ 1 -1 0 1 0 ]
1a ( 3 2 )[ 1 -1 1 2 2 ]
1a ( 2 )[ 1 -1 2 1 0 ]
1b 0 

RANKS: 1 -1 0 2 1
EVENT43: 1090 47a096_47a46b_47a5d6_47a6f7
COMP 4c-0: 4821ca_48254a_482683_482777 (3 14.50 0 14.00 1 16.00){0.00 0.00 0.00 0.00 5.60 0}{5.60 0.00 0.00 0.00 11.20 0}{11.20 14.00 14.67 16.00 16.80 3}{16.80 0.00 0.00 0.00 22.40 0}{22.40 0.00 0.00 0.00 28.00 0}
COMM 4b-0: 4821ca_48254a_482683_482777 (3 2.25 0 2.00 1 3.00){0.00 0.00 0.00 0.00 0.80 0}{0.80 0.00 0.00 0.00 1.60 0}{1.60 2.00 2.00 2.00 2.40 2}{2.40 3.00 3.00 3.00 3.20 1}{3.20 0.00 0.00 0.00 4.00 0}
10 2 
12 20480 
14 16 
1b 0 
2b 2147483647 

RANKS: 1 -1 0 2 1
EVENT44: 1148 48b125_48b3a9_48b47d_48b536
COMP 4c-0: 47a096_47a46b_47a5d6_47a6f7 (3 14.50 0 14.00 0 15.00){0.00 0.00 0.00 0.00 5.60 0}{5.60 0.00 0.00 0.00 11.20 0}{11.20 14.00 14.67 15.00 16.80 3}{16.80 0.00 0.00 0.00 22.40 0}{22.40 0.00 0.00 0.00 28.00 0}
COMM 4b-0: 47a096_47a46b_47a5d6_47a6f7 (3 130.00 1 98.00 0 151.00){0.00 0.00 0.00 0.00 60.40 0}{60.40 98.00 109.00 120.00 120.80 2}{120.80 151.00 151.00 151.00 181.20 1}{181.20 0.00 0.00 0.00 241.60 0}{241.60 0.00 0.00 0.00 302.00 0}
1c 9999 

RANKS: 1 -1 0 4 1
EVENT45: 1004 46a5ff_46a95f_46aaa2_46ab94
COMP 4c-0: 46a5ff_46a95f_46aaa2_46ab94 (8 10063.00 0 15.00 0 22623.00){0.00 0.00 0.00 0.00 6.00 0}{6.00 0.00 0.00 0.00 12.00 0}{12.00 15.00 15.00 15.00 24.00 4}{24.00 0.00 0.00 0.00 30.00 0}{30.00 22623.00 22623.00 22623.00 45216.00 4}
COMP 4c-1: 4821ca_48254a_482683_482777 (2 44550.67 2 44548.00 3 44552.00){0.00 0.00 0.00 0.00 17820.80 0}{17820.80 0.00 0.00 0.00 35641.60 0}{35641.60 44548.00 44550.00 44552.00 53462.40 2}{53462.40 0.00 0.00 0.00 71283.20 0}{71283.20 0.00 0.00 0.00 89104.00 0}
COMP 4c-2: 48b125_48b3a9_48b47d_48b536 (2 44601.67 1 44599.00 0 44603.00){0.00 0.00 0.00 0.00 17841.20 0}{17841.20 0.00 0.00 0.00 35682.40 0}{35682.40 44599.00 44601.00 44603.00 53523.60 2}{53523.60 0.00 0.00 0.00 71364.80 0}{71364.80 0.00 0.00 0.00 89206.00 0}
COMM 4b-0: 46a5ff_46a95f_46aaa2_46ab94 (8 79.00 1 15.00 3 129.00){0.00 15.00 16.33 18.00 43.60 3}{43.60 0.00 0.00 0.00 87.20 0}{87.20 97.00 110.60 129.00 130.80 5}{130.80 0.00 0.00 0.00 174.40 0}{174.40 0.00 0.00 0.00 218.00 0}
COMM 4b-1: 4821ca_48254a_482683_482777 (2 1006.33 2 681.00 3 1169.00){0.00 0.00 0.00 0.00 467.60 0}{467.60 681.00 681.00 681.00 935.20 1}{935.20 1169.00 1169.00 1169.00 1402.80 1}{1402.80 0.00 0.00 0.00 1870.40 0}{1870.40 0.00 0.00 0.00 2338.00 0}
COMM 4b-2: 48b125_48b3a9_48b47d_48b536 (2 399.67 0 23.00 1 1153.00){0.00 0.00 0.00 0.00 9.20 0}{9.20 0.00 0.00 0.00 18.40 0}{18.40 23.00 23.00 23.00 36.80 1}{36.80 0.00 0.00 0.00 46.00 0}{46.00 1153.00 1153.00 1153.00 2260.00 1}
LOOP0: iter: ( 3 )[ 1 -1 0 4 1 ] mem: ( 1 )[ 1 -1 0 4 1 ]
10 2 
12 5 1 5 
14 16 
18 3 1 3 

RANKS: 1 -1 0 2 1
EVENT46: 1090 47a096_47a46b_47a5d6_47a6f7_45ed00
COMP 4c-0: 46a5ff_46a95f_46aaa2_46ab94 (2 64.67 1 64.00 0 65.00){0.00 0.00 0.00 0.00 26.00 0}{26.00 0.00 0.00 0.00 52.00 0}{52.00 64.00 64.50 65.00 78.00 2}{78.00 0.00 0.00 0.00 104.00 0}{104.00 0.00 0.00 0.00 130.00 0}
COMM 4b-0: 46a5ff_46a95f_46aaa2_46ab94 (2 2.00 0 2.00 0 2.00){0.00 0.00 0.00 0.00 0.80 0}{0.80 0.00 0.00 0.00 1.60 0}{1.60 2.00 2.00 2.00 2.40 2}{2.40 0.00 0.00 0.00 3.20 0}{3.20 0.00 0.00 0.00 4.00 0}
10 2 
12 64 
14 16 
1b 0 
2b 2147483647 

RANKS: 1 -1 0 2 1
EVENT47: 1148 48b125_48b3a9_48b47d_48b536_45ed19
COMP 4c-0: 47a096_47a46b_47a5d6_47a6f7_45ed00 (2 16.00 0 16.00 0 16.00){0.00 0.00 0.00 0.00 6.40 0}{6.40 0.00 0.00 0.00 12.80 0}{12.80 16.00 16.00 16.00 19.20 2}{19.20 0.00 0.00 0.00 25.60 0}{25.60 0.00 0.00 0.00 32.00 0}
COMM 4b-0: 47a096_47a46b_47a5d6_47a6f7_45ed00 (2 40.33 1 15.00 0 53.00){0.00 15.00 15.00 15.00 21.20 1}{21.20 0.00 0.00 0.00 42.40 0}{42.40 53.00 53.00 53.00 63.60 1}{63.60 0.00 0.00 0.00 84.80 0}{84.80 0.00 0.00 0.00 106.00 0}
1c 9999 

RANKS: 1 -1 2 1 0
EVENT48: 1113 4821ca_48254a_482683_482777_45edee
COMP 4c-0: 46a5ff_46a95f_46aaa2_46ab94 (1 63.00 2 63.00 2 63.00){0.00 0.00 0.00 0.00 25.20 0}{25.20 0.00 0.00 0.00 50.40 0}{50.40 63.00 63.00 63.00 75.60 1}{75.60 0.00 0.00 0.00 100.80 0}{100.80 0.00 0.00 0.00 126.00 0}
COMM 4b-0: 46a5ff_46a95f_46aaa2_46ab94 (1 10.00 2 10.00 2 10.00){0.00 0.00 0.00 0.00 4.00 0}{4.00 0.00 0.00 0.00 8.00 0}{8.00 10.00 10.00 10.00 12.00 1}{12.00 0.00 0.00 0.00 16.00 0}{16.00 0.00 0.00 0.00 20.00 0}
10 2 
12 64 
14 16 
1a 2 
1b 0 

RANKS: 1 -1 0 2 2
EVENT49: 1090 47a096_47a46b_47a5d6_47a6f7_45ee4a
COMP 4c-0: 4821ca_48254a_482683_482777_45edee (1 16.00 2 16.00 2 16.00){0.00 0.00 0.00 0.00 6.40 0}{6.40 0.00 0.00 0.00 12.80 0}{12.80 16.00 16.00 16.00 19.20 1}{19.20 0.00 0.00 0.00 25.60 0}{25.60 0.00 0.00 0.00 32.00 0}
COMP 4c-1: 48b125_48b3a9_48b47d_48b536_45ed19 (1 17.00 0 17.00 0 17.00){0.00 0.00 0.00 0.00 6.80 0}{6.80 0.00 0.00 0.00 13.60 0}{13.60 17.00 17.00 17.00 20.40 1}{20.40 0.00 0.00 0.00 27.20 0}{27.20 0.00 0.00 0.00 34.00 0}
COMM 4b-0: 4821ca_48254a_482683_482777_45edee (1 2.00 2 2.00 2 2.00){0.00 0.00 0.00 0.00 0.80 0}{0.80 0.00 0.00 0.00 1.60 0}{1.60 2.00 2.00 2.00 2.40 1}{2.40 0.00 0.00 0.00 3.20 0}{3.20 0.00 0.00 0.00 4.00 0}
COMM 4b-1: 48b125_48b3a9_48b47d_48b536_45ed19 (1 1.00 0 1.00 0 1.00){0.00 0.00 0.00 0.00 0.40 0}{0.40 0.00 0.00 0.00 0.80 0}{0.80 1.00 1.00 1.00 1.20 1}{1.20 0.00 0.00 0.00 1.60 0}{1.60 0.00 0.00 0.00 2.00 0}
10 2 
12 68 
14 16 
1b 0 
2b 2147483647 

RANKS: 1 -1 0 2 2
EVENT50: 1148 48b125_48b3a9_48b47d_48b536_45ee5f
COMP 4c-0: 47a096_47a46b_47a5d6_47a6f7_45ee4a (2 16.00 0 16.00 0 16.00){0.00 0.00 0.00 0.00 6.40 0}{6.40 0.00 0.00 0.00 12.80 0}{12.80 16.00 16.00 16.00 19.20 2}{19.20 0.00 0.00 0.00 25.60 0}{25.60 0.00 0.00 0.00 32.00 0}
COMM 4b-0: 47a096_47a46b_47a5d6_47a6f7_45ee4a (2 3.33 0 3.00 2 4.00){0.00 0.00 0.00 0.00 1.20 0}{1.20 0.00 0.00 0.00 2.40 0}{2.40 3.00 3.00 3.00 3.60 1}{3.60 4.00 4.00 4.00 4.80 1}{4.80 0.00 0.00 0.00 6.00 0}
1c 9999 

RANKS: 1 -1 3 1 0
EVENT51: 1113 4821ca_48254a_482683_482777_45edee
COMP 4c-0: 46a5ff_46a95f_46aaa2_46ab94 (1 63.00 3 63.00 3 63.00){0.00 0.00 0.00 0.00 25.20 0}{25.20 0.00 0.00 0.00 50.40 0}{50.40 63.00 63.00 63.00 75.60 1}{75.60 0.00 0.00 0.00 100.80 0}{100.80 0.00 0.00 0.00 126.00 0}
COMM 4b-0: 46a5ff_46a95f_46aaa2_46ab94 (1 10.00 3 10.00 3 10.00){0.00 0.00 0.00 0.00 4.00 0}{4.00 0.00 0.00 0.00 8.00 0}{8.00 10.00 10.00 10.00 12.00 1}{12.00 0.00 0.00 0.00 16.00 0}{16.00 0.00 0.00 0.00 20.00 0}
10 2 
12 64 
14 16 
1a 2 
1b 0 

RANKS: 1 -1 1 2 2
EVENT52: 1113 4821ca_48254a_482683_482777_45ef5f
COMP 4c-0: 4821ca_48254a_482683_482777_45edee (1 17.00 3 17.00 3 17.00){0.00 0.00 0.00 0.00 6.80 0}{6.80 0.00 0.00 0.00 13.60 0}{13.60 17.00 17.00 17.00 20.40 1}{20.40 0.00 0.00 0.00 27.20 0}{27.20 0.00 0.00 0.00 34.00 0}
COMP 4c-1: 48b125_48b3a9_48b47d_48b536_45ed19 (1 17.00 1 17.00 1 17.00){0.00 0.00 0.00 0.00 6.80 0}{6.80 0.00 0.00 0.00 13.60 0}{13.60 17.00 17.00 17.00 20.40 1}{20.40 0.00 0.00 0.00 27.20 0}{27.20 0.00 0.00 0.00 34.00 0}
COMM 4b-0: 4821ca_48254a_482683_482777_45edee (1 2.00 3 2.00 3 2.00){0.00 0.00 0.00 0.00 0.80 0}{0.80 0.00 0.00 0.00 1.60 0}{1.60 2.00 2.00 2.00 2.40 1}{2.40 0.00 0.00 0.00 3.20 0}{3.20 0.00 0.00 0.00 4.00 0}
COMM 4b-1: 48b125_48b3a9_48b47d_48b536_45ed19 (1 4.00 1 4.00 1 4.00){0.00 0.00 0.00 0.00 1.60 0}{1.60 0.00 0.00 0.00 3.20 0}{3.20 4.00 4.00 4.00 4.80 1}{4.80 0.00 0.00 0.00 6.40 0}{6.40 0.00 0.00 0.00 8.00 0}
10 2 
12 68 
14 16 
1a 3 
1b 0 

RANKS: 1 -1 0 4 1
EVENT53: 1004 46a5ff_46a95f_46aaa2_46ab94_466891
COMP 4c-0: 4821ca_48254a_482683_482777_45ef5f (2 32.67 3 32.00 1 33.00){0.00 0.00 0.00 0.00 13.20 0}{13.20 0.00 0.00 0.00 26.40 0}{26.40 32.00 32.50 33.00 39.60 2}{39.60 0.00 0.00 0.00 52.80 0}{52.80 0.00 0.00 0.00 66.00 0}
COMP 4c-1: 48b125_48b3a9_48b47d_48b536_45ee5f (2 34.33 2 33.00 0 35.00){0.00 0.00 0.00 0.00 14.00 0}{14.00 0.00 0.00 0.00 28.00 0}{28.00 33.00 34.00 35.00 42.00 2}{42.00 0.00 0.00 0.00 56.00 0}{56.00 0.00 0.00 0.00 70.00 0}
COMM 4b-0: 4821ca_48254a_482683_482777_45ef5f (2 138.00 1 138.00 1 138.00){0.00 0.00 0.00 0.00 55.20 0}{55.20 0.00 0.00 0.00 110.40 0}{110.40 138.00 138.00 138.00 165.60 2}{165.60 0.00 0.00 0.00 220.80 0}{220.80 0.00 0.00 0.00 276.00 0}
COMM 4b-1: 48b125_48b3a9_48b47d_48b536_45ee5f (2 52.33 2 7.00 0 75.00){0.00 7.00 7.00 7.00 30.00 1}{30.00 0.00 0.00 0.00 60.00 0}{60.00 75.00 75.00 75.00 90.00 1}{90.00 0.00 0.00 0.00 120.00 0}{120.00 0.00 0.00 0.00 150.00 0}
10 2 
12 1 
14 16 
18 3 

RANKS: 1 -1 0 2 2
EVENT54: 1090 47a096_47a46b_47a5d6_47a6f7
COMP 4c-0: 46a5ff_46a95f_46aaa2_46ab94_466891 (2 67.00 0 67.00 0 67.00){0.00 0.00 0.00 0.00 26.80 0}{26.80 0.00 0.00 0.00 53.60 0}{53.60 67.00 67.00 67.00 80.40 2}{80.40 0.00 0.00 0.00 107.20 0}{107.20 0.00 0.00 0.00 134.00 0}
COMM 4b-0: 46a5ff_46a95f_46aaa2_46ab94_466891 (2 1.33 0 1.00 2 2.00){0.00 0.00 0.00 0.00 0.40 0}{0.40 0.00 0.00 0.00 0.80 0}{0.80 1.00 1.00 1.00 1.20 1}{1.20 0.00 0.00 0.00 1.60 0}{1.60 2.00 2.00 2.00 2.00 1}
10 2 
12 64 
14 16 
1b 0 
2b 2147483647 

RANKS: 1 -1 0 2 2
EVENT55: 1148 48b125_48b3a9_48b47d_48b536
COMP 4c-0: 47a096_47a46b_47a5d6_47a6f7 (2 15.00 0 15.00 0 15.00){0.00 0.00 0.00 0.00 6.00 0}{6.00 0.00 0.00 0.00 12.00 0}{12.00 15.00 15.00 15.00 18.00 2}{18.00 0.00 0.00 0.00 24.00 0}{24.00 0.00 0.00 0.00 30.00 0}
COMM 4b-0: 47a096_47a46b_47a5d6_47a6f7 (2 4.00 0 3.00 2 6.00){0.00 0.00 0.00 0.00 1.20 0}{1.20 0.00 0.00 0.00 2.40 0}{2.40 3.00 3.00 3.00 3.60 1}{3.60 0.00 0.00 0.00 4.80 0}{4.80 6.00 6.00 6.00 6.00 1}
1c 9999 

RANKS: 1 -1 1 2 2
EVENT56: 1113 4821ca_48254a_482683_482777
COMP 4c-0: 46a5ff_46a95f_46aaa2_46ab94_466891 (2 67.00 1 67.00 1 67.00){0.00 0.00 0.00 0.00 26.80 0}{26.80 0.00 0.00 0.00 53.60 0}{53.60 67.00 67.00 67.00 80.40 2}{80.40 0.00 0.00 0.00 107.20 0}{107.20 0.00 0.00 0.00 134.00 0}
COMM 4b-0: 46a5ff_46a95f_46aaa2_46ab94_466891 (2 3.00 1 3.00 1 3.00){0.00 0.00 0.00 0.00 1.20 0}{1.20 0.00 0.00 0.00 2.40 0}{2.40 3.00 3.00 3.00 3.60 2}{3.60 0.00 0.00 0.00 4.80 0}{4.80 0.00 0.00 0.00 6.00 0}
10 2 
12 64 
14 16 
1a 3 
1b 0 

RANKS: 1 -1 0 4 1
EVENT57: 1004 46a5ff_46a95f_46aaa2_46ab94_466c64
COMP 4c-0: 4821ca_48254a_482683_482777 (2 50.00 1 50.00 1 50.00){0.00 0.00 0.00 0.00 20.00 0}{20.00 0.00 0.00 0.00 40.00 0}{40.00 50.00 50.00 50.00 60.00 2}{60.00 0.00 0.00 0.00 80.00 0}{80.00 0.00 0.00 0.00 100.00 0}
COMP 4c-1: 48b125_48b3a9_48b47d_48b536 (2 51.00 0 51.00 0 51.00){0.00 0.00 0.00 0.00 20.40 0}{20.40 0.00 0.00 0.00 40.80 0}{40.80 51.00 51.00 51.00 61.20 2}{61.20 0.00 0.00 0.00 81.60 0}{81.60 0.00 0.00 0.00 102.00 0}
COMM 4b-0: 4821ca_48254a_482683_482777 (2 96.67 1 92.00 3 106.00){0.00 0.00 0.00 0.00 36.80 0}{36.80 0.00 0.00 0.00 73.60 0}{73.60 92.00 99.00 106.00 110.40 2}{110.40 0.00 0.00 0.00 147.20 0}{147.20 0.00 0.00 0.00 184.00 0}
COMM 4b-1: 48b125_48b3a9_48b47d_48b536 (2 39.00 2 7.00 0 55.00){0.00 7.00 7.00 7.00 22.00 1}{22.00 0.00 0.00 0.00 44.00 0}{44.00 55.00 55.00 55.00 66.00 1}{66.00 0.00 0.00 0.00 88.00 0}{88.00 0.00 0.00 0.00 110.00 0}
10 2 
12 1 
14 16 
18 3 

RANKS: 1 -1 0 2 1
EVENT58: 1090 47a096_47a46b_47a5d6_47a6f7_45f138
COMP 4c-0: 46a5ff_46a95f_46aaa2_46ab94_466c64 (2 70.00 0 70.00 0 70.00){0.00 0.00 0.00 0.00 28.00 0}{28.00 0.00 0.00 0.00 56.00 0}{56.00 70.00 70.00 70.00 84.00 2}{84.00 0.00 0.00 0.00 112.00 0}{112.00 0.00 0.00 0.00 140.00 0}
COMM 4b-0: 46a5ff_46a95f_46aaa2_46ab94_466c64 (2 2.00 0 2.00 0 2.00){0.00 0.00 0.00 0.00 0.80 0}{0.80 0.00 0.00 0.00 1.60 0}{1.60 2.00 2.00 2.00 2.40 2}{2.40 0.00 0.00 0.00 3.20 0}{3.20 0.00 0.00 0.00 4.00 0}
10 2 
12 64 
14 16 
1b 0 
2b 2147483647 

RANKS: 1 -1 0 2 1
EVENT59: 1148 48b125_48b3a9_48b47d_48b536_45f14d
COMP 4c-0: 47a096_47a46b_47a5d6_47a6f7_45f138 (2 16.00 0 16.00 0 16.00){0.00 0.00 0.00 0.00 6.40 0}{6.40 0.00 0.00 0.00 12.80 0}{12.80 16.00 16.00 16.00 19.20 2}{19.20 0.00 0.00 0.00 25.60 0}{25.60 0.00 0.00 0.00 32.00 0}
COMM 4b-0: 47a096_47a46b_47a5d6_47a6f7_45f138 (2 3.33 0 3.00 1 4.00){0.00 0.00 0.00 0.00 1.20 0}{1.20 0.00 0.00 0.00 2.40 0}{2.40 3.00 3.00 3.00 3.60 1}{3.60 4.00 4.00 4.00 4.80 1}{4.80 0.00 0.00 0.00 6.00 0}
1c 9999 

RANKS: 1 -1 2 2 1
EVENT60: 1113 4821ca_48254a_482683_482777_45f1fa
COMP 4c-0: 46a5ff_46a95f_46aaa2_46ab94_466c64 (2 69.00 3 69.00 3 69.00){0.00 0.00 0.00 0.00 27.60 0}{27.60 0.00 0.00 0.00 55.20 0}{55.20 69.00 69.00 69.00 82.80 2}{82.80 0.00 0.00 0.00 110.40 0}{110.40 0.00 0.00 0.00 138.00 0}
COMM 4b-0: 46a5ff_46a95f_46aaa2_46ab94_466c64 (2 4.00 3 4.00 3 4.00){0.00 0.00 0.00 0.00 1.60 0}{1.60 0.00 0.00 0.00 3.20 0}{3.20 4.00 4.00 4.00 4.80 2}{4.80 0.00 0.00 0.00 6.40 0}{6.40 0.00 0.00 0.00 8.00 0}
10 2 
12 64 
14 16 
1a 2 
1b 0 

RANKS: 1 -1 0 4 1
EVENT61: 1004 46a5ff_46a95f_46aaa2_46ab94
COMP 4c-0: 4821ca_48254a_482683_482777_45f1fa (2 47.00 3 47.00 3 47.00){0.00 0.00 0.00 0.00 18.80 0}{18.80 0.00 0.00 0.00 37.60 0}{37.60 47.00 47.00 47.00 56.40 2}{56.40 0.00 0.00 0.00 75.20 0}{75.20 0.00 0.00 0.00 94.00 0}
COMP 4c-1: 48b125_48b3a9_48b47d_48b536_45f14d (2 50.00 0 50.00 0 50.00){0.00 0.00 0.00 0.00 20.00 0}{20.00 0.00 0.00 0.00 40.00 0}{40.00 50.00 50.00 50.00 60.00 2}{60.00 0.00 0.00 0.00 80.00 0}{80.00 0.00 0.00 0.00 100.00 0}
COMM 4b-0: 4821ca_48254a_482683_482777_45f1fa (2 42.33 3 37.00 2 53.00){0.00 0.00 0.00 0.00 14.80 0}{14.80 0.00 0.00 0.00 29.60 0}{29.60 37.00 37.00 37.00 44.40 1}{44.40 53.00 53.00 53.00 59.20 1}{59.20 0.00 0.00 0.00 74.00 0}
COMM 4b-1: 48b125_48b3a9_48b47d_48b536_45f14d (2 35.67 1 7.00 0 50.00){0.00 7.00 7.00 7.00 20.00 1}{20.00 0.00 0.00 0.00 40.00 0}{40.00 50.00 50.00 50.00 60.00 1}{60.00 0.00 0.00 0.00 80.00 0}{80.00 0.00 0.00 0.00 100.00 0}
10 2 
12 1 
14 16 
18 3 

RANKS: 1 -1 0 4 1
EVENT62: 1045 472f5f_472fd3_473039_473094
COMP 4c-0: 46a5ff_46a95f_46aaa2_46ab94 (4 2375.00 0 573.00 1 3650.00){0.00 0.00 0.00 0.00 229.20 0}{229.20 0.00 0.00 0.00 458.40 0}{458.40 573.00 573.00 573.00 916.80 1}{916.80 0.00 0.00 0.00 1146.00 0}{1146.00 3499.00 3576.33 3650.00 6014.00 3}

