RANKS: 1 -1 0 4 1
EVENT0: 1084 47960c_4796cb_479761_4797bc
33 2 
34 0 

RANKS: 1 -1 0 4 1
EVENT1: 1011 46d7e9_46db18_46dc33_46dd1f
COMP 4b-0: 46d7e9_46db18_46dc33_46dd1f (32 9.97 0 9.00 0 13.00){0.00 0.00 0.00 0.00 5.20 0}{5.20 9.00 9.61 10.00 10.40 28}{10.40 11.00 11.75 13.00 15.60 4}{15.60 0.00 0.00 0.00 20.80 0}{20.80 0.00 0.00 0.00 26.00 0}
COMP 4b-1: 47960c_4796cb_479761_4797bc (4 166.60 2 65.00 0 311.00){0.00 65.00 70.33 75.00 124.40 3}{124.40 0.00 0.00 0.00 248.80 0}{248.80 311.00 311.00 311.00 373.20 1}{373.20 0.00 0.00 0.00 497.60 0}{497.60 0.00 0.00 0.00 622.00 0}
COMP 4c-0: 46d7e9_46db18_46dc33_46dd1f (32 27.52 0 26.00 0 28.00){0.00 0.00 0.00 0.00 10.40 0}{10.40 0.00 0.00 0.00 20.80 0}{20.80 26.00 27.56 28.00 31.20 32}{31.20 0.00 0.00 0.00 41.60 0}{41.60 0.00 0.00 0.00 52.00 0}
COMP 4c-1: 47960c_4796cb_479761_4797bc (4 64.80 1 34.00 0 111.00){0.00 34.00 34.00 34.00 44.40 3}{44.40 0.00 0.00 0.00 88.80 0}{88.80 111.00 111.00 111.00 133.20 1}{133.20 0.00 0.00 0.00 177.60 0}{177.60 0.00 0.00 0.00 222.00 0}
COMM 4b-0: 46d7e9_46db18_46dc33_46dd1f (32 11.52 0 2.00 2 72.00){0.00 0.00 0.00 0.00 1.20 0}{1.20 2.00 2.00 2.00 2.40 13}{2.40 3.00 3.10 4.00 4.80 10}{4.80 5.00 5.67 6.00 6.00 3}{6.00 9.00 50.50 72.00 132.00 6}
COMM 4b-1: 47960c_4796cb_479761_4797bc (4 67.40 1 17.00 2 265.00){0.00 0.00 0.00 0.00 7.20 0}{7.20 0.00 0.00 0.00 14.40 0}{14.40 17.00 18.00 19.00 28.80 3}{28.80 0.00 0.00 0.00 36.00 0}{36.00 265.00 265.00 265.00 494.00 1}
LOOP0: iter: ( 9 )[ 1 -1 0 4 1 ] mem: ( 1 )[ 1 -1 0 4 1 ]
10 2 
12 1 1 1 1 1 5 1 1 1 
14 14 14 14 16 16 16 14 14 14 
19 0 

RANKS: 1 -1 2 1 0
EVENT2: 1113 48253a_4828ba_4829f3_482ae7
COMP 4b-0: 46d7e9_46db18_46dc33_46dd1f (1 141935.00 2 141935.00 2 141935.00){0.00 0.00 0.00 0.00 56774.00 0}{56774.00 0.00 0.00 0.00 113548.00 0}{113548.00 141935.00 141935.00 141935.00 170322.00 1}{170322.00 0.00 0.00 0.00 227096.00 0}{227096.00 0.00 0.00 0.00 283870.00 0}
COMP 4c-0: 46d7e9_46db18_46dc33_46dd1f (1 633463.00 2 633463.00 2 633463.00){0.00 0.00 0.00 0.00 253385.20 0}{253385.20 0.00 0.00 0.00 506770.40 0}{506770.40 633463.00 633463.00 633463.00 760155.60 1}{760155.60 0.00 0.00 0.00 1013540.80 0}{1013540.80 0.00 0.00 0.00 1266926.00 0}
COMM 4b-0: 46d7e9_46db18_46dc33_46dd1f (1 524.00 2 524.00 2 524.00){0.00 0.00 0.00 0.00 209.60 0}{209.60 0.00 0.00 0.00 419.20 0}{419.20 524.00 524.00 524.00 628.80 1}{628.80 0.00 0.00 0.00 838.40 0}{838.40 0.00 0.00 0.00 1048.00 0}
10 2 
12 52020 
14 16 
1a 1 
1b 0 

RANKS: 1 -1 1 2 1
EVENT3: 1090 47a406_47a7db_47a946_47aa67
COMP 4b-0: 46d7e9_46db18_46dc33_46dd1f (1 140875.00 1 140875.00 1 140875.00){0.00 0.00 0.00 0.00 56350.00 0}{56350.00 0.00 0.00 0.00 112700.00 0}{112700.00 140875.00 140875.00 140875.00 169050.00 1}{169050.00 0.00 0.00 0.00 225400.00 0}{225400.00 0.00 0.00 0.00 281750.00 0}
COMP 4b-1: 48253a_4828ba_4829f3_482ae7 (1 16.00 2 16.00 2 16.00){0.00 0.00 0.00 0.00 6.40 0}{6.40 0.00 0.00 0.00 12.80 0}{12.80 16.00 16.00 16.00 19.20 1}{19.20 0.00 0.00 0.00 25.60 0}{25.60 0.00 0.00 0.00 32.00 0}
COMP 4b-2: 48b495_48b719_48b7ed_48b8a6 (1 24664.00 2 24664.00 2 24664.00){0.00 0.00 0.00 0.00 9865.60 0}{9865.60 0.00 0.00 0.00 19731.20 0}{19731.20 24664.00 24664.00 24664.00 29596.80 1}{29596.80 0.00 0.00 0.00 39462.40 0}{39462.40 0.00 0.00 0.00 49328.00 0}
COMP 4c-0: 46d7e9_46db18_46dc33_46dd1f (1 633290.00 1 633290.00 1 633290.00){0.00 0.00 0.00 0.00 253316.00 0}{253316.00 0.00 0.00 0.00 506632.00 0}{506632.00 633290.00 633290.00 633290.00 759948.00 1}{759948.00 0.00 0.00 0.00 1013264.00 0}{1013264.00 0.00 0.00 0.00 1266580.00 0}
COMP 4c-1: 48253a_4828ba_4829f3_482ae7 (1 27.00 2 27.00 2 27.00){0.00 0.00 0.00 0.00 10.80 0}{10.80 0.00 0.00 0.00 21.60 0}{21.60 27.00 27.00 27.00 32.40 1}{32.40 0.00 0.00 0.00 43.20 0}{43.20 0.00 0.00 0.00 54.00 0}
COMP 4c-2: 48b495_48b719_48b7ed_48b8a6 (1 93836.00 2 93836.00 2 93836.00){0.00 0.00 0.00 0.00 37534.40 0}{37534.40 0.00 0.00 0.00 75068.80 0}{75068.80 93836.00 93836.00 93836.00 112603.20 1}{112603.20 0.00 0.00 0.00 150137.60 0}{150137.60 0.00 0.00 0.00 187672.00 0}
COMM 4b-0: 46d7e9_46db18_46dc33_46dd1f (1 6.00 1 6.00 1 6.00){0.00 0.00 0.00 0.00 2.40 0}{2.40 0.00 0.00 0.00 4.80 0}{4.80 6.00 6.00 6.00 7.20 1}{7.20 0.00 0.00 0.00 9.60 0}{9.60 0.00 0.00 0.00 12.00 0}
COMM 4b-1: 48253a_4828ba_4829f3_482ae7 (1 4.00 2 4.00 2 4.00){0.00 0.00 0.00 0.00 1.60 0}{1.60 0.00 0.00 0.00 3.20 0}{3.20 4.00 4.00 4.00 4.80 1}{4.80 0.00 0.00 0.00 6.40 0}{6.40 0.00 0.00 0.00 8.00 0}
COMM 4b-2: 48b495_48b719_48b7ed_48b8a6 (1 3.00 2 3.00 2 3.00){0.00 0.00 0.00 0.00 1.20 0}{1.20 0.00 0.00 0.00 2.40 0}{2.40 3.00 3.00 3.00 3.60 1}{3.60 0.00 0.00 0.00 4.80 0}{4.80 0.00 0.00 0.00 6.00 0}
LOOP0: iter: ( 2 )[ 1 -1 2 1 0 ] mem: ( 2 )[ 1 -1 2 1 0 ]
10 2 
12 52020 
14 16 
1b 0 
2b 2147483647 

RANKS: 1 -1 1 2 1
EVENT4: 1148 48b495_48b719_48b7ed_48b8a6
COMP 4b-0: 47a406_47a7db_47a946_47aa67 (3 15.25 2 9.00 1 19.00){0.00 0.00 0.00 0.00 7.60 0}{7.60 9.00 11.50 14.00 15.20 2}{15.20 19.00 19.00 19.00 22.80 1}{22.80 0.00 0.00 0.00 30.40 0}{30.40 0.00 0.00 0.00 38.00 0}
COMP 4c-0: 47a406_47a7db_47a946_47aa67 (3 26.75 2 26.00 1 27.00){0.00 0.00 0.00 0.00 10.80 0}{10.80 0.00 0.00 0.00 21.60 0}{21.60 26.00 26.67 27.00 32.40 3}{32.40 0.00 0.00 0.00 43.20 0}{43.20 0.00 0.00 0.00 54.00 0}
COMM 4b-0: 47a406_47a7db_47a946_47aa67 (3 498.25 2 238.00 2 691.00){0.00 0.00 0.00 0.00 212.80 0}{212.80 238.00 238.00 238.00 425.60 1}{425.60 532.00 532.00 532.00 638.40 1}{638.40 691.00 691.00 691.00 851.20 1}{851.20 0.00 0.00 0.00 1064.00 0}
1c 9999 

RANKS: 1 -1 1 2 1
EVENT5: 1113 48253a_4828ba_4829f3_482ae7
COMP 4b-0: 48253a_4828ba_4829f3_482ae7 (2 33205.00 1 24687.00 2 50241.00){0.00 0.00 0.00 0.00 9874.80 0}{9874.80 0.00 0.00 0.00 19749.60 0}{19749.60 24687.00 24687.00 24687.00 39499.20 1}{39499.20 0.00 0.00 0.00 49374.00 0}{49374.00 50241.00 50241.00 50241.00 51108.00 1}
COMP 4b-1: 48b495_48b719_48b7ed_48b8a6 (2 331.67 2 305.00 1 345.00){0.00 0.00 0.00 0.00 138.00 0}{138.00 0.00 0.00 0.00 276.00 0}{276.00 305.00 325.00 345.00 414.00 2}{414.00 0.00 0.00 0.00 552.00 0}{552.00 0.00 0.00 0.00 690.00 0}
COMP 4c-0: 48253a_4828ba_4829f3_482ae7 (2 129155.33 1 93910.00 2 199646.00){0.00 0.00 0.00 0.00 37564.00 0}{37564.00 0.00 0.00 0.00 75128.00 0}{75128.00 93910.00 93910.00 93910.00 150256.00 1}{150256.00 0.00 0.00 0.00 187820.00 0}{187820.00 199646.00 199646.00 199646.00 211472.00 1}
COMP 4c-1: 48b495_48b719_48b7ed_48b8a6 (2 383.33 1 383.00 2 384.00){0.00 0.00 0.00 0.00 153.20 0}{153.20 0.00 0.00 0.00 306.40 0}{306.40 383.00 383.50 384.00 459.60 2}{459.60 0.00 0.00 0.00 612.80 0}{612.80 0.00 0.00 0.00 766.00 0}
COMM 4b-0: 48253a_4828ba_4829f3_482ae7 (2 626.00 2 248.00 1 815.00){0.00 248.00 248.00 248.00 326.00 1}{326.00 0.00 0.00 0.00 652.00 0}{652.00 815.00 815.00 815.00 978.00 1}{978.00 0.00 0.00 0.00 1304.00 0}{1304.00 0.00 0.00 0.00 1630.00 0}
COMM 4b-1: 48b495_48b719_48b7ed_48b8a6 (2 370.67 2 234.00 1 439.00){0.00 0.00 0.00 0.00 175.60 0}{175.60 234.00 234.00 234.00 351.20 1}{351.20 439.00 439.00 439.00 526.80 1}{526.80 0.00 0.00 0.00 702.40 0}{702.40 0.00 0.00 0.00 878.00 0}
LOOP0: iter: ( 2 )[ 1 -1 1 2 1 ] mem: ( 1 )[ 1 -1 1 2 1 ]
10 2 
12 52020 
14 16 
1a ( 3 2 )[ 1 -1 1 1 0 ]
1a ( 2 1 )[ 1 -1 2 1 0 ]
1b 0 

RANKS: 1 -1 1 3 1
EVENT6: 1090 47a406_47a7db_47a946_47aa67
COMP 4b-0: 46d7e9_46db18_46dc33_46dd1f (1 140402.00 3 140402.00 3 140402.00){0.00 0.00 0.00 0.00 56160.80 0}{56160.80 0.00 0.00 0.00 112321.60 0}{112321.60 140402.00 140402.00 140402.00 168482.40 1}{168482.40 0.00 0.00 0.00 224643.20 0}{224643.20 0.00 0.00 0.00 280804.00 0}
COMP 4b-1: 48253a_4828ba_4829f3_482ae7 (5 15934.17 1 11.00 3 49787.00){0.00 0.00 0.00 0.00 4.40 0}{4.40 0.00 0.00 0.00 8.80 0}{8.80 11.00 11.50 12.00 22.00 2}{22.00 21225.00 22892.00 24559.00 42428.00 2}{42428.00 49787.00 49787.00 49787.00 57146.00 1}
COMP 4b-2: 48b495_48b719_48b7ed_48b8a6 (2 40526.33 2 21327.00 1 50126.00){0.00 0.00 0.00 0.00 20050.40 0}{20050.40 21327.00 21327.00 21327.00 40100.80 1}{40100.80 50126.00 50126.00 50126.00 60151.20 1}{60151.20 0.00 0.00 0.00 80201.60 0}{80201.60 0.00 0.00 0.00 100252.00 0}
COMP 4c-0: 46d7e9_46db18_46dc33_46dd1f (1 633306.00 3 633306.00 3 633306.00){0.00 0.00 0.00 0.00 253322.40 0}{253322.40 0.00 0.00 0.00 506644.80 0}{506644.80 633306.00 633306.00 633306.00 759967.20 1}{759967.20 0.00 0.00 0.00 1013289.60 0}{1013289.60 0.00 0.00 0.00 1266612.00 0}
COMP 4c-1: 48253a_4828ba_4829f3_482ae7 (5 64461.33 1 27.00 3 199463.00){0.00 0.00 0.00 0.00 10.80 0}{10.80 0.00 0.00 0.00 21.60 0}{21.60 27.00 27.00 27.00 54.00 2}{54.00 93498.00 93612.00 93726.00 186942.00 2}{186942.00 199463.00 199463.00 199463.00 211984.00 1}
COMP 4c-2: 48b495_48b719_48b7ed_48b8a6 (2 164259.33 2 93606.00 1 199586.00){0.00 0.00 0.00 0.00 79834.40 0}{79834.40 93606.00 93606.00 93606.00 159668.80 1}{159668.80 199586.00 199586.00 199586.00 239503.20 1}{239503.20 0.00 0.00 0.00 319337.60 0}{319337.60 0.00 0.00 0.00 399172.00 0}
COMM 4b-0: 46d7e9_46db18_46dc33_46dd1f (1 5.00 3 5.00 3 5.00){0.00 0.00 0.00 0.00 2.00 0}{2.00 0.00 0.00 0.00 4.00 0}{4.00 5.00 5.00 5.00 6.00 1}{6.00 0.00 0.00 0.00 8.00 0}{8.00 0.00 0.00 0.00 10.00 0}
COMM 4b-1: 48253a_4828ba_4829f3_482ae7 (5 2.00 1 1.00 3 3.00){0.00 0.00 0.00 0.00 0.40 0}{0.40 0.00 0.00 0.00 0.80 0}{0.80 1.00 1.00 1.00 1.60 1}{1.60 2.00 2.00 2.00 2.00 2}{2.00 3.00 3.00 3.00 4.00 2}
COMM 4b-2: 48b495_48b719_48b7ed_48b8a6 (2 2.67 2 2.00 1 3.00){0.00 0.00 0.00 0.00 1.20 0}{1.20 2.00 2.00 2.00 2.40 1}{2.40 3.00 3.00 3.00 3.60 1}{3.60 0.00 0.00 0.00 4.80 0}{4.80 0.00 0.00 0.00 6.00 0}
LOOP0: iter: ( 2 )[ 1 -1 1 2 1 ]( 4 )[ 1 -1 3 1 0 ] mem: ( 2 )[ 1 -1 1 2 1 ]( 3 )[ 1 -1 3 1 0 ]
10 2 
12 52020 
14 16 
1b 0 
2b 2147483647 

RANKS: 1 -1 1 3 1
EVENT7: 1148 48b495_48b719_48b7ed_48b8a6
COMP 4b-0: 47a406_47a7db_47a946_47aa67 (8 12.44 1 9.00 2 20.00){0.00 0.00 0.00 0.00 5.60 0}{5.60 9.00 9.25 10.00 11.20 4}{11.20 12.00 13.67 15.00 16.80 3}{16.80 20.00 20.00 20.00 22.40 1}{22.40 0.00 0.00 0.00 28.00 0}
COMP 4c-0: 47a406_47a7db_47a946_47aa67 (8 25.89 3 25.00 3 27.00){0.00 0.00 0.00 0.00 10.40 0}{10.40 0.00 0.00 0.00 20.80 0}{20.80 25.00 25.88 27.00 31.20 8}{31.20 0.00 0.00 0.00 41.60 0}{41.60 0.00 0.00 0.00 52.00 0}
COMM 4b-0: 47a406_47a7db_47a946_47aa67 (8 590.78 3 240.00 3 1654.00){0.00 0.00 0.00 0.00 171.20 0}{171.20 240.00 240.00 240.00 342.40 1}{342.40 406.00 453.20 522.00 684.80 5}{684.80 729.00 729.00 729.00 856.00 1}{856.00 1654.00 1654.00 1654.00 2452.00 1}
1c 9999 

RANKS: 1 -1 0 4 1
EVENT8: 1113 48253a_4828ba_4829f3_482ae7
COMP 4b-0: 46d7e9_46db18_46dc33_46dd1f (1 141321.00 0 141321.00 0 141321.00){0.00 0.00 0.00 0.00 56528.40 0}{56528.40 0.00 0.00 0.00 113056.80 0}{113056.80 141321.00 141321.00 141321.00 169585.20 1}{169585.20 0.00 0.00 0.00 226113.60 0}{226113.60 0.00 0.00 0.00 282642.00 0}
COMP 4b-1: 48253a_4828ba_4829f3_482ae7 (1 21339.00 1 21339.00 1 21339.00){0.00 0.00 0.00 0.00 8535.60 0}{8535.60 0.00 0.00 0.00 17071.20 0}{17071.20 21339.00 21339.00 21339.00 25606.80 1}{25606.80 0.00 0.00 0.00 34142.40 0}{34142.40 0.00 0.00 0.00 42678.00 0}
COMP 4b-2: 48b495_48b719_48b7ed_48b8a6 (9 12332.80 3 298.00 0 50307.00){0.00 298.00 317.00 335.00 9932.80 6}{9932.80 0.00 0.00 0.00 19865.60 0}{19865.60 21455.00 23143.50 24832.00 39731.20 2}{39731.20 0.00 0.00 0.00 49664.00 0}{49664.00 50307.00 50307.00 50307.00 50950.00 1}
COMP 4c-0: 46d7e9_46db18_46dc33_46dd1f (1 633447.00 0 633447.00 0 633447.00){0.00 0.00 0.00 0.00 253378.80 0}{253378.80 0.00 0.00 0.00 506757.60 0}{506757.60 633447.00 633447.00 633447.00 760136.40 1}{760136.40 0.00 0.00 0.00 1013515.20 0}{1013515.20 0.00 0.00 0.00 1266894.00 0}
COMP 4c-1: 48253a_4828ba_4829f3_482ae7 (1 93675.00 1 93675.00 1 93675.00){0.00 0.00 0.00 0.00 37470.00 0}{37470.00 0.00 0.00 0.00 74940.00 0}{74940.00 93675.00 93675.00 93675.00 112410.00 1}{112410.00 0.00 0.00 0.00 149880.00 0}{149880.00 0.00 0.00 0.00 187350.00 0}
COMP 4c-2: 48b495_48b719_48b7ed_48b8a6 (9 48390.70 3 381.00 0 199779.00){0.00 381.00 382.50 384.00 37607.60 6}{37607.60 0.00 0.00 0.00 75215.20 0}{75215.20 93795.00 93907.00 94019.00 150430.40 2}{150430.40 0.00 0.00 0.00 188038.00 0}{188038.00 199779.00 199779.00 199779.00 211520.00 1}
COMM 4b-0: 46d7e9_46db18_46dc33_46dd1f (1 502.00 0 502.00 0 502.00){0.00 0.00 0.00 0.00 200.80 0}{200.80 0.00 0.00 0.00 401.60 0}{401.60 502.00 502.00 502.00 602.40 1}{602.40 0.00 0.00 0.00 803.20 0}{803.20 0.00 0.00 0.00 1004.00 0}
COMM 4b-1: 48253a_4828ba_4829f3_482ae7 (1 246.00 1 246.00 1 246.00){0.00 0.00 0.00 0.00 98.40 0}{98.40 0.00 0.00 0.00 196.80 0}{196.80 246.00 246.00 246.00 295.20 1}{295.20 0.00 0.00 0.00 393.60 0}{393.60 0.00 0.00 0.00 492.00 0}
COMM 4b-2: 48b495_48b719_48b7ed_48b8a6 (9 365.30 2 232.00 0 771.00){0.00 232.00 237.43 244.00 308.40 7}{308.40 449.00 449.00 449.00 616.80 1}{616.80 771.00 771.00 771.00 925.20 1}{925.20 0.00 0.00 0.00 1233.60 0}{1233.60 0.00 0.00 0.00 1542.00 0}
LOOP0: iter: ( 4 )[ 1 -1 0 1 0 ]( 2 )[ 1 -1 1 1 0 ] mem: ( 3 )[ 1 -1 0 1 0 ]( 1 )[ 1 -1 1 1 0 ]
10 2 
12 52020 
14 16 
1a ( 1 2 )[ 1 -1 0 1 0 ]
1a ( 3 2 )[ 1 -1 1 2 2 ]
1a ( 2 )[ 1 -1 2 1 0 ]
1b 0 

RANKS: 1 -1 0 2 1
EVENT9: 1090 47a406_47a7db_47a946_47aa67
COMP 4b-0: 48253a_4828ba_4829f3_482ae7 (5 12.33 0 10.00 0 16.00){0.00 0.00 0.00 0.00 6.40 0}{6.40 10.00 10.50 12.00 12.80 4}{12.80 16.00 16.00 16.00 19.20 1}{19.20 0.00 0.00 0.00 25.60 0}{25.60 0.00 0.00 0.00 32.00 0}
COMP 4c-0: 48253a_4828ba_4829f3_482ae7 (5 26.17 0 25.00 0 27.00){0.00 0.00 0.00 0.00 10.80 0}{10.80 0.00 0.00 0.00 21.60 0}{21.60 25.00 26.00 27.00 32.40 5}{32.40 0.00 0.00 0.00 43.20 0}{43.20 0.00 0.00 0.00 54.00 0}
COMM 4b-0: 48253a_4828ba_4829f3_482ae7 (5 2.50 1 1.00 0 4.00){0.00 1.00 1.00 1.00 1.60 1}{1.60 2.00 2.00 2.00 3.20 3}{3.20 4.00 4.00 4.00 4.80 1}{4.80 0.00 0.00 0.00 6.40 0}{6.40 0.00 0.00 0.00 8.00 0}
10 2 
12 52020 
14 16 
1b 0 
2b 2147483647 

RANKS: 1 -1 0 2 1
EVENT10: 1148 48b495_48b719_48b7ed_48b8a6
COMP 4b-0: 47a406_47a7db_47a946_47aa67 (5 11.33 0 8.00 0 15.00){0.00 0.00 0.00 0.00 6.00 0}{6.00 8.00 9.50 11.00 12.00 4}{12.00 15.00 15.00 15.00 18.00 1}{18.00 0.00 0.00 0.00 24.00 0}{24.00 0.00 0.00 0.00 30.00 0}
COMP 4c-0: 47a406_47a7db_47a946_47aa67 (5 26.00 0 25.00 0 27.00){0.00 0.00 0.00 0.00 10.80 0}{10.80 0.00 0.00 0.00 21.60 0}{21.60 25.00 25.80 27.00 32.40 5}{32.40 0.00 0.00 0.00 43.20 0}{43.20 0.00 0.00 0.00 54.00 0}
COMM 4b-0: 47a406_47a7db_47a946_47aa67 (5 556.33 1 435.00 0 691.00){0.00 0.00 0.00 0.00 276.40 0}{276.40 435.00 489.00 528.00 552.80 4}{552.80 691.00 691.00 691.00 829.20 1}{829.20 0.00 0.00 0.00 1105.60 0}{1105.60 0.00 0.00 0.00 1382.00 0}
1c 9999 

RANKS: 1 -1 0 4 1
EVENT11: 1004 46a96f_46accf_46ae12_46af04
COMP 4b-0: 48253a_4828ba_4829f3_482ae7 (2 45534.00 2 45478.00 3 45562.00){0.00 0.00 0.00 0.00 18224.80 0}{18224.80 0.00 0.00 0.00 36449.60 0}{36449.60 45478.00 45520.00 45562.00 54674.40 2}{54674.40 0.00 0.00 0.00 72899.20 0}{72899.20 0.00 0.00 0.00 91124.00 0}
COMP 4b-1: 48b495_48b719_48b7ed_48b8a6 (2 45975.33 0 45677.00 1 46572.00){0.00 0.00 0.00 0.00 18270.80 0}{18270.80 0.00 0.00 0.00 36541.60 0}{36541.60 45677.00 46124.50 46572.00 54812.40 2}{54812.40 0.00 0.00 0.00 73083.20 0}{73083.20 0.00 0.00 0.00 91354.00 0}
COMP 4c-0: 48253a_4828ba_4829f3_482ae7 (2 194756.00 2 194752.00 3 194758.00){0.00 0.00 0.00 0.00 77903.20 0}{77903.20 0.00 0.00 0.00 155806.40 0}{155806.40 194752.00 194755.00 194758.00 233709.60 2}{233709.60 0.00 0.00 0.00 311612.80 0}{311612.80 0.00 0.00 0.00 389516.00 0}
COMP 4c-1: 48b495_48b719_48b7ed_48b8a6 (2 194884.33 1 194881.00 0 194886.00){0.00 0.00 0.00 0.00 77954.40 0}{77954.40 0.00 0.00 0.00 155908.80 0}{155908.80 194881.00 194883.50 194886.00 233863.20 2}{233863.20 0.00 0.00 0.00 311817.60 0}{311817.60 0.00 0.00 0.00 389772.00 0}
COMM 4b-0: 48253a_4828ba_4829f3_482ae7 (2 991.33 2 956.00 3 1009.00){0.00 0.00 0.00 0.00 403.60 0}{403.60 0.00 0.00 0.00 807.20 0}{807.20 956.00 982.50 1009.00 1210.80 2}{1210.80 0.00 0.00 0.00 1614.40 0}{1614.40 0.00 0.00 0.00 2018.00 0}
COMM 4b-1: 48b495_48b719_48b7ed_48b8a6 (2 500.67 1 32.00 0 735.00){0.00 32.00 32.00 32.00 294.00 1}{294.00 0.00 0.00 0.00 588.00 0}{588.00 735.00 735.00 735.00 882.00 1}{882.00 0.00 0.00 0.00 1176.00 0}{1176.00 0.00 0.00 0.00 1470.00 0}
10 2 
12 5 
14 16 
18 3 

RANKS: 1 -1 0 4 1
EVENT12: 1010 46d300_46d535_46d5d9_46d655
COMP 4b-0: 46a96f_46accf_46ae12_46af04 (4 10.40 1 10.00 0 11.00){0.00 0.00 0.00 0.00 4.40 0}{4.40 0.00 0.00 0.00 8.80 0}{8.80 10.00 10.25 11.00 13.20 4}{13.20 0.00 0.00 0.00 17.60 0}{17.60 0.00 0.00 0.00 22.00 0}
COMP 4c-0: 46a96f_46accf_46ae12_46af04 (4 25.40 0 25.00 3 26.00){0.00 0.00 0.00 0.00 10.00 0}{10.00 0.00 0.00 0.00 20.00 0}{20.00 25.00 25.50 26.00 30.00 4}{30.00 0.00 0.00 0.00 40.00 0}{40.00 0.00 0.00 0.00 50.00 0}
COMM 4b-0: 46a96f_46accf_46ae12_46af04 (4 166.80 1 132.00 3 259.00){0.00 0.00 0.00 0.00 60.80 0}{60.80 0.00 0.00 0.00 121.60 0}{121.60 132.00 141.00 152.00 182.40 3}{182.40 0.00 0.00 0.00 243.20 0}{243.20 259.00 259.00 259.00 304.00 1}
10 2 

RANKS: 1 -1 1 3 1
EVENT13: 1102 47da79_47de3e_47dfa8_47e0c7
COMP 4b-0: 46d300_46d535_46d5d9_46d655 (3 2185.75 1 2133.00 3 2279.00){0.00 0.00 0.00 0.00 853.20 0}{853.20 0.00 0.00 0.00 1706.40 0}{1706.40 2133.00 2203.33 2279.00 2559.60 3}{2559.60 0.00 0.00 0.00 3412.80 0}{3412.80 0.00 0.00 0.00 4266.00 0}
COMP 4b-1: 47da79_47de3e_47dfa8_47e0c7 (199 439.38 3 10.00 3 932.00){0.00 0.00 0.00 0.00 4.40 0}{4.40 0.00 0.00 0.00 8.80 0}{8.80 10.00 11.01 16.00 17.60 99}{17.60 22.00 22.00 22.00 22.00 1}{22.00 871.00 876.30 932.00 1736.00 99}
COMP 4b-2: 48253a_4828ba_4829f3_482ae7 (398 373.63 1 357.00 2 406.00){0.00 0.00 0.00 0.00 152.80 0}{152.80 0.00 0.00 0.00 305.60 0}{305.60 357.00 373.61 406.00 458.40 398}{458.40 0.00 0.00 0.00 611.20 0}{611.20 0.00 0.00 0.00 764.00 0}
COMP 4c-0: 46d300_46d535_46d5d9_46d655 (3 12722.00 1 12722.00 1 12722.00){0.00 0.00 0.00 0.00 5088.80 0}{5088.80 0.00 0.00 0.00 10177.60 0}{10177.60 12722.00 12722.00 12722.00 15266.40 3}{15266.40 0.00 0.00 0.00 20355.20 0}{20355.20 0.00 0.00 0.00 25444.00 0}
COMP 4c-1: 47da79_47de3e_47dfa8_47e0c7 (199 1802.57 3 27.00 3 3612.00){0.00 0.00 0.00 0.00 10.80 0}{10.80 0.00 0.00 0.00 21.60 0}{21.60 27.00 28.98 29.00 43.20 100}{43.20 0.00 0.00 0.00 54.00 0}{54.00 3612.00 3612.00 3612.00 7170.00 99}
COMP 4c-2: 48253a_4828ba_4829f3_482ae7 (398 1874.84 2 1823.00 1 1925.00){0.00 0.00 0.00 0.00 768.80 0}{768.80 0.00 0.00 0.00 1537.60 0}{1537.60 1823.00 1874.73 1925.00 2306.40 398}{2306.40 0.00 0.00 0.00 3075.20 0}{3075.20 0.00 0.00 0.00 3844.00 0}
COMM 4b-0: 46d300_46d535_46d5d9_46d655 (3 605.00 2 501.00 3 863.00){0.00 0.00 0.00 0.00 211.20 0}{211.20 0.00 0.00 0.00 422.40 0}{422.40 501.00 514.50 528.00 633.60 2}{633.60 0.00 0.00 0.00 844.80 0}{844.80 863.00 863.00 863.00 1056.00 1}
COMM 4b-1: 47da79_47de3e_47dfa8_47e0c7 (199 4.14 3 1.00 3 148.00){0.00 1.00 1.31 2.00 3.20 100}{3.20 4.00 4.00 4.00 4.00 40}{4.00 5.00 5.04 6.00 6.00 48}{6.00 7.00 14.50 64.00 122.00 10}{122.00 148.00 148.00 148.00 174.00 1}
COMM 4b-2: 48253a_4828ba_4829f3_482ae7 (398 12.70 1 2.00 1 1612.00){0.00 2.00 2.00 2.00 2.40 2}{2.40 3.00 3.00 3.00 3.60 133}{3.60 4.00 4.25 6.00 6.00 249}{6.00 7.00 58.33 141.00 158.00 12}{158.00 1292.00 1452.00 1612.00 3066.00 2}
LOOP0: iter: ( 200 )[ 1 -1 1 3 1 ] mem: ( 2 )[ 1 -1 1 2 1 ]( 1 )[ 1 -1 3 1 0 ]
10 2 
12 250 
14 16 
1b 0 
2b ( 3 3 3 3 3 3 3 3 3 3 3 3 3 3 3 3 3 3 3 3 3 3 3 3 3 3 3 3 3 3 3 3 3 3 3 3 3 3 3 3 3 3 3 3 3 3 3 3 3 3 3 3 3 3 3 3 3 3 3 3 3 3 3 3 3 3 3 3 3 3 3 3 3 3 3 3 3 3 3 3 3 3 3 3 3 3 3 3 3 3 3 3 3 3 3 3 3 3 3 3 2 2 2 2 2 2 2 2 2 2 2 2 2 2 2 2 2 2 2 2 2 2 2 2 2 2 2 2 2 2 2 2 2 2 2 2 2 2 2 2 2 2 2 2 2 2 2 2 2 2 2 2 2 2 2 2 2 2 2 2 2 2 2 2 2 2 2 2 2 2 2 2 2 2 2 2 2 2 2 2 2 2 2 2 2 2 2 2 2 2 2 2 2 2 2 2 2 2 2 2 )[ 1 -1 1 1 0 ]
2b ( 3 2 )[ 1 -1 3 1 0 ]
2b ( 2 2 2 2 2 2 2 2 2 2 2 2 2 2 2 2 2 2 2 2 2 2 2 2 2 2 2 2 2 2 2 2 2 2 2 2 2 2 2 2 2 2 2 2 2 2 2 2 2 2 2 2 2 2 2 2 2 2 2 2 2 2 2 2 2 2 2 2 2 2 2 2 2 2 2 2 2 2 2 2 2 2 2 2 2 2 2 2 2 2 2 2 2 2 2 2 2 2 2 2 1 1 1 1 1 1 1 1 1 1 1 1 1 1 1 1 1 1 1 1 1 1 1 1 1 1 1 1 1 1 1 1 1 1 1 1 1 1 1 1 1 1 1 1 1 1 1 1 1 1 1 1 1 1 1 1 1 1 1 1 1 1 1 1 1 1 1 1 1 1 1 1 1 1 1 1 1 1 1 1 1 1 1 1 1 1 1 1 1 1 1 1 1 1 1 1 1 1 1 1 )[ 1 -1 2 1 0 ]

RANKS: 1 -1 2 1 0
EVENT14: 1113 48253a_4828ba_4829f3_482ae7
COMP 4b-0: 47da79_47de3e_47dfa8_47e0c7 (200 486.78 2 468.00 2 514.00){0.00 0.00 0.00 0.00 203.20 0}{203.20 0.00 0.00 0.00 406.40 0}{406.40 468.00 486.67 514.00 609.60 200}{609.60 0.00 0.00 0.00 812.80 0}{812.80 0.00 0.00 0.00 1016.00 0}
COMP 4c-0: 47da79_47de3e_47dfa8_47e0c7 (200 1702.61 2 1690.00 2 1716.00){0.00 0.00 0.00 0.00 686.40 0}{686.40 0.00 0.00 0.00 1372.80 0}{1372.80 1690.00 1702.54 1716.00 2059.20 200}{2059.20 0.00 0.00 0.00 2745.60 0}{2745.60 0.00 0.00 0.00 3432.00 0}
COMM 4b-0: 47da79_47de3e_47dfa8_47e0c7 (200 3.62 2 2.00 2 110.00){0.00 2.00 2.00 2.00 2.80 37}{2.80 3.00 3.00 3.00 5.60 157}{5.60 7.00 9.00 11.00 11.20 2}{11.20 13.00 13.00 13.00 14.00 1}{14.00 16.00 48.00 110.00 206.00 3}
10 2 
12 250 
14 16 
1a 1 1 1 1 1 1 1 1 1 1 1 1 1 1 1 1 1 1 1 1 1 1 1 1 1 1 1 1 1 1 1 1 1 1 1 1 1 1 1 1 1 1 1 1 1 1 1 1 1 1 1 1 1 1 1 1 1 1 1 1 1 1 1 1 1 1 1 1 1 1 1 1 1 1 1 1 1 1 1 1 1 1 1 1 1 1 1 1 1 1 1 1 1 1 1 1 1 1 1 1 2 2 2 2 2 2 2 2 2 2 2 2 2 2 2 2 2 2 2 2 2 2 2 2 2 2 2 2 2 2 2 2 2 2 2 2 2 2 2 2 2 2 2 2 2 2 2 2 2 2 2 2 2 2 2 2 2 2 2 2 2 2 2 2 2 2 2 2 2 2 2 2 2 2 2 2 2 2 2 2 2 2 2 2 2 2 2 2 2 2 2 2 2 2 2 2 2 2 2 2 
1b 0 

RANKS: 1 -1 0 4 1
EVENT15: 1113 48253a_4828ba_4829f3_482ae7
COMP 4b-0: 46a96f_46accf_46ae12_46af04 (1 118791.00 2 118791.00 2 118791.00){0.00 0.00 0.00 0.00 47516.40 0}{47516.40 0.00 0.00 0.00 95032.80 0}{95032.80 118791.00 118791.00 118791.00 142549.20 1}{142549.20 0.00 0.00 0.00 190065.60 0}{190065.60 0.00 0.00 0.00 237582.00 0}
COMP 4b-1: 46d300_46d535_46d5d9_46d655 (1 2635.00 0 2635.00 0 2635.00){0.00 0.00 0.00 0.00 1054.00 0}{1054.00 0.00 0.00 0.00 2108.00 0}{2108.00 2635.00 2635.00 2635.00 3162.00 1}{3162.00 0.00 0.00 0.00 4216.00 0}{4216.00 0.00 0.00 0.00 5270.00 0}
COMP 4b-2: 47da79_47de3e_47dfa8_47e0c7 (201 490.14 1 467.00 3 1347.00){0.00 0.00 0.00 0.00 202.40 0}{202.40 0.00 0.00 0.00 404.80 0}{404.80 467.00 485.77 512.00 809.60 200}{809.60 0.00 0.00 0.00 1012.00 0}{1012.00 1347.00 1347.00 1347.00 1682.00 1}
COMP 4b-3: 48253a_4828ba_4829f3_482ae7 (399 437.21 3 8.00 2 5323.00){0.00 0.00 0.00 0.00 3.60 0}{3.60 0.00 0.00 0.00 7.20 0}{7.20 8.00 10.19 13.00 18.00 200}{18.00 812.00 846.03 932.00 1726.00 198}{1726.00 5323.00 5323.00 5323.00 8920.00 1}
COMP 4c-0: 46a96f_46accf_46ae12_46af04 (1 555451.00 2 555451.00 2 555451.00){0.00 0.00 0.00 0.00 222180.40 0}{222180.40 0.00 0.00 0.00 444360.80 0}{444360.80 555451.00 555451.00 555451.00 666541.20 1}{666541.20 0.00 0.00 0.00 888721.60 0}{888721.60 0.00 0.00 0.00 1110902.00 0}
COMP 4c-1: 46d300_46d535_46d5d9_46d655 (1 14410.00 0 14410.00 0 14410.00){0.00 0.00 0.00 0.00 5764.00 0}{5764.00 0.00 0.00 0.00 11528.00 0}{11528.00 14410.00 14410.00 14410.00 17292.00 1}{17292.00 0.00 0.00 0.00 23056.00 0}{23056.00 0.00 0.00 0.00 28820.00 0}
COMP 4c-2: 47da79_47de3e_47dfa8_47e0c7 (201 1719.81 1 1690.00 3 5175.00){0.00 0.00 0.00 0.00 686.40 0}{686.40 0.00 0.00 0.00 1372.80 0}{1372.80 1690.00 1702.55 1716.00 2745.60 200}{2745.60 0.00 0.00 0.00 3432.00 0}{3432.00 5175.00 5175.00 5175.00 6918.00 1}
COMP 4c-3: 48253a_4828ba_4829f3_482ae7 (399 1830.96 0 27.00 2 23720.00){0.00 0.00 0.00 0.00 10.80 0}{10.80 0.00 0.00 0.00 21.60 0}{21.60 27.00 28.98 29.00 54.00 200}{54.00 3486.00 3549.70 3613.00 7170.00 198}{7170.00 23720.00 23720.00 23720.00 40270.00 1}
COMM 4b-0: 46a96f_46accf_46ae12_46af04 (1 790.00 2 790.00 2 790.00){0.00 0.00 0.00 0.00 316.00 0}{316.00 0.00 0.00 0.00 632.00 0}{632.00 790.00 790.00 790.00 948.00 1}{948.00 0.00 0.00 0.00 1264.00 0}{1264.00 0.00 0.00 0.00 1580.00 0}
COMM 4b-1: 46d300_46d535_46d5d9_46d655 (1 9.00 0 9.00 0 9.00){0.00 0.00 0.00 0.00 3.60 0}{3.60 0.00 0.00 0.00 7.20 0}{7.20 9.00 9.00 9.00 10.80 1}{10.80 0.00 0.00 0.00 14.40 0}{14.40 0.00 0.00 0.00 18.00 0}
COMM 4b-2: 47da79_47de3e_47dfa8_47e0c7 (201 3.53 1 2.00 1 94.00){0.00 2.00 2.00 2.00 2.40 34}{2.40 3.00 3.00 3.00 4.80 160}{4.80 6.00 6.50 7.00 9.60 2}{9.60 11.00 11.00 11.00 12.00 2}{12.00 15.00 41.33 94.00 176.00 3}
COMM 4b-3: 48253a_4828ba_4829f3_482ae7 (399 4.25 0 1.00 2 244.00){0.00 1.00 1.00 1.00 1.20 43}{1.20 2.00 2.00 2.00 2.40 182}{2.40 3.00 3.03 4.00 6.00 163}{6.00 16.00 55.20 129.00 224.00 10}{224.00 244.00 244.00 244.00 264.00 1}
LOOP0: iter: ( 200 )[ 1 -1 0 2 3 ]( 2 )[ 1 -1 2 1 0 ] mem: ( 1 )[ 1 -1 0 2 3 ]( 5 )[ 1 -1 2 1 0 ]
10 2 
12 ( 250 )[ 2 -1 0 2 1 -1 3 1 0 ]
12 ( 52020 )[ 1 -1 2 1 0 ]
14 16 
1a ( 1 2 )[ 1 -1 0 1 0 ]
1a ( 2 2 2 2 2 2 2 2 2 2 2 2 2 2 2 2 2 2 2 2 2 2 2 2 2 2 2 2 2 2 2 2 2 2 2 2 2 2 2 2 2 2 2 2 2 2 2 2 2 2 2 2 2 2 2 2 2 2 2 2 2 2 2 2 2 2 2 2 2 2 2 2 2 2 2 2 2 2 2 2 2 2 2 2 2 2 2 2 2 2 2 2 2 2 2 2 2 2 2 2 3 3 3 3 3 3 3 3 3 3 3 3 3 3 3 3 3 3 3 3 3 3 3 3 3 3 3 3 3 3 3 3 3 3 3 3 3 3 3 3 3 3 3 3 3 3 3 3 3 3 3 3 3 3 3 3 3 3 3 3 3 3 3 3 3 3 3 3 3 3 3 3 3 3 3 3 3 3 3 3 3 3 3 3 3 3 3 3 3 3 3 3 3 3 3 3 3 3 3 3 )[ 1 -1 1 1 0 ]
1a ( 3 2 )[ 1 -1 3 1 0 ]
1a ( 1 )[ 1 -1 2 1 0 ]
1b 0 

RANKS: 1 -1 0 1 0
EVENT16: 1102 47da79_47de3e_47dfa8_47e0c7
COMP 4b-0: 47da79_47de3e_47dfa8_47e0c7 (199 409.98 0 10.00 0 853.00){0.00 0.00 0.00 0.00 4.00 0}{4.00 0.00 0.00 0.00 8.00 0}{8.00 10.00 10.91 13.00 16.00 100}{16.00 0.00 0.00 0.00 20.00 0}{20.00 812.00 817.12 853.00 1686.00 99}
COMP 4b-1: 48253a_4828ba_4829f3_482ae7 (1 369.00 0 369.00 0 369.00){0.00 0.00 0.00 0.00 147.60 0}{147.60 0.00 0.00 0.00 295.20 0}{295.20 369.00 369.00 369.00 442.80 1}{442.80 0.00 0.00 0.00 590.40 0}{590.40 0.00 0.00 0.00 738.00 0}
COMP 4c-0: 47da79_47de3e_47dfa8_47e0c7 (199 1740.64 0 27.00 0 3487.00){0.00 0.00 0.00 0.00 10.80 0}{10.80 0.00 0.00 0.00 21.60 0}{21.60 27.00 28.98 29.00 43.20 100}{43.20 0.00 0.00 0.00 54.00 0}{54.00 3486.00 3486.90 3487.00 6918.00 99}
COMP 4c-1: 48253a_4828ba_4829f3_482ae7 (1 1823.00 0 1823.00 0 1823.00){0.00 0.00 0.00 0.00 729.20 0}{729.20 0.00 0.00 0.00 1458.40 0}{1458.40 1823.00 1823.00 1823.00 2187.60 1}{2187.60 0.00 0.00 0.00 2916.80 0}{2916.80 0.00 0.00 0.00 3646.00 0}
COMM 4b-0: 47da79_47de3e_47dfa8_47e0c7 (199 8.29 0 1.00 0 247.00){0.00 1.00 1.00 1.00 1.60 16}{1.60 2.00 2.44 3.00 3.20 75}{3.20 4.00 4.00 4.00 4.00 19}{4.00 5.00 5.22 6.00 6.00 9}{6.00 7.00 16.68 247.00 488.00 80}
COMM 4b-1: 48253a_4828ba_4829f3_482ae7 (1 2741.00 0 2741.00 0 2741.00){0.00 0.00 0.00 0.00 1096.40 0}{1096.40 0.00 0.00 0.00 2192.80 0}{2192.80 2741.00 2741.00 2741.00 3289.20 1}{3289.20 0.00 0.00 0.00 4385.60 0}{4385.60 0.00 0.00 0.00 5482.00 0}
LOOP0: iter: ( 200 )[ 1 -1 0 1 0 ] mem: ( 1 )[ 1 -1 0 1 0 ]
10 2 
12 250 
14 16 
1b 0 
2b 1 2 

RANKS: 1 -1 1 3 1
EVENT17: 1090 47a406_47a7db_47a946_47aa67
COMP 4b-0: 46a96f_46accf_46ae12_46af04 (2 118130.33 1 117546.00 3 119299.00){0.00 0.00 0.00 0.00 47018.40 0}{47018.40 0.00 0.00 0.00 94036.80 0}{94036.80 117546.00 118422.50 119299.00 141055.20 2}{141055.20 0.00 0.00 0.00 188073.60 0}{188073.60 0.00 0.00 0.00 235092.00 0}
COMP 4b-1: 48253a_4828ba_4829f3_482ae7 (6 8281.43 2 10.00 3 21370.00){0.00 10.00 11.00 12.00 2046.00 2}{2046.00 0.00 0.00 0.00 4092.00 0}{4092.00 5115.00 5121.50 5128.00 8184.00 2}{8184.00 0.00 0.00 0.00 10230.00 0}{10230.00 21220.00 21295.00 21370.00 32510.00 2}
COMP 4b-2: 48b495_48b719_48b7ed_48b8a6 (2 21374.33 2 21327.00 2 21398.00){0.00 0.00 0.00 0.00 8559.20 0}{8559.20 0.00 0.00 0.00 17118.40 0}{17118.40 21327.00 21362.50 21398.00 25677.60 2}{25677.60 0.00 0.00 0.00 34236.80 0}{34236.80 0.00 0.00 0.00 42796.00 0}
COMP 4c-0: 46a96f_46accf_46ae12_46af04 (2 555282.33 1 555277.00 3 555293.00){0.00 0.00 0.00 0.00 222110.80 0}{222110.80 0.00 0.00 0.00 444221.60 0}{444221.60 555277.00 555285.00 555293.00 666332.40 2}{666332.40 0.00 0.00 0.00 888443.20 0}{888443.20 0.00 0.00 0.00 1110554.00 0}
COMP 4c-1: 48253a_4828ba_4829f3_482ae7 (6 36804.57 2 26.00 3 93493.00){0.00 26.00 26.00 26.00 9412.80 2}{9412.80 0.00 0.00 0.00 18825.60 0}{18825.60 23530.00 23531.00 23532.00 37651.20 2}{37651.20 0.00 0.00 0.00 47064.00 0}{47064.00 93493.00 93493.00 93493.00 139922.00 2}
COMP 4c-2: 48b495_48b719_48b7ed_48b8a6 (2 93606.00 2 93606.00 2 93606.00){0.00 0.00 0.00 0.00 37442.40 0}{37442.40 0.00 0.00 0.00 74884.80 0}{74884.80 93606.00 93606.00 93606.00 112327.20 2}{112327.20 0.00 0.00 0.00 149769.60 0}{149769.60 0.00 0.00 0.00 187212.00 0}
COMM 4b-0: 46a96f_46accf_46ae12_46af04 (2 3.00 1 3.00 1 3.00){0.00 0.00 0.00 0.00 1.20 0}{1.20 0.00 0.00 0.00 2.40 0}{2.40 3.00 3.00 3.00 3.60 2}{3.60 0.00 0.00 0.00 4.80 0}{4.80 0.00 0.00 0.00 6.00 0}
COMM 4b-1: 48253a_4828ba_4829f3_482ae7 (6 2.57 3 2.00 1 3.00){0.00 0.00 0.00 0.00 1.20 0}{1.20 2.00 2.00 2.00 2.40 3}{2.40 3.00 3.00 3.00 3.60 3}{3.60 0.00 0.00 0.00 4.80 0}{4.80 0.00 0.00 0.00 6.00 0}
COMM 4b-2: 48b495_48b719_48b7ed_48b8a6 (2 3.00 2 3.00 2 3.00){0.00 0.00 0.00 0.00 1.20 0}{1.20 0.00 0.00 0.00 2.40 0}{2.40 3.00 3.00 3.00 3.60 2}{3.60 0.00 0.00 0.00 4.80 0}{4.80 0.00 0.00 0.00 6.00 0}
LOOP0: iter: ( 2 )[ 1 -1 1 3 1 ] mem: ( 6 )[ 1 -1 1 1 0 ]( 4 )[ 1 -1 3 1 0 ]( 2 )[ 1 -1 2 1 0 ]
LOOP1: iter: ( 2 )[ 1 -1 3 1 0 ] mem: ( 3 )[ 1 -1 3 1 0 ]
10 2 
12 52020 
14 16 
1b 0 
2b 2147483647 

RANKS: 1 -1 1 3 1
EVENT18: 1148 48b495_48b719_48b7ed_48b8a6
COMP 4b-0: 47a406_47a7db_47a946_47aa67 (10 10.09 3 9.00 1 14.00){0.00 0.00 0.00 0.00 4.00 0}{4.00 0.00 0.00 0.00 8.00 0}{8.00 9.00 9.67 11.00 12.00 9}{12.00 14.00 14.00 14.00 16.00 1}{16.00 0.00 0.00 0.00 20.00 0}
COMP 4c-0: 47a406_47a7db_47a946_47aa67 (10 25.82 3 25.00 1 26.00){0.00 0.00 0.00 0.00 10.40 0}{10.40 0.00 0.00 0.00 20.80 0}{20.80 25.00 25.80 26.00 31.20 10}{31.20 0.00 0.00 0.00 41.60 0}{41.60 0.00 0.00 0.00 52.00 0}
COMM 4b-0: 47a406_47a7db_47a946_47aa67 (10 626.64 1 235.00 3 1803.00){0.00 235.00 240.00 245.00 377.60 4}{377.60 470.00 560.50 661.00 755.20 4}{755.20 944.00 944.00 944.00 1132.80 1}{1132.80 0.00 0.00 0.00 1510.40 0}{1510.40 1803.00 1803.00 1803.00 1888.00 1}
1c 9999 

RANKS: 1 -1 0 4 1
EVENT19: 1113 48253a_4828ba_4829f3_482ae7
COMP 4b-0: 46a96f_46accf_46ae12_46af04 (1 117562.00 0 117562.00 0 117562.00){0.00 0.00 0.00 0.00 47024.80 0}{47024.80 0.00 0.00 0.00 94049.60 0}{94049.60 117562.00 117562.00 117562.00 141074.40 1}{141074.40 0.00 0.00 0.00 188099.20 0}{188099.20 0.00 0.00 0.00 235124.00 0}
COMP 4b-1: 47da79_47de3e_47dfa8_47e0c7 (1 5733.00 0 5733.00 0 5733.00){0.00 0.00 0.00 0.00 2293.20 0}{2293.20 0.00 0.00 0.00 4586.40 0}{4586.40 5733.00 5733.00 5733.00 6879.60 1}{6879.60 0.00 0.00 0.00 9172.80 0}{9172.80 0.00 0.00 0.00 11466.00 0}
COMP 4b-2: 48253a_4828ba_4829f3_482ae7 (2 21307.33 1 21296.00 1 21330.00){0.00 0.00 0.00 0.00 8518.40 0}{8518.40 0.00 0.00 0.00 17036.80 0}{17036.80 21296.00 21313.00 21330.00 25555.20 2}{25555.20 0.00 0.00 0.00 34073.60 0}{34073.60 0.00 0.00 0.00 42592.00 0}
COMP 4b-3: 48b495_48b719_48b7ed_48b8a6 (10 6048.45 3 227.00 0 21452.00){0.00 227.00 273.87 327.00 8578.00 8}{8578.00 0.00 0.00 0.00 17156.00 0}{17156.00 21445.00 21448.50 21452.00 25734.00 2}{25734.00 0.00 0.00 0.00 34312.00 0}{34312.00 0.00 0.00 0.00 42890.00 0}
COMP 4c-0: 46a96f_46accf_46ae12_46af04 (1 555434.00 0 555434.00 0 555434.00){0.00 0.00 0.00 0.00 222173.60 0}{222173.60 0.00 0.00 0.00 444347.20 0}{444347.20 555434.00 555434.00 555434.00 666520.80 1}{666520.80 0.00 0.00 0.00 888694.40 0}{888694.40 0.00 0.00 0.00 1110868.00 0}
COMP 4c-1: 47da79_47de3e_47dfa8_47e0c7 (1 25381.00 0 25381.00 0 25381.00){0.00 0.00 0.00 0.00 10152.40 0}{10152.40 0.00 0.00 0.00 20304.80 0}{20304.80 25381.00 25381.00 25381.00 30457.20 1}{30457.20 0.00 0.00 0.00 40609.60 0}{40609.60 0.00 0.00 0.00 50762.00 0}
COMP 4c-2: 48253a_4828ba_4829f3_482ae7 (2 93676.00 1 93676.00 1 93676.00){0.00 0.00 0.00 0.00 37470.40 0}{37470.40 0.00 0.00 0.00 74940.80 0}{74940.80 93676.00 93676.00 93676.00 112411.20 2}{112411.20 0.00 0.00 0.00 149881.60 0}{149881.60 0.00 0.00 0.00 187352.00 0}
COMP 4c-3: 48b495_48b719_48b7ed_48b8a6 (10 25857.00 1 382.00 0 93789.00){0.00 382.00 382.50 384.00 37515.60 8}{37515.60 0.00 0.00 0.00 75031.20 0}{75031.20 93789.00 93789.00 93789.00 112546.80 2}{112546.80 0.00 0.00 0.00 150062.40 0}{150062.40 0.00 0.00 0.00 187578.00 0}
COMM 4b-0: 46a96f_46accf_46ae12_46af04 (1 271.00 0 271.00 0 271.00){0.00 0.00 0.00 0.00 108.40 0}{108.40 0.00 0.00 0.00 216.80 0}{216.80 271.00 271.00 271.00 325.20 1}{325.20 0.00 0.00 0.00 433.60 0}{433.60 0.00 0.00 0.00 542.00 0}
COMM 4b-1: 47da79_47de3e_47dfa8_47e0c7 (1 241.00 0 241.00 0 241.00){0.00 0.00 0.00 0.00 96.40 0}{96.40 0.00 0.00 0.00 192.80 0}{192.80 241.00 241.00 241.00 289.20 1}{289.20 0.00 0.00 0.00 385.60 0}{385.60 0.00 0.00 0.00 482.00 0}
COMM 4b-2: 48253a_4828ba_4829f3_482ae7 (2 858.33 1 245.00 1 2085.00){0.00 0.00 0.00 0.00 98.00 0}{98.00 0.00 0.00 0.00 196.00 0}{196.00 245.00 245.00 245.00 392.00 1}{392.00 0.00 0.00 0.00 490.00 0}{490.00 2085.00 2085.00 2085.00 3680.00 1}
COMM 4b-3: 48b495_48b719_48b7ed_48b8a6 (10 386.64 1 230.00 0 1908.00){0.00 0.00 0.00 0.00 96.00 0}{96.00 0.00 0.00 0.00 192.00 0}{192.00 230.00 233.89 240.00 384.00 9}{384.00 0.00 0.00 0.00 480.00 0}{480.00 1908.00 1908.00 1908.00 3336.00 1}
LOOP0: iter: ( 2 )[ 1 -1 0 2 1 ] mem: ( 4 )[ 1 -1 0 1 0 ]( 1 )[ 1 -1 1 1 0 ]
LOOP1: iter: ( 2 )[ 1 -1 0 1 0 ] mem: ( 3 )[ 1 -1 0 1 0 ]
10 2 
12 52020 
14 16 
1a ( 1 2 )[ 1 -1 0 1 0 ]
1a ( 3 2 )[ 1 -1 1 2 2 ]
1a ( 2 )[ 1 -1 2 1 0 ]
1b 0 

RANKS: 1 -1 0 2 1
EVENT20: 1090 47a406_47a7db_47a946_47aa67
COMP 4b-0: 48253a_4828ba_4829f3_482ae7 (6 10.29 0 9.00 1 12.00){0.00 0.00 0.00 0.00 4.00 0}{4.00 0.00 0.00 0.00 8.00 0}{8.00 9.00 10.33 12.00 12.00 6}{12.00 0.00 0.00 0.00 16.00 0}{16.00 0.00 0.00 0.00 20.00 0}
COMP 4c-0: 48253a_4828ba_4829f3_482ae7 (6 26.14 0 25.00 1 27.00){0.00 0.00 0.00 0.00 10.40 0}{10.40 0.00 0.00 0.00 20.80 0}{20.80 25.00 26.17 27.00 31.20 6}{31.20 0.00 0.00 0.00 41.60 0}{41.60 0.00 0.00 0.00 52.00 0}
COMM 4b-0: 48253a_4828ba_4829f3_482ae7 (6 1.71 0 1.00 0 2.00){0.00 0.00 0.00 0.00 0.40 0}{0.40 0.00 0.00 0.00 0.80 0}{0.80 1.00 1.00 1.00 1.20 1}{1.20 0.00 0.00 0.00 1.60 0}{1.60 2.00 2.00 2.00 2.00 5}
10 2 
12 52020 
14 16 
1b 0 
2b 2147483647 

RANKS: 1 -1 0 2 1
EVENT21: 1148 48b495_48b719_48b7ed_48b8a6
COMP 4b-0: 47a406_47a7db_47a946_47aa67 (6 10.57 0 9.00 0 17.00){0.00 0.00 0.00 0.00 3.60 0}{3.60 0.00 0.00 0.00 7.20 0}{7.20 9.00 9.25 10.00 10.80 4}{10.80 11.00 11.00 11.00 14.40 1}{14.40 17.00 17.00 17.00 18.00 1}
COMP 4c-0: 47a406_47a7db_47a946_47aa67 (6 26.00 0 26.00 0 26.00){0.00 0.00 0.00 0.00 10.40 0}{10.40 0.00 0.00 0.00 20.80 0}{20.80 26.00 26.00 26.00 31.20 6}{31.20 0.00 0.00 0.00 41.60 0}{41.60 0.00 0.00 0.00 52.00 0}
COMM 4b-0: 47a406_47a7db_47a946_47aa67 (6 428.43 1 356.00 0 487.00){0.00 0.00 0.00 0.00 193.60 0}{193.60 356.00 360.00 364.00 387.20 2}{387.20 408.00 448.75 487.00 580.80 4}{580.80 0.00 0.00 0.00 774.40 0}{774.40 0.00 0.00 0.00 968.00 0}
1c 9999 

RANKS: 1 -1 0 4 1
EVENT22: 1004 46a96f_46accf_46ae12_46af04
COMP 4b-0: 48253a_4828ba_4829f3_482ae7 (4 44357.80 3 43620.00 2 45447.00){0.00 0.00 0.00 0.00 17448.00 0}{17448.00 0.00 0.00 0.00 34896.00 0}{34896.00 43620.00 44542.25 45447.00 52344.00 4}{52344.00 0.00 0.00 0.00 69792.00 0}{69792.00 0.00 0.00 0.00 87240.00 0}
COMP 4b-1: 48b495_48b719_48b7ed_48b8a6 (4 44505.60 1 43737.00 0 45579.00){0.00 0.00 0.00 0.00 17531.60 0}{17531.60 0.00 0.00 0.00 35063.20 0}{35063.20 43737.00 44674.75 45579.00 52594.80 4}{52594.80 0.00 0.00 0.00 70126.40 0}{70126.40 0.00 0.00 0.00 87658.00 0}
COMP 4c-0: 48253a_4828ba_4829f3_482ae7 (4 188276.80 2 183955.00 3 194757.00){0.00 0.00 0.00 0.00 73584.00 0}{73584.00 0.00 0.00 0.00 147168.00 0}{147168.00 183955.00 189356.00 194757.00 220752.00 4}{220752.00 0.00 0.00 0.00 294336.00 0}{294336.00 0.00 0.00 0.00 367920.00 0}
COMP 4c-1: 48b495_48b719_48b7ed_48b8a6 (4 188404.80 1 184084.00 0 194884.00){0.00 0.00 0.00 0.00 73635.20 0}{73635.20 0.00 0.00 0.00 147270.40 0}{147270.40 184084.00 189484.00 194884.00 220905.60 4}{220905.60 0.00 0.00 0.00 294540.80 0}{294540.80 0.00 0.00 0.00 368176.00 0}
COMM 4b-0: 48253a_4828ba_4829f3_482ae7 (4 243.20 2 131.00 3 361.00){0.00 131.00 131.00 131.00 144.40 1}{144.40 177.00 181.50 186.00 288.80 2}{288.80 361.00 361.00 361.00 433.20 1}{433.20 0.00 0.00 0.00 577.60 0}{577.60 0.00 0.00 0.00 722.00 0}
COMM 4b-1: 48b495_48b719_48b7ed_48b8a6 (4 81.20 0 24.00 1 298.00){0.00 0.00 0.00 0.00 9.60 0}{9.60 0.00 0.00 0.00 19.20 0}{19.20 24.00 24.50 25.00 28.80 2}{28.80 35.00 35.00 35.00 48.00 1}{48.00 298.00 298.00 298.00 548.00 1}
10 2 
12 1 5 
14 16 
18 1 3 

RANKS: 1 -1 0 4 1
EVENT23: 1010 46d300_46d535_46d5d9_46d655
COMP 4b-0: 46a96f_46accf_46ae12_46af04 (4 14.40 0 14.00 3 15.00){0.00 0.00 0.00 0.00 5.60 0}{5.60 0.00 0.00 0.00 11.20 0}{11.20 14.00 14.50 15.00 16.80 4}{16.80 0.00 0.00 0.00 22.40 0}{22.40 0.00 0.00 0.00 28.00 0}
COMP 4c-0: 46a96f_46accf_46ae12_46af04 (4 34.00 0 33.00 3 36.00){0.00 0.00 0.00 0.00 13.20 0}{13.20 0.00 0.00 0.00 26.40 0}{26.40 33.00 34.25 36.00 39.60 4}{39.60 0.00 0.00 0.00 52.80 0}{52.80 0.00 0.00 0.00 66.00 0}
COMM 4b-0: 46a96f_46accf_46ae12_46af04 (4 21.40 2 7.00 3 35.00){0.00 7.00 8.00 9.00 11.20 2}{11.20 0.00 0.00 0.00 22.40 0}{22.40 28.00 28.00 28.00 33.60 1}{33.60 35.00 35.00 35.00 44.80 1}{44.80 0.00 0.00 0.00 56.00 0}
10 2 

RANKS: 1 -1 2 1 0
EVENT24: 1102 47da79_47de3e_47dfa8_47e0c7
COMP 4b-0: 46d300_46d535_46d5d9_46d655 (1 2152.00 2 2152.00 2 2152.00){0.00 0.00 0.00 0.00 860.80 0}{860.80 0.00 0.00 0.00 1721.60 0}{1721.60 2152.00 2152.00 2152.00 2582.40 1}{2582.40 0.00 0.00 0.00 3443.20 0}{3443.20 0.00 0.00 0.00 4304.00 0}
COMP 4b-1: 48253a_4828ba_4829f3_482ae7 (199 373.62 2 357.00 2 396.00){0.00 0.00 0.00 0.00 153.60 0}{153.60 0.00 0.00 0.00 307.20 0}{307.20 357.00 373.56 396.00 460.80 199}{460.80 0.00 0.00 0.00 614.40 0}{614.40 0.00 0.00 0.00 768.00 0}
COMP 4c-0: 46d300_46d535_46d5d9_46d655 (1 12717.00 2 12717.00 2 12717.00){0.00 0.00 0.00 0.00 5086.80 0}{5086.80 0.00 0.00 0.00 10173.60 0}{10173.60 12717.00 12717.00 12717.00 15260.40 1}{15260.40 0.00 0.00 0.00 20347.20 0}{20347.20 0.00 0.00 0.00 25434.00 0}
COMP 4c-1: 48253a_4828ba_4829f3_482ae7 (199 1875.06 2 1823.00 2 1926.00){0.00 0.00 0.00 0.00 768.40 0}{768.40 0.00 0.00 0.00 1536.80 0}{1536.80 1823.00 1874.82 1926.00 2305.20 199}{2305.20 0.00 0.00 0.00 3073.60 0}{3073.60 0.00 0.00 0.00 3842.00 0}
COMM 4b-0: 46d300_46d535_46d5d9_46d655 (1 701.00 2 701.00 2 701.00){0.00 0.00 0.00 0.00 280.40 0}{280.40 0.00 0.00 0.00 560.80 0}{560.80 701.00 701.00 701.00 841.20 1}{841.20 0.00 0.00 0.00 1121.60 0}{1121.60 0.00 0.00 0.00 1402.00 0}
COMM 4b-1: 48253a_4828ba_4829f3_482ae7 (199 9.07 2 3.00 2 1030.00){0.00 3.00 3.64 5.00 5.20 183}{5.20 6.00 6.31 10.00 10.40 13}{10.40 11.00 12.00 13.00 20.80 2}{20.80 0.00 0.00 0.00 26.00 0}{26.00 1030.00 1030.00 1030.00 2034.00 1}
LOOP0: iter: ( 200 )[ 1 -1 2 1 0 ] mem: ( 2 )[ 1 -1 2 1 0 ]
10 2 
12 250 
14 16 
1b 0 
2b 2 2 2 2 2 2 2 2 2 2 2 2 2 2 2 2 2 2 2 2 2 2 2 2 2 2 2 2 2 2 2 2 2 2 2 2 2 2 2 2 2 2 2 2 2 2 2 2 2 2 2 2 2 2 2 2 2 2 2 2 2 2 2 2 2 2 2 2 2 2 2 2 2 2 2 2 2 2 2 2 2 2 2 2 2 2 2 2 2 2 2 2 2 2 2 2 2 2 2 2 1 1 1 1 1 1 1 1 1 1 1 1 1 1 1 1 1 1 1 1 1 1 1 1 1 1 1 1 1 1 1 1 1 1 1 1 1 1 1 1 1 1 1 1 1 1 1 1 1 1 1 1 1 1 1 1 1 1 1 1 1 1 1 1 1 1 1 1 1 1 1 1 1 1 1 1 1 1 1 1 1 1 1 1 1 1 1 1 1 1 1 1 1 1 1 1 1 1 1 1 

RANKS: 1 -1 0 2 2
EVENT25: 1113 48253a_4828ba_4829f3_482ae7
COMP 4b-0: 46d300_46d535_46d5d9_46d655 (1 2792.00 0 2792.00 0 2792.00){0.00 0.00 0.00 0.00 1116.80 0}{1116.80 0.00 0.00 0.00 2233.60 0}{2233.60 2792.00 2792.00 2792.00 3350.40 1}{3350.40 0.00 0.00 0.00 4467.20 0}{4467.20 0.00 0.00 0.00 5584.00 0}
COMP 4b-1: 47da79_47de3e_47dfa8_47e0c7 (200 486.55 2 468.00 2 511.00){0.00 0.00 0.00 0.00 202.00 0}{202.00 0.00 0.00 0.00 404.00 0}{404.00 468.00 486.46 511.00 606.00 200}{606.00 0.00 0.00 0.00 808.00 0}{808.00 0.00 0.00 0.00 1010.00 0}
COMP 4b-2: 48253a_4828ba_4829f3_482ae7 (49551 440.34 0 8.00 0 1052.00){0.00 0.00 0.00 0.00 3.20 0}{3.20 0.00 0.00 0.00 6.40 0}{6.40 8.00 10.24 12.00 12.80 24815}{12.80 13.00 14.05 15.00 16.00 19}{16.00 17.00 872.50 1052.00 1728.00 24717}
COMP 4b-3: 48b495_48b719_48b7ed_48b8a6 (248 46513.99 0 46435.00 0 46835.00){0.00 0.00 0.00 0.00 18585.20 0}{18585.20 0.00 0.00 0.00 37170.40 0}{37170.40 46435.00 46514.20 46835.00 55755.60 248}{55755.60 0.00 0.00 0.00 74340.80 0}{74340.80 0.00 0.00 0.00 92926.00 0}
COMP 4c-0: 46d300_46d535_46d5d9_46d655 (1 14410.00 0 14410.00 0 14410.00){0.00 0.00 0.00 0.00 5764.00 0}{5764.00 0.00 0.00 0.00 11528.00 0}{11528.00 14410.00 14410.00 14410.00 17292.00 1}{17292.00 0.00 0.00 0.00 23056.00 0}{23056.00 0.00 0.00 0.00 28820.00 0}
COMP 4c-1: 47da79_47de3e_47dfa8_47e0c7 (200 1703.00 2 1690.00 2 1716.00){0.00 0.00 0.00 0.00 686.00 0}{686.00 0.00 0.00 0.00 1372.00 0}{1372.00 1690.00 1702.94 1716.00 2058.00 200}{2058.00 0.00 0.00 0.00 2744.00 0}{2744.00 0.00 0.00 0.00 3430.00 0}
COMP 4c-2: 48253a_4828ba_4829f3_482ae7 (49551 1811.82 0 25.00 0 3613.00){0.00 0.00 0.00 0.00 10.40 0}{10.40 0.00 0.00 0.00 20.80 0}{20.80 25.00 29.03 30.00 41.60 24900}{41.60 0.00 0.00 0.00 52.00 0}{52.00 3611.00 3612.69 3613.00 7172.00 24651}
COMP 4c-3: 48b495_48b719_48b7ed_48b8a6 (248 198484.94 0 198468.00 0 198491.00){0.00 0.00 0.00 0.00 79387.20 0}{79387.20 0.00 0.00 0.00 158774.40 0}{158774.40 198468.00 198485.00 198491.00 238161.60 248}{238161.60 0.00 0.00 0.00 317548.80 0}{317548.80 0.00 0.00 0.00 396936.00 0}
COMM 4b-0: 46d300_46d535_46d5d9_46d655 (1 10.00 0 10.00 0 10.00){0.00 0.00 0.00 0.00 4.00 0}{4.00 0.00 0.00 0.00 8.00 0}{8.00 10.00 10.00 10.00 12.00 1}{12.00 0.00 0.00 0.00 16.00 0}{16.00 0.00 0.00 0.00 20.00 0}
COMM 4b-1: 47da79_47de3e_47dfa8_47e0c7 (200 3.07 2 2.00 2 14.00){0.00 2.00 2.00 2.00 2.80 42}{2.80 3.00 3.01 4.00 5.60 152}{5.60 7.00 7.00 7.00 8.40 1}{8.40 0.00 0.00 0.00 11.20 0}{11.20 12.00 12.60 14.00 14.00 5}
COMM 4b-2: 48253a_4828ba_4829f3_482ae7 (49551 2.59 0 1.00 0 42.00){0.00 0.00 0.00 0.00 0.80 0}{0.80 1.00 1.00 1.00 1.60 4010}{1.60 1.89 2.00 2.00 2.40 25953}{2.40 3.00 3.01 4.00 4.00 18810}{4.00 5.00 20.56 42.00 44.00 778}
COMM 4b-3: 48b495_48b719_48b7ed_48b8a6 (248 9.78 0 9.00 0 11.00){0.00 0.00 0.00 0.00 4.00 0}{4.00 0.00 0.00 0.00 8.00 0}{8.00 9.00 9.77 11.00 12.00 248}{12.00 0.00 0.00 0.00 16.00 0}{16.00 0.00 0.00 0.00 20.00 0}
LOOP0: iter: ( 249 )[ 1 -1 0 1 0 ] mem: ( 5 )[ 1 -1 0 1 0 ]
LOOP1: iter: ( 200 )[ 1 -1 0 1 0 ] mem: ( 1 )[ 1 -1 0 1 0 ]
10 2 
12 250 
14 16 
1a ( 1 2 )[ 1 -1 0 1 0 ]
1a ( 1 1 1 1 1 1 1 1 1 1 1 1 1 1 1 1 1 1 1 1 1 1 1 1 1 1 1 1 1 1 1 1 1 1 1 1 1 1 1 1 1 1 1 1 1 1 1 1 1 1 1 1 1 1 1 1 1 1 1 1 1 1 1 1 1 1 1 1 1 1 1 1 1 1 1 1 1 1 1 1 1 1 1 1 1 1 1 1 1 1 1 1 1 1 1 1 1 1 1 1 2 2 2 2 2 2 2 2 2 2 2 2 2 2 2 2 2 2 2 2 2 2 2 2 2 2 2 2 2 2 2 2 2 2 2 2 2 2 2 2 2 2 2 2 2 2 2 2 2 2 2 2 2 2 2 2 2 2 2 2 2 2 2 2 2 2 2 2 2 2 2 2 2 2 2 2 2 2 2 2 2 2 2 2 2 2 2 2 2 2 2 2 2 2 2 2 2 2 2 2 )[ 1 -1 2 1 0 ]
1b 0 

RANKS: 2 -1 0 2 1 -1 3 1 0
EVENT26: 1102 47da79_47de3e_47dfa8_47e0c7
COMP 4b-0: 46d300_46d535_46d5d9_46d655 (2 2108.67 1 2080.00 3 2166.00){0.00 0.00 0.00 0.00 832.00 0}{832.00 0.00 0.00 0.00 1664.00 0}{1664.00 2080.00 2123.00 2166.00 2496.00 2}{2496.00 0.00 0.00 0.00 3328.00 0}{3328.00 0.00 0.00 0.00 4160.00 0}
COMP 4b-1: 47da79_47de3e_47dfa8_47e0c7 (99102 426.87 0 9.00 3 1154.00){0.00 0.00 0.00 0.00 4.80 0}{4.80 9.00 9.00 9.00 9.60 3}{9.60 10.00 11.17 19.18 19.20 49770}{19.20 20.00 20.42 23.00 24.00 12}{24.00 28.00 846.52 1154.00 1610.00 49317}
COMP 4b-2: 48253a_4828ba_4829f3_482ae7 (50048 599.31 1 357.00 3 46844.00){0.00 0.00 0.00 0.00 144.00 0}{144.00 0.00 0.00 0.00 288.00 0}{288.00 357.00 373.48 374.00 432.00 49669}{432.00 451.00 508.14 571.00 720.00 131}{720.00 45818.00 45875.90 46844.00 92968.00 248}
COMP 4b-3: 48b495_48b719_48b7ed_48b8a6 (248 45915.63 1 45840.00 1 46777.00){0.00 0.00 0.00 0.00 18600.40 0}{18600.40 0.00 0.00 0.00 37200.80 0}{37200.80 45840.00 45913.27 46777.00 55801.20 248}{55801.20 0.00 0.00 0.00 74401.60 0}{74401.60 0.00 0.00 0.00 93002.00 0}
COMP 4c-0: 46d300_46d535_46d5d9_46d655 (2 12717.00 1 12717.00 1 12717.00){0.00 0.00 0.00 0.00 5086.80 0}{5086.80 0.00 0.00 0.00 10173.60 0}{10173.60 12717.00 12717.00 12717.00 15260.40 2}{15260.40 0.00 0.00 0.00 20347.20 0}{20347.20 0.00 0.00 0.00 25434.00 0}
COMP 4c-1: 47da79_47de3e_47dfa8_47e0c7 (99102 1780.89 0 26.00 3 3613.00){0.00 0.00 0.00 0.00 10.40 0}{10.40 0.00 0.00 0.00 20.80 0}{20.80 26.00 29.57 30.00 41.60 49800}{41.60 0.00 0.00 0.00 52.00 0}{52.00 3485.00 3549.94 3613.00 6920.00 49302}
COMP 4c-2: 48253a_4828ba_4829f3_482ae7 (50048 2839.92 0 1823.00 3 196670.00){0.00 0.00 0.00 0.00 729.20 0}{729.20 0.00 0.00 0.00 1458.40 0}{1458.40 1823.00 1874.69 1926.00 2916.80 49800}{2916.80 0.00 0.00 0.00 3646.00 0}{3646.00 196652.00 196668.24 196670.00 389694.00 248}
COMP 4c-3: 48b495_48b719_48b7ed_48b8a6 (248 196791.20 1 196775.00 1 196792.00){0.00 0.00 0.00 0.00 78710.00 0}{78710.00 0.00 0.00 0.00 157420.00 0}{157420.00 196775.00 196791.26 196792.00 236130.00 248}{236130.00 0.00 0.00 0.00 314840.00 0}{314840.00 0.00 0.00 0.00 393550.00 0}
COMM 4b-0: 46d300_46d535_46d5d9_46d655 (2 898.00 1 727.00 3 1240.00){0.00 0.00 0.00 0.00 290.80 0}{290.80 0.00 0.00 0.00 581.60 0}{581.60 727.00 727.00 727.00 872.40 1}{872.40 0.00 0.00 0.00 1163.20 0}{1163.20 1240.00 1240.00 1240.00 1454.00 1}
COMM 4b-1: 47da79_47de3e_47dfa8_47e0c7 (99102 8.55 0 1.00 3 380.00){0.00 1.00 2.25 4.00 4.00 49929}{4.00 4.01 12.09 14.00 14.00 36482}{14.00 14.01 18.54 38.00 38.00 11876}{38.00 39.00 90.74 223.00 240.00 814}{240.00 380.00 380.00 380.00 520.00 1}
COMM 4b-2: 48253a_4828ba_4829f3_482ae7 (50048 37.49 1 1.00 0 4453.00){0.00 1.00 3.83 12.17 952.80 49016}{952.80 1088.22 1088.22 1088.22 1905.60 765}{1905.60 2382.00 2555.00 2856.00 2858.40 18}{2858.40 2873.00 3218.38 3705.00 3811.20 243}{3811.20 4129.00 4274.50 4453.00 4764.00 6}
COMM 4b-3: 48b495_48b719_48b7ed_48b8a6 (248 824.36 1 14.00 1 1711.00){0.00 14.00 15.20 16.00 30.00 5}{30.00 314.00 467.17 582.00 598.00 6}{598.00 600.00 828.98 1044.00 1044.00 220}{1044.00 1064.00 1142.81 1314.00 1584.00 16}{1584.00 1711.00 1711.00 1711.00 1838.00 1}
LOOP0: iter: ( 200 )[ 1 -1 0 1 0 ]( 249 )[ 1 -1 1 2 2 ] mem: ( 1 )[ 1 -1 0 1 0 ]( 7 )[ 1 -1 1 1 0 ]( 5 )[ 1 -1 3 1 0 ]
LOOP1: iter: ( 200 )[ 1 -1 1 2 2 ] mem: ( 2 )[ 1 -1 1 1 0 ]( 1 )[ 1 -1 3 1 0 ]
10 2 
12 250 
14 16 
1b 0 
2b ( 1 2 )[ 1 -1 0 1 0 ]
2b ( 3 3 3 3 3 3 3 3 3 3 3 3 3 3 3 3 3 3 3 3 3 3 3 3 3 3 3 3 3 3 3 3 3 3 3 3 3 3 3 3 3 3 3 3 3 3 3 3 3 3 3 3 3 3 3 3 3 3 3 3 3 3 3 3 3 3 3 3 3 3 3 3 3 3 3 3 3 3 3 3 3 3 3 3 3 3 3 3 3 3 3 3 3 3 3 3 3 3 3 3 2 2 2 2 2 2 2 2 2 2 2 2 2 2 2 2 2 2 2 2 2 2 2 2 2 2 2 2 2 2 2 2 2 2 2 2 2 2 2 2 2 2 2 2 2 2 2 2 2 2 2 2 2 2 2 2 2 2 2 2 2 2 2 2 2 2 2 2 2 2 2 2 2 2 2 2 2 2 2 2 2 2 2 2 2 2 2 2 2 2 2 2 2 2 2 2 2 2 2 2 )[ 1 -1 1 1 0 ]
2b ( 3 2 )[ 1 -1 3 1 0 ]

RANKS: 1 -1 0 4 1
EVENT27: 1113 48253a_4828ba_4829f3_482ae7
COMP 4b-0: 47da79_47de3e_47dfa8_47e0c7 (50298 516.23 1 467.00 0 5874.00){0.00 467.00 490.15 1330.00 2289.20 50049}{2289.20 0.00 0.00 0.00 4578.40 0}{4578.40 5709.00 5736.92 5874.00 6867.60 249}{6867.60 0.00 0.00 0.00 9156.80 0}{9156.80 0.00 0.00 0.00 11446.00 0}
COMP 4b-1: 48253a_4828ba_4829f3_482ae7 (49552 412.54 3 8.00 2 5335.00){0.00 0.00 0.00 0.00 7.20 0}{7.20 8.00 10.29 14.00 14.40 24809}{14.40 15.00 17.47 18.00 18.00 70}{18.00 19.00 817.97 921.00 1608.00 24672}{1608.00 5335.00 5335.00 5335.00 9062.00 1}
COMP 4b-2: 48b495_48b719_48b7ed_48b8a6 (249 21461.25 0 21428.00 0 22015.00){0.00 0.00 0.00 0.00 8590.00 0}{8590.00 0.00 0.00 0.00 17180.00 0}{17180.00 21428.00 21461.19 22015.00 25770.00 249}{25770.00 0.00 0.00 0.00 34360.00 0}{34360.00 0.00 0.00 0.00 42950.00 0}
COMP 4c-0: 47da79_47de3e_47dfa8_47e0c7 (50298 1837.46 1 1690.00 0 25383.00){0.00 1690.00 1719.85 5176.00 10152.80 50049}{10152.80 0.00 0.00 0.00 20305.60 0}{20305.60 25381.00 25381.93 25383.00 30458.40 249}{30458.40 0.00 0.00 0.00 40611.20 0}{40611.20 0.00 0.00 0.00 50764.00 0}
COMP 4c-1: 48253a_4828ba_4829f3_482ae7 (49552 1749.71 3 26.00 2 23720.00){0.00 0.00 0.00 0.00 10.80 0}{10.80 0.00 0.00 0.00 21.60 0}{21.60 26.00 29.04 30.00 54.00 24900}{54.00 3485.00 3486.93 3488.00 6918.00 24651}{6918.00 23720.00 23720.00 23720.00 40522.00 1}
COMP 4c-2: 48b495_48b719_48b7ed_48b8a6 (249 93789.02 0 93789.00 0 93790.00){0.00 0.00 0.00 0.00 37515.60 0}{37515.60 0.00 0.00 0.00 75031.20 0}{75031.20 93789.00 93789.02 93790.00 112546.80 249}{112546.80 0.00 0.00 0.00 150062.40 0}{150062.40 0.00 0.00 0.00 187578.00 0}
COMM 4b-0: 47da79_47de3e_47dfa8_47e0c7 (50298 4.33 1 2.00 0 259.00){0.00 2.00 3.14 21.00 96.40 50049}{96.40 0.00 0.00 0.00 192.80 0}{192.80 240.00 241.33 259.00 289.20 249}{289.20 0.00 0.00 0.00 385.60 0}{385.60 0.00 0.00 0.00 482.00 0}
COMM 4b-1: 48253a_4828ba_4829f3_482ae7 (49552 2.84 3 1.00 2 242.00){0.00 1.00 1.00 1.00 1.60 1016}{1.60 1.95 2.48 3.11 3.20 43912}{3.20 4.00 4.00 4.00 4.00 3841}{4.00 5.00 19.22 25.00 38.00 782}{38.00 242.00 242.00 242.00 446.00 1}
COMM 4b-2: 48b495_48b719_48b7ed_48b8a6 (249 242.18 0 239.00 0 400.00){0.00 0.00 0.00 0.00 160.00 0}{160.00 239.00 240.90 252.00 320.00 248}{320.00 400.00 400.00 400.00 480.00 1}{480.00 0.00 0.00 0.00 640.00 0}{640.00 0.00 0.00 0.00 800.00 0}
LOOP0: iter: ( 2 )[ 1 -1 0 1 0 ]( 200 )[ 1 -1 3 1 0 ] mem: ( 3 )[ 1 -1 0 1 0 ]( 1 )[ 1 -1 3 1 0 ]
10 2 
12 ( 52020 )[ 1 -1 0 2 2 ]
12 ( 250 )[ 1 -1 1 2 2 ]
14 16 
1a ( 1 2 )[ 1 -1 0 1 0 ]
1a ( 2 2 2 2 2 2 2 2 2 2 2 2 2 2 2 2 2 2 2 2 2 2 2 2 2 2 2 2 2 2 2 2 2 2 2 2 2 2 2 2 2 2 2 2 2 2 2 2 2 2 2 2 2 2 2 2 2 2 2 2 2 2 2 2 2 2 2 2 2 2 2 2 2 2 2 2 2 2 2 2 2 2 2 2 2 2 2 2 2 2 2 2 2 2 2 2 2 2 2 2 3 3 3 3 3 3 3 3 3 3 3 3 3 3 3 3 3 3 3 3 3 3 3 3 3 3 3 3 3 3 3 3 3 3 3 3 3 3 3 3 3 3 3 3 3 3 3 3 3 3 3 3 3 3 3 3 3 3 3 3 3 3 3 3 3 3 3 3 3 3 3 3 3 3 3 3 3 3 3 3 3 3 3 3 3 3 3 3 3 3 3 3 3 3 3 3 3 3 3 3 )[ 1 -1 1 1 0 ]
1a ( 3 2 )[ 1 -1 3 1 0 ]
1a ( 1 )[ 1 -1 2 1 0 ]
1b 0 

RANKS: 1 -1 0 4 1
EVENT28: 1090 47a406_47a7db_47a946_47aa67
COMP 4b-0: 48253a_4828ba_4829f3_482ae7 (1493 5246.69 0 9.00 3 21693.00){0.00 0.00 0.00 0.00 8.00 0}{8.00 9.00 12.69 19.41 20.00 742}{20.00 21.00 21.50 22.00 22.00 2}{22.00 40.00 5090.19 5241.00 10152.00 500}{10152.00 21201.00 21220.82 21693.00 33234.00 249}
COMP 4b-1: 48b495_48b719_48b7ed_48b8a6 (248 21347.19 2 21310.00 2 21971.00){0.00 0.00 0.00 0.00 8788.40 0}{8788.40 0.00 0.00 0.00 17576.80 0}{17576.80 21310.00 21344.68 21971.00 26365.20 248}{26365.20 0.00 0.00 0.00 35153.60 0}{35153.60 0.00 0.00 0.00 43942.00 0}
COMP 4c-0: 48253a_4828ba_4829f3_482ae7 (1493 23440.67 0 25.00 3 93493.00){0.00 0.00 0.00 0.00 10.40 0}{10.40 0.00 0.00 0.00 20.80 0}{20.80 25.00 30.22 43.00 52.00 746}{52.00 23529.00 23530.68 23532.00 47006.00 498}{47006.00 93492.00 93492.02 93493.00 139980.00 249}
COMP 4c-1: 48b495_48b719_48b7ed_48b8a6 (248 93606.00 2 93606.00 2 93606.00){0.00 0.00 0.00 0.00 37442.40 0}{37442.40 0.00 0.00 0.00 74884.80 0}{74884.80 93606.00 93606.00 93606.00 112327.20 248}{112327.20 0.00 0.00 0.00 149769.60 0}{149769.60 0.00 0.00 0.00 187212.00 0}
COMM 4b-0: 48253a_4828ba_4829f3_482ae7 (1493 2.34 0 1.00 0 5.00){0.00 0.00 0.00 0.00 0.80 0}{0.80 1.00 1.00 1.00 1.60 81}{1.60 2.00 2.00 2.00 2.40 839}{2.40 3.00 3.02 4.00 4.00 572}{4.00 5.00 5.00 5.00 6.00 1}
COMM 4b-1: 48b495_48b719_48b7ed_48b8a6 (248 2.83 2 2.00 2 14.00){0.00 0.00 0.00 0.00 1.20 0}{1.20 2.00 2.00 2.00 2.40 61}{2.40 3.00 3.00 3.00 3.60 179}{3.60 4.00 4.00 4.00 6.00 7}{6.00 14.00 14.00 14.00 22.00 1}
LOOP0: iter: ( 2 )[ 1 -1 3 1 0 ]( 248 )[ 1 -1 2 1 0 ] mem: ( 3 )[ 1 -1 3 1 0 ]( 5 )[ 1 -1 2 1 0 ]
LOOP1: iter: ( 2 )[ 1 -1 2 1 0 ] mem: ( 2 )[ 1 -1 2 1 0 ]
10 2 
12 52020 
14 16 
1b 0 
2b 2147483647 

RANKS: 1 -1 0 4 1
EVENT29: 1148 48b495_48b719_48b7ed_48b8a6
COMP 4b-0: 47a406_47a7db_47a946_47aa67 (1741 9.49 0 8.00 1 29.00){0.00 0.00 0.00 0.00 4.00 0}{4.00 8.00 8.00 8.00 8.00 30}{8.00 9.00 9.45 11.00 12.00 1704}{12.00 14.00 14.00 14.00 20.00 1}{20.00 21.00 25.67 29.00 38.00 6}
COMP 4c-0: 47a406_47a7db_47a946_47aa67 (1741 25.54 0 25.00 2 27.00){0.00 0.00 0.00 0.00 10.40 0}{10.40 0.00 0.00 0.00 20.80 0}{20.80 25.00 25.54 27.00 31.20 1741}{31.20 0.00 0.00 0.00 41.60 0}{41.60 0.00 0.00 0.00 52.00 0}
COMM 4b-0: 47a406_47a7db_47a946_47aa67 (1741 911.90 2 236.00 3 3858.00){0.00 236.00 532.37 971.00 1002.00 1239}{1002.00 1048.00 1073.67 1180.00 1222.00 6}{1222.00 1245.00 1843.03 3010.00 3110.00 491}{3110.00 3248.00 3301.50 3462.00 3814.00 4}{3814.00 3858.00 3858.00 3858.00 3902.00 1}
1c 9999 

RANKS: 1 -1 2 1 0
EVENT30: 1113 48253a_4828ba_4829f3_482ae7
COMP 4b-0: 47da79_47de3e_47dfa8_47e0c7 (49352 490.09 2 470.00 2 707.00){0.00 0.00 0.00 0.00 205.60 0}{205.60 0.00 0.00 0.00 411.20 0}{411.20 470.00 489.81 616.00 616.80 49263}{616.80 617.00 642.52 707.00 822.40 89}{822.40 0.00 0.00 0.00 1028.00 0}
COMP 4b-1: 48b495_48b719_48b7ed_48b8a6 (248 229.72 2 225.00 2 352.00){0.00 0.00 0.00 0.00 91.20 0}{91.20 0.00 0.00 0.00 182.40 0}{182.40 225.00 229.23 244.00 273.60 247}{273.60 352.00 352.00 352.00 364.80 1}{364.80 0.00 0.00 0.00 456.00 0}
COMP 4c-0: 47da79_47de3e_47dfa8_47e0c7 (49352 1707.30 2 1690.00 2 1721.00){0.00 0.00 0.00 0.00 686.40 0}{686.40 0.00 0.00 0.00 1372.80 0}{1372.80 1690.00 1707.30 1721.00 2059.20 49352}{2059.20 0.00 0.00 0.00 2745.60 0}{2745.60 0.00 0.00 0.00 3432.00 0}
COMP 4c-1: 48b495_48b719_48b7ed_48b8a6 (248 384.84 2 384.00 2 386.00){0.00 0.00 0.00 0.00 153.60 0}{153.60 0.00 0.00 0.00 307.20 0}{307.20 384.00 384.84 386.00 460.80 248}{460.80 0.00 0.00 0.00 614.40 0}{614.40 0.00 0.00 0.00 768.00 0}
COMM 4b-0: 47da79_47de3e_47dfa8_47e0c7 (49352 3.15 2 2.00 2 27.00){0.00 2.00 2.81 6.00 6.40 47611}{6.40 7.00 10.49 12.75 12.80 826}{12.80 13.00 14.04 16.00 16.00 900}{16.00 17.00 20.08 22.00 22.00 13}{22.00 25.00 26.00 27.00 28.00 2}
COMM 4b-1: 48b495_48b719_48b7ed_48b8a6 (248 231.76 2 230.00 2 317.00){0.00 0.00 0.00 0.00 92.40 0}{92.40 0.00 0.00 0.00 184.80 0}{184.80 230.00 231.42 269.00 277.20 247}{277.20 317.00 317.00 317.00 369.60 1}{369.60 0.00 0.00 0.00 462.00 0}
LOOP0: iter: ( 200 )[ 1 -1 2 1 0 ] mem: ( 2 )[ 1 -1 2 1 0 ]
10 2 
12 52020 250 250 250 250 250 250 250 250 250 250 250 250 250 250 250 250 250 250 250 250 250 250 250 250 250 250 250 250 250 250 250 250 250 250 250 250 250 250 250 250 250 250 250 250 250 250 250 250 250 250 250 250 250 250 250 250 250 250 250 250 250 250 250 250 250 250 250 250 250 250 250 250 250 250 250 250 250 250 250 250 250 250 250 250 250 250 250 250 250 250 250 250 250 250 250 250 250 250 250 250 250 250 250 250 250 250 250 250 250 250 250 250 250 250 250 250 250 250 250 250 250 250 250 250 250 250 250 250 250 250 250 250 250 250 250 250 250 250 250 250 250 250 250 250 250 250 250 250 250 250 250 250 250 250 250 250 250 250 250 250 250 250 250 250 250 250 250 250 250 250 250 250 250 250 250 250 250 250 250 250 250 250 250 250 250 250 250 250 250 250 250 250 250 250 250 250 250 250 250 
14 16 
1a 2 1 1 1 1 1 1 1 1 1 1 1 1 1 1 1 1 1 1 1 1 1 1 1 1 1 1 1 1 1 1 1 1 1 1 1 1 1 1 1 1 1 1 1 1 1 1 1 1 1 1 1 1 1 1 1 1 1 1 1 1 1 1 1 1 1 1 1 1 1 1 1 1 1 1 1 1 1 1 1 1 1 1 1 1 1 1 1 1 1 1 1 1 1 1 1 1 1 1 1 1 2 2 2 2 2 2 2 2 2 2 2 2 2 2 2 2 2 2 2 2 2 2 2 2 2 2 2 2 2 2 2 2 2 2 2 2 2 2 2 2 2 2 2 2 2 2 2 2 2 2 2 2 2 2 2 2 2 2 2 2 2 2 2 2 2 2 2 2 2 2 2 2 2 2 2 2 2 2 2 2 2 2 2 2 2 2 2 2 2 2 2 2 2 2 2 2 2 2 2 
1b 0 

RANKS: 1 -1 2 1 0
EVENT31: 1102 47da79_47de3e_47dfa8_47e0c7
COMP 4b-0: 48253a_4828ba_4829f3_482ae7 (49600 599.81 2 354.00 2 47075.00){0.00 354.00 371.14 564.00 18782.40 49352}{18782.40 0.00 0.00 0.00 37564.80 0}{37564.80 45836.00 45918.89 47075.00 56347.20 248}{56347.20 0.00 0.00 0.00 75129.60 0}{75129.60 0.00 0.00 0.00 93912.00 0}
COMP 4c-0: 48253a_4828ba_4829f3_482ae7 (49600 2848.34 2 1820.00 2 196648.00){0.00 1820.00 1870.55 1922.00 78658.80 49352}{78658.80 0.00 0.00 0.00 157317.60 0}{157317.60 196647.00 196647.01 196648.00 235976.40 248}{235976.40 0.00 0.00 0.00 314635.20 0}{314635.20 0.00 0.00 0.00 393294.00 0}
COMM 4b-0: 48253a_4828ba_4829f3_482ae7 (49600 13.44 2 1.00 2 2118.00){0.00 1.00 3.82 13.00 13.60 49033}{13.60 14.00 21.55 27.00 27.20 38}{27.20 28.00 28.97 34.00 34.00 29}{34.00 37.00 952.06 1248.00 2044.00 499}{2044.00 2118.00 2118.00 2118.00 2192.00 1}
10 2 
12 250 
14 16 
1b 0 
2b 2 2 2 2 2 2 2 2 2 2 2 2 2 2 2 2 2 2 2 2 2 2 2 2 2 2 2 2 2 2 2 2 2 2 2 2 2 2 2 2 2 2 2 2 2 2 2 2 2 2 2 2 2 2 2 2 2 2 2 2 2 2 2 2 2 2 2 2 2 2 2 2 2 2 2 2 2 2 2 2 2 2 2 2 2 2 2 2 2 2 2 2 2 2 2 2 2 2 2 2 1 1 1 1 1 1 1 1 1 1 1 1 1 1 1 1 1 1 1 1 1 1 1 1 1 1 1 1 1 1 1 1 1 1 1 1 1 1 1 1 1 1 1 1 1 1 1 1 1 1 1 1 1 1 1 1 1 1 1 1 1 1 1 1 1 1 1 1 1 1 1 1 1 1 1 1 1 1 1 1 1 1 1 1 1 1 1 1 1 1 1 1 1 1 1 1 1 1 1 1 

RANKS: 1 -1 0 4 1
EVENT32: 1113 48253a_4828ba_4829f3_482ae7
COMP 4b-0: 47da79_47de3e_47dfa8_47e0c7 (248 475.37 2 471.00 2 626.00){0.00 0.00 0.00 0.00 189.20 0}{189.20 0.00 0.00 0.00 378.40 0}{378.40 471.00 474.20 484.00 567.60 246}{567.60 615.00 620.50 626.00 756.80 2}{756.80 0.00 0.00 0.00 946.00 0}
COMP 4b-1: 48253a_4828ba_4829f3_482ae7 (696 9633.97 0 9.00 1 21700.00){0.00 0.00 0.00 0.00 7.20 0}{7.20 9.00 10.25 11.00 14.40 99}{14.40 17.00 17.00 17.00 18.00 1}{18.00 872.00 874.63 893.00 1726.00 99}{1726.00 5291.00 13334.51 21700.00 40842.00 497}
COMP 4b-2: 48b495_48b719_48b7ed_48b8a6 (748 415.74 3 226.00 0 46709.00){0.00 226.00 291.79 403.00 18683.60 747}{18683.60 0.00 0.00 0.00 37367.20 0}{37367.20 46709.00 46709.00 46709.00 56050.80 1}{56050.80 0.00 0.00 0.00 74734.40 0}{74734.40 0.00 0.00 0.00 93418.00 0}
COMP 4c-0: 47da79_47de3e_47dfa8_47e0c7 (248 1694.64 2 1691.00 2 1695.00){0.00 0.00 0.00 0.00 677.60 0}{677.60 0.00 0.00 0.00 1355.20 0}{1355.20 1691.00 1694.64 1695.00 2032.80 248}{2032.80 0.00 0.00 0.00 2710.40 0}{2710.40 0.00 0.00 0.00 3388.00 0}
COMP 4c-1: 48253a_4828ba_4829f3_482ae7 (696 42420.46 0 25.00 1 93676.00){0.00 0.00 0.00 0.00 10.00 0}{10.00 0.00 0.00 0.00 20.00 0}{20.00 25.00 28.96 29.00 50.00 100}{50.00 3611.00 3612.23 3613.00 7172.00 99}{7172.00 23715.00 58765.65 93676.00 180178.00 497}
COMP 4c-2: 48b495_48b719_48b7ed_48b8a6 (748 910.58 1 381.00 0 198491.00){0.00 381.00 381.58 382.00 79396.40 747}{79396.40 0.00 0.00 0.00 158792.80 0}{158792.80 198491.00 198491.00 198491.00 238189.20 1}{238189.20 0.00 0.00 0.00 317585.60 0}{317585.60 0.00 0.00 0.00 396982.00 0}
COMM 4b-0: 47da79_47de3e_47dfa8_47e0c7 (248 2.98 2 2.00 2 12.00){0.00 0.00 0.00 0.00 1.20 0}{1.20 2.00 2.00 2.00 2.40 18}{2.40 3.00 3.00 3.00 3.60 224}{3.60 4.00 4.00 4.00 6.00 5}{6.00 12.00 12.00 12.00 18.00 1}
COMM 4b-1: 48253a_4828ba_4829f3_482ae7 (696 175.10 0 1.00 2 264.00){0.00 1.00 1.00 1.00 1.20 11}{1.20 2.00 2.00 2.00 2.40 111}{2.40 3.00 3.00 3.00 6.00 74}{6.00 16.00 21.00 24.00 42.00 3}{42.00 241.00 244.51 264.00 440.00 497}
COMM 4b-2: 48b495_48b719_48b7ed_48b8a6 (748 233.13 0 10.00 1 255.00){0.00 0.00 0.00 0.00 4.00 0}{4.00 0.00 0.00 0.00 8.00 0}{8.00 10.00 10.00 10.00 16.00 1}{16.00 0.00 0.00 0.00 20.00 0}{20.00 230.00 233.73 255.00 440.00 747}
LOOP0: iter: ( 200 )[ 1 -1 0 1 0 ]( 2 )[ 1 -1 1 2 1 ] mem: ( 1 )[ 1 -1 0 3 1 ]
10 2 
12 ( 250 )[ 1 -1 0 1 0 ]
12 ( 52020 )[ 1 -1 1 2 2 ]
12 ( 250 52020 )[ 1 -1 2 1 0 ]
14 16 
1a ( 1 2 )[ 1 -1 0 1 0 ]
1a ( 3 2 )[ 1 -1 1 2 2 ]
1a ( 2 1 )[ 1 -1 2 1 0 ]
1b 0 

RANKS: 1 -1 1 2 1
EVENT33: 1090 47a406_47a7db_47a946_47aa67
COMP 4b-0: 48253a_4828ba_4829f3_482ae7 (250 11.42 1 11.00 2 17.00){0.00 0.00 0.00 0.00 4.40 0}{4.40 0.00 0.00 0.00 8.80 0}{8.80 11.00 11.40 12.00 13.20 249}{13.20 17.00 17.00 17.00 17.60 1}{17.60 0.00 0.00 0.00 22.00 0}
COMP 4b-1: 48b495_48b719_48b7ed_48b8a6 (1 21313.00 2 21313.00 2 21313.00){0.00 0.00 0.00 0.00 8525.20 0}{8525.20 0.00 0.00 0.00 17050.40 0}{17050.40 21313.00 21313.00 21313.00 25575.60 1}{25575.60 0.00 0.00 0.00 34100.80 0}{34100.80 0.00 0.00 0.00 42626.00 0}
COMP 4c-0: 48253a_4828ba_4829f3_482ae7 (250 27.08 1 27.00 2 37.00){0.00 0.00 0.00 0.00 10.80 0}{10.80 0.00 0.00 0.00 21.60 0}{21.60 27.00 27.04 28.00 32.40 249}{32.40 37.00 37.00 37.00 43.20 1}{43.20 0.00 0.00 0.00 54.00 0}
COMP 4c-1: 48b495_48b719_48b7ed_48b8a6 (1 93606.00 2 93606.00 2 93606.00){0.00 0.00 0.00 0.00 37442.40 0}{37442.40 0.00 0.00 0.00 74884.80 0}{74884.80 93606.00 93606.00 93606.00 112327.20 1}{112327.20 0.00 0.00 0.00 149769.60 0}{149769.60 0.00 0.00 0.00 187212.00 0}
COMM 4b-0: 48253a_4828ba_4829f3_482ae7 (250 1.87 1 1.00 1 3.00){0.00 0.00 0.00 0.00 0.40 0}{0.40 0.00 0.00 0.00 0.80 0}{0.80 1.00 1.00 1.00 1.60 33}{1.60 2.00 2.00 2.00 2.00 216}{2.00 3.00 3.00 3.00 4.00 1}
COMM 4b-1: 48b495_48b719_48b7ed_48b8a6 (1 3.00 2 3.00 2 3.00){0.00 0.00 0.00 0.00 1.20 0}{1.20 0.00 0.00 0.00 2.40 0}{2.40 3.00 3.00 3.00 3.60 1}{3.60 0.00 0.00 0.00 4.80 0}{4.80 0.00 0.00 0.00 6.00 0}
LOOP0: iter: ( 2 )[ 1 -1 2 1 0 ] mem: ( 2 )[ 1 -1 2 1 0 ]
10 2 
12 52020 
14 16 
1b 0 
2b 2147483647 

RANKS: 1 -1 1 2 1
EVENT34: 1148 48b495_48b719_48b7ed_48b8a6
COMP 4b-0: 47a406_47a7db_47a946_47aa67 (251 9.25 1 8.00 1 25.00){0.00 0.00 0.00 0.00 4.00 0}{4.00 8.00 8.00 8.00 8.00 2}{8.00 9.00 9.19 10.00 16.00 248}{16.00 0.00 0.00 0.00 20.00 0}{20.00 25.00 25.00 25.00 30.00 1}
COMP 4c-0: 47a406_47a7db_47a946_47aa67 (251 25.54 1 25.00 1 27.00){0.00 0.00 0.00 0.00 10.40 0}{10.40 0.00 0.00 0.00 20.80 0}{20.80 25.00 25.53 27.00 31.20 251}{31.20 0.00 0.00 0.00 41.60 0}{41.60 0.00 0.00 0.00 52.00 0}
COMM 4b-0: 47a406_47a7db_47a946_47aa67 (251 361.81 2 263.00 2 737.00){0.00 0.00 0.00 0.00 140.80 0}{140.80 263.00 263.00 263.00 281.60 1}{281.60 347.00 360.74 395.00 563.20 249}{563.20 0.00 0.00 0.00 704.00 0}{704.00 737.00 737.00 737.00 770.00 1}
1c 9999 

RANKS: 1 -1 2 1 0
EVENT35: 1113 48253a_4828ba_4829f3_482ae7
COMP 4b-0: 47da79_47de3e_47dfa8_47e0c7 (199 490.43 2 471.00 2 608.00){0.00 0.00 0.00 0.00 201.60 0}{201.60 0.00 0.00 0.00 403.20 0}{403.20 471.00 489.76 529.00 604.80 198}{604.80 608.00 608.00 608.00 806.40 1}{806.40 0.00 0.00 0.00 1008.00 0}
COMP 4b-1: 48b495_48b719_48b7ed_48b8a6 (1 229.00 2 229.00 2 229.00){0.00 0.00 0.00 0.00 91.60 0}{91.60 0.00 0.00 0.00 183.20 0}{183.20 229.00 229.00 229.00 274.80 1}{274.80 0.00 0.00 0.00 366.40 0}{366.40 0.00 0.00 0.00 458.00 0}
COMP 4c-0: 47da79_47de3e_47dfa8_47e0c7 (199 1707.54 2 1694.00 2 1720.00){0.00 0.00 0.00 0.00 686.40 0}{686.40 0.00 0.00 0.00 1372.80 0}{1372.80 1694.00 1707.49 1720.00 2059.20 199}{2059.20 0.00 0.00 0.00 2745.60 0}{2745.60 0.00 0.00 0.00 3432.00 0}
COMP 4c-1: 48b495_48b719_48b7ed_48b8a6 (1 385.00 2 385.00 2 385.00){0.00 0.00 0.00 0.00 154.00 0}{154.00 0.00 0.00 0.00 308.00 0}{308.00 385.00 385.00 385.00 462.00 1}{462.00 0.00 0.00 0.00 616.00 0}{616.00 0.00 0.00 0.00 770.00 0}
COMM 4b-0: 47da79_47de3e_47dfa8_47e0c7 (199 3.15 2 2.00 2 15.00){0.00 2.00 2.00 2.00 2.80 43}{2.80 3.00 3.02 4.00 5.60 149}{5.60 7.00 9.00 11.00 11.20 2}{11.20 12.00 13.00 14.00 14.00 3}{14.00 15.00 15.00 15.00 16.00 2}
COMM 4b-1: 48b495_48b719_48b7ed_48b8a6 (1 231.00 2 231.00 2 231.00){0.00 0.00 0.00 0.00 92.40 0}{92.40 0.00 0.00 0.00 184.80 0}{184.80 231.00 231.00 231.00 277.20 1}{277.20 0.00 0.00 0.00 369.60 0}{369.60 0.00 0.00 0.00 462.00 0}
LOOP0: iter: ( 200 )[ 1 -1 2 1 0 ] mem: ( 2 )[ 1 -1 2 1 0 ]
10 2 
12 52020 250 250 250 250 250 250 250 250 250 250 250 250 250 250 250 250 250 250 250 250 250 250 250 250 250 250 250 250 250 250 250 250 250 250 250 250 250 250 250 250 250 250 250 250 250 250 250 250 250 250 250 250 250 250 250 250 250 250 250 250 250 250 250 250 250 250 250 250 250 250 250 250 250 250 250 250 250 250 250 250 250 250 250 250 250 250 250 250 250 250 250 250 250 250 250 250 250 250 250 250 250 250 250 250 250 250 250 250 250 250 250 250 250 250 250 250 250 250 250 250 250 250 250 250 250 250 250 250 250 250 250 250 250 250 250 250 250 250 250 250 250 250 250 250 250 250 250 250 250 250 250 250 250 250 250 250 250 250 250 250 250 250 250 250 250 250 250 250 250 250 250 250 250 250 250 250 250 250 250 250 250 250 250 250 250 250 250 250 250 250 250 250 250 250 250 250 250 250 250 
14 16 
1a 2 1 1 1 1 1 1 1 1 1 1 1 1 1 1 1 1 1 1 1 1 1 1 1 1 1 1 1 1 1 1 1 1 1 1 1 1 1 1 1 1 1 1 1 1 1 1 1 1 1 1 1 1 1 1 1 1 1 1 1 1 1 1 1 1 1 1 1 1 1 1 1 1 1 1 1 1 1 1 1 1 1 1 1 1 1 1 1 1 1 1 1 1 1 1 1 1 1 1 1 1 2 2 2 2 2 2 2 2 2 2 2 2 2 2 2 2 2 2 2 2 2 2 2 2 2 2 2 2 2 2 2 2 2 2 2 2 2 2 2 2 2 2 2 2 2 2 2 2 2 2 2 2 2 2 2 2 2 2 2 2 2 2 2 2 2 2 2 2 2 2 2 2 2 2 2 2 2 2 2 2 2 2 2 2 2 2 2 2 2 2 2 2 2 2 2 2 2 2 2 
1b 0 

RANKS: 1 -1 0 4 1
EVENT36: 1102 47da79_47de3e_47dfa8_47e0c7
COMP 4b-0: 47da79_47de3e_47dfa8_47e0c7 (398 425.75 0 10.00 3 894.00){0.00 0.00 0.00 0.00 4.40 0}{4.40 0.00 0.00 0.00 8.80 0}{8.80 10.00 11.10 12.00 17.60 198}{17.60 19.00 19.50 20.00 22.00 2}{22.00 813.00 846.59 894.00 1610.00 198}
COMP 4b-1: 48253a_4828ba_4829f3_482ae7 (401 598.40 2 354.00 2 45879.00){0.00 0.00 0.00 0.00 144.40 0}{144.40 0.00 0.00 0.00 288.80 0}{288.80 354.00 372.11 396.00 577.60 399}{577.60 0.00 0.00 0.00 722.00 0}{722.00 45845.00 45862.00 45879.00 90968.00 2}
COMP 4b-2: 48b495_48b719_48b7ed_48b8a6 (1 45901.00 1 45901.00 1 45901.00){0.00 0.00 0.00 0.00 18360.40 0}{18360.40 0.00 0.00 0.00 36720.80 0}{36720.80 45901.00 45901.00 45901.00 55081.20 1}{55081.20 0.00 0.00 0.00 73441.60 0}{73441.60 0.00 0.00 0.00 91802.00 0}
COMP 4c-0: 47da79_47de3e_47dfa8_47e0c7 (398 1776.43 3 26.00 3 3613.00){0.00 0.00 0.00 0.00 10.80 0}{10.80 0.00 0.00 0.00 21.60 0}{21.60 26.00 29.36 30.00 43.20 200}{43.20 0.00 0.00 0.00 54.00 0}{54.00 3486.00 3549.99 3613.00 6918.00 198}
COMP 4c-1: 48253a_4828ba_4829f3_482ae7 (401 2841.26 2 1820.00 3 196670.00){0.00 0.00 0.00 0.00 729.20 0}{729.20 0.00 0.00 0.00 1458.40 0}{1458.40 1820.00 1872.30 1925.00 2916.80 399}{2916.80 0.00 0.00 0.00 3646.00 0}{3646.00 196647.00 196658.50 196670.00 389694.00 2}
COMP 4c-2: 48b495_48b719_48b7ed_48b8a6 (1 196792.00 1 196792.00 1 196792.00){0.00 0.00 0.00 0.00 78716.80 0}{78716.80 0.00 0.00 0.00 157433.60 0}{157433.60 196792.00 196792.00 196792.00 236150.40 1}{236150.40 0.00 0.00 0.00 314867.20 0}{314867.20 0.00 0.00 0.00 393584.00 0}
COMM 4b-0: 47da79_47de3e_47dfa8_47e0c7 (398 8.55 3 1.00 0 92.00){0.00 0.00 0.00 0.00 0.80 0}{0.80 1.00 1.00 1.00 1.60 63}{1.60 2.00 2.94 4.00 4.00 146}{4.00 5.00 13.75 24.00 24.00 172}{24.00 25.00 32.47 92.00 160.00 17}
COMM 4b-1: 48253a_4828ba_4829f3_482ae7 (401 34.57 2 1.00 0 3179.00){0.00 1.00 9.31 1131.00 1271.60 398}{1271.60 1654.00 1916.50 2179.00 2543.20 2}{2543.20 3179.00 3179.00 3179.00 3814.80 1}{3814.80 0.00 0.00 0.00 5086.40 0}{5086.40 0.00 0.00 0.00 6358.00 0}
COMM 4b-2: 48b495_48b719_48b7ed_48b8a6 (1 1061.00 1 1061.00 1 1061.00){0.00 0.00 0.00 0.00 424.40 0}{424.40 0.00 0.00 0.00 848.80 0}{848.80 1061.00 1061.00 1061.00 1273.20 1}{1273.20 0.00 0.00 0.00 1697.60 0}{1697.60 0.00 0.00 0.00 2122.00 0}
LOOP0: iter: ( 200 )[ 2 -1 0 2 1 -1 3 1 0 ] mem: ( 1 )[ 1 -1 0 2 3 ]( 2 )[ 1 -1 1 1 0 ]
10 2 
12 250 
14 16 
1b 0 
2b ( 1 2 )[ 1 -1 0 1 0 ]
2b ( 3 3 3 3 3 3 3 3 3 3 3 3 3 3 3 3 3 3 3 3 3 3 3 3 3 3 3 3 3 3 3 3 3 3 3 3 3 3 3 3 3 3 3 3 3 3 3 3 3 3 3 3 3 3 3 3 3 3 3 3 3 3 3 3 3 3 3 3 3 3 3 3 3 3 3 3 3 3 3 3 3 3 3 3 3 3 3 3 3 3 3 3 3 3 3 3 3 3 3 3 2 2 2 2 2 2 2 2 2 2 2 2 2 2 2 2 2 2 2 2 2 2 2 2 2 2 2 2 2 2 2 2 2 2 2 2 2 2 2 2 2 2 2 2 2 2 2 2 2 2 2 2 2 2 2 2 2 2 2 2 2 2 2 2 2 2 2 2 2 2 2 2 2 2 2 2 2 2 2 2 2 2 2 2 2 2 2 2 2 2 2 2 2 2 2 2 2 2 2 2 )[ 1 -1 1 1 0 ]
2b ( 3 2 )[ 1 -1 3 1 0 ]
2b ( 2 2 2 2 2 2 2 2 2 2 2 2 2 2 2 2 2 2 2 2 2 2 2 2 2 2 2 2 2 2 2 2 2 2 2 2 2 2 2 2 2 2 2 2 2 2 2 2 2 2 2 2 2 2 2 2 2 2 2 2 2 2 2 2 2 2 2 2 2 2 2 2 2 2 2 2 2 2 2 2 2 2 2 2 2 2 2 2 2 2 2 2 2 2 2 2 2 2 2 2 1 1 1 1 1 1 1 1 1 1 1 1 1 1 1 1 1 1 1 1 1 1 1 1 1 1 1 1 1 1 1 1 1 1 1 1 1 1 1 1 1 1 1 1 1 1 1 1 1 1 1 1 1 1 1 1 1 1 1 1 1 1 1 1 1 1 1 1 1 1 1 1 1 1 1 1 1 1 1 1 1 1 1 1 1 1 1 1 1 1 1 1 1 1 1 1 1 1 1 1 )[ 1 -1 2 1 0 ]

RANKS: 1 -1 1 3 1
EVENT37: 1113 48253a_4828ba_4829f3_482ae7
COMP 4b-0: 47da79_47de3e_47dfa8_47e0c7 (202 489.76 1 467.00 3 1318.00){0.00 0.00 0.00 0.00 201.60 0}{201.60 0.00 0.00 0.00 403.20 0}{403.20 467.00 485.57 511.00 806.40 201}{806.40 0.00 0.00 0.00 1008.00 0}{1008.00 1318.00 1318.00 1318.00 1628.00 1}
COMP 4b-1: 48253a_4828ba_4829f3_482ae7 (199 410.12 3 8.00 3 830.00){0.00 0.00 0.00 0.00 3.20 0}{3.20 0.00 0.00 0.00 6.40 0}{6.40 8.00 10.17 11.00 12.80 100}{12.80 0.00 0.00 0.00 16.00 0}{16.00 813.00 818.17 830.00 1612.00 99}
COMP 4c-0: 47da79_47de3e_47dfa8_47e0c7 (202 1719.64 1 1690.00 3 5176.00){0.00 0.00 0.00 0.00 685.60 0}{685.60 0.00 0.00 0.00 1371.20 0}{1371.20 1690.00 1702.47 1715.00 2742.40 201}{2742.40 0.00 0.00 0.00 3428.00 0}{3428.00 5176.00 5176.00 5176.00 6924.00 1}
COMP 4c-1: 48253a_4828ba_4829f3_482ae7 (199 1740.67 3 26.00 3 3487.00){0.00 0.00 0.00 0.00 10.40 0}{10.40 0.00 0.00 0.00 20.80 0}{20.80 26.00 28.97 29.00 41.60 100}{41.60 0.00 0.00 0.00 52.00 0}{52.00 3486.00 3486.99 3487.00 6920.00 99}
COMM 4b-0: 47da79_47de3e_47dfa8_47e0c7 (202 3.13 1 2.00 1 12.00){0.00 2.00 2.00 2.00 2.80 28}{2.80 3.00 3.01 4.00 5.60 167}{5.60 6.00 6.50 7.00 8.40 2}{8.40 11.00 11.00 11.00 11.20 3}{11.20 12.00 12.00 12.00 14.00 2}
COMM 4b-1: 48253a_4828ba_4829f3_482ae7 (199 2.80 3 1.00 3 21.00){0.00 1.00 1.00 1.00 1.60 6}{1.60 2.00 2.00 2.00 2.40 90}{2.40 3.00 3.00 3.00 3.20 85}{3.20 4.00 4.00 4.00 4.00 15}{4.00 16.00 19.00 21.00 38.00 3}
LOOP0: iter: ( 200 )[ 1 -1 3 1 0 ] mem: ( 1 )[ 1 -1 3 1 0 ]
10 2 
12 250 
14 16 
1a ( 2 2 2 2 2 2 2 2 2 2 2 2 2 2 2 2 2 2 2 2 2 2 2 2 2 2 2 2 2 2 2 2 2 2 2 2 2 2 2 2 2 2 2 2 2 2 2 2 2 2 2 2 2 2 2 2 2 2 2 2 2 2 2 2 2 2 2 2 2 2 2 2 2 2 2 2 2 2 2 2 2 2 2 2 2 2 2 2 2 2 2 2 2 2 2 2 2 2 2 2 3 3 3 3 3 3 3 3 3 3 3 3 3 3 3 3 3 3 3 3 3 3 3 3 3 3 3 3 3 3 3 3 3 3 3 3 3 3 3 3 3 3 3 3 3 3 3 3 3 3 3 3 3 3 3 3 3 3 3 3 3 3 3 3 3 3 3 3 3 3 3 3 3 3 3 3 3 3 3 3 3 3 3 3 3 3 3 3 3 3 3 3 3 3 3 3 3 3 3 3 )[ 1 -1 1 1 0 ]
1a ( 3 2 )[ 1 -1 3 1 0 ]
1a ( 2 )[ 1 -1 2 1 0 ]
1b 0 

RANKS: 1 -1 0 4 1
EVENT38: 1004 46a96f_46accf_46ae12_46af04
COMP 4b-0: 47da79_47de3e_47dfa8_47e0c7 (1 4778.00 0 4778.00 0 4778.00){0.00 0.00 0.00 0.00 1911.20 0}{1911.20 0.00 0.00 0.00 3822.40 0}{3822.40 4778.00 4778.00 4778.00 5733.60 1}{5733.60 0.00 0.00 0.00 7644.80 0}{7644.80 0.00 0.00 0.00 9556.00 0}
COMP 4b-1: 48253a_4828ba_4829f3_482ae7 (3 4324.25 1 4292.00 2 4363.00){0.00 0.00 0.00 0.00 1716.80 0}{1716.80 0.00 0.00 0.00 3433.60 0}{3433.60 4292.00 4335.00 4363.00 5150.40 3}{5150.40 0.00 0.00 0.00 6867.20 0}{6867.20 0.00 0.00 0.00 8584.00 0}
COMP 4c-0: 47da79_47de3e_47dfa8_47e0c7 (1 24534.00 0 24534.00 0 24534.00){0.00 0.00 0.00 0.00 9813.60 0}{9813.60 0.00 0.00 0.00 19627.20 0}{19627.20 24534.00 24534.00 24534.00 29440.80 1}{29440.80 0.00 0.00 0.00 39254.40 0}{39254.40 0.00 0.00 0.00 49068.00 0}
COMP 4c-1: 48253a_4828ba_4829f3_482ae7 (3 22870.75 2 22868.00 1 22872.00){0.00 0.00 0.00 0.00 9148.80 0}{9148.80 0.00 0.00 0.00 18297.60 0}{18297.60 22868.00 22870.33 22872.00 27446.40 3}{27446.40 0.00 0.00 0.00 36595.20 0}{36595.20 0.00 0.00 0.00 45744.00 0}
COMM 4b-0: 47da79_47de3e_47dfa8_47e0c7 (1 18.00 0 18.00 0 18.00){0.00 0.00 0.00 0.00 7.20 0}{7.20 0.00 0.00 0.00 14.40 0}{14.40 18.00 18.00 18.00 21.60 1}{21.60 0.00 0.00 0.00 28.80 0}{28.80 0.00 0.00 0.00 36.00 0}
COMM 4b-1: 48253a_4828ba_4829f3_482ae7 (3 1414.50 2 448.00 3 2318.00){0.00 448.00 448.00 448.00 578.40 1}{578.40 0.00 0.00 0.00 1156.80 0}{1156.80 1446.00 1446.00 1446.00 1735.20 1}{1735.20 0.00 0.00 0.00 2313.60 0}{2313.60 2318.00 2318.00 2318.00 2892.00 1}
10 2 
12 5 
14 16 
18 3 

RANKS: 1 -1 0 2 2
EVENT39: 1113 48253a_4828ba_4829f3_482ae7
COMP 4b-0: 46a96f_46accf_46ae12_46af04 (2 2605.33 2 2590.00 0 2613.00){0.00 0.00 0.00 0.00 1045.20 0}{1045.20 0.00 0.00 0.00 2090.40 0}{2090.40 2590.00 2601.50 2613.00 3135.60 2}{3135.60 0.00 0.00 0.00 4180.80 0}{4180.80 0.00 0.00 0.00 5226.00 0}
COMP 4b-1: 48b495_48b719_48b7ed_48b8a6 (1 21441.00 0 21441.00 0 21441.00){0.00 0.00 0.00 0.00 8576.40 0}{8576.40 0.00 0.00 0.00 17152.80 0}{17152.80 21441.00 21441.00 21441.00 25729.20 1}{25729.20 0.00 0.00 0.00 34305.60 0}{34305.60 0.00 0.00 0.00 42882.00 0}
COMP 4c-0: 46a96f_46accf_46ae12_46af04 (2 11669.00 0 11669.00 0 11669.00){0.00 0.00 0.00 0.00 4667.60 0}{4667.60 0.00 0.00 0.00 9335.20 0}{9335.20 11669.00 11669.00 11669.00 14002.80 2}{14002.80 0.00 0.00 0.00 18670.40 0}{18670.40 0.00 0.00 0.00 23338.00 0}
COMP 4c-1: 48b495_48b719_48b7ed_48b8a6 (1 93789.00 0 93789.00 0 93789.00){0.00 0.00 0.00 0.00 37515.60 0}{37515.60 0.00 0.00 0.00 75031.20 0}{75031.20 93789.00 93789.00 93789.00 112546.80 1}{112546.80 0.00 0.00 0.00 150062.40 0}{150062.40 0.00 0.00 0.00 187578.00 0}
COMM 4b-0: 46a96f_46accf_46ae12_46af04 (2 243.33 0 243.00 2 244.00){0.00 0.00 0.00 0.00 97.20 0}{97.20 0.00 0.00 0.00 194.40 0}{194.40 243.00 243.50 244.00 291.60 2}{291.60 0.00 0.00 0.00 388.80 0}{388.80 0.00 0.00 0.00 486.00 0}
COMM 4b-1: 48b495_48b719_48b7ed_48b8a6 (1 240.00 0 240.00 0 240.00){0.00 0.00 0.00 0.00 96.00 0}{96.00 0.00 0.00 0.00 192.00 0}{192.00 240.00 240.00 240.00 288.00 1}{288.00 0.00 0.00 0.00 384.00 0}{384.00 0.00 0.00 0.00 480.00 0}
LOOP0: iter: ( 2 )[ 1 -1 0 1 0 ] mem: ( 3 )[ 1 -1 0 1 0 ]
10 2 
12 52020 
14 16 
1a ( 1 2 )[ 1 -1 0 1 0 ]
1a ( 1 )[ 1 -1 2 1 0 ]
1b 0 

RANKS: 1 -1 0 4 1
EVENT40: 1090 47a406_47a7db_47a946_47aa67
COMP 4b-0: 46a96f_46accf_46ae12_46af04 (2 2437.33 3 2434.00 1 2439.00){0.00 0.00 0.00 0.00 975.60 0}{975.60 0.00 0.00 0.00 1951.20 0}{1951.20 2434.00 2436.50 2439.00 2926.80 2}{2926.80 0.00 0.00 0.00 3902.40 0}{3902.40 0.00 0.00 0.00 4878.00 0}
COMP 4b-1: 48253a_4828ba_4829f3_482ae7 (4 4252.80 0 9.00 3 21224.00){0.00 0.00 0.00 0.00 4.00 0}{4.00 0.00 0.00 0.00 8.00 0}{8.00 9.00 10.00 11.00 16.00 3}{16.00 0.00 0.00 0.00 20.00 0}{20.00 21224.00 21224.00 21224.00 42428.00 1}
COMP 4b-2: 48b495_48b719_48b7ed_48b8a6 (1 21331.00 2 21331.00 2 21331.00){0.00 0.00 0.00 0.00 8532.40 0}{8532.40 0.00 0.00 0.00 17064.80 0}{17064.80 21331.00 21331.00 21331.00 25597.20 1}{25597.20 0.00 0.00 0.00 34129.60 0}{34129.60 0.00 0.00 0.00 42662.00 0}
COMP 4c-0: 46a96f_46accf_46ae12_46af04 (2 11481.00 1 11481.00 1 11481.00){0.00 0.00 0.00 0.00 4592.40 0}{4592.40 0.00 0.00 0.00 9184.80 0}{9184.80 11481.00 11481.00 11481.00 13777.20 2}{13777.20 0.00 0.00 0.00 18369.60 0}{18369.60 0.00 0.00 0.00 22962.00 0}
COMP 4c-1: 48253a_4828ba_4829f3_482ae7 (4 18718.60 0 25.00 3 93492.00){0.00 0.00 0.00 0.00 10.00 0}{10.00 0.00 0.00 0.00 20.00 0}{20.00 25.00 25.33 26.00 40.00 3}{40.00 0.00 0.00 0.00 50.00 0}{50.00 93492.00 93492.00 93492.00 186934.00 1}
COMP 4c-2: 48b495_48b719_48b7ed_48b8a6 (1 93606.00 2 93606.00 2 93606.00){0.00 0.00 0.00 0.00 37442.40 0}{37442.40 0.00 0.00 0.00 74884.80 0}{74884.80 93606.00 93606.00 93606.00 112327.20 1}{112327.20 0.00 0.00 0.00 149769.60 0}{149769.60 0.00 0.00 0.00 187212.00 0}
COMM 4b-0: 46a96f_46accf_46ae12_46af04 (2 2.33 1 2.00 3 3.00){0.00 0.00 0.00 0.00 0.80 0}{0.80 0.00 0.00 0.00 1.60 0}{1.60 2.00 2.00 2.00 2.40 1}{2.40 3.00 3.00 3.00 3.20 1}{3.20 0.00 0.00 0.00 4.00 0}
COMM 4b-1: 48253a_4828ba_4829f3_482ae7 (4 2.20 0 2.00 3 3.00){0.00 0.00 0.00 0.00 0.80 0}{0.80 0.00 0.00 0.00 1.60 0}{1.60 2.00 2.00 2.00 2.40 3}{2.40 3.00 3.00 3.00 3.20 1}{3.20 0.00 0.00 0.00 4.00 0}
COMM 4b-2: 48b495_48b719_48b7ed_48b8a6 (1 2.00 2 2.00 2 2.00){0.00 0.00 0.00 0.00 0.80 0}{0.80 0.00 0.00 0.00 1.60 0}{1.60 2.00 2.00 2.00 2.40 1}{2.40 0.00 0.00 0.00 3.20 0}{3.20 0.00 0.00 0.00 4.00 0}
LOOP0: iter: ( 2 )[ 1 -1 2 2 1 ] mem: ( 3 )[ 1 -1 3 1 0 ]( 2 )[ 1 -1 2 1 0 ]
10 2 
12 52020 
14 16 
1b 0 
2b 2147483647 

RANKS: 1 -1 0 4 1
EVENT41: 1148 48b495_48b719_48b7ed_48b8a6
COMP 4b-0: 47a406_47a7db_47a946_47aa67 (7 9.25 0 9.00 2 10.00){0.00 0.00 0.00 0.00 3.60 0}{3.60 0.00 0.00 0.00 7.20 0}{7.20 9.00 9.29 10.00 10.80 7}{10.80 0.00 0.00 0.00 14.40 0}{14.40 0.00 0.00 0.00 18.00 0}
COMP 4c-0: 47a406_47a7db_47a946_47aa67 (7 25.38 0 25.00 1 26.00){0.00 0.00 0.00 0.00 10.00 0}{10.00 0.00 0.00 0.00 20.00 0}{20.00 25.00 25.43 26.00 30.00 7}{30.00 0.00 0.00 0.00 40.00 0}{40.00 0.00 0.00 0.00 50.00 0}
COMM 4b-0: 47a406_47a7db_47a946_47aa67 (7 393.75 3 290.00 0 483.00){0.00 0.00 0.00 0.00 193.20 0}{193.20 290.00 330.25 366.00 386.40 4}{386.40 409.00 448.67 483.00 579.60 3}{579.60 0.00 0.00 0.00 772.80 0}{772.80 0.00 0.00 0.00 966.00 0}
1c 9999 

RANKS: 1 -1 2 2 1
EVENT42: 1113 48253a_4828ba_4829f3_482ae7
COMP 4b-0: 48b495_48b719_48b7ed_48b8a6 (3 271.50 3 228.00 3 314.00){0.00 0.00 0.00 0.00 125.60 0}{125.60 228.00 229.00 230.00 251.20 2}{251.20 314.00 314.00 314.00 376.80 1}{376.80 0.00 0.00 0.00 502.40 0}{502.40 0.00 0.00 0.00 628.00 0}
COMP 4c-0: 48b495_48b719_48b7ed_48b8a6 (3 382.00 3 381.00 2 384.00){0.00 0.00 0.00 0.00 152.40 0}{152.40 0.00 0.00 0.00 304.80 0}{304.80 381.00 382.33 384.00 457.20 3}{457.20 0.00 0.00 0.00 609.60 0}{609.60 0.00 0.00 0.00 762.00 0}
COMM 4b-0: 48b495_48b719_48b7ed_48b8a6 (3 235.25 2 232.00 3 239.00){0.00 0.00 0.00 0.00 94.00 0}{94.00 0.00 0.00 0.00 188.00 0}{188.00 232.00 235.33 239.00 282.00 3}{282.00 0.00 0.00 0.00 376.00 0}{376.00 0.00 0.00 0.00 470.00 0}
10 2 
12 52020 
14 16 
1a ( 3 2 )[ 1 -1 3 1 0 ]
1a ( 2 )[ 1 -1 2 1 0 ]
1b 0 

RANKS: 2 -1 0 2 2 -1 3 1 0
EVENT43: 1004 46a96f_46accf_46ae12_46af04
COMP 4b-0: 46a96f_46accf_46ae12_46af04 (6 8603.43 0 11.00 2 20068.00){0.00 0.00 0.00 0.00 4.40 0}{4.40 0.00 0.00 0.00 8.80 0}{8.80 11.00 11.50 12.00 17.60 2}{17.60 20.00 20.00 20.00 22.00 1}{22.00 20049.00 20056.67 20068.00 40076.00 3}
COMP 4b-1: 48253a_4828ba_4829f3_482ae7 (2 45401.00 3 45365.00 2 45473.00){0.00 0.00 0.00 0.00 18146.00 0}{18146.00 0.00 0.00 0.00 36292.00 0}{36292.00 45365.00 45419.00 45473.00 54438.00 2}{54438.00 0.00 0.00 0.00 72584.00 0}{72584.00 0.00 0.00 0.00 90730.00 0}
COMP 4b-2: 48b495_48b719_48b7ed_48b8a6 (1 45565.00 0 45565.00 0 45565.00){0.00 0.00 0.00 0.00 18226.00 0}{18226.00 0.00 0.00 0.00 36452.00 0}{36452.00 45565.00 45565.00 45565.00 54678.00 1}{54678.00 0.00 0.00 0.00 72904.00 0}{72904.00 0.00 0.00 0.00 91130.00 0}
COMP 4c-0: 46a96f_46accf_46ae12_46af04 (6 40661.57 0 25.00 0 94843.00){0.00 0.00 0.00 0.00 10.00 0}{10.00 0.00 0.00 0.00 20.00 0}{20.00 25.00 25.67 26.00 40.00 3}{40.00 0.00 0.00 0.00 50.00 0}{50.00 94843.00 94843.00 94843.00 189636.00 3}
COMP 4c-1: 48253a_4828ba_4829f3_482ae7 (2 194755.33 2 194752.00 3 194757.00){0.00 0.00 0.00 0.00 77902.80 0}{77902.80 0.00 0.00 0.00 155805.60 0}{155805.60 194752.00 194754.50 194757.00 233708.40 2}{233708.40 0.00 0.00 0.00 311611.20 0}{311611.20 0.00 0.00 0.00 389514.00 0}
COMP 4c-2: 48b495_48b719_48b7ed_48b8a6 (1 194886.00 0 194886.00 0 194886.00){0.00 0.00 0.00 0.00 77954.40 0}{77954.40 0.00 0.00 0.00 155908.80 0}{155908.80 194886.00 194886.00 194886.00 233863.20 1}{233863.20 0.00 0.00 0.00 311817.60 0}{311817.60 0.00 0.00 0.00 389772.00 0}
COMM 4b-0: 46a96f_46accf_46ae12_46af04 (6 25.00 2 5.00 0 44.00){0.00 5.00 5.00 5.00 8.40 1}{8.40 0.00 0.00 0.00 16.80 0}{16.80 21.00 23.67 27.00 33.60 3}{33.60 34.00 34.00 34.00 42.00 1}{42.00 44.00 44.00 44.00 46.00 1}
COMM 4b-1: 48253a_4828ba_4829f3_482ae7 (2 270.67 2 134.00 3 339.00){0.00 134.00 134.00 134.00 135.60 1}{135.60 0.00 0.00 0.00 271.20 0}{271.20 339.00 339.00 339.00 406.80 1}{406.80 0.00 0.00 0.00 542.40 0}{542.40 0.00 0.00 0.00 678.00 0}
COMM 4b-2: 48b495_48b719_48b7ed_48b8a6 (1 23.00 0 23.00 0 23.00){0.00 0.00 0.00 0.00 9.20 0}{9.20 0.00 0.00 0.00 18.40 0}{18.40 23.00 23.00 23.00 27.60 1}{27.60 0.00 0.00 0.00 36.80 0}{36.80 0.00 0.00 0.00 46.00 0}
LOOP0: iter: ( 3 )[ 2 -1 0 2 2 -1 3 1 0 ] mem: ( 1 )[ 2 -1 0 2 2 -1 3 1 0 ]
10 2 
12 5 1 5 
14 16 
18 3 1 3 

RANKS: 1 -1 1 3 1
EVENT44: 1113 48253a_4828ba_4829f3_482ae7
COMP 4b-0: 46a96f_46accf_46ae12_46af04 (2 97.67 2 93.00 3 100.00){0.00 0.00 0.00 0.00 40.00 0}{40.00 0.00 0.00 0.00 80.00 0}{80.00 93.00 96.50 100.00 120.00 2}{120.00 0.00 0.00 0.00 160.00 0}{160.00 0.00 0.00 0.00 200.00 0}
COMP 4b-1: 48253a_4828ba_4829f3_482ae7 (2 14200.33 3 9.00 1 21296.00){0.00 9.00 9.00 9.00 8518.40 1}{8518.40 0.00 0.00 0.00 17036.80 0}{17036.80 21296.00 21296.00 21296.00 25555.20 1}{25555.20 0.00 0.00 0.00 34073.60 0}{34073.60 0.00 0.00 0.00 42592.00 0}
COMP 4b-2: 48b495_48b719_48b7ed_48b8a6 (1 326.00 1 326.00 1 326.00){0.00 0.00 0.00 0.00 130.40 0}{130.40 0.00 0.00 0.00 260.80 0}{260.80 326.00 326.00 326.00 391.20 1}{391.20 0.00 0.00 0.00 521.60 0}{521.60 0.00 0.00 0.00 652.00 0}
COMP 4c-0: 46a96f_46accf_46ae12_46af04 (2 145.00 3 145.00 3 145.00){0.00 0.00 0.00 0.00 58.00 0}{58.00 0.00 0.00 0.00 116.00 0}{116.00 145.00 145.00 145.00 174.00 2}{174.00 0.00 0.00 0.00 232.00 0}{232.00 0.00 0.00 0.00 290.00 0}
COMP 4c-1: 48253a_4828ba_4829f3_482ae7 (2 62459.67 3 27.00 1 93676.00){0.00 27.00 27.00 27.00 37470.40 1}{37470.40 0.00 0.00 0.00 74940.80 0}{74940.80 93676.00 93676.00 93676.00 112411.20 1}{112411.20 0.00 0.00 0.00 149881.60 0}{149881.60 0.00 0.00 0.00 187352.00 0}
COMP 4c-2: 48b495_48b719_48b7ed_48b8a6 (1 381.00 1 381.00 1 381.00){0.00 0.00 0.00 0.00 152.40 0}{152.40 0.00 0.00 0.00 304.80 0}{304.80 381.00 381.00 381.00 457.20 1}{457.20 0.00 0.00 0.00 609.60 0}{609.60 0.00 0.00 0.00 762.00 0}
COMM 4b-0: 46a96f_46accf_46ae12_46af04 (2 4.00 3 4.00 3 4.00){0.00 0.00 0.00 0.00 1.60 0}{1.60 0.00 0.00 0.00 3.20 0}{3.20 4.00 4.00 4.00 4.80 2}{4.80 0.00 0.00 0.00 6.40 0}{6.40 0.00 0.00 0.00 8.00 0}
COMM 4b-1: 48253a_4828ba_4829f3_482ae7 (2 163.00 3 3.00 1 243.00){0.00 3.00 3.00 3.00 97.20 1}{97.20 0.00 0.00 0.00 194.40 0}{194.40 243.00 243.00 243.00 291.60 1}{291.60 0.00 0.00 0.00 388.80 0}{388.80 0.00 0.00 0.00 486.00 0}
COMM 4b-2: 48b495_48b719_48b7ed_48b8a6 (1 231.00 1 231.00 1 231.00){0.00 0.00 0.00 0.00 92.40 0}{92.40 0.00 0.00 0.00 184.80 0}{184.80 231.00 231.00 231.00 277.20 1}{277.20 0.00 0.00 0.00 369.60 0}{369.60 0.00 0.00 0.00 462.00 0}
LOOP0: iter: ( 2 )[ 1 -1 1 2 2 ] mem: ( 1 )[ 1 -1 1 2 2 ]
10 2 
12 ( 52020 )[ 1 -1 1 1 0 ]
12 ( 102 106 )[ 1 -1 3 1 0 ]
12 ( 102 )[ 1 -1 2 1 0 ]
14 16 
1a ( 3 2 )[ 1 -1 1 1 0 ]
1a ( 2 3 )[ 1 -1 3 1 0 ]
1a ( 2 )[ 1 -1 2 1 0 ]
1b 0 

RANKS: 1 -1 0 2 1
EVENT45: 1090 47a406_47a7db_47a946_47aa67
COMP 4b-0: 46a96f_46accf_46ae12_46af04 (1 94.00 0 94.00 0 94.00){0.00 0.00 0.00 0.00 37.60 0}{37.60 0.00 0.00 0.00 75.20 0}{75.20 94.00 94.00 94.00 112.80 1}{112.80 0.00 0.00 0.00 150.40 0}{150.40 0.00 0.00 0.00 188.00 0}
COMP 4b-1: 48253a_4828ba_4829f3_482ae7 (1 11.00 1 11.00 1 11.00){0.00 0.00 0.00 0.00 4.40 0}{4.40 0.00 0.00 0.00 8.80 0}{8.80 11.00 11.00 11.00 13.20 1}{13.20 0.00 0.00 0.00 17.60 0}{17.60 0.00 0.00 0.00 22.00 0}
COMP 4b-2: 48b495_48b719_48b7ed_48b8a6 (1 14.00 0 14.00 0 14.00){0.00 0.00 0.00 0.00 5.60 0}{5.60 0.00 0.00 0.00 11.20 0}{11.20 14.00 14.00 14.00 16.80 1}{16.80 0.00 0.00 0.00 22.40 0}{22.40 0.00 0.00 0.00 28.00 0}
COMP 4c-0: 46a96f_46accf_46ae12_46af04 (1 147.00 0 147.00 0 147.00){0.00 0.00 0.00 0.00 58.80 0}{58.80 0.00 0.00 0.00 117.60 0}{117.60 147.00 147.00 147.00 176.40 1}{176.40 0.00 0.00 0.00 235.20 0}{235.20 0.00 0.00 0.00 294.00 0}
COMP 4c-1: 48253a_4828ba_4829f3_482ae7 (1 27.00 1 27.00 1 27.00){0.00 0.00 0.00 0.00 10.80 0}{10.80 0.00 0.00 0.00 21.60 0}{21.60 27.00 27.00 27.00 32.40 1}{32.40 0.00 0.00 0.00 43.20 0}{43.20 0.00 0.00 0.00 54.00 0}
COMP 4c-2: 48b495_48b719_48b7ed_48b8a6 (1 26.00 0 26.00 0 26.00){0.00 0.00 0.00 0.00 10.40 0}{10.40 0.00 0.00 0.00 20.80 0}{20.80 26.00 26.00 26.00 31.20 1}{31.20 0.00 0.00 0.00 41.60 0}{41.60 0.00 0.00 0.00 52.00 0}
COMM 4b-0: 46a96f_46accf_46ae12_46af04 (1 1.00 0 1.00 0 1.00){0.00 0.00 0.00 0.00 0.40 0}{0.40 0.00 0.00 0.00 0.80 0}{0.80 1.00 1.00 1.00 1.20 1}{1.20 0.00 0.00 0.00 1.60 0}{1.60 0.00 0.00 0.00 2.00 0}
COMM 4b-1: 48253a_4828ba_4829f3_482ae7 (1 2.00 1 2.00 1 2.00){0.00 0.00 0.00 0.00 0.80 0}{0.80 0.00 0.00 0.00 1.60 0}{1.60 2.00 2.00 2.00 2.40 1}{2.40 0.00 0.00 0.00 3.20 0}{3.20 0.00 0.00 0.00 4.00 0}
COMM 4b-2: 48b495_48b719_48b7ed_48b8a6 (1 1.00 0 1.00 0 1.00){0.00 0.00 0.00 0.00 0.40 0}{0.40 0.00 0.00 0.00 0.80 0}{0.80 1.00 1.00 1.00 1.20 1}{1.20 0.00 0.00 0.00 1.60 0}{1.60 0.00 0.00 0.00 2.00 0}
LOOP0: iter: ( 2 )[ 1 -1 0 1 0 ] mem: ( 2 )[ 1 -1 0 1 0 ]
10 2 
12 ( 102 106 )[ 1 -1 0 1 0 ]
12 ( 52020 )[ 1 -1 1 1 0 ]
14 16 
1b 0 
2b 2147483647 

RANKS: 1 -1 0 2 1
EVENT46: 1148 48b495_48b719_48b7ed_48b8a6
COMP 4b-0: 47a406_47a7db_47a946_47aa67 (3 9.50 0 9.00 0 10.00){0.00 0.00 0.00 0.00 3.60 0}{3.60 0.00 0.00 0.00 7.20 0}{7.20 9.00 9.67 10.00 10.80 3}{10.80 0.00 0.00 0.00 14.40 0}{14.40 0.00 0.00 0.00 18.00 0}
COMP 4c-0: 47a406_47a7db_47a946_47aa67 (3 26.00 0 26.00 0 26.00){0.00 0.00 0.00 0.00 10.40 0}{10.40 0.00 0.00 0.00 20.80 0}{20.80 26.00 26.00 26.00 31.20 3}{31.20 0.00 0.00 0.00 41.60 0}{41.60 0.00 0.00 0.00 52.00 0}
COMM 4b-0: 47a406_47a7db_47a946_47aa67 (3 90.00 0 2.00 1 352.00){0.00 0.00 0.00 0.00 1.20 0}{1.20 2.00 2.00 2.00 2.40 1}{2.40 3.00 3.00 3.00 4.80 1}{4.80 0.00 0.00 0.00 6.00 0}{6.00 352.00 352.00 352.00 698.00 1}
1c 9999 

RANKS: 2 -1 0 2 1 -1 3 1 0
EVENT47: 1004 46a96f_46accf_46ae12_46af04
COMP 4b-0: 46a96f_46accf_46ae12_46af04 (2 6695.00 1 13.00 1 20059.00){0.00 0.00 0.00 0.00 5.20 0}{5.20 0.00 0.00 0.00 10.40 0}{10.40 13.00 13.00 13.00 20.80 1}{20.80 0.00 0.00 0.00 26.00 0}{26.00 20059.00 20059.00 20059.00 40092.00 1}
COMP 4b-1: 48253a_4828ba_4829f3_482ae7 (1 21.00 3 21.00 3 21.00){0.00 0.00 0.00 0.00 8.40 0}{8.40 0.00 0.00 0.00 16.80 0}{16.80 21.00 21.00 21.00 25.20 1}{25.20 0.00 0.00 0.00 33.60 0}{33.60 0.00 0.00 0.00 42.00 0}
COMP 4b-2: 48b495_48b719_48b7ed_48b8a6 (2 15218.67 0 23.00 1 45610.00){0.00 0.00 0.00 0.00 9.20 0}{9.20 0.00 0.00 0.00 18.40 0}{18.40 23.00 23.00 23.00 36.80 1}{36.80 0.00 0.00 0.00 46.00 0}{46.00 45610.00 45610.00 45610.00 91174.00 1}
COMP 4c-0: 46a96f_46accf_46ae12_46af04 (2 31631.67 1 26.00 1 94843.00){0.00 0.00 0.00 0.00 10.40 0}{10.40 0.00 0.00 0.00 20.80 0}{20.80 26.00 26.00 26.00 41.60 1}{41.60 0.00 0.00 0.00 52.00 0}{52.00 94843.00 94843.00 94843.00 189634.00 1}
COMP 4c-1: 48253a_4828ba_4829f3_482ae7 (1 70.00 3 70.00 3 70.00){0.00 0.00 0.00 0.00 28.00 0}{28.00 0.00 0.00 0.00 56.00 0}{56.00 70.00 70.00 70.00 84.00 1}{84.00 0.00 0.00 0.00 112.00 0}{112.00 0.00 0.00 0.00 140.00 0}
COMP 4c-2: 48b495_48b719_48b7ed_48b8a6 (2 65010.00 0 75.00 1 194880.00){0.00 0.00 0.00 0.00 30.00 0}{30.00 0.00 0.00 0.00 60.00 0}{60.00 75.00 75.00 75.00 120.00 1}{120.00 0.00 0.00 0.00 150.00 0}{150.00 194880.00 194880.00 194880.00 389610.00 1}
COMM 4b-0: 46a96f_46accf_46ae12_46af04 (2 25.00 1 23.00 1 26.00){0.00 0.00 0.00 0.00 10.40 0}{10.40 0.00 0.00 0.00 20.80 0}{20.80 23.00 24.50 26.00 31.20 2}{31.20 0.00 0.00 0.00 41.60 0}{41.60 0.00 0.00 0.00 52.00 0}
COMM 4b-1: 48253a_4828ba_4829f3_482ae7 (1 79.00 3 79.00 3 79.00){0.00 0.00 0.00 0.00 31.60 0}{31.60 0.00 0.00 0.00 63.20 0}{63.20 79.00 79.00 79.00 94.80 1}{94.80 0.00 0.00 0.00 126.40 0}{126.40 0.00 0.00 0.00 158.00 0}
COMM 4b-2: 48b495_48b719_48b7ed_48b8a6 (2 58.67 0 6.00 1 164.00){0.00 0.00 0.00 0.00 2.40 0}{2.40 0.00 0.00 0.00 4.80 0}{4.80 6.00 6.00 6.00 9.60 1}{9.60 0.00 0.00 0.00 12.00 0}{12.00 164.00 164.00 164.00 316.00 1}
LOOP0: iter: ( 3 )[ 1 -1 1 1 0 ] mem: ( 1 )[ 1 -1 1 1 0 ]
10 2 
12 ( 1 )[ 1 -1 0 2 3 ]
12 ( 5 1 5 )[ 1 -1 1 1 0 ]
14 16 
18 ( 3 )[ 1 -1 0 2 3 ]
18 ( 3 1 3 )[ 1 -1 1 1 0 ]

RANKS: 1 -1 0 3 1
EVENT48: 1090 47a406_47a7db_47a946_47aa67
COMP 4b-0: 46a96f_46accf_46ae12_46af04 (3 78.25 2 70.00 1 99.00){0.00 0.00 0.00 0.00 28.80 0}{28.80 0.00 0.00 0.00 57.60 0}{57.60 70.00 71.00 72.00 86.40 2}{86.40 99.00 99.00 99.00 115.20 1}{115.20 0.00 0.00 0.00 144.00 0}
COMP 4b-1: 48253a_4828ba_4829f3_482ae7 (1 10.00 2 10.00 2 10.00){0.00 0.00 0.00 0.00 4.00 0}{4.00 0.00 0.00 0.00 8.00 0}{8.00 10.00 10.00 10.00 12.00 1}{12.00 0.00 0.00 0.00 16.00 0}{16.00 0.00 0.00 0.00 20.00 0}
COMP 4c-0: 46a96f_46accf_46ae12_46af04 (3 155.25 1 146.00 2 159.00){0.00 0.00 0.00 0.00 63.20 0}{63.20 0.00 0.00 0.00 126.40 0}{126.40 146.00 154.33 159.00 189.60 3}{189.60 0.00 0.00 0.00 252.80 0}{252.80 0.00 0.00 0.00 316.00 0}
COMP 4c-1: 48253a_4828ba_4829f3_482ae7 (1 26.00 2 26.00 2 26.00){0.00 0.00 0.00 0.00 10.40 0}{10.40 0.00 0.00 0.00 20.80 0}{20.80 26.00 26.00 26.00 31.20 1}{31.20 0.00 0.00 0.00 41.60 0}{41.60 0.00 0.00 0.00 52.00 0}
COMM 4b-0: 46a96f_46accf_46ae12_46af04 (3 1.25 0 1.00 1 2.00){0.00 0.00 0.00 0.00 0.40 0}{0.40 0.00 0.00 0.00 0.80 0}{0.80 1.00 1.00 1.00 1.20 2}{1.20 0.00 0.00 0.00 1.60 0}{1.60 2.00 2.00 2.00 2.00 1}
COMM 4b-1: 48253a_4828ba_4829f3_482ae7 (1 2.00 2 2.00 2 2.00){0.00 0.00 0.00 0.00 0.80 0}{0.80 0.00 0.00 0.00 1.60 0}{1.60 2.00 2.00 2.00 2.40 1}{2.40 0.00 0.00 0.00 3.20 0}{3.20 0.00 0.00 0.00 4.00 0}
LOOP0: iter: ( 2 )[ 1 -1 2 1 0 ] mem: ( 3 )[ 1 -1 2 1 0 ]
10 2 
12 ( 102 )[ 1 -1 0 2 1 ]
12 ( 106 102 )[ 1 -1 2 1 0 ]
14 16 
1b 0 
2b 2147483647 

RANKS: 1 -1 0 3 1
EVENT49: 1148 48b495_48b719_48b7ed_48b8a6
COMP 4b-0: 47a406_47a7db_47a946_47aa67 (4 8.60 0 8.00 1 9.00){0.00 0.00 0.00 0.00 3.20 0}{3.20 0.00 0.00 0.00 6.40 0}{6.40 8.00 8.75 9.00 9.60 4}{9.60 0.00 0.00 0.00 12.80 0}{12.80 0.00 0.00 0.00 16.00 0}
COMP 4c-0: 47a406_47a7db_47a946_47aa67 (4 26.00 0 26.00 0 26.00){0.00 0.00 0.00 0.00 10.40 0}{10.40 0.00 0.00 0.00 20.80 0}{20.80 26.00 26.00 26.00 31.20 4}{31.20 0.00 0.00 0.00 41.60 0}{41.60 0.00 0.00 0.00 52.00 0}
COMM 4b-0: 47a406_47a7db_47a946_47aa67 (4 3.20 2 2.00 1 4.00){0.00 0.00 0.00 0.00 1.20 0}{1.20 2.00 2.00 2.00 2.40 1}{2.40 3.00 3.00 3.00 3.60 1}{3.60 4.00 4.00 4.00 4.80 2}{4.80 0.00 0.00 0.00 6.00 0}
1c 9999 

RANKS: 1 -1 1 2 2
EVENT50: 1113 48253a_4828ba_4829f3_482ae7
COMP 4b-0: 46a96f_46accf_46ae12_46af04 (2 70.67 1 70.00 3 72.00){0.00 0.00 0.00 0.00 28.00 0}{28.00 0.00 0.00 0.00 56.00 0}{56.00 70.00 71.00 72.00 84.00 2}{84.00 0.00 0.00 0.00 112.00 0}{112.00 0.00 0.00 0.00 140.00 0}
COMP 4b-1: 48b495_48b719_48b7ed_48b8a6 (1 10.00 1 10.00 1 10.00){0.00 0.00 0.00 0.00 4.00 0}{4.00 0.00 0.00 0.00 8.00 0}{8.00 10.00 10.00 10.00 12.00 1}{12.00 0.00 0.00 0.00 16.00 0}{16.00 0.00 0.00 0.00 20.00 0}
COMP 4c-0: 46a96f_46accf_46ae12_46af04 (2 160.00 1 160.00 1 160.00){0.00 0.00 0.00 0.00 64.00 0}{64.00 0.00 0.00 0.00 128.00 0}{128.00 160.00 160.00 160.00 192.00 2}{192.00 0.00 0.00 0.00 256.00 0}{256.00 0.00 0.00 0.00 320.00 0}
COMP 4c-1: 48b495_48b719_48b7ed_48b8a6 (1 27.00 1 27.00 1 27.00){0.00 0.00 0.00 0.00 10.80 0}{10.80 0.00 0.00 0.00 21.60 0}{21.60 27.00 27.00 27.00 32.40 1}{32.40 0.00 0.00 0.00 43.20 0}{43.20 0.00 0.00 0.00 54.00 0}
COMM 4b-0: 46a96f_46accf_46ae12_46af04 (2 2.33 1 2.00 3 3.00){0.00 0.00 0.00 0.00 0.80 0}{0.80 0.00 0.00 0.00 1.60 0}{1.60 2.00 2.00 2.00 2.40 1}{2.40 3.00 3.00 3.00 3.20 1}{3.20 0.00 0.00 0.00 4.00 0}
COMM 4b-1: 48b495_48b719_48b7ed_48b8a6 (1 3.00 1 3.00 1 3.00){0.00 0.00 0.00 0.00 1.20 0}{1.20 0.00 0.00 0.00 2.40 0}{2.40 3.00 3.00 3.00 3.60 1}{3.60 0.00 0.00 0.00 4.80 0}{4.80 0.00 0.00 0.00 6.00 0}
LOOP0: iter: ( 2 )[ 1 -1 1 1 0 ] mem: ( 2 )[ 1 -1 1 1 0 ]
10 2 
12 ( 106 102 )[ 1 -1 1 1 0 ]
12 ( 102 )[ 1 -1 3 1 0 ]
14 16 
1a 3 
1b 0 

RANKS: 1 -1 0 4 1
EVENT51: 1004 46a96f_46accf_46ae12_46af04
COMP 4b-0: 48253a_4828ba_4829f3_482ae7 (3 25.75 1 20.00 3 32.00){0.00 0.00 0.00 0.00 8.00 0}{8.00 0.00 0.00 0.00 16.00 0}{16.00 20.00 20.00 20.00 24.00 1}{24.00 31.00 31.50 32.00 32.00 2}{32.00 0.00 0.00 0.00 40.00 0}
COMP 4b-1: 48b495_48b719_48b7ed_48b8a6 (3 30.75 2 21.00 0 35.00){0.00 0.00 0.00 0.00 14.00 0}{14.00 21.00 21.00 21.00 28.00 1}{28.00 32.00 33.50 35.00 42.00 2}{42.00 0.00 0.00 0.00 56.00 0}{56.00 0.00 0.00 0.00 70.00 0}
COMP 4c-0: 48253a_4828ba_4829f3_482ae7 (3 92.50 1 71.00 1 114.00){0.00 0.00 0.00 0.00 28.40 0}{28.40 0.00 0.00 0.00 56.80 0}{56.80 71.00 71.00 71.00 85.20 1}{85.20 0.00 0.00 0.00 113.60 0}{113.60 114.00 114.00 114.00 142.00 2}
COMP 4c-1: 48b495_48b719_48b7ed_48b8a6 (3 105.50 2 71.00 0 117.00){0.00 0.00 0.00 0.00 46.80 0}{46.80 71.00 71.00 71.00 93.60 1}{93.60 117.00 117.00 117.00 140.40 2}{140.40 0.00 0.00 0.00 187.20 0}{187.20 0.00 0.00 0.00 234.00 0}
COMM 4b-0: 48253a_4828ba_4829f3_482ae7 (3 49.50 1 45.00 1 53.00){0.00 0.00 0.00 0.00 21.20 0}{21.20 0.00 0.00 0.00 42.40 0}{42.40 45.00 48.33 53.00 63.60 3}{63.60 0.00 0.00 0.00 84.80 0}{84.80 0.00 0.00 0.00 106.00 0}
COMM 4b-1: 48b495_48b719_48b7ed_48b8a6 (3 24.25 2 5.00 2 48.00){0.00 5.00 5.00 5.00 8.80 1}{8.80 0.00 0.00 0.00 17.60 0}{17.60 22.00 22.00 22.00 35.20 1}{35.20 0.00 0.00 0.00 44.00 0}{44.00 48.00 48.00 48.00 52.00 1}
10 2 
12 1 
14 16 
18 3 

RANKS: 1 -1 0 2 1
EVENT52: 1090 47a406_47a7db_47a946_47aa67_45f344
COMP 4b-0: 46a96f_46accf_46ae12_46af04 (2 106.00 0 106.00 0 106.00){0.00 0.00 0.00 0.00 42.40 0}{42.40 0.00 0.00 0.00 84.80 0}{84.80 106.00 106.00 106.00 127.20 2}{127.20 0.00 0.00 0.00 169.60 0}{169.60 0.00 0.00 0.00 212.00 0}
COMP 4c-0: 46a96f_46accf_46ae12_46af04 (2 166.00 0 165.00 1 168.00){0.00 0.00 0.00 0.00 66.00 0}{66.00 0.00 0.00 0.00 132.00 0}{132.00 165.00 166.50 168.00 198.00 2}{198.00 0.00 0.00 0.00 264.00 0}{264.00 0.00 0.00 0.00 330.00 0}
COMM 4b-0: 46a96f_46accf_46ae12_46af04 (2 1.00 0 1.00 0 1.00){0.00 0.00 0.00 0.00 0.40 0}{0.40 0.00 0.00 0.00 0.80 0}{0.80 1.00 1.00 1.00 1.20 2}{1.20 0.00 0.00 0.00 1.60 0}{1.60 0.00 0.00 0.00 2.00 0}
10 2 
12 102 
14 16 
1b 0 
2b 2147483647 

RANKS: 1 -1 0 2 1
EVENT53: 1148 48b495_48b719_48b7ed_48b8a6_45f359
COMP 4b-0: 47a406_47a7db_47a946_47aa67_45f344 (2 10.33 1 9.00 0 11.00){0.00 0.00 0.00 0.00 4.40 0}{4.40 0.00 0.00 0.00 8.80 0}{8.80 9.00 10.00 11.00 13.20 2}{13.20 0.00 0.00 0.00 17.60 0}{17.60 0.00 0.00 0.00 22.00 0}
COMP 4c-0: 47a406_47a7db_47a946_47aa67_45f344 (2 27.00 0 27.00 0 27.00){0.00 0.00 0.00 0.00 10.80 0}{10.80 0.00 0.00 0.00 21.60 0}{21.60 27.00 27.00 27.00 32.40 2}{32.40 0.00 0.00 0.00 43.20 0}{43.20 0.00 0.00 0.00 54.00 0}
COMM 4b-0: 47a406_47a7db_47a946_47aa67_45f344 (2 2.33 0 2.00 1 3.00){0.00 0.00 0.00 0.00 0.80 0}{0.80 0.00 0.00 0.00 1.60 0}{1.60 2.00 2.00 2.00 2.40 1}{2.40 3.00 3.00 3.00 3.20 1}{3.20 0.00 0.00 0.00 4.00 0}
1c 9999 

RANKS: 1 -1 2 2 1
EVENT54: 1113 48253a_4828ba_4829f3_482ae7_45f408
COMP 4b-0: 46a96f_46accf_46ae12_46af04 (2 102.33 3 101.00 2 105.00){0.00 0.00 0.00 0.00 40.40 0}{40.40 0.00 0.00 0.00 80.80 0}{80.80 101.00 103.00 105.00 121.20 2}{121.20 0.00 0.00 0.00 161.60 0}{161.60 0.00 0.00 0.00 202.00 0}
COMP 4c-0: 46a96f_46accf_46ae12_46af04 (2 165.33 3 164.00 2 168.00){0.00 0.00 0.00 0.00 65.60 0}{65.60 0.00 0.00 0.00 131.20 0}{131.20 164.00 166.00 168.00 196.80 2}{196.80 0.00 0.00 0.00 262.40 0}{262.40 0.00 0.00 0.00 328.00 0}
COMM 4b-0: 46a96f_46accf_46ae12_46af04 (2 3.00 3 3.00 3 3.00){0.00 0.00 0.00 0.00 1.20 0}{1.20 0.00 0.00 0.00 2.40 0}{2.40 3.00 3.00 3.00 3.60 2}{3.60 0.00 0.00 0.00 4.80 0}{4.80 0.00 0.00 0.00 6.00 0}
10 2 
12 102 
14 16 
1a 2 
1b 0 

RANKS: 1 -1 0 4 1
EVENT55: 1004 46a96f_46accf_46ae12_46af04
COMP 4b-0: 48253a_4828ba_4829f3_482ae7_45f408 (2 31.00 3 31.00 3 31.00){0.00 0.00 0.00 0.00 12.40 0}{12.40 0.00 0.00 0.00 24.80 0}{24.80 31.00 31.00 31.00 37.20 2}{37.20 0.00 0.00 0.00 49.60 0}{49.60 0.00 0.00 0.00 62.00 0}
COMP 4b-1: 48b495_48b719_48b7ed_48b8a6_45f359 (2 34.33 0 34.00 1 35.00){0.00 0.00 0.00 0.00 13.60 0}{13.60 0.00 0.00 0.00 27.20 0}{27.20 34.00 34.50 35.00 40.80 2}{40.80 0.00 0.00 0.00 54.40 0}{54.40 0.00 0.00 0.00 68.00 0}
COMP 4c-0: 48253a_4828ba_4829f3_482ae7_45f408 (2 111.67 2 111.00 3 112.00){0.00 0.00 0.00 0.00 44.80 0}{44.80 0.00 0.00 0.00 89.60 0}{89.60 111.00 111.50 112.00 134.40 2}{134.40 0.00 0.00 0.00 179.20 0}{179.20 0.00 0.00 0.00 224.00 0}
COMP 4c-1: 48b495_48b719_48b7ed_48b8a6_45f359 (2 117.00 0 117.00 0 117.00){0.00 0.00 0.00 0.00 46.80 0}{46.80 0.00 0.00 0.00 93.60 0}{93.60 117.00 117.00 117.00 140.40 2}{140.40 0.00 0.00 0.00 187.20 0}{187.20 0.00 0.00 0.00 234.00 0}
COMM 4b-0: 48253a_4828ba_4829f3_482ae7_45f408 (2 58.00 2 34.00 3 70.00){0.00 0.00 0.00 0.00 28.00 0}{28.00 34.00 34.00 34.00 56.00 1}{56.00 70.00 70.00 70.00 84.00 1}{84.00 0.00 0.00 0.00 112.00 0}{112.00 0.00 0.00 0.00 140.00 0}
COMM 4b-1: 48b495_48b719_48b7ed_48b8a6_45f359 (2 26.67 1 6.00 0 37.00){0.00 6.00 6.00 6.00 14.80 1}{14.80 0.00 0.00 0.00 29.60 0}{29.60 37.00 37.00 37.00 44.40 1}{44.40 0.00 0.00 0.00 59.20 0}{59.20 0.00 0.00 0.00 74.00 0}
10 2 
12 1 
14 16 
18 3 

RANKS: 1 -1 0 4 1
EVENT56: 1045 4732cf_473343_4733a9_473404
COMP 4b-0: 46a96f_46accf_46ae12_46af04 (4 928.80 0 865.00 3 1001.00){0.00 0.00 0.00 0.00 346.00 0}{346.00 0.00 0.00 0.00 692.00 0}{692.00 865.00 944.75 1001.00 1038.00 4}{1038.00 0.00 0.00 0.00 1384.00 0}{1384.00 0.00 0.00 0.00 1730.00 0}
COMP 4c-0: 46a96f_46accf_46ae12_46af04 (4 2882.20 0 591.00 1 4433.00){0.00 0.00 0.00 0.00 236.40 0}{236.40 0.00 0.00 0.00 472.80 0}{472.80 591.00 591.00 591.00 945.60 1}{945.60 0.00 0.00 0.00 1182.00 0}{1182.00 4384.00 4409.67 4433.00 7586.00 3}

