RANKS: 1 -1 0 4 1
EVENT0: 1084 47965c_47971b_4797b1_47980c
33 2 
34 0 

RANKS: 1 -1 0 4 1
EVENT1: 1011 46d839_46db68_46dc83_46dd6f
COMP 4c-0: 46d839_46db68_46dc83_46dd6f (32 15.73 0 14.00 0 17.00){0.00 0.00 0.00 0.00 5.60 0}{5.60 0.00 0.00 0.00 11.20 0}{11.20 14.00 15.74 16.00 16.80 31}{16.80 17.00 17.00 17.00 22.40 1}{22.40 0.00 0.00 0.00 28.00 0}
COMP 4c-1: 47965c_47971b_4797b1_47980c (4 55.40 1 24.00 0 102.00){0.00 24.00 24.33 25.00 40.80 3}{40.80 0.00 0.00 0.00 81.60 0}{81.60 102.00 102.00 102.00 122.40 1}{122.40 0.00 0.00 0.00 163.20 0}{163.20 0.00 0.00 0.00 204.00 0}
COMM 4b-0: 46d839_46db68_46dc83_46dd6f (32 11.91 2 2.00 1 115.00){0.00 0.00 0.00 0.00 1.60 0}{1.60 2.00 3.64 6.00 6.40 25}{6.40 7.00 7.50 8.00 8.00 2}{8.00 9.00 42.00 76.00 100.00 4}{100.00 115.00 115.00 115.00 130.00 1}
COMM 4b-1: 47965c_47971b_4797b1_47980c (4 88.20 0 18.00 2 285.00){0.00 0.00 0.00 0.00 7.20 0}{7.20 0.00 0.00 0.00 14.40 0}{14.40 18.00 18.50 19.00 36.00 2}{36.00 101.00 101.00 101.00 166.00 1}{166.00 285.00 285.00 285.00 404.00 1}
LOOP0: iter: ( 9 )[ 1 -1 0 4 1 ] mem: ( 1 )[ 1 -1 0 4 1 ]
10 2 
12 1 1 1 1 1 5 1 1 1 
14 14 14 14 16 16 16 14 14 14 
19 0 

RANKS: 1 -1 2 1 0
EVENT2: 1113 48258a_48290a_482a43_482b37
COMP 4c-0: 46d839_46db68_46dc83_46dd6f (1 633452.00 2 633452.00 2 633452.00){0.00 0.00 0.00 0.00 253380.80 0}{253380.80 0.00 0.00 0.00 506761.60 0}{506761.60 633452.00 633452.00 633452.00 760142.40 1}{760142.40 0.00 0.00 0.00 1013523.20 0}{1013523.20 0.00 0.00 0.00 1266904.00 0}
COMM 4b-0: 46d839_46db68_46dc83_46dd6f (1 636.00 2 636.00 2 636.00){0.00 0.00 0.00 0.00 254.40 0}{254.40 0.00 0.00 0.00 508.80 0}{508.80 636.00 636.00 636.00 763.20 1}{763.20 0.00 0.00 0.00 1017.60 0}{1017.60 0.00 0.00 0.00 1272.00 0}
10 2 
12 52020 
14 16 
1a 1 
1b 0 

RANKS: 1 -1 1 2 1
EVENT3: 1090 47a456_47a82b_47a996_47aab7
COMP 4c-0: 46d839_46db68_46dc83_46dd6f (1 633279.00 1 633279.00 1 633279.00){0.00 0.00 0.00 0.00 253311.60 0}{253311.60 0.00 0.00 0.00 506623.20 0}{506623.20 633279.00 633279.00 633279.00 759934.80 1}{759934.80 0.00 0.00 0.00 1013246.40 0}{1013246.40 0.00 0.00 0.00 1266558.00 0}
COMP 4c-1: 48258a_48290a_482a43_482b37 (1 15.00 2 15.00 2 15.00){0.00 0.00 0.00 0.00 6.00 0}{6.00 0.00 0.00 0.00 12.00 0}{12.00 15.00 15.00 15.00 18.00 1}{18.00 0.00 0.00 0.00 24.00 0}{24.00 0.00 0.00 0.00 30.00 0}
COMP 4c-2: 48b4e5_48b769_48b83d_48b8f6 (1 93824.00 2 93824.00 2 93824.00){0.00 0.00 0.00 0.00 37529.60 0}{37529.60 0.00 0.00 0.00 75059.20 0}{75059.20 93824.00 93824.00 93824.00 112588.80 1}{112588.80 0.00 0.00 0.00 150118.40 0}{150118.40 0.00 0.00 0.00 187648.00 0}
COMM 4b-0: 46d839_46db68_46dc83_46dd6f (1 10.00 1 10.00 1 10.00){0.00 0.00 0.00 0.00 4.00 0}{4.00 0.00 0.00 0.00 8.00 0}{8.00 10.00 10.00 10.00 12.00 1}{12.00 0.00 0.00 0.00 16.00 0}{16.00 0.00 0.00 0.00 20.00 0}
COMM 4b-1: 48258a_48290a_482a43_482b37 (1 10.00 2 10.00 2 10.00){0.00 0.00 0.00 0.00 4.00 0}{4.00 0.00 0.00 0.00 8.00 0}{8.00 10.00 10.00 10.00 12.00 1}{12.00 0.00 0.00 0.00 16.00 0}{16.00 0.00 0.00 0.00 20.00 0}
COMM 4b-2: 48b4e5_48b769_48b83d_48b8f6 (1 8.00 2 8.00 2 8.00){0.00 0.00 0.00 0.00 3.20 0}{3.20 0.00 0.00 0.00 6.40 0}{6.40 8.00 8.00 8.00 9.60 1}{9.60 0.00 0.00 0.00 12.80 0}{12.80 0.00 0.00 0.00 16.00 0}
LOOP0: iter: ( 2 )[ 1 -1 2 1 0 ] mem: ( 2 )[ 1 -1 2 1 0 ]
10 2 
12 52020 
14 16 
1b 0 
2b 2147483647 

RANKS: 1 -1 1 2 1
EVENT4: 1148 48b4e5_48b769_48b83d_48b8f6
COMP 4c-0: 47a456_47a82b_47a996_47aab7 (3 15.75 2 15.00 1 16.00){0.00 0.00 0.00 0.00 6.40 0}{6.40 0.00 0.00 0.00 12.80 0}{12.80 15.00 15.67 16.00 19.20 3}{19.20 0.00 0.00 0.00 25.60 0}{25.60 0.00 0.00 0.00 32.00 0}
COMM 4b-0: 47a456_47a82b_47a996_47aab7 (3 584.00 2 237.00 1 760.00){0.00 237.00 237.00 237.00 304.00 1}{304.00 579.00 579.00 579.00 608.00 1}{608.00 760.00 760.00 760.00 912.00 1}{912.00 0.00 0.00 0.00 1216.00 0}{1216.00 0.00 0.00 0.00 1520.00 0}
1c 9999 

RANKS: 1 -1 1 2 1
EVENT5: 1113 48258a_48290a_482a43_482b37
COMP 4c-0: 48258a_48290a_482a43_482b37 (2 129144.33 1 93899.00 2 199635.00){0.00 0.00 0.00 0.00 37559.60 0}{37559.60 0.00 0.00 0.00 75119.20 0}{75119.20 93899.00 93899.00 93899.00 150238.40 1}{150238.40 0.00 0.00 0.00 187798.00 0}{187798.00 199635.00 199635.00 199635.00 211472.00 1}
COMP 4c-1: 48b4e5_48b769_48b83d_48b8f6 (2 371.67 1 371.00 2 373.00){0.00 0.00 0.00 0.00 148.40 0}{148.40 0.00 0.00 0.00 296.80 0}{296.80 371.00 372.00 373.00 445.20 2}{445.20 0.00 0.00 0.00 593.60 0}{593.60 0.00 0.00 0.00 742.00 0}
COMM 4b-0: 48258a_48290a_482a43_482b37 (2 477.67 2 253.00 1 590.00){0.00 0.00 0.00 0.00 236.00 0}{236.00 253.00 253.00 253.00 472.00 1}{472.00 590.00 590.00 590.00 708.00 1}{708.00 0.00 0.00 0.00 944.00 0}{944.00 0.00 0.00 0.00 1180.00 0}
COMM 4b-1: 48b4e5_48b769_48b83d_48b8f6 (2 434.67 2 242.00 1 531.00){0.00 0.00 0.00 0.00 212.40 0}{212.40 242.00 242.00 242.00 424.80 1}{424.80 531.00 531.00 531.00 637.20 1}{637.20 0.00 0.00 0.00 849.60 0}{849.60 0.00 0.00 0.00 1062.00 0}
LOOP0: iter: ( 2 )[ 1 -1 1 2 1 ] mem: ( 1 )[ 1 -1 1 2 1 ]
10 2 
12 52020 
14 16 
1a ( 3 2 )[ 1 -1 1 1 0 ]
1a ( 2 1 )[ 1 -1 2 1 0 ]
1b 0 

RANKS: 1 -1 1 3 1
EVENT6: 1090 47a456_47a82b_47a996_47aab7
COMP 4c-0: 46d839_46db68_46dc83_46dd6f (1 633295.00 3 633295.00 3 633295.00){0.00 0.00 0.00 0.00 253318.00 0}{253318.00 0.00 0.00 0.00 506636.00 0}{506636.00 633295.00 633295.00 633295.00 759954.00 1}{759954.00 0.00 0.00 0.00 1013272.00 0}{1013272.00 0.00 0.00 0.00 1266590.00 0}
COMP 4c-1: 48258a_48290a_482a43_482b37 (5 64449.83 1 16.00 3 199451.00){0.00 0.00 0.00 0.00 6.40 0}{6.40 0.00 0.00 0.00 12.80 0}{12.80 16.00 16.00 16.00 32.00 2}{32.00 93485.00 93600.00 93715.00 186938.00 2}{186938.00 199451.00 199451.00 199451.00 211964.00 1}
COMP 4c-2: 48b4e5_48b769_48b83d_48b8f6 (2 164248.33 2 93595.00 1 199575.00){0.00 0.00 0.00 0.00 79830.00 0}{79830.00 93595.00 93595.00 93595.00 159660.00 1}{159660.00 199575.00 199575.00 199575.00 239490.00 1}{239490.00 0.00 0.00 0.00 319320.00 0}{319320.00 0.00 0.00 0.00 399150.00 0}
COMM 4b-0: 46d839_46db68_46dc83_46dd6f (1 6.00 3 6.00 3 6.00){0.00 0.00 0.00 0.00 2.40 0}{2.40 0.00 0.00 0.00 4.80 0}{4.80 6.00 6.00 6.00 7.20 1}{7.20 0.00 0.00 0.00 9.60 0}{9.60 0.00 0.00 0.00 12.00 0}
COMM 4b-1: 48258a_48290a_482a43_482b37 (5 3.67 2 2.00 1 4.00){0.00 0.00 0.00 0.00 1.60 0}{1.60 2.00 2.00 2.00 3.20 1}{3.20 4.00 4.00 4.00 4.80 4}{4.80 0.00 0.00 0.00 6.40 0}{6.40 0.00 0.00 0.00 8.00 0}
COMM 4b-2: 48b4e5_48b769_48b83d_48b8f6 (2 8.00 1 8.00 1 8.00){0.00 0.00 0.00 0.00 3.20 0}{3.20 0.00 0.00 0.00 6.40 0}{6.40 8.00 8.00 8.00 9.60 2}{9.60 0.00 0.00 0.00 12.80 0}{12.80 0.00 0.00 0.00 16.00 0}
LOOP0: iter: ( 2 )[ 1 -1 1 2 1 ]( 4 )[ 1 -1 3 1 0 ] mem: ( 2 )[ 1 -1 1 2 1 ]( 3 )[ 1 -1 3 1 0 ]
10 2 
12 52020 
14 16 
1b 0 
2b 2147483647 

RANKS: 1 -1 1 3 1
EVENT7: 1148 48b4e5_48b769_48b83d_48b8f6
COMP 4c-0: 47a456_47a82b_47a996_47aab7 (8 15.00 3 14.00 3 16.00){0.00 0.00 0.00 0.00 6.00 0}{6.00 0.00 0.00 0.00 12.00 0}{12.00 14.00 15.00 16.00 18.00 8}{18.00 0.00 0.00 0.00 24.00 0}{24.00 0.00 0.00 0.00 30.00 0}
COMM 4b-0: 47a456_47a82b_47a996_47aab7 (8 605.00 3 241.00 3 1096.00){0.00 0.00 0.00 0.00 142.00 0}{142.00 241.00 411.25 566.00 568.00 4}{568.00 628.00 628.00 628.00 710.00 1}{710.00 845.00 860.50 876.00 980.00 2}{980.00 1096.00 1096.00 1096.00 1212.00 1}
1c 9999 

RANKS: 1 -1 0 4 1
EVENT8: 1113 48258a_48290a_482a43_482b37
COMP 4c-0: 46d839_46db68_46dc83_46dd6f (1 633436.00 0 633436.00 0 633436.00){0.00 0.00 0.00 0.00 253374.40 0}{253374.40 0.00 0.00 0.00 506748.80 0}{506748.80 633436.00 633436.00 633436.00 760123.20 1}{760123.20 0.00 0.00 0.00 1013497.60 0}{1013497.60 0.00 0.00 0.00 1266872.00 0}
COMP 4c-1: 48258a_48290a_482a43_482b37 (1 93665.00 1 93665.00 1 93665.00){0.00 0.00 0.00 0.00 37466.00 0}{37466.00 0.00 0.00 0.00 74932.00 0}{74932.00 93665.00 93665.00 93665.00 112398.00 1}{112398.00 0.00 0.00 0.00 149864.00 0}{149864.00 0.00 0.00 0.00 187330.00 0}
COMP 4c-2: 48b4e5_48b769_48b83d_48b8f6 (9 48379.40 3 370.00 0 199767.00){0.00 370.00 371.50 373.00 37603.20 6}{37603.20 0.00 0.00 0.00 75206.40 0}{75206.40 93782.00 93895.00 94008.00 150412.80 2}{150412.80 0.00 0.00 0.00 188016.00 0}{188016.00 199767.00 199767.00 199767.00 211518.00 1}
COMM 4b-0: 46d839_46db68_46dc83_46dd6f (1 580.00 0 580.00 0 580.00){0.00 0.00 0.00 0.00 232.00 0}{232.00 0.00 0.00 0.00 464.00 0}{464.00 580.00 580.00 580.00 696.00 1}{696.00 0.00 0.00 0.00 928.00 0}{928.00 0.00 0.00 0.00 1160.00 0}
COMM 4b-1: 48258a_48290a_482a43_482b37 (1 253.00 1 253.00 1 253.00){0.00 0.00 0.00 0.00 101.20 0}{101.20 0.00 0.00 0.00 202.40 0}{202.40 253.00 253.00 253.00 303.60 1}{303.60 0.00 0.00 0.00 404.80 0}{404.80 0.00 0.00 0.00 506.00 0}
COMM 4b-2: 48b4e5_48b769_48b83d_48b8f6 (9 394.20 3 237.00 0 894.00){0.00 237.00 241.43 245.00 357.60 7}{357.60 464.00 464.00 464.00 715.20 1}{715.20 894.00 894.00 894.00 1072.80 1}{1072.80 0.00 0.00 0.00 1430.40 0}{1430.40 0.00 0.00 0.00 1788.00 0}
LOOP0: iter: ( 4 )[ 1 -1 0 1 0 ]( 2 )[ 1 -1 1 1 0 ] mem: ( 3 )[ 1 -1 0 1 0 ]( 1 )[ 1 -1 1 1 0 ]
10 2 
12 52020 
14 16 
1a ( 1 2 )[ 1 -1 0 1 0 ]
1a ( 3 2 )[ 1 -1 1 2 2 ]
1a ( 2 )[ 1 -1 2 1 0 ]
1b 0 

RANKS: 1 -1 0 2 1
EVENT9: 1090 47a456_47a82b_47a996_47aab7
COMP 4c-0: 48258a_48290a_482a43_482b37 (5 14.83 0 14.00 1 16.00){0.00 0.00 0.00 0.00 6.00 0}{6.00 0.00 0.00 0.00 12.00 0}{12.00 14.00 14.80 16.00 18.00 5}{18.00 0.00 0.00 0.00 24.00 0}{24.00 0.00 0.00 0.00 30.00 0}
COMM 4b-0: 48258a_48290a_482a43_482b37 (5 3.67 0 2.00 0 5.00){0.00 2.00 2.00 2.00 2.00 1}{2.00 3.00 3.33 4.00 4.00 3}{4.00 5.00 5.00 5.00 6.00 1}{6.00 0.00 0.00 0.00 8.00 0}{8.00 0.00 0.00 0.00 10.00 0}
10 2 
12 52020 
14 16 
1b 0 
2b 2147483647 

RANKS: 1 -1 0 2 1
EVENT10: 1148 48b4e5_48b769_48b83d_48b8f6
COMP 4c-0: 47a456_47a82b_47a996_47aab7 (5 15.33 0 15.00 0 16.00){0.00 0.00 0.00 0.00 6.40 0}{6.40 0.00 0.00 0.00 12.80 0}{12.80 15.00 15.20 16.00 19.20 5}{19.20 0.00 0.00 0.00 25.60 0}{25.60 0.00 0.00 0.00 32.00 0}
COMM 4b-0: 47a456_47a82b_47a996_47aab7 (5 630.17 1 314.00 0 853.00){0.00 314.00 314.00 314.00 341.20 1}{341.20 557.00 587.00 616.00 682.40 3}{682.40 853.00 853.00 853.00 1023.60 1}{1023.60 0.00 0.00 0.00 1364.80 0}{1364.80 0.00 0.00 0.00 1706.00 0}
1c 9999 

RANKS: 1 -1 0 4 1
EVENT11: 1004 46a9bf_46ad1f_46ae62_46af54
COMP 4c-0: 48258a_48290a_482a43_482b37 (2 194744.67 2 194742.00 3 194746.00){0.00 0.00 0.00 0.00 77898.40 0}{77898.40 0.00 0.00 0.00 155796.80 0}{155796.80 194742.00 194744.00 194746.00 233695.20 2}{233695.20 0.00 0.00 0.00 311593.60 0}{311593.60 0.00 0.00 0.00 389492.00 0}
COMP 4c-1: 48b4e5_48b769_48b83d_48b8f6 (2 194872.33 1 194869.00 0 194874.00){0.00 0.00 0.00 0.00 77949.60 0}{77949.60 0.00 0.00 0.00 155899.20 0}{155899.20 194869.00 194871.50 194874.00 233848.80 2}{233848.80 0.00 0.00 0.00 311798.40 0}{311798.40 0.00 0.00 0.00 389748.00 0}
COMM 4b-0: 48258a_48290a_482a43_482b37 (2 377.33 2 184.00 3 474.00){0.00 184.00 184.00 184.00 189.60 1}{189.60 0.00 0.00 0.00 379.20 0}{379.20 474.00 474.00 474.00 568.80 1}{568.80 0.00 0.00 0.00 758.40 0}{758.40 0.00 0.00 0.00 948.00 0}
COMM 4b-1: 48b4e5_48b769_48b83d_48b8f6 (2 91.33 0 43.00 1 188.00){0.00 0.00 0.00 0.00 17.20 0}{17.20 0.00 0.00 0.00 34.40 0}{34.40 43.00 43.00 43.00 68.80 1}{68.80 0.00 0.00 0.00 86.00 0}{86.00 188.00 188.00 188.00 290.00 1}
10 2 
12 5 
14 16 
18 3 

RANKS: 1 -1 0 4 1
EVENT12: 1010 46d350_46d585_46d629_46d6a5
COMP 4c-0: 46a9bf_46ad1f_46ae62_46af54 (4 14.40 0 14.00 3 15.00){0.00 0.00 0.00 0.00 5.60 0}{5.60 0.00 0.00 0.00 11.20 0}{11.20 14.00 14.50 15.00 16.80 4}{16.80 0.00 0.00 0.00 22.40 0}{22.40 0.00 0.00 0.00 28.00 0}
COMM 4b-0: 46a9bf_46ad1f_46ae62_46af54 (4 233.80 0 102.00 3 474.00){0.00 0.00 0.00 0.00 40.80 0}{40.80 0.00 0.00 0.00 81.60 0}{81.60 102.00 102.00 102.00 204.00 1}{204.00 224.00 245.50 267.00 330.00 2}{330.00 474.00 474.00 474.00 618.00 1}
10 2 

RANKS: 1 -1 1 3 1
EVENT13: 1102 47dac9_47de8e_47dff8_47e117
COMP 4c-0: 46d350_46d585_46d629_46d6a5 (3 12711.00 1 12711.00 1 12711.00){0.00 0.00 0.00 0.00 5084.40 0}{5084.40 0.00 0.00 0.00 10168.80 0}{10168.80 12711.00 12711.00 12711.00 15253.20 3}{15253.20 0.00 0.00 0.00 20337.60 0}{20337.60 0.00 0.00 0.00 25422.00 0}
COMP 4c-1: 47dac9_47de8e_47dff8_47e117 (199 1791.29 3 16.00 3 3601.00){0.00 0.00 0.00 0.00 6.40 0}{6.40 0.00 0.00 0.00 12.80 0}{12.80 16.00 17.43 18.00 25.60 100}{25.60 0.00 0.00 0.00 32.00 0}{32.00 3600.00 3600.99 3601.00 7168.00 99}
COMP 4c-2: 48258a_48290a_482a43_482b37 (398 1863.30 1 1811.00 1 1914.00){0.00 0.00 0.00 0.00 764.00 0}{764.00 0.00 0.00 0.00 1528.00 0}{1528.00 1811.00 1863.18 1914.00 2292.00 398}{2292.00 0.00 0.00 0.00 3056.00 0}{3056.00 0.00 0.00 0.00 3820.00 0}
COMM 4b-0: 46d350_46d585_46d629_46d6a5 (3 423.50 1 218.00 3 880.00){0.00 0.00 0.00 0.00 87.20 0}{87.20 0.00 0.00 0.00 174.40 0}{174.40 218.00 218.00 218.00 348.80 1}{348.80 378.00 378.00 378.00 436.00 1}{436.00 880.00 880.00 880.00 1324.00 1}
COMM 4b-1: 47dac9_47de8e_47dff8_47e117 (199 10.87 3 1.00 3 205.00){0.00 0.00 0.00 0.00 0.80 0}{0.80 1.00 1.00 1.00 1.60 1}{1.60 2.00 2.36 3.00 3.20 64}{3.20 4.00 4.00 4.00 4.00 52}{4.00 5.00 22.11 205.00 284.00 82}
COMM 4b-2: 48258a_48290a_482a43_482b37 (398 58.47 2 2.00 1 3812.00){0.00 2.00 5.56 14.00 14.40 151}{14.40 15.00 16.56 18.00 18.00 9}{18.00 19.00 59.55 109.00 110.00 229}{110.00 123.00 142.80 158.00 164.00 5}{164.00 228.00 1995.00 3812.00 7460.00 4}
LOOP0: iter: ( 200 )[ 1 -1 1 3 1 ] mem: ( 2 )[ 1 -1 1 2 1 ]( 1 )[ 1 -1 3 1 0 ]
10 2 
12 250 
14 16 
1b 0 
2b ( 3 3 3 3 3 3 3 3 3 3 3 3 3 3 3 3 3 3 3 3 3 3 3 3 3 3 3 3 3 3 3 3 3 3 3 3 3 3 3 3 3 3 3 3 3 3 3 3 3 3 3 3 3 3 3 3 3 3 3 3 3 3 3 3 3 3 3 3 3 3 3 3 3 3 3 3 3 3 3 3 3 3 3 3 3 3 3 3 3 3 3 3 3 3 3 3 3 3 3 3 2 2 2 2 2 2 2 2 2 2 2 2 2 2 2 2 2 2 2 2 2 2 2 2 2 2 2 2 2 2 2 2 2 2 2 2 2 2 2 2 2 2 2 2 2 2 2 2 2 2 2 2 2 2 2 2 2 2 2 2 2 2 2 2 2 2 2 2 2 2 2 2 2 2 2 2 2 2 2 2 2 2 2 2 2 2 2 2 2 2 2 2 2 2 2 2 2 2 2 2 )[ 1 -1 1 1 0 ]
2b ( 3 2 )[ 1 -1 3 1 0 ]
2b ( 2 2 2 2 2 2 2 2 2 2 2 2 2 2 2 2 2 2 2 2 2 2 2 2 2 2 2 2 2 2 2 2 2 2 2 2 2 2 2 2 2 2 2 2 2 2 2 2 2 2 2 2 2 2 2 2 2 2 2 2 2 2 2 2 2 2 2 2 2 2 2 2 2 2 2 2 2 2 2 2 2 2 2 2 2 2 2 2 2 2 2 2 2 2 2 2 2 2 2 2 1 1 1 1 1 1 1 1 1 1 1 1 1 1 1 1 1 1 1 1 1 1 1 1 1 1 1 1 1 1 1 1 1 1 1 1 1 1 1 1 1 1 1 1 1 1 1 1 1 1 1 1 1 1 1 1 1 1 1 1 1 1 1 1 1 1 1 1 1 1 1 1 1 1 1 1 1 1 1 1 1 1 1 1 1 1 1 1 1 1 1 1 1 1 1 1 1 1 1 1 )[ 1 -1 2 1 0 ]

RANKS: 1 -1 2 1 0
EVENT14: 1113 48258a_48290a_482a43_482b37
COMP 4c-0: 47dac9_47de8e_47dff8_47e117 (200 1691.78 2 1679.00 2 1705.00){0.00 0.00 0.00 0.00 681.60 0}{681.60 0.00 0.00 0.00 1363.20 0}{1363.20 1679.00 1691.71 1705.00 2044.80 200}{2044.80 0.00 0.00 0.00 2726.40 0}{2726.40 0.00 0.00 0.00 3408.00 0}
COMM 4b-0: 47dac9_47de8e_47dff8_47e117 (200 4.43 2 3.00 2 120.00){0.00 3.00 3.62 4.00 6.00 194}{6.00 7.00 7.00 7.00 12.00 3}{12.00 15.00 16.00 17.00 24.00 2}{24.00 0.00 0.00 0.00 30.00 0}{30.00 120.00 120.00 120.00 210.00 1}
10 2 
12 250 
14 16 
1a 1 1 1 1 1 1 1 1 1 1 1 1 1 1 1 1 1 1 1 1 1 1 1 1 1 1 1 1 1 1 1 1 1 1 1 1 1 1 1 1 1 1 1 1 1 1 1 1 1 1 1 1 1 1 1 1 1 1 1 1 1 1 1 1 1 1 1 1 1 1 1 1 1 1 1 1 1 1 1 1 1 1 1 1 1 1 1 1 1 1 1 1 1 1 1 1 1 1 1 1 2 2 2 2 2 2 2 2 2 2 2 2 2 2 2 2 2 2 2 2 2 2 2 2 2 2 2 2 2 2 2 2 2 2 2 2 2 2 2 2 2 2 2 2 2 2 2 2 2 2 2 2 2 2 2 2 2 2 2 2 2 2 2 2 2 2 2 2 2 2 2 2 2 2 2 2 2 2 2 2 2 2 2 2 2 2 2 2 2 2 2 2 2 2 2 2 2 2 2 2 
1b 0 

RANKS: 1 -1 0 4 1
EVENT15: 1113 48258a_48290a_482a43_482b37
COMP 4c-0: 46a9bf_46ad1f_46ae62_46af54 (1 555440.00 2 555440.00 2 555440.00){0.00 0.00 0.00 0.00 222176.00 0}{222176.00 0.00 0.00 0.00 444352.00 0}{444352.00 555440.00 555440.00 555440.00 666528.00 1}{666528.00 0.00 0.00 0.00 888704.00 0}{888704.00 0.00 0.00 0.00 1110880.00 0}
COMP 4c-1: 46d350_46d585_46d629_46d6a5 (1 14399.00 0 14399.00 0 14399.00){0.00 0.00 0.00 0.00 5759.60 0}{5759.60 0.00 0.00 0.00 11519.20 0}{11519.20 14399.00 14399.00 14399.00 17278.80 1}{17278.80 0.00 0.00 0.00 23038.40 0}{23038.40 0.00 0.00 0.00 28798.00 0}
COMP 4c-2: 47dac9_47de8e_47dff8_47e117 (201 1708.90 1 1679.00 3 5164.00){0.00 0.00 0.00 0.00 681.60 0}{681.60 0.00 0.00 0.00 1363.20 0}{1363.20 1679.00 1691.64 1704.00 2726.40 200}{2726.40 0.00 0.00 0.00 3408.00 0}{3408.00 5164.00 5164.00 5164.00 6920.00 1}
COMP 4c-3: 48258a_48290a_482a43_482b37 (399 1819.10 3 15.00 2 23708.00){0.00 0.00 0.00 0.00 6.40 0}{6.40 0.00 0.00 0.00 12.80 0}{12.80 15.00 16.98 17.00 32.00 200}{32.00 3474.00 3537.99 3601.00 7168.00 198}{7168.00 23708.00 23708.00 23708.00 40248.00 1}
COMM 4b-0: 46a9bf_46ad1f_46ae62_46af54 (1 249.00 2 249.00 2 249.00){0.00 0.00 0.00 0.00 99.60 0}{99.60 0.00 0.00 0.00 199.20 0}{199.20 249.00 249.00 249.00 298.80 1}{298.80 0.00 0.00 0.00 398.40 0}{398.40 0.00 0.00 0.00 498.00 0}
COMM 4b-1: 46d350_46d585_46d629_46d6a5 (1 14.00 0 14.00 0 14.00){0.00 0.00 0.00 0.00 5.60 0}{5.60 0.00 0.00 0.00 11.20 0}{11.20 14.00 14.00 14.00 16.80 1}{16.80 0.00 0.00 0.00 22.40 0}{22.40 0.00 0.00 0.00 28.00 0}
COMM 4b-2: 47dac9_47de8e_47dff8_47e117 (201 4.91 1 3.00 1 162.00){0.00 3.00 3.78 5.00 5.60 190}{5.60 7.00 7.87 10.00 11.20 8}{11.20 14.00 16.50 19.00 22.40 2}{22.40 0.00 0.00 0.00 28.00 0}{28.00 162.00 162.00 162.00 296.00 1}
COMM 4b-3: 48258a_48290a_482a43_482b37 (399 5.74 0 2.00 2 246.00){0.00 0.00 0.00 0.00 1.20 0}{1.20 2.00 2.77 3.00 3.60 217}{3.60 4.00 4.50 6.00 6.00 163}{6.00 7.00 39.50 176.00 236.00 18}{236.00 246.00 246.00 246.00 256.00 1}
LOOP0: iter: ( 200 )[ 1 -1 0 2 3 ]( 2 )[ 1 -1 2 1 0 ] mem: ( 1 )[ 1 -1 0 2 3 ]( 5 )[ 1 -1 2 1 0 ]
10 2 
12 ( 250 )[ 2 -1 0 2 1 -1 3 1 0 ]
12 ( 52020 )[ 1 -1 2 1 0 ]
14 16 
1a ( 1 2 )[ 1 -1 0 1 0 ]
1a ( 2 2 2 2 2 2 2 2 2 2 2 2 2 2 2 2 2 2 2 2 2 2 2 2 2 2 2 2 2 2 2 2 2 2 2 2 2 2 2 2 2 2 2 2 2 2 2 2 2 2 2 2 2 2 2 2 2 2 2 2 2 2 2 2 2 2 2 2 2 2 2 2 2 2 2 2 2 2 2 2 2 2 2 2 2 2 2 2 2 2 2 2 2 2 2 2 2 2 2 2 3 3 3 3 3 3 3 3 3 3 3 3 3 3 3 3 3 3 3 3 3 3 3 3 3 3 3 3 3 3 3 3 3 3 3 3 3 3 3 3 3 3 3 3 3 3 3 3 3 3 3 3 3 3 3 3 3 3 3 3 3 3 3 3 3 3 3 3 3 3 3 3 3 3 3 3 3 3 3 3 3 3 3 3 3 3 3 3 3 3 3 3 3 3 3 3 3 3 3 3 )[ 1 -1 1 1 0 ]
1a ( 3 2 )[ 1 -1 3 1 0 ]
1a ( 1 )[ 1 -1 2 1 0 ]
1b 0 

RANKS: 1 -1 0 1 0
EVENT16: 1102 47dac9_47de8e_47dff8_47e117
COMP 4c-0: 47dac9_47de8e_47dff8_47e117 (199 1728.86 0 16.00 0 3475.00){0.00 0.00 0.00 0.00 6.40 0}{6.40 0.00 0.00 0.00 12.80 0}{12.80 16.00 17.31 18.00 25.60 100}{25.60 0.00 0.00 0.00 32.00 0}{32.00 3475.00 3475.00 3475.00 6918.00 99}
COMP 4c-1: 48258a_48290a_482a43_482b37 (1 1811.00 0 1811.00 0 1811.00){0.00 0.00 0.00 0.00 724.40 0}{724.40 0.00 0.00 0.00 1448.80 0}{1448.80 1811.00 1811.00 1811.00 2173.20 1}{2173.20 0.00 0.00 0.00 2897.60 0}{2897.60 0.00 0.00 0.00 3622.00 0}
COMM 4b-0: 47dac9_47de8e_47dff8_47e117 (199 21.10 0 1.00 0 271.00){0.00 1.00 1.00 1.00 1.20 6}{1.20 2.00 2.34 4.00 4.80 102}{4.80 5.00 5.29 6.00 6.00 14}{6.00 7.00 40.38 72.00 72.00 66}{72.00 73.00 112.09 271.00 470.00 11}
COMM 4b-1: 48258a_48290a_482a43_482b37 (1 4862.00 0 4862.00 0 4862.00){0.00 0.00 0.00 0.00 1944.80 0}{1944.80 0.00 0.00 0.00 3889.60 0}{3889.60 4862.00 4862.00 4862.00 5834.40 1}{5834.40 0.00 0.00 0.00 7779.20 0}{7779.20 0.00 0.00 0.00 9724.00 0}
LOOP0: iter: ( 200 )[ 1 -1 0 1 0 ] mem: ( 1 )[ 1 -1 0 1 0 ]
10 2 
12 250 
14 16 
1b 0 
2b 1 2 

RANKS: 1 -1 1 3 1
EVENT17: 1090 47a456_47a82b_47a996_47aab7
COMP 4c-0: 46a9bf_46ad1f_46ae62_46af54 (2 555271.33 1 555266.00 3 555282.00){0.00 0.00 0.00 0.00 222106.40 0}{222106.40 0.00 0.00 0.00 444212.80 0}{444212.80 555266.00 555274.00 555282.00 666319.20 2}{666319.20 0.00 0.00 0.00 888425.60 0}{888425.60 0.00 0.00 0.00 1110532.00 0}
COMP 4c-1: 48258a_48290a_482a43_482b37 (6 36792.57 2 15.00 3 93481.00){0.00 15.00 15.00 15.00 9407.60 2}{9407.60 0.00 0.00 0.00 18815.20 0}{18815.20 23518.00 23518.50 23519.00 37630.40 2}{37630.40 0.00 0.00 0.00 47038.00 0}{47038.00 93481.00 93481.00 93481.00 139924.00 2}
COMP 4c-2: 48b4e5_48b769_48b83d_48b8f6 (2 93595.00 2 93595.00 2 93595.00){0.00 0.00 0.00 0.00 37438.00 0}{37438.00 0.00 0.00 0.00 74876.00 0}{74876.00 93595.00 93595.00 93595.00 112314.00 2}{112314.00 0.00 0.00 0.00 149752.00 0}{149752.00 0.00 0.00 0.00 187190.00 0}
COMM 4b-0: 46a9bf_46ad1f_46ae62_46af54 (2 6.67 3 4.00 1 8.00){0.00 0.00 0.00 0.00 3.20 0}{3.20 4.00 4.00 4.00 6.40 1}{6.40 8.00 8.00 8.00 9.60 1}{9.60 0.00 0.00 0.00 12.80 0}{12.80 0.00 0.00 0.00 16.00 0}
COMM 4b-1: 48258a_48290a_482a43_482b37 (6 3.29 2 2.00 1 4.00){0.00 0.00 0.00 0.00 1.60 0}{1.60 2.00 2.75 3.00 3.20 4}{3.20 4.00 4.00 4.00 4.80 2}{4.80 0.00 0.00 0.00 6.40 0}{6.40 0.00 0.00 0.00 8.00 0}
COMM 4b-2: 48b4e5_48b769_48b83d_48b8f6 (2 4.00 2 4.00 2 4.00){0.00 0.00 0.00 0.00 1.60 0}{1.60 0.00 0.00 0.00 3.20 0}{3.20 4.00 4.00 4.00 4.80 2}{4.80 0.00 0.00 0.00 6.40 0}{6.40 0.00 0.00 0.00 8.00 0}
LOOP0: iter: ( 2 )[ 1 -1 1 3 1 ] mem: ( 6 )[ 1 -1 1 1 0 ]( 4 )[ 1 -1 3 1 0 ]( 2 )[ 1 -1 2 1 0 ]
LOOP1: iter: ( 2 )[ 1 -1 3 1 0 ] mem: ( 3 )[ 1 -1 3 1 0 ]
10 2 
12 52020 
14 16 
1b 0 
2b 2147483647 

RANKS: 1 -1 1 3 1
EVENT18: 1148 48b4e5_48b769_48b83d_48b8f6
COMP 4c-0: 47a456_47a82b_47a996_47aab7 (10 14.91 3 14.00 1 15.00){0.00 0.00 0.00 0.00 6.00 0}{6.00 0.00 0.00 0.00 12.00 0}{12.00 14.00 14.90 15.00 18.00 10}{18.00 0.00 0.00 0.00 24.00 0}{24.00 0.00 0.00 0.00 30.00 0}
COMM 4b-0: 47a456_47a82b_47a996_47aab7 (10 621.18 3 242.00 2 2256.00){0.00 0.00 0.00 0.00 208.00 0}{208.00 242.00 335.83 398.00 416.00 6}{416.00 482.00 501.00 520.00 832.00 2}{832.00 1040.00 1040.00 1040.00 1040.00 1}{1040.00 2256.00 2256.00 2256.00 3472.00 1}
1c 9999 

RANKS: 1 -1 0 4 1
EVENT19: 1113 48258a_48290a_482a43_482b37
COMP 4c-0: 46a9bf_46ad1f_46ae62_46af54 (1 555423.00 0 555423.00 0 555423.00){0.00 0.00 0.00 0.00 222169.20 0}{222169.20 0.00 0.00 0.00 444338.40 0}{444338.40 555423.00 555423.00 555423.00 666507.60 1}{666507.60 0.00 0.00 0.00 888676.80 0}{888676.80 0.00 0.00 0.00 1110846.00 0}
COMP 4c-1: 47dac9_47de8e_47dff8_47e117 (1 25370.00 0 25370.00 0 25370.00){0.00 0.00 0.00 0.00 10148.00 0}{10148.00 0.00 0.00 0.00 20296.00 0}{20296.00 25370.00 25370.00 25370.00 30444.00 1}{30444.00 0.00 0.00 0.00 40592.00 0}{40592.00 0.00 0.00 0.00 50740.00 0}
COMP 4c-2: 48258a_48290a_482a43_482b37 (2 93665.00 1 93665.00 1 93665.00){0.00 0.00 0.00 0.00 37466.00 0}{37466.00 0.00 0.00 0.00 74932.00 0}{74932.00 93665.00 93665.00 93665.00 112398.00 2}{112398.00 0.00 0.00 0.00 149864.00 0}{149864.00 0.00 0.00 0.00 187330.00 0}
COMP 4c-3: 48b4e5_48b769_48b83d_48b8f6 (10 25845.55 1 370.00 0 93778.00){0.00 370.00 370.88 373.00 37511.20 8}{37511.20 0.00 0.00 0.00 75022.40 0}{75022.40 93778.00 93778.00 93778.00 112533.60 2}{112533.60 0.00 0.00 0.00 150044.80 0}{150044.80 0.00 0.00 0.00 187556.00 0}
COMM 4b-0: 46a9bf_46ad1f_46ae62_46af54 (1 246.00 0 246.00 0 246.00){0.00 0.00 0.00 0.00 98.40 0}{98.40 0.00 0.00 0.00 196.80 0}{196.80 246.00 246.00 246.00 295.20 1}{295.20 0.00 0.00 0.00 393.60 0}{393.60 0.00 0.00 0.00 492.00 0}
COMM 4b-1: 47dac9_47de8e_47dff8_47e117 (1 241.00 0 241.00 0 241.00){0.00 0.00 0.00 0.00 96.40 0}{96.40 0.00 0.00 0.00 192.80 0}{192.80 241.00 241.00 241.00 289.20 1}{289.20 0.00 0.00 0.00 385.60 0}{385.60 0.00 0.00 0.00 482.00 0}
COMM 4b-2: 48258a_48290a_482a43_482b37 (2 256.67 1 254.00 1 258.00){0.00 0.00 0.00 0.00 103.20 0}{103.20 0.00 0.00 0.00 206.40 0}{206.40 254.00 256.00 258.00 309.60 2}{309.60 0.00 0.00 0.00 412.80 0}{412.80 0.00 0.00 0.00 516.00 0}
COMM 4b-3: 48b4e5_48b769_48b83d_48b8f6 (10 237.73 1 233.00 0 243.00){0.00 0.00 0.00 0.00 96.80 0}{96.80 0.00 0.00 0.00 193.60 0}{193.60 233.00 237.30 243.00 290.40 10}{290.40 0.00 0.00 0.00 387.20 0}{387.20 0.00 0.00 0.00 484.00 0}
LOOP0: iter: ( 2 )[ 1 -1 0 2 1 ] mem: ( 4 )[ 1 -1 0 1 0 ]( 1 )[ 1 -1 1 1 0 ]
LOOP1: iter: ( 2 )[ 1 -1 0 1 0 ] mem: ( 3 )[ 1 -1 0 1 0 ]
10 2 
12 52020 
14 16 
1a ( 1 2 )[ 1 -1 0 1 0 ]
1a ( 3 2 )[ 1 -1 1 2 2 ]
1a ( 2 )[ 1 -1 2 1 0 ]
1b 0 

RANKS: 1 -1 0 2 1
EVENT20: 1090 47a456_47a82b_47a996_47aab7
COMP 4c-0: 48258a_48290a_482a43_482b37 (6 14.86 0 14.00 1 16.00){0.00 0.00 0.00 0.00 5.60 0}{5.60 0.00 0.00 0.00 11.20 0}{11.20 14.00 15.00 16.00 16.80 6}{16.80 0.00 0.00 0.00 22.40 0}{22.40 0.00 0.00 0.00 28.00 0}
COMM 4b-0: 48258a_48290a_482a43_482b37 (6 2.57 0 2.00 0 3.00){0.00 0.00 0.00 0.00 1.20 0}{1.20 2.00 2.00 2.00 2.40 3}{2.40 3.00 3.00 3.00 3.60 3}{3.60 0.00 0.00 0.00 4.80 0}{4.80 0.00 0.00 0.00 6.00 0}
10 2 
12 52020 
14 16 
1b 0 
2b 2147483647 

RANKS: 1 -1 0 2 1
EVENT21: 1148 48b4e5_48b769_48b83d_48b8f6
COMP 4c-0: 47a456_47a82b_47a996_47aab7 (6 15.00 0 15.00 0 15.00){0.00 0.00 0.00 0.00 6.00 0}{6.00 0.00 0.00 0.00 12.00 0}{12.00 15.00 15.00 15.00 18.00 6}{18.00 0.00 0.00 0.00 24.00 0}{24.00 0.00 0.00 0.00 30.00 0}
COMM 4b-0: 47a456_47a82b_47a996_47aab7 (6 426.71 1 248.00 0 562.00){0.00 0.00 0.00 0.00 197.60 0}{197.60 248.00 289.50 331.00 395.20 2}{395.20 417.00 478.50 562.00 592.80 4}{592.80 0.00 0.00 0.00 790.40 0}{790.40 0.00 0.00 0.00 988.00 0}
1c 9999 

RANKS: 1 -1 0 4 1
EVENT22: 1004 46a9bf_46ad1f_46ae62_46af54
COMP 4c-0: 48258a_48290a_482a43_482b37 (4 188265.80 2 183945.00 3 194745.00){0.00 0.00 0.00 0.00 73579.60 0}{73579.60 0.00 0.00 0.00 147159.20 0}{147159.20 183945.00 189345.00 194745.00 220738.80 4}{220738.80 0.00 0.00 0.00 294318.40 0}{294318.40 0.00 0.00 0.00 367898.00 0}
COMP 4c-1: 48b4e5_48b769_48b83d_48b8f6 (4 188393.20 1 184072.00 0 194873.00){0.00 0.00 0.00 0.00 73630.40 0}{73630.40 0.00 0.00 0.00 147260.80 0}{147260.80 184072.00 189472.50 194873.00 220891.20 4}{220891.20 0.00 0.00 0.00 294521.60 0}{294521.60 0.00 0.00 0.00 368152.00 0}
COMM 4b-0: 48258a_48290a_482a43_482b37 (4 1444.00 2 206.00 3 2928.00){0.00 206.00 454.67 922.00 1171.20 3}{1171.20 0.00 0.00 0.00 2342.40 0}{2342.40 2928.00 2928.00 2928.00 3513.60 1}{3513.60 0.00 0.00 0.00 4684.80 0}{4684.80 0.00 0.00 0.00 5856.00 0}
COMM 4b-1: 48b4e5_48b769_48b83d_48b8f6 (4 602.80 0 24.00 1 2910.00){0.00 0.00 0.00 0.00 9.60 0}{9.60 0.00 0.00 0.00 19.20 0}{19.20 24.00 24.50 25.00 28.80 2}{28.80 31.00 31.00 31.00 48.00 1}{48.00 2910.00 2910.00 2910.00 5772.00 1}
10 2 
12 1 5 
14 16 
18 1 3 

RANKS: 1 -1 0 4 1
EVENT23: 1010 46d350_46d585_46d629_46d6a5
COMP 4c-0: 46a9bf_46ad1f_46ae62_46af54 (4 21.40 3 20.00 3 23.00){0.00 0.00 0.00 0.00 8.40 0}{8.40 0.00 0.00 0.00 16.80 0}{16.80 20.00 21.50 23.00 25.20 4}{25.20 0.00 0.00 0.00 33.60 0}{33.60 0.00 0.00 0.00 42.00 0}
COMM 4b-0: 46a9bf_46ad1f_46ae62_46af54 (4 59.20 1 7.00 0 75.00){0.00 7.00 7.00 7.00 30.00 1}{30.00 0.00 0.00 0.00 60.00 0}{60.00 64.00 71.33 75.00 90.00 3}{90.00 0.00 0.00 0.00 120.00 0}{120.00 0.00 0.00 0.00 150.00 0}
10 2 

RANKS: 1 -1 2 1 0
EVENT24: 1102 47dac9_47de8e_47dff8_47e117
COMP 4c-0: 46d350_46d585_46d629_46d6a5 (1 12706.00 2 12706.00 2 12706.00){0.00 0.00 0.00 0.00 5082.40 0}{5082.40 0.00 0.00 0.00 10164.80 0}{10164.80 12706.00 12706.00 12706.00 15247.20 1}{15247.20 0.00 0.00 0.00 20329.60 0}{20329.60 0.00 0.00 0.00 25412.00 0}
COMP 4c-1: 48258a_48290a_482a43_482b37 (199 1863.20 2 1813.00 2 1914.00){0.00 0.00 0.00 0.00 764.00 0}{764.00 0.00 0.00 0.00 1528.00 0}{1528.00 1813.00 1862.96 1914.00 2292.00 199}{2292.00 0.00 0.00 0.00 3056.00 0}{3056.00 0.00 0.00 0.00 3820.00 0}
COMM 4b-0: 46d350_46d585_46d629_46d6a5 (1 719.00 2 719.00 2 719.00){0.00 0.00 0.00 0.00 287.60 0}{287.60 0.00 0.00 0.00 575.20 0}{575.20 719.00 719.00 719.00 862.80 1}{862.80 0.00 0.00 0.00 1150.40 0}{1150.40 0.00 0.00 0.00 1438.00 0}
COMM 4b-1: 48258a_48290a_482a43_482b37 (199 79.06 2 2.00 2 9187.00){0.00 2.00 8.58 53.00 55.60 144}{55.60 56.00 85.37 109.00 111.20 46}{111.20 117.00 142.33 207.00 222.40 6}{222.40 225.00 235.50 246.00 278.00 2}{278.00 9187.00 9187.00 9187.00 18096.00 1}
LOOP0: iter: ( 200 )[ 1 -1 2 1 0 ] mem: ( 2 )[ 1 -1 2 1 0 ]
10 2 
12 250 
14 16 
1b 0 
2b 2 2 2 2 2 2 2 2 2 2 2 2 2 2 2 2 2 2 2 2 2 2 2 2 2 2 2 2 2 2 2 2 2 2 2 2 2 2 2 2 2 2 2 2 2 2 2 2 2 2 2 2 2 2 2 2 2 2 2 2 2 2 2 2 2 2 2 2 2 2 2 2 2 2 2 2 2 2 2 2 2 2 2 2 2 2 2 2 2 2 2 2 2 2 2 2 2 2 2 2 1 1 1 1 1 1 1 1 1 1 1 1 1 1 1 1 1 1 1 1 1 1 1 1 1 1 1 1 1 1 1 1 1 1 1 1 1 1 1 1 1 1 1 1 1 1 1 1 1 1 1 1 1 1 1 1 1 1 1 1 1 1 1 1 1 1 1 1 1 1 1 1 1 1 1 1 1 1 1 1 1 1 1 1 1 1 1 1 1 1 1 1 1 1 1 1 1 1 1 1 

RANKS: 1 -1 0 2 2
EVENT25: 1113 48258a_48290a_482a43_482b37
COMP 4c-0: 46d350_46d585_46d629_46d6a5 (1 14399.00 0 14399.00 0 14399.00){0.00 0.00 0.00 0.00 5759.60 0}{5759.60 0.00 0.00 0.00 11519.20 0}{11519.20 14399.00 14399.00 14399.00 17278.80 1}{17278.80 0.00 0.00 0.00 23038.40 0}{23038.40 0.00 0.00 0.00 28798.00 0}
COMP 4c-1: 47dac9_47de8e_47dff8_47e117 (200 1691.61 2 1679.00 2 1705.00){0.00 0.00 0.00 0.00 681.60 0}{681.60 0.00 0.00 0.00 1363.20 0}{1363.20 1679.00 1691.54 1705.00 2044.80 200}{2044.80 0.00 0.00 0.00 2726.40 0}{2726.40 0.00 0.00 0.00 3408.00 0}
COMP 4c-2: 48258a_48290a_482a43_482b37 (49551 1800.39 0 15.00 0 3601.00){0.00 0.00 0.00 0.00 6.00 0}{6.00 0.00 0.00 0.00 12.00 0}{12.00 15.00 17.86 18.00 24.00 24900}{24.00 0.00 0.00 0.00 30.00 0}{30.00 3600.00 3601.00 3601.00 7170.00 24651}
COMP 4c-3: 48b4e5_48b769_48b83d_48b8f6 (248 198469.64 0 198456.00 0 198475.00){0.00 0.00 0.00 0.00 79382.40 0}{79382.40 0.00 0.00 0.00 158764.80 0}{158764.80 198456.00 198469.69 198475.00 238147.20 248}{238147.20 0.00 0.00 0.00 317529.60 0}{317529.60 0.00 0.00 0.00 396912.00 0}
COMM 4b-0: 46d350_46d585_46d629_46d6a5 (1 15.00 0 15.00 0 15.00){0.00 0.00 0.00 0.00 6.00 0}{6.00 0.00 0.00 0.00 12.00 0}{12.00 15.00 15.00 15.00 18.00 1}{18.00 0.00 0.00 0.00 24.00 0}{24.00 0.00 0.00 0.00 30.00 0}
COMM 4b-1: 47dac9_47de8e_47dff8_47e117 (200 3.79 2 3.00 2 17.00){0.00 3.00 3.00 3.00 3.20 73}{3.20 4.00 4.00 4.00 6.40 124}{6.40 8.00 8.00 8.00 12.80 1}{12.80 14.00 14.00 14.00 16.00 1}{16.00 17.00 17.00 17.00 18.00 1}
COMM 4b-2: 48258a_48290a_482a43_482b37 (49551 3.30 0 2.00 0 36.00){0.00 0.00 0.00 0.00 1.20 0}{1.20 2.00 2.00 2.00 2.40 5583}{2.40 2.61 3.10 6.00 6.00 42755}{6.00 6.25 7.01 8.00 8.00 322}{8.00 8.50 20.05 36.00 38.00 891}
COMM 4b-3: 48b4e5_48b769_48b83d_48b8f6 (248 10.98 0 10.00 0 17.00){0.00 0.00 0.00 0.00 4.40 0}{4.40 0.00 0.00 0.00 8.80 0}{8.80 10.00 10.89 12.00 13.20 244}{13.20 16.00 16.25 17.00 17.60 4}{17.60 0.00 0.00 0.00 22.00 0}
LOOP0: iter: ( 249 )[ 1 -1 0 1 0 ] mem: ( 5 )[ 1 -1 0 1 0 ]
LOOP1: iter: ( 200 )[ 1 -1 0 1 0 ] mem: ( 1 )[ 1 -1 0 1 0 ]
10 2 
12 250 
14 16 
1a ( 1 2 )[ 1 -1 0 1 0 ]
1a ( 1 1 1 1 1 1 1 1 1 1 1 1 1 1 1 1 1 1 1 1 1 1 1 1 1 1 1 1 1 1 1 1 1 1 1 1 1 1 1 1 1 1 1 1 1 1 1 1 1 1 1 1 1 1 1 1 1 1 1 1 1 1 1 1 1 1 1 1 1 1 1 1 1 1 1 1 1 1 1 1 1 1 1 1 1 1 1 1 1 1 1 1 1 1 1 1 1 1 1 1 2 2 2 2 2 2 2 2 2 2 2 2 2 2 2 2 2 2 2 2 2 2 2 2 2 2 2 2 2 2 2 2 2 2 2 2 2 2 2 2 2 2 2 2 2 2 2 2 2 2 2 2 2 2 2 2 2 2 2 2 2 2 2 2 2 2 2 2 2 2 2 2 2 2 2 2 2 2 2 2 2 2 2 2 2 2 2 2 2 2 2 2 2 2 2 2 2 2 2 2 )[ 1 -1 2 1 0 ]
1b 0 

RANKS: 2 -1 0 2 1 -1 3 1 0
EVENT26: 1102 47dac9_47de8e_47dff8_47e117
COMP 4c-0: 46d350_46d585_46d629_46d6a5 (2 12706.00 1 12706.00 1 12706.00){0.00 0.00 0.00 0.00 5082.40 0}{5082.40 0.00 0.00 0.00 10164.80 0}{10164.80 12706.00 12706.00 12706.00 15247.20 2}{15247.20 0.00 0.00 0.00 20329.60 0}{20329.60 0.00 0.00 0.00 25412.00 0}
COMP 4c-1: 47dac9_47de8e_47dff8_47e117 (99102 1769.21 0 15.00 3 3602.00){0.00 0.00 0.00 0.00 6.40 0}{6.40 0.00 0.00 0.00 12.80 0}{12.80 15.00 17.89 18.00 25.60 49800}{25.60 0.00 0.00 0.00 32.00 0}{32.00 3474.00 3538.26 3602.00 6916.00 49302}
COMP 4c-2: 48258a_48290a_482a43_482b37 (50048 2828.15 1 1810.00 3 196655.00){0.00 0.00 0.00 0.00 724.80 0}{724.80 0.00 0.00 0.00 1449.60 0}{1449.60 1810.00 1862.94 1914.00 2899.20 49800}{2899.20 0.00 0.00 0.00 3624.00 0}{3624.00 196640.00 196653.85 196655.00 389686.00 248}
COMP 4c-3: 48b4e5_48b769_48b83d_48b8f6 (248 196777.94 1 196764.00 1 196779.00){0.00 0.00 0.00 0.00 78705.60 0}{78705.60 0.00 0.00 0.00 157411.20 0}{157411.20 196764.00 196777.99 196779.00 236116.80 248}{236116.80 0.00 0.00 0.00 314822.40 0}{314822.40 0.00 0.00 0.00 393528.00 0}
COMM 4b-0: 46d350_46d585_46d629_46d6a5 (2 821.67 1 588.00 3 1289.00){0.00 0.00 0.00 0.00 235.20 0}{235.20 0.00 0.00 0.00 470.40 0}{470.40 588.00 588.00 588.00 940.80 1}{940.80 0.00 0.00 0.00 1176.00 0}{1176.00 1289.00 1289.00 1289.00 1402.00 1}
COMM 4b-1: 47dac9_47de8e_47dff8_47e117 (99102 22.21 0 1.00 3 1365.00){0.00 1.00 3.01 6.00 6.00 59942}{6.00 6.22 47.23 106.00 106.00 37507}{106.00 107.00 149.22 282.00 300.00 1649}{300.00 327.00 330.33 335.00 354.00 3}{354.00 1365.00 1365.00 1365.00 2376.00 1}
COMM 4b-2: 48258a_48290a_482a43_482b37 (50048 79.21 1 2.00 0 16668.00){0.00 2.00 40.86 4499.00 4501.20 49770}{4501.20 4534.00 6224.25 8996.00 9002.40 246}{9002.40 9318.00 10521.10 12962.00 13503.60 21}{13503.60 14031.00 15222.36 16668.00 18004.80 11}{18004.80 0.00 0.00 0.00 22506.00 0}
COMM 4b-3: 48b4e5_48b769_48b83d_48b8f6 (248 1860.32 1 20.00 1 6774.00){0.00 20.00 982.99 1420.00 1426.40 109}{1426.40 1437.00 1802.63 2133.00 2139.60 49}{2139.60 2151.00 2735.19 3520.00 3566.00 80}{3566.00 3835.00 3918.75 3985.00 4104.00 4}{4104.00 4136.00 5245.17 6774.00 8008.00 6}
LOOP0: iter: ( 200 )[ 1 -1 0 1 0 ]( 249 )[ 1 -1 1 2 2 ] mem: ( 1 )[ 1 -1 0 1 0 ]( 7 )[ 1 -1 1 1 0 ]( 5 )[ 1 -1 3 1 0 ]
LOOP1: iter: ( 200 )[ 1 -1 1 2 2 ] mem: ( 2 )[ 1 -1 1 1 0 ]( 1 )[ 1 -1 3 1 0 ]
10 2 
12 250 
14 16 
1b 0 
2b ( 1 2 )[ 1 -1 0 1 0 ]
2b ( 3 3 3 3 3 3 3 3 3 3 3 3 3 3 3 3 3 3 3 3 3 3 3 3 3 3 3 3 3 3 3 3 3 3 3 3 3 3 3 3 3 3 3 3 3 3 3 3 3 3 3 3 3 3 3 3 3 3 3 3 3 3 3 3 3 3 3 3 3 3 3 3 3 3 3 3 3 3 3 3 3 3 3 3 3 3 3 3 3 3 3 3 3 3 3 3 3 3 3 3 2 2 2 2 2 2 2 2 2 2 2 2 2 2 2 2 2 2 2 2 2 2 2 2 2 2 2 2 2 2 2 2 2 2 2 2 2 2 2 2 2 2 2 2 2 2 2 2 2 2 2 2 2 2 2 2 2 2 2 2 2 2 2 2 2 2 2 2 2 2 2 2 2 2 2 2 2 2 2 2 2 2 2 2 2 2 2 2 2 2 2 2 2 2 2 2 2 2 2 2 )[ 1 -1 1 1 0 ]
2b ( 3 2 )[ 1 -1 3 1 0 ]

RANKS: 1 -1 0 4 1
EVENT27: 1113 48258a_48290a_482a43_482b37
COMP 4c-0: 47dac9_47de8e_47dff8_47e117 (50298 1826.43 1 1679.00 0 25371.00){0.00 1679.00 1708.83 5164.00 10148.40 50049}{10148.40 0.00 0.00 0.00 20296.80 0}{20296.80 25370.00 25370.09 25371.00 30445.20 249}{30445.20 0.00 0.00 0.00 40593.60 0}{40593.60 0.00 0.00 0.00 50742.00 0}
COMP 4c-1: 48258a_48290a_482a43_482b37 (49552 1738.12 3 15.00 2 23708.00){0.00 0.00 0.00 0.00 6.40 0}{6.40 0.00 0.00 0.00 12.80 0}{12.80 15.00 17.75 18.00 32.00 24900}{32.00 3474.00 3475.05 3476.00 6916.00 24651}{6916.00 23708.00 23708.00 23708.00 40500.00 1}
COMP 4c-2: 48b4e5_48b769_48b83d_48b8f6 (249 93778.02 0 93778.00 0 93779.00){0.00 0.00 0.00 0.00 37511.20 0}{37511.20 0.00 0.00 0.00 75022.40 0}{75022.40 93778.00 93778.02 93779.00 112533.60 249}{112533.60 0.00 0.00 0.00 150044.80 0}{150044.80 0.00 0.00 0.00 187556.00 0}
COMM 4b-0: 47dac9_47de8e_47dff8_47e117 (50298 5.50 1 3.00 0 495.00){0.00 3.00 4.28 68.00 194.40 50049}{194.40 241.00 243.90 291.00 291.60 243}{291.60 297.00 319.50 342.00 388.80 2}{388.80 461.00 471.67 479.00 486.00 3}{486.00 495.00 495.00 495.00 504.00 1}
COMM 4b-1: 48258a_48290a_482a43_482b37 (49552 4.88 3 2.00 2 249.00){0.00 2.00 4.55 12.00 12.00 48758}{12.00 12.57 23.04 30.00 30.00 660}{30.00 31.00 32.28 36.00 36.00 131}{36.00 37.00 39.00 41.00 46.00 2}{46.00 249.00 249.00 249.00 452.00 1}
COMM 4b-2: 48b4e5_48b769_48b83d_48b8f6 (249 247.60 0 241.00 0 487.00){0.00 0.00 0.00 0.00 98.40 0}{98.40 0.00 0.00 0.00 196.80 0}{196.80 241.00 243.09 286.00 295.20 241}{295.20 324.00 346.40 391.00 393.60 5}{393.60 407.00 446.00 487.00 492.00 3}
LOOP0: iter: ( 2 )[ 1 -1 0 1 0 ]( 200 )[ 1 -1 3 1 0 ] mem: ( 3 )[ 1 -1 0 1 0 ]( 1 )[ 1 -1 3 1 0 ]
10 2 
12 ( 52020 )[ 1 -1 0 2 2 ]
12 ( 250 )[ 1 -1 1 2 2 ]
14 16 
1a ( 1 2 )[ 1 -1 0 1 0 ]
1a ( 2 2 2 2 2 2 2 2 2 2 2 2 2 2 2 2 2 2 2 2 2 2 2 2 2 2 2 2 2 2 2 2 2 2 2 2 2 2 2 2 2 2 2 2 2 2 2 2 2 2 2 2 2 2 2 2 2 2 2 2 2 2 2 2 2 2 2 2 2 2 2 2 2 2 2 2 2 2 2 2 2 2 2 2 2 2 2 2 2 2 2 2 2 2 2 2 2 2 2 2 3 3 3 3 3 3 3 3 3 3 3 3 3 3 3 3 3 3 3 3 3 3 3 3 3 3 3 3 3 3 3 3 3 3 3 3 3 3 3 3 3 3 3 3 3 3 3 3 3 3 3 3 3 3 3 3 3 3 3 3 3 3 3 3 3 3 3 3 3 3 3 3 3 3 3 3 3 3 3 3 3 3 3 3 3 3 3 3 3 3 3 3 3 3 3 3 3 3 3 3 )[ 1 -1 1 1 0 ]
1a ( 3 2 )[ 1 -1 3 1 0 ]
1a ( 1 )[ 1 -1 2 1 0 ]
1b 0 

RANKS: 1 -1 0 4 1
EVENT28: 1090 47a456_47a82b_47a996_47aab7
COMP 4c-0: 48258a_48290a_482a43_482b37 (1493 23429.26 0 14.00 3 93482.00){0.00 0.00 0.00 0.00 6.00 0}{6.00 0.00 0.00 0.00 12.00 0}{12.00 14.00 18.89 30.00 30.00 746}{30.00 23518.00 23518.90 23520.00 47006.00 498}{47006.00 93481.00 93481.12 93482.00 139958.00 249}
COMP 4c-1: 48b4e5_48b769_48b83d_48b8f6 (248 93595.00 2 93595.00 2 93595.00){0.00 0.00 0.00 0.00 37438.00 0}{37438.00 0.00 0.00 0.00 74876.00 0}{74876.00 93595.00 93595.00 93595.00 112314.00 248}{112314.00 0.00 0.00 0.00 149752.00 0}{149752.00 0.00 0.00 0.00 187190.00 0}
COMM 4b-0: 48258a_48290a_482a43_482b37 (1493 3.20 0 2.00 1 8.00){0.00 0.00 0.00 0.00 1.60 0}{1.60 2.00 2.65 3.00 3.20 916}{3.20 4.00 4.00 4.00 4.80 548}{4.80 5.00 5.25 6.00 6.40 24}{6.40 7.00 7.60 8.00 8.00 5}
COMM 4b-1: 48b4e5_48b769_48b83d_48b8f6 (248 3.74 2 3.00 2 8.00){0.00 0.00 0.00 0.00 1.60 0}{1.60 3.00 3.00 3.00 3.20 91}{3.20 4.00 4.00 4.00 4.80 149}{4.80 0.00 0.00 0.00 6.40 0}{6.40 7.00 7.38 8.00 8.00 8}
LOOP0: iter: ( 2 )[ 1 -1 3 1 0 ]( 248 )[ 1 -1 2 1 0 ] mem: ( 3 )[ 1 -1 3 1 0 ]( 5 )[ 1 -1 2 1 0 ]
LOOP1: iter: ( 2 )[ 1 -1 2 1 0 ] mem: ( 2 )[ 1 -1 2 1 0 ]
10 2 
12 52020 
14 16 
1b 0 
2b 2147483647 

RANKS: 1 -1 0 4 1
EVENT29: 1148 48b4e5_48b769_48b83d_48b8f6
COMP 4c-0: 47a456_47a82b_47a996_47aab7 (1741 14.63 0 14.00 0 15.00){0.00 0.00 0.00 0.00 6.00 0}{6.00 0.00 0.00 0.00 12.00 0}{12.00 14.00 14.63 15.00 18.00 1741}{18.00 0.00 0.00 0.00 24.00 0}{24.00 0.00 0.00 0.00 30.00 0}
COMM 4b-0: 47a456_47a82b_47a996_47aab7 (1741 1340.15 2 228.00 3 14916.00){0.00 228.00 518.58 782.00 812.00 1250}{812.00 859.00 2020.16 2036.28 2052.00 147}{2052.00 2334.00 2853.93 2917.00 2966.00 213}{2966.00 3888.11 3942.38 6615.53 7604.00 76}{7604.00 8047.31 8753.48 14916.00 22228.00 55}
1c 9999 

RANKS: 1 -1 2 1 0
EVENT30: 1113 48258a_48290a_482a43_482b37
COMP 4c-0: 47dac9_47de8e_47dff8_47e117 (49352 1695.46 2 1679.00 2 1708.00){0.00 0.00 0.00 0.00 681.60 0}{681.60 0.00 0.00 0.00 1363.20 0}{1363.20 1679.00 1695.46 1708.00 2044.80 49352}{2044.80 0.00 0.00 0.00 2726.40 0}{2726.40 0.00 0.00 0.00 3408.00 0}
COMP 4c-1: 48b4e5_48b769_48b83d_48b8f6 (248 373.12 2 373.00 2 374.00){0.00 0.00 0.00 0.00 149.20 0}{149.20 0.00 0.00 0.00 298.40 0}{298.40 373.00 373.12 374.00 447.60 248}{447.60 0.00 0.00 0.00 596.80 0}{596.80 0.00 0.00 0.00 746.00 0}
COMM 4b-0: 47dac9_47de8e_47dff8_47e117 (49352 3.96 2 3.00 2 107.00){0.00 3.00 3.71 5.00 6.40 47766}{6.40 7.00 8.77 12.50 12.80 908}{12.80 13.00 14.97 20.00 20.00 660}{20.00 22.00 26.41 51.00 82.00 17}{82.00 107.00 107.00 107.00 132.00 1}
COMM 4b-1: 48b4e5_48b769_48b83d_48b8f6 (248 235.67 2 232.00 2 243.00){0.00 0.00 0.00 0.00 93.60 0}{93.60 0.00 0.00 0.00 187.20 0}{187.20 232.00 235.67 243.00 280.80 248}{280.80 0.00 0.00 0.00 374.40 0}{374.40 0.00 0.00 0.00 468.00 0}
LOOP0: iter: ( 200 )[ 1 -1 2 1 0 ] mem: ( 2 )[ 1 -1 2 1 0 ]
10 2 
12 52020 250 250 250 250 250 250 250 250 250 250 250 250 250 250 250 250 250 250 250 250 250 250 250 250 250 250 250 250 250 250 250 250 250 250 250 250 250 250 250 250 250 250 250 250 250 250 250 250 250 250 250 250 250 250 250 250 250 250 250 250 250 250 250 250 250 250 250 250 250 250 250 250 250 250 250 250 250 250 250 250 250 250 250 250 250 250 250 250 250 250 250 250 250 250 250 250 250 250 250 250 250 250 250 250 250 250 250 250 250 250 250 250 250 250 250 250 250 250 250 250 250 250 250 250 250 250 250 250 250 250 250 250 250 250 250 250 250 250 250 250 250 250 250 250 250 250 250 250 250 250 250 250 250 250 250 250 250 250 250 250 250 250 250 250 250 250 250 250 250 250 250 250 250 250 250 250 250 250 250 250 250 250 250 250 250 250 250 250 250 250 250 250 250 250 250 250 250 250 250 
14 16 
1a 2 1 1 1 1 1 1 1 1 1 1 1 1 1 1 1 1 1 1 1 1 1 1 1 1 1 1 1 1 1 1 1 1 1 1 1 1 1 1 1 1 1 1 1 1 1 1 1 1 1 1 1 1 1 1 1 1 1 1 1 1 1 1 1 1 1 1 1 1 1 1 1 1 1 1 1 1 1 1 1 1 1 1 1 1 1 1 1 1 1 1 1 1 1 1 1 1 1 1 1 1 2 2 2 2 2 2 2 2 2 2 2 2 2 2 2 2 2 2 2 2 2 2 2 2 2 2 2 2 2 2 2 2 2 2 2 2 2 2 2 2 2 2 2 2 2 2 2 2 2 2 2 2 2 2 2 2 2 2 2 2 2 2 2 2 2 2 2 2 2 2 2 2 2 2 2 2 2 2 2 2 2 2 2 2 2 2 2 2 2 2 2 2 2 2 2 2 2 2 2 
1b 0 

RANKS: 1 -1 2 1 0
EVENT31: 1102 47dac9_47de8e_47dff8_47e117
COMP 4c-0: 48258a_48290a_482a43_482b37 (49600 2837.38 2 1809.00 2 196636.00){0.00 1809.00 1859.60 1911.00 78654.40 49352}{78654.40 0.00 0.00 0.00 157308.80 0}{157308.80 196635.00 196635.96 196636.00 235963.20 248}{235963.20 0.00 0.00 0.00 314617.60 0}{314617.60 0.00 0.00 0.00 393272.00 0}
COMM 4b-0: 48258a_48290a_482a43_482b37 (49600 52.45 2 2.00 2 15300.00){0.00 2.00 24.48 556.00 579.20 49113}{579.20 633.00 1659.40 3436.00 3484.00 348}{3484.00 3496.00 5127.88 7790.00 7810.00 122}{7810.00 7951.00 8250.60 8441.00 8916.00 5}{8916.00 9295.00 12812.33 15300.00 15636.00 12}
10 2 
12 250 
14 16 
1b 0 
2b 2 2 2 2 2 2 2 2 2 2 2 2 2 2 2 2 2 2 2 2 2 2 2 2 2 2 2 2 2 2 2 2 2 2 2 2 2 2 2 2 2 2 2 2 2 2 2 2 2 2 2 2 2 2 2 2 2 2 2 2 2 2 2 2 2 2 2 2 2 2 2 2 2 2 2 2 2 2 2 2 2 2 2 2 2 2 2 2 2 2 2 2 2 2 2 2 2 2 2 2 1 1 1 1 1 1 1 1 1 1 1 1 1 1 1 1 1 1 1 1 1 1 1 1 1 1 1 1 1 1 1 1 1 1 1 1 1 1 1 1 1 1 1 1 1 1 1 1 1 1 1 1 1 1 1 1 1 1 1 1 1 1 1 1 1 1 1 1 1 1 1 1 1 1 1 1 1 1 1 1 1 1 1 1 1 1 1 1 1 1 1 1 1 1 1 1 1 1 1 1 

RANKS: 1 -1 0 4 1
EVENT32: 1113 48258a_48290a_482a43_482b37
COMP 4c-0: 47dac9_47de8e_47dff8_47e117 (248 1682.85 2 1681.00 2 1683.00){0.00 0.00 0.00 0.00 672.80 0}{672.80 0.00 0.00 0.00 1345.60 0}{1345.60 1681.00 1682.85 1683.00 2018.40 248}{2018.40 0.00 0.00 0.00 2691.20 0}{2691.20 0.00 0.00 0.00 3364.00 0}
COMP 4c-1: 48258a_48290a_482a43_482b37 (696 42409.79 0 15.00 1 93665.00){0.00 0.00 0.00 0.00 6.00 0}{6.00 0.00 0.00 0.00 12.00 0}{12.00 15.00 17.97 18.00 30.00 100}{30.00 3601.00 3601.00 3601.00 7172.00 99}{7172.00 23704.00 58755.15 93665.00 180156.00 497}
COMP 4c-2: 48b4e5_48b769_48b83d_48b8f6 (748 899.45 1 370.00 0 198475.00){0.00 370.00 370.47 371.00 79390.00 747}{79390.00 0.00 0.00 0.00 158780.00 0}{158780.00 198475.00 198475.00 198475.00 238170.00 1}{238170.00 0.00 0.00 0.00 317560.00 0}{317560.00 0.00 0.00 0.00 396950.00 0}
COMM 4b-0: 47dac9_47de8e_47dff8_47e117 (248 4.02 2 3.00 2 13.00){0.00 0.00 0.00 0.00 1.60 0}{1.60 3.00 3.00 3.00 3.20 66}{3.20 4.00 4.00 4.00 6.40 172}{6.40 7.00 7.00 7.00 8.00 2}{8.00 9.00 12.00 13.00 18.00 8}
COMM 4b-1: 48258a_48290a_482a43_482b37 (696 189.74 0 2.00 2 986.00){0.00 2.00 3.32 24.00 34.00 199}{34.00 244.00 251.60 431.00 458.00 477}{458.00 471.83 481.33 515.00 520.00 9}{520.00 535.00 625.30 747.00 974.00 10}{974.00 986.00 986.00 986.00 998.00 1}
COMM 4b-2: 48b4e5_48b769_48b83d_48b8f6 (748 242.33 0 11.00 3 333.00){0.00 0.00 0.00 0.00 4.40 0}{4.40 0.00 0.00 0.00 8.80 0}{8.80 11.00 11.00 11.00 17.60 1}{17.60 0.00 0.00 0.00 22.00 0}{22.00 232.00 242.95 333.00 442.00 747}
LOOP0: iter: ( 200 )[ 1 -1 0 1 0 ]( 2 )[ 1 -1 1 2 1 ] mem: ( 1 )[ 1 -1 0 3 1 ]
10 2 
12 ( 250 )[ 1 -1 0 1 0 ]
12 ( 52020 )[ 1 -1 1 2 2 ]
12 ( 250 52020 )[ 1 -1 2 1 0 ]
14 16 
1a ( 1 2 )[ 1 -1 0 1 0 ]
1a ( 3 2 )[ 1 -1 1 2 2 ]
1a ( 2 1 )[ 1 -1 2 1 0 ]
1b 0 

RANKS: 1 -1 1 2 1
EVENT33: 1090 47a456_47a82b_47a996_47aab7
COMP 4c-0: 48258a_48290a_482a43_482b37 (250 16.05 1 16.00 2 29.00){0.00 0.00 0.00 0.00 6.40 0}{6.40 0.00 0.00 0.00 12.80 0}{12.80 16.00 16.00 16.00 19.20 249}{19.20 0.00 0.00 0.00 25.60 0}{25.60 29.00 29.00 29.00 32.00 1}
COMP 4c-1: 48b4e5_48b769_48b83d_48b8f6 (1 93595.00 2 93595.00 2 93595.00){0.00 0.00 0.00 0.00 37438.00 0}{37438.00 0.00 0.00 0.00 74876.00 0}{74876.00 93595.00 93595.00 93595.00 112314.00 1}{112314.00 0.00 0.00 0.00 149752.00 0}{149752.00 0.00 0.00 0.00 187190.00 0}
COMM 4b-0: 48258a_48290a_482a43_482b37 (250 3.47 1 2.00 1 118.00){0.00 0.00 0.00 0.00 1.60 0}{1.60 2.00 2.45 3.00 3.20 159}{3.20 4.00 4.00 4.00 4.00 88}{4.00 5.00 5.00 5.00 6.00 2}{6.00 118.00 118.00 118.00 230.00 1}
COMM 4b-1: 48b4e5_48b769_48b83d_48b8f6 (1 3.00 2 3.00 2 3.00){0.00 0.00 0.00 0.00 1.20 0}{1.20 0.00 0.00 0.00 2.40 0}{2.40 3.00 3.00 3.00 3.60 1}{3.60 0.00 0.00 0.00 4.80 0}{4.80 0.00 0.00 0.00 6.00 0}
LOOP0: iter: ( 2 )[ 1 -1 2 1 0 ] mem: ( 2 )[ 1 -1 2 1 0 ]
10 2 
12 52020 
14 16 
1b 0 
2b 2147483647 

RANKS: 1 -1 1 2 1
EVENT34: 1148 48b4e5_48b769_48b83d_48b8f6
COMP 4c-0: 47a456_47a82b_47a996_47aab7 (251 14.95 1 14.00 1 15.00){0.00 0.00 0.00 0.00 6.00 0}{6.00 0.00 0.00 0.00 12.00 0}{12.00 14.00 14.95 15.00 18.00 251}{18.00 0.00 0.00 0.00 24.00 0}{24.00 0.00 0.00 0.00 30.00 0}
COMM 4b-0: 47a456_47a82b_47a996_47aab7 (251 306.57 1 228.00 2 2458.00){0.00 0.00 0.00 0.00 145.60 0}{145.60 228.00 259.73 290.00 291.20 145}{291.20 292.00 350.21 403.00 582.40 105}{582.40 0.00 0.00 0.00 728.00 0}{728.00 2458.00 2458.00 2458.00 4188.00 1}
1c 9999 

RANKS: 1 -1 2 1 0
EVENT35: 1113 48258a_48290a_482a43_482b37
COMP 4c-0: 47dac9_47de8e_47dff8_47e117 (199 1695.42 2 1682.00 2 1708.00){0.00 0.00 0.00 0.00 681.60 0}{681.60 0.00 0.00 0.00 1363.20 0}{1363.20 1682.00 1695.38 1708.00 2044.80 199}{2044.80 0.00 0.00 0.00 2726.40 0}{2726.40 0.00 0.00 0.00 3408.00 0}
COMP 4c-1: 48b4e5_48b769_48b83d_48b8f6 (1 374.00 2 374.00 2 374.00){0.00 0.00 0.00 0.00 149.60 0}{149.60 0.00 0.00 0.00 299.20 0}{299.20 374.00 374.00 374.00 448.80 1}{448.80 0.00 0.00 0.00 598.40 0}{598.40 0.00 0.00 0.00 748.00 0}
COMM 4b-0: 47dac9_47de8e_47dff8_47e117 (199 3.72 2 3.00 2 8.00){0.00 3.00 3.00 3.00 3.20 65}{3.20 4.00 4.01 5.00 6.40 133}{6.40 8.00 8.00 8.00 9.60 1}{9.60 0.00 0.00 0.00 12.80 0}{12.80 0.00 0.00 0.00 16.00 0}
COMM 4b-1: 48b4e5_48b769_48b83d_48b8f6 (1 234.00 2 234.00 2 234.00){0.00 0.00 0.00 0.00 93.60 0}{93.60 0.00 0.00 0.00 187.20 0}{187.20 234.00 234.00 234.00 280.80 1}{280.80 0.00 0.00 0.00 374.40 0}{374.40 0.00 0.00 0.00 468.00 0}
LOOP0: iter: ( 200 )[ 1 -1 2 1 0 ] mem: ( 2 )[ 1 -1 2 1 0 ]
10 2 
12 52020 250 250 250 250 250 250 250 250 250 250 250 250 250 250 250 250 250 250 250 250 250 250 250 250 250 250 250 250 250 250 250 250 250 250 250 250 250 250 250 250 250 250 250 250 250 250 250 250 250 250 250 250 250 250 250 250 250 250 250 250 250 250 250 250 250 250 250 250 250 250 250 250 250 250 250 250 250 250 250 250 250 250 250 250 250 250 250 250 250 250 250 250 250 250 250 250 250 250 250 250 250 250 250 250 250 250 250 250 250 250 250 250 250 250 250 250 250 250 250 250 250 250 250 250 250 250 250 250 250 250 250 250 250 250 250 250 250 250 250 250 250 250 250 250 250 250 250 250 250 250 250 250 250 250 250 250 250 250 250 250 250 250 250 250 250 250 250 250 250 250 250 250 250 250 250 250 250 250 250 250 250 250 250 250 250 250 250 250 250 250 250 250 250 250 250 250 250 250 250 
14 16 
1a 2 1 1 1 1 1 1 1 1 1 1 1 1 1 1 1 1 1 1 1 1 1 1 1 1 1 1 1 1 1 1 1 1 1 1 1 1 1 1 1 1 1 1 1 1 1 1 1 1 1 1 1 1 1 1 1 1 1 1 1 1 1 1 1 1 1 1 1 1 1 1 1 1 1 1 1 1 1 1 1 1 1 1 1 1 1 1 1 1 1 1 1 1 1 1 1 1 1 1 1 1 2 2 2 2 2 2 2 2 2 2 2 2 2 2 2 2 2 2 2 2 2 2 2 2 2 2 2 2 2 2 2 2 2 2 2 2 2 2 2 2 2 2 2 2 2 2 2 2 2 2 2 2 2 2 2 2 2 2 2 2 2 2 2 2 2 2 2 2 2 2 2 2 2 2 2 2 2 2 2 2 2 2 2 2 2 2 2 2 2 2 2 2 2 2 2 2 2 2 2 
1b 0 

RANKS: 1 -1 0 4 1
EVENT36: 1102 47dac9_47de8e_47dff8_47e117
COMP 4c-0: 47dac9_47de8e_47dff8_47e117 (398 1764.75 3 15.00 3 3601.00){0.00 0.00 0.00 0.00 6.40 0}{6.40 0.00 0.00 0.00 12.80 0}{12.80 15.00 17.98 18.00 25.60 200}{25.60 0.00 0.00 0.00 32.00 0}{32.00 3475.00 3538.00 3601.00 6918.00 198}
COMP 4c-1: 48258a_48290a_482a43_482b37 (401 2830.24 2 1809.00 3 196655.00){0.00 0.00 0.00 0.00 724.80 0}{724.80 0.00 0.00 0.00 1449.60 0}{1449.60 1809.00 1861.29 1914.00 2899.20 399}{2899.20 0.00 0.00 0.00 3624.00 0}{3624.00 196635.00 196645.00 196655.00 389686.00 2}
COMP 4c-2: 48b4e5_48b769_48b83d_48b8f6 (1 196779.00 1 196779.00 1 196779.00){0.00 0.00 0.00 0.00 78711.60 0}{78711.60 0.00 0.00 0.00 157423.20 0}{157423.20 196779.00 196779.00 196779.00 236134.80 1}{236134.80 0.00 0.00 0.00 314846.40 0}{314846.40 0.00 0.00 0.00 393558.00 0}
COMM 4b-0: 47dac9_47de8e_47dff8_47e117 (398 7.74 0 1.00 3 83.00){0.00 0.00 0.00 0.00 0.80 0}{0.80 1.00 1.00 1.00 1.60 9}{1.60 2.00 2.02 3.00 3.20 110}{3.20 3.76 3.78 4.00 4.00 101}{4.00 5.00 13.89 83.00 140.00 178}
COMM 4b-1: 48258a_48290a_482a43_482b37 (401 73.72 1 3.00 0 5181.00){0.00 3.00 24.50 1399.00 2072.40 397}{2072.40 2240.00 3182.67 3831.00 4144.80 3}{4144.80 5181.00 5181.00 5181.00 6217.20 1}{6217.20 0.00 0.00 0.00 8289.60 0}{8289.60 0.00 0.00 0.00 10362.00 0}
COMM 4b-2: 48b4e5_48b769_48b83d_48b8f6 (1 972.00 1 972.00 1 972.00){0.00 0.00 0.00 0.00 388.80 0}{388.80 0.00 0.00 0.00 777.60 0}{777.60 972.00 972.00 972.00 1166.40 1}{1166.40 0.00 0.00 0.00 1555.20 0}{1555.20 0.00 0.00 0.00 1944.00 0}
LOOP0: iter: ( 200 )[ 2 -1 0 2 1 -1 3 1 0 ] mem: ( 1 )[ 1 -1 0 2 3 ]( 2 )[ 1 -1 1 1 0 ]
10 2 
12 250 
14 16 
1b 0 
2b ( 1 2 )[ 1 -1 0 1 0 ]
2b ( 3 3 3 3 3 3 3 3 3 3 3 3 3 3 3 3 3 3 3 3 3 3 3 3 3 3 3 3 3 3 3 3 3 3 3 3 3 3 3 3 3 3 3 3 3 3 3 3 3 3 3 3 3 3 3 3 3 3 3 3 3 3 3 3 3 3 3 3 3 3 3 3 3 3 3 3 3 3 3 3 3 3 3 3 3 3 3 3 3 3 3 3 3 3 3 3 3 3 3 3 2 2 2 2 2 2 2 2 2 2 2 2 2 2 2 2 2 2 2 2 2 2 2 2 2 2 2 2 2 2 2 2 2 2 2 2 2 2 2 2 2 2 2 2 2 2 2 2 2 2 2 2 2 2 2 2 2 2 2 2 2 2 2 2 2 2 2 2 2 2 2 2 2 2 2 2 2 2 2 2 2 2 2 2 2 2 2 2 2 2 2 2 2 2 2 2 2 2 2 2 )[ 1 -1 1 1 0 ]
2b ( 3 2 )[ 1 -1 3 1 0 ]
2b ( 2 2 2 2 2 2 2 2 2 2 2 2 2 2 2 2 2 2 2 2 2 2 2 2 2 2 2 2 2 2 2 2 2 2 2 2 2 2 2 2 2 2 2 2 2 2 2 2 2 2 2 2 2 2 2 2 2 2 2 2 2 2 2 2 2 2 2 2 2 2 2 2 2 2 2 2 2 2 2 2 2 2 2 2 2 2 2 2 2 2 2 2 2 2 2 2 2 2 2 2 1 1 1 1 1 1 1 1 1 1 1 1 1 1 1 1 1 1 1 1 1 1 1 1 1 1 1 1 1 1 1 1 1 1 1 1 1 1 1 1 1 1 1 1 1 1 1 1 1 1 1 1 1 1 1 1 1 1 1 1 1 1 1 1 1 1 1 1 1 1 1 1 1 1 1 1 1 1 1 1 1 1 1 1 1 1 1 1 1 1 1 1 1 1 1 1 1 1 1 1 )[ 1 -1 2 1 0 ]

RANKS: 1 -1 1 3 1
EVENT37: 1113 48258a_48290a_482a43_482b37
COMP 4c-0: 47dac9_47de8e_47dff8_47e117 (202 1708.63 1 1679.00 3 5164.00){0.00 0.00 0.00 0.00 681.60 0}{681.60 0.00 0.00 0.00 1363.20 0}{1363.20 1679.00 1691.46 1704.00 2726.40 201}{2726.40 0.00 0.00 0.00 3408.00 0}{3408.00 5164.00 5164.00 5164.00 6920.00 1}
COMP 4c-1: 48258a_48290a_482a43_482b37 (199 1729.18 3 15.00 3 3475.00){0.00 0.00 0.00 0.00 6.00 0}{6.00 0.00 0.00 0.00 12.00 0}{12.00 15.00 17.96 18.00 24.00 100}{24.00 0.00 0.00 0.00 30.00 0}{30.00 3475.00 3475.00 3475.00 6920.00 99}
COMM 4b-0: 47dac9_47de8e_47dff8_47e117 (202 3.86 1 3.00 1 15.00){0.00 3.00 3.67 4.00 5.60 198}{5.60 7.00 7.50 8.00 11.20 2}{11.20 14.00 14.50 15.00 16.80 2}{16.80 0.00 0.00 0.00 22.40 0}{22.40 0.00 0.00 0.00 28.00 0}
COMM 4b-1: 48258a_48290a_482a43_482b37 (199 5.21 3 3.00 3 32.00){0.00 0.00 0.00 0.00 2.40 0}{2.40 3.00 3.84 4.00 4.80 99}{4.80 5.00 5.86 6.00 6.00 95}{6.00 7.00 7.00 7.00 8.00 2}{8.00 25.00 29.33 32.00 42.00 3}
LOOP0: iter: ( 200 )[ 1 -1 3 1 0 ] mem: ( 1 )[ 1 -1 3 1 0 ]
10 2 
12 250 
14 16 
1a ( 2 2 2 2 2 2 2 2 2 2 2 2 2 2 2 2 2 2 2 2 2 2 2 2 2 2 2 2 2 2 2 2 2 2 2 2 2 2 2 2 2 2 2 2 2 2 2 2 2 2 2 2 2 2 2 2 2 2 2 2 2 2 2 2 2 2 2 2 2 2 2 2 2 2 2 2 2 2 2 2 2 2 2 2 2 2 2 2 2 2 2 2 2 2 2 2 2 2 2 2 3 3 3 3 3 3 3 3 3 3 3 3 3 3 3 3 3 3 3 3 3 3 3 3 3 3 3 3 3 3 3 3 3 3 3 3 3 3 3 3 3 3 3 3 3 3 3 3 3 3 3 3 3 3 3 3 3 3 3 3 3 3 3 3 3 3 3 3 3 3 3 3 3 3 3 3 3 3 3 3 3 3 3 3 3 3 3 3 3 3 3 3 3 3 3 3 3 3 3 3 )[ 1 -1 1 1 0 ]
1a ( 3 2 )[ 1 -1 3 1 0 ]
1a ( 2 )[ 1 -1 2 1 0 ]
1b 0 

RANKS: 1 -1 0 4 1
EVENT38: 1004 46a9bf_46ad1f_46ae62_46af54
COMP 4c-0: 47dac9_47de8e_47dff8_47e117 (1 24523.00 0 24523.00 0 24523.00){0.00 0.00 0.00 0.00 9809.20 0}{9809.20 0.00 0.00 0.00 19618.40 0}{19618.40 24523.00 24523.00 24523.00 29427.60 1}{29427.60 0.00 0.00 0.00 39236.80 0}{39236.80 0.00 0.00 0.00 49046.00 0}
COMP 4c-1: 48258a_48290a_482a43_482b37 (3 22859.50 2 22857.00 1 22861.00){0.00 0.00 0.00 0.00 9144.40 0}{9144.40 0.00 0.00 0.00 18288.80 0}{18288.80 22857.00 22859.00 22861.00 27433.20 3}{27433.20 0.00 0.00 0.00 36577.60 0}{36577.60 0.00 0.00 0.00 45722.00 0}
COMM 4b-0: 47dac9_47de8e_47dff8_47e117 (1 21.00 0 21.00 0 21.00){0.00 0.00 0.00 0.00 8.40 0}{8.40 0.00 0.00 0.00 16.80 0}{16.80 21.00 21.00 21.00 25.20 1}{25.20 0.00 0.00 0.00 33.60 0}{33.60 0.00 0.00 0.00 42.00 0}
COMM 4b-1: 48258a_48290a_482a43_482b37 (3 794.00 1 374.00 2 1237.00){0.00 0.00 0.00 0.00 149.60 0}{149.60 0.00 0.00 0.00 299.20 0}{299.20 374.00 374.00 374.00 598.40 1}{598.40 0.00 0.00 0.00 748.00 0}{748.00 1191.00 1214.00 1237.00 1634.00 2}
10 2 
12 5 
14 16 
18 3 

RANKS: 1 -1 0 2 2
EVENT39: 1113 48258a_48290a_482a43_482b37
COMP 4c-0: 46a9bf_46ad1f_46ae62_46af54 (2 11659.00 0 11659.00 0 11659.00){0.00 0.00 0.00 0.00 4663.60 0}{4663.60 0.00 0.00 0.00 9327.20 0}{9327.20 11659.00 11659.00 11659.00 13990.80 2}{13990.80 0.00 0.00 0.00 18654.40 0}{18654.40 0.00 0.00 0.00 23318.00 0}
COMP 4c-1: 48b4e5_48b769_48b83d_48b8f6 (1 93778.00 0 93778.00 0 93778.00){0.00 0.00 0.00 0.00 37511.20 0}{37511.20 0.00 0.00 0.00 75022.40 0}{75022.40 93778.00 93778.00 93778.00 112533.60 1}{112533.60 0.00 0.00 0.00 150044.80 0}{150044.80 0.00 0.00 0.00 187556.00 0}
COMM 4b-0: 46a9bf_46ad1f_46ae62_46af54 (2 246.00 0 244.00 2 250.00){0.00 0.00 0.00 0.00 97.60 0}{97.60 0.00 0.00 0.00 195.20 0}{195.20 244.00 247.00 250.00 292.80 2}{292.80 0.00 0.00 0.00 390.40 0}{390.40 0.00 0.00 0.00 488.00 0}
COMM 4b-1: 48b4e5_48b769_48b83d_48b8f6 (1 246.00 0 246.00 0 246.00){0.00 0.00 0.00 0.00 98.40 0}{98.40 0.00 0.00 0.00 196.80 0}{196.80 246.00 246.00 246.00 295.20 1}{295.20 0.00 0.00 0.00 393.60 0}{393.60 0.00 0.00 0.00 492.00 0}
LOOP0: iter: ( 2 )[ 1 -1 0 1 0 ] mem: ( 3 )[ 1 -1 0 1 0 ]
10 2 
12 52020 
14 16 
1a ( 1 2 )[ 1 -1 0 1 0 ]
1a ( 1 )[ 1 -1 2 1 0 ]
1b 0 

RANKS: 1 -1 0 4 1
EVENT40: 1090 47a456_47a82b_47a996_47aab7
COMP 4c-0: 46a9bf_46ad1f_46ae62_46af54 (2 11470.00 1 11470.00 1 11470.00){0.00 0.00 0.00 0.00 4588.00 0}{4588.00 0.00 0.00 0.00 9176.00 0}{9176.00 11470.00 11470.00 11470.00 13764.00 2}{13764.00 0.00 0.00 0.00 18352.00 0}{18352.00 0.00 0.00 0.00 22940.00 0}
COMP 4c-1: 48258a_48290a_482a43_482b37 (4 18707.60 0 14.00 3 93481.00){0.00 0.00 0.00 0.00 5.60 0}{5.60 0.00 0.00 0.00 11.20 0}{11.20 14.00 14.33 15.00 22.40 3}{22.40 0.00 0.00 0.00 28.00 0}{28.00 93481.00 93481.00 93481.00 186934.00 1}
COMP 4c-2: 48b4e5_48b769_48b83d_48b8f6 (1 93595.00 2 93595.00 2 93595.00){0.00 0.00 0.00 0.00 37438.00 0}{37438.00 0.00 0.00 0.00 74876.00 0}{74876.00 93595.00 93595.00 93595.00 112314.00 1}{112314.00 0.00 0.00 0.00 149752.00 0}{149752.00 0.00 0.00 0.00 187190.00 0}
COMM 4b-0: 46a9bf_46ad1f_46ae62_46af54 (2 4.67 3 4.00 1 5.00){0.00 0.00 0.00 0.00 2.00 0}{2.00 4.00 4.00 4.00 4.00 1}{4.00 5.00 5.00 5.00 6.00 1}{6.00 0.00 0.00 0.00 8.00 0}{8.00 0.00 0.00 0.00 10.00 0}
COMM 4b-1: 48258a_48290a_482a43_482b37 (4 2.60 0 2.00 3 4.00){0.00 0.00 0.00 0.00 0.80 0}{0.80 0.00 0.00 0.00 1.60 0}{1.60 2.00 2.00 2.00 2.40 2}{2.40 3.00 3.00 3.00 3.20 1}{3.20 4.00 4.00 4.00 4.00 1}
COMM 4b-2: 48b4e5_48b769_48b83d_48b8f6 (1 4.00 2 4.00 2 4.00){0.00 0.00 0.00 0.00 1.60 0}{1.60 0.00 0.00 0.00 3.20 0}{3.20 4.00 4.00 4.00 4.80 1}{4.80 0.00 0.00 0.00 6.40 0}{6.40 0.00 0.00 0.00 8.00 0}
LOOP0: iter: ( 2 )[ 1 -1 2 2 1 ] mem: ( 3 )[ 1 -1 3 1 0 ]( 2 )[ 1 -1 2 1 0 ]
10 2 
12 52020 
14 16 
1b 0 
2b 2147483647 

RANKS: 1 -1 0 4 1
EVENT41: 1148 48b4e5_48b769_48b83d_48b8f6
COMP 4c-0: 47a456_47a82b_47a996_47aab7 (7 14.62 0 14.00 0 15.00){0.00 0.00 0.00 0.00 5.60 0}{5.60 0.00 0.00 0.00 11.20 0}{11.20 14.00 14.71 15.00 16.80 7}{16.80 0.00 0.00 0.00 22.40 0}{22.40 0.00 0.00 0.00 28.00 0}
COMM 4b-0: 47a456_47a82b_47a996_47aab7 (7 384.50 1 289.00 0 482.00){0.00 0.00 0.00 0.00 192.80 0}{192.80 289.00 312.25 332.00 385.60 4}{385.60 396.00 448.33 482.00 578.40 3}{578.40 0.00 0.00 0.00 771.20 0}{771.20 0.00 0.00 0.00 964.00 0}
1c 9999 

RANKS: 1 -1 2 2 1
EVENT42: 1113 48258a_48290a_482a43_482b37
COMP 4c-0: 48b4e5_48b769_48b83d_48b8f6 (3 370.75 3 370.00 2 373.00){0.00 0.00 0.00 0.00 148.00 0}{148.00 0.00 0.00 0.00 296.00 0}{296.00 370.00 371.00 373.00 444.00 3}{444.00 0.00 0.00 0.00 592.00 0}{592.00 0.00 0.00 0.00 740.00 0}
COMM 4b-0: 48b4e5_48b769_48b83d_48b8f6 (3 237.50 2 234.00 3 240.00){0.00 0.00 0.00 0.00 96.00 0}{96.00 0.00 0.00 0.00 192.00 0}{192.00 234.00 236.67 240.00 288.00 3}{288.00 0.00 0.00 0.00 384.00 0}{384.00 0.00 0.00 0.00 480.00 0}
10 2 
12 52020 
14 16 
1a ( 3 2 )[ 1 -1 3 1 0 ]
1a ( 2 )[ 1 -1 2 1 0 ]
1b 0 

RANKS: 2 -1 0 2 2 -1 3 1 0
EVENT43: 1004 46a9bf_46ad1f_46ae62_46af54
COMP 4c-0: 46a9bf_46ad1f_46ae62_46af54 (6 40650.86 0 15.00 0 94832.00){0.00 0.00 0.00 0.00 6.00 0}{6.00 0.00 0.00 0.00 12.00 0}{12.00 15.00 15.00 15.00 24.00 3}{24.00 0.00 0.00 0.00 30.00 0}{30.00 94832.00 94832.00 94832.00 189634.00 3}
COMP 4c-1: 48258a_48290a_482a43_482b37 (2 194743.67 2 194741.00 3 194745.00){0.00 0.00 0.00 0.00 77898.00 0}{77898.00 0.00 0.00 0.00 155796.00 0}{155796.00 194741.00 194743.00 194745.00 233694.00 2}{233694.00 0.00 0.00 0.00 311592.00 0}{311592.00 0.00 0.00 0.00 389490.00 0}
COMP 4c-2: 48b4e5_48b769_48b83d_48b8f6 (1 194873.00 0 194873.00 0 194873.00){0.00 0.00 0.00 0.00 77949.20 0}{77949.20 0.00 0.00 0.00 155898.40 0}{155898.40 194873.00 194873.00 194873.00 233847.60 1}{233847.60 0.00 0.00 0.00 311796.80 0}{311796.80 0.00 0.00 0.00 389746.00 0}
COMM 4b-0: 46a9bf_46ad1f_46ae62_46af54 (6 44.57 3 24.00 2 57.00){0.00 0.00 0.00 0.00 19.20 0}{19.20 24.00 24.00 24.00 38.40 1}{38.40 39.00 48.00 57.00 57.60 5}{57.60 0.00 0.00 0.00 76.80 0}{76.80 0.00 0.00 0.00 96.00 0}
COMM 4b-1: 48258a_48290a_482a43_482b37 (2 741.67 3 736.00 2 753.00){0.00 0.00 0.00 0.00 294.40 0}{294.40 0.00 0.00 0.00 588.80 0}{588.80 736.00 744.50 753.00 883.20 2}{883.20 0.00 0.00 0.00 1177.60 0}{1177.60 0.00 0.00 0.00 1472.00 0}
COMM 4b-2: 48b4e5_48b769_48b83d_48b8f6 (1 574.00 0 574.00 0 574.00){0.00 0.00 0.00 0.00 229.60 0}{229.60 0.00 0.00 0.00 459.20 0}{459.20 574.00 574.00 574.00 688.80 1}{688.80 0.00 0.00 0.00 918.40 0}{918.40 0.00 0.00 0.00 1148.00 0}
LOOP0: iter: ( 3 )[ 2 -1 0 2 2 -1 3 1 0 ] mem: ( 1 )[ 2 -1 0 2 2 -1 3 1 0 ]
10 2 
12 5 1 5 
14 16 
18 3 1 3 

RANKS: 1 -1 1 3 1
EVENT44: 1113 48258a_48290a_482a43_482b37
COMP 4c-0: 46a9bf_46ad1f_46ae62_46af54 (2 133.67 2 133.00 3 134.00){0.00 0.00 0.00 0.00 53.60 0}{53.60 0.00 0.00 0.00 107.20 0}{107.20 133.00 133.50 134.00 160.80 2}{160.80 0.00 0.00 0.00 214.40 0}{214.40 0.00 0.00 0.00 268.00 0}
COMP 4c-1: 48258a_48290a_482a43_482b37 (2 62448.33 3 15.00 1 93665.00){0.00 15.00 15.00 15.00 37466.00 1}{37466.00 0.00 0.00 0.00 74932.00 0}{74932.00 93665.00 93665.00 93665.00 112398.00 1}{112398.00 0.00 0.00 0.00 149864.00 0}{149864.00 0.00 0.00 0.00 187330.00 0}
COMP 4c-2: 48b4e5_48b769_48b83d_48b8f6 (1 370.00 1 370.00 1 370.00){0.00 0.00 0.00 0.00 148.00 0}{148.00 0.00 0.00 0.00 296.00 0}{296.00 370.00 370.00 370.00 444.00 1}{444.00 0.00 0.00 0.00 592.00 0}{592.00 0.00 0.00 0.00 740.00 0}
COMM 4b-0: 46a9bf_46ad1f_46ae62_46af54 (2 5.00 3 5.00 3 5.00){0.00 0.00 0.00 0.00 2.00 0}{2.00 0.00 0.00 0.00 4.00 0}{4.00 5.00 5.00 5.00 6.00 2}{6.00 0.00 0.00 0.00 8.00 0}{8.00 0.00 0.00 0.00 10.00 0}
COMM 4b-1: 48258a_48290a_482a43_482b37 (2 167.00 3 3.00 1 249.00){0.00 3.00 3.00 3.00 99.60 1}{99.60 0.00 0.00 0.00 199.20 0}{199.20 249.00 249.00 249.00 298.80 1}{298.80 0.00 0.00 0.00 398.40 0}{398.40 0.00 0.00 0.00 498.00 0}
COMM 4b-2: 48b4e5_48b769_48b83d_48b8f6 (1 234.00 1 234.00 1 234.00){0.00 0.00 0.00 0.00 93.60 0}{93.60 0.00 0.00 0.00 187.20 0}{187.20 234.00 234.00 234.00 280.80 1}{280.80 0.00 0.00 0.00 374.40 0}{374.40 0.00 0.00 0.00 468.00 0}
LOOP0: iter: ( 2 )[ 1 -1 1 2 2 ] mem: ( 1 )[ 1 -1 1 2 2 ]
10 2 
12 ( 52020 )[ 1 -1 1 1 0 ]
12 ( 102 106 )[ 1 -1 3 1 0 ]
12 ( 102 )[ 1 -1 2 1 0 ]
14 16 
1a ( 3 2 )[ 1 -1 1 1 0 ]
1a ( 2 3 )[ 1 -1 3 1 0 ]
1a ( 2 )[ 1 -1 2 1 0 ]
1b 0 

RANKS: 1 -1 0 2 1
EVENT45: 1090 47a456_47a82b_47a996_47aab7
COMP 4c-0: 46a9bf_46ad1f_46ae62_46af54 (1 135.00 0 135.00 0 135.00){0.00 0.00 0.00 0.00 54.00 0}{54.00 0.00 0.00 0.00 108.00 0}{108.00 135.00 135.00 135.00 162.00 1}{162.00 0.00 0.00 0.00 216.00 0}{216.00 0.00 0.00 0.00 270.00 0}
COMP 4c-1: 48258a_48290a_482a43_482b37 (1 16.00 1 16.00 1 16.00){0.00 0.00 0.00 0.00 6.40 0}{6.40 0.00 0.00 0.00 12.80 0}{12.80 16.00 16.00 16.00 19.20 1}{19.20 0.00 0.00 0.00 25.60 0}{25.60 0.00 0.00 0.00 32.00 0}
COMP 4c-2: 48b4e5_48b769_48b83d_48b8f6 (1 15.00 0 15.00 0 15.00){0.00 0.00 0.00 0.00 6.00 0}{6.00 0.00 0.00 0.00 12.00 0}{12.00 15.00 15.00 15.00 18.00 1}{18.00 0.00 0.00 0.00 24.00 0}{24.00 0.00 0.00 0.00 30.00 0}
COMM 4b-0: 46a9bf_46ad1f_46ae62_46af54 (1 2.00 0 2.00 0 2.00){0.00 0.00 0.00 0.00 0.80 0}{0.80 0.00 0.00 0.00 1.60 0}{1.60 2.00 2.00 2.00 2.40 1}{2.40 0.00 0.00 0.00 3.20 0}{3.20 0.00 0.00 0.00 4.00 0}
COMM 4b-1: 48258a_48290a_482a43_482b37 (1 2.00 1 2.00 1 2.00){0.00 0.00 0.00 0.00 0.80 0}{0.80 0.00 0.00 0.00 1.60 0}{1.60 2.00 2.00 2.00 2.40 1}{2.40 0.00 0.00 0.00 3.20 0}{3.20 0.00 0.00 0.00 4.00 0}
COMM 4b-2: 48b4e5_48b769_48b83d_48b8f6 (1 1.00 0 1.00 0 1.00){0.00 0.00 0.00 0.00 0.40 0}{0.40 0.00 0.00 0.00 0.80 0}{0.80 1.00 1.00 1.00 1.20 1}{1.20 0.00 0.00 0.00 1.60 0}{1.60 0.00 0.00 0.00 2.00 0}
LOOP0: iter: ( 2 )[ 1 -1 0 1 0 ] mem: ( 2 )[ 1 -1 0 1 0 ]
10 2 
12 ( 102 106 )[ 1 -1 0 1 0 ]
12 ( 52020 )[ 1 -1 1 1 0 ]
14 16 
1b 0 
2b 2147483647 

RANKS: 1 -1 0 2 1
EVENT46: 1148 48b4e5_48b769_48b83d_48b8f6
COMP 4c-0: 47a456_47a82b_47a996_47aab7 (3 15.00 0 15.00 0 15.00){0.00 0.00 0.00 0.00 6.00 0}{6.00 0.00 0.00 0.00 12.00 0}{12.00 15.00 15.00 15.00 18.00 3}{18.00 0.00 0.00 0.00 24.00 0}{24.00 0.00 0.00 0.00 30.00 0}
COMM 4b-0: 47a456_47a82b_47a996_47aab7 (3 89.25 0 3.00 1 344.00){0.00 0.00 0.00 0.00 2.00 0}{2.00 3.00 3.00 3.00 4.00 1}{4.00 5.00 5.00 5.00 8.00 1}{8.00 0.00 0.00 0.00 10.00 0}{10.00 344.00 344.00 344.00 678.00 1}
1c 9999 

RANKS: 2 -1 0 2 1 -1 3 1 0
EVENT47: 1004 46a9bf_46ad1f_46ae62_46af54
COMP 4c-0: 46a9bf_46ad1f_46ae62_46af54 (2 31620.67 1 15.00 1 94832.00){0.00 0.00 0.00 0.00 6.00 0}{6.00 0.00 0.00 0.00 12.00 0}{12.00 15.00 15.00 15.00 24.00 1}{24.00 0.00 0.00 0.00 30.00 0}{30.00 94832.00 94832.00 94832.00 189634.00 1}
COMP 4c-1: 48258a_48290a_482a43_482b37 (1 59.00 3 59.00 3 59.00){0.00 0.00 0.00 0.00 23.60 0}{23.60 0.00 0.00 0.00 47.20 0}{47.20 59.00 59.00 59.00 70.80 1}{70.80 0.00 0.00 0.00 94.40 0}{94.40 0.00 0.00 0.00 118.00 0}
COMP 4c-2: 48b4e5_48b769_48b83d_48b8f6 (2 64998.33 0 63.00 1 194869.00){0.00 0.00 0.00 0.00 25.20 0}{25.20 0.00 0.00 0.00 50.40 0}{50.40 63.00 63.00 63.00 100.80 1}{100.80 0.00 0.00 0.00 126.00 0}{126.00 194869.00 194869.00 194869.00 389612.00 1}
COMM 4b-0: 46a9bf_46ad1f_46ae62_46af54 (2 30.67 1 13.00 1 66.00){0.00 0.00 0.00 0.00 5.20 0}{5.20 0.00 0.00 0.00 10.40 0}{10.40 13.00 13.00 13.00 20.80 1}{20.80 0.00 0.00 0.00 26.00 0}{26.00 66.00 66.00 66.00 106.00 1}
COMM 4b-1: 48258a_48290a_482a43_482b37 (1 209.00 3 209.00 3 209.00){0.00 0.00 0.00 0.00 83.60 0}{83.60 0.00 0.00 0.00 167.20 0}{167.20 209.00 209.00 209.00 250.80 1}{250.80 0.00 0.00 0.00 334.40 0}{334.40 0.00 0.00 0.00 418.00 0}
COMM 4b-2: 48b4e5_48b769_48b83d_48b8f6 (2 108.00 1 26.00 0 149.00){0.00 26.00 26.00 26.00 59.60 1}{59.60 0.00 0.00 0.00 119.20 0}{119.20 149.00 149.00 149.00 178.80 1}{178.80 0.00 0.00 0.00 238.40 0}{238.40 0.00 0.00 0.00 298.00 0}
LOOP0: iter: ( 3 )[ 1 -1 1 1 0 ] mem: ( 1 )[ 1 -1 1 1 0 ]
10 2 
12 ( 1 )[ 1 -1 0 2 3 ]
12 ( 5 1 5 )[ 1 -1 1 1 0 ]
14 16 
18 ( 3 )[ 1 -1 0 2 3 ]
18 ( 3 1 3 )[ 1 -1 1 1 0 ]

RANKS: 1 -1 0 3 1
EVENT48: 1090 47a456_47a82b_47a996_47aab7
COMP 4c-0: 46a9bf_46ad1f_46ae62_46af54 (3 144.25 1 135.00 2 148.00){0.00 0.00 0.00 0.00 58.80 0}{58.80 0.00 0.00 0.00 117.60 0}{117.60 135.00 143.33 148.00 176.40 3}{176.40 0.00 0.00 0.00 235.20 0}{235.20 0.00 0.00 0.00 294.00 0}
COMP 4c-1: 48258a_48290a_482a43_482b37 (1 15.00 2 15.00 2 15.00){0.00 0.00 0.00 0.00 6.00 0}{6.00 0.00 0.00 0.00 12.00 0}{12.00 15.00 15.00 15.00 18.00 1}{18.00 0.00 0.00 0.00 24.00 0}{24.00 0.00 0.00 0.00 30.00 0}
COMM 4b-0: 46a9bf_46ad1f_46ae62_46af54 (3 1.25 0 1.00 1 2.00){0.00 0.00 0.00 0.00 0.40 0}{0.40 0.00 0.00 0.00 0.80 0}{0.80 1.00 1.00 1.00 1.20 2}{1.20 0.00 0.00 0.00 1.60 0}{1.60 2.00 2.00 2.00 2.00 1}
COMM 4b-1: 48258a_48290a_482a43_482b37 (1 2.00 2 2.00 2 2.00){0.00 0.00 0.00 0.00 0.80 0}{0.80 0.00 0.00 0.00 1.60 0}{1.60 2.00 2.00 2.00 2.40 1}{2.40 0.00 0.00 0.00 3.20 0}{3.20 0.00 0.00 0.00 4.00 0}
LOOP0: iter: ( 2 )[ 1 -1 2 1 0 ] mem: ( 3 )[ 1 -1 2 1 0 ]
10 2 
12 ( 102 )[ 1 -1 0 2 1 ]
12 ( 106 102 )[ 1 -1 2 1 0 ]
14 16 
1b 0 
2b 2147483647 

RANKS: 1 -1 0 3 1
EVENT49: 1148 48b4e5_48b769_48b83d_48b8f6
COMP 4c-0: 47a456_47a82b_47a996_47aab7 (4 15.00 0 15.00 0 15.00){0.00 0.00 0.00 0.00 6.00 0}{6.00 0.00 0.00 0.00 12.00 0}{12.00 15.00 15.00 15.00 18.00 4}{18.00 0.00 0.00 0.00 24.00 0}{24.00 0.00 0.00 0.00 30.00 0}
COMM 4b-0: 47a456_47a82b_47a996_47aab7 (4 3.80 2 3.00 0 4.00){0.00 0.00 0.00 0.00 1.60 0}{1.60 3.00 3.00 3.00 3.20 1}{3.20 4.00 4.00 4.00 4.80 3}{4.80 0.00 0.00 0.00 6.40 0}{6.40 0.00 0.00 0.00 8.00 0}
1c 9999 

RANKS: 1 -1 1 2 2
EVENT50: 1113 48258a_48290a_482a43_482b37
COMP 4c-0: 46a9bf_46ad1f_46ae62_46af54 (2 148.00 1 148.00 1 148.00){0.00 0.00 0.00 0.00 59.20 0}{59.20 0.00 0.00 0.00 118.40 0}{118.40 148.00 148.00 148.00 177.60 2}{177.60 0.00 0.00 0.00 236.80 0}{236.80 0.00 0.00 0.00 296.00 0}
COMP 4c-1: 48b4e5_48b769_48b83d_48b8f6 (1 16.00 1 16.00 1 16.00){0.00 0.00 0.00 0.00 6.40 0}{6.40 0.00 0.00 0.00 12.80 0}{12.80 16.00 16.00 16.00 19.20 1}{19.20 0.00 0.00 0.00 25.60 0}{25.60 0.00 0.00 0.00 32.00 0}
COMM 4b-0: 46a9bf_46ad1f_46ae62_46af54 (2 5.67 3 3.00 1 7.00){0.00 0.00 0.00 0.00 2.80 0}{2.80 3.00 3.00 3.00 5.60 1}{5.60 7.00 7.00 7.00 8.40 1}{8.40 0.00 0.00 0.00 11.20 0}{11.20 0.00 0.00 0.00 14.00 0}
COMM 4b-1: 48b4e5_48b769_48b83d_48b8f6 (1 5.00 1 5.00 1 5.00){0.00 0.00 0.00 0.00 2.00 0}{2.00 0.00 0.00 0.00 4.00 0}{4.00 5.00 5.00 5.00 6.00 1}{6.00 0.00 0.00 0.00 8.00 0}{8.00 0.00 0.00 0.00 10.00 0}
LOOP0: iter: ( 2 )[ 1 -1 1 1 0 ] mem: ( 2 )[ 1 -1 1 1 0 ]
10 2 
12 ( 106 102 )[ 1 -1 1 1 0 ]
12 ( 102 )[ 1 -1 3 1 0 ]
14 16 
1a 3 
1b 0 

RANKS: 1 -1 0 4 1
EVENT51: 1004 46a9bf_46ad1f_46ae62_46af54
COMP 4c-0: 48258a_48290a_482a43_482b37 (3 80.50 1 59.00 1 102.00){0.00 0.00 0.00 0.00 23.60 0}{23.60 0.00 0.00 0.00 47.20 0}{47.20 59.00 59.00 59.00 70.80 1}{70.80 0.00 0.00 0.00 94.40 0}{94.40 102.00 102.00 102.00 118.00 2}
COMP 4c-1: 48b4e5_48b769_48b83d_48b8f6 (3 93.75 2 60.00 0 105.00){0.00 0.00 0.00 0.00 42.00 0}{42.00 60.00 60.00 60.00 84.00 1}{84.00 105.00 105.00 105.00 126.00 2}{126.00 0.00 0.00 0.00 168.00 0}{168.00 0.00 0.00 0.00 210.00 0}
COMM 4b-0: 48258a_48290a_482a43_482b37 (3 60.25 1 13.00 3 200.00){0.00 0.00 0.00 0.00 5.60 0}{5.60 0.00 0.00 0.00 11.20 0}{11.20 13.00 13.50 14.00 22.40 2}{22.40 0.00 0.00 0.00 28.00 0}{28.00 200.00 200.00 200.00 372.00 1}
COMM 4b-1: 48b4e5_48b769_48b83d_48b8f6 (3 137.00 0 127.00 2 154.00){0.00 0.00 0.00 0.00 50.80 0}{50.80 0.00 0.00 0.00 101.60 0}{101.60 127.00 133.50 140.00 152.40 2}{152.40 154.00 154.00 154.00 203.20 1}{203.20 0.00 0.00 0.00 254.00 0}
10 2 
12 1 
14 16 
18 3 

RANKS: 1 -1 0 2 1
EVENT52: 1090 47a456_47a82b_47a996_47aab7_45f394
COMP 4c-0: 46a9bf_46ad1f_46ae62_46af54 (2 155.00 0 154.00 1 157.00){0.00 0.00 0.00 0.00 61.60 0}{61.60 0.00 0.00 0.00 123.20 0}{123.20 154.00 155.50 157.00 184.80 2}{184.80 0.00 0.00 0.00 246.40 0}{246.40 0.00 0.00 0.00 308.00 0}
COMM 4b-0: 46a9bf_46ad1f_46ae62_46af54 (2 2.67 1 2.00 0 3.00){0.00 0.00 0.00 0.00 1.20 0}{1.20 2.00 2.00 2.00 2.40 1}{2.40 3.00 3.00 3.00 3.60 1}{3.60 0.00 0.00 0.00 4.80 0}{4.80 0.00 0.00 0.00 6.00 0}
10 2 
12 102 
14 16 
1b 0 
2b 2147483647 

RANKS: 1 -1 0 2 1
EVENT53: 1148 48b4e5_48b769_48b83d_48b8f6_45f3a9
COMP 4c-0: 47a456_47a82b_47a996_47aab7_45f394 (2 16.00 0 16.00 0 16.00){0.00 0.00 0.00 0.00 6.40 0}{6.40 0.00 0.00 0.00 12.80 0}{12.80 16.00 16.00 16.00 19.20 2}{19.20 0.00 0.00 0.00 25.60 0}{25.60 0.00 0.00 0.00 32.00 0}
COMM 4b-0: 47a456_47a82b_47a996_47aab7_45f394 (2 6.00 1 4.00 0 7.00){0.00 0.00 0.00 0.00 2.80 0}{2.80 4.00 4.00 4.00 5.60 1}{5.60 7.00 7.00 7.00 8.40 1}{8.40 0.00 0.00 0.00 11.20 0}{11.20 0.00 0.00 0.00 14.00 0}
1c 9999 

RANKS: 1 -1 2 2 1
EVENT54: 1113 48258a_48290a_482a43_482b37_45f458
COMP 4c-0: 46a9bf_46ad1f_46ae62_46af54 (2 154.00 3 153.00 2 156.00){0.00 0.00 0.00 0.00 61.20 0}{61.20 0.00 0.00 0.00 122.40 0}{122.40 153.00 154.50 156.00 183.60 2}{183.60 0.00 0.00 0.00 244.80 0}{244.80 0.00 0.00 0.00 306.00 0}
COMM 4b-0: 46a9bf_46ad1f_46ae62_46af54 (2 3.00 3 3.00 3 3.00){0.00 0.00 0.00 0.00 1.20 0}{1.20 0.00 0.00 0.00 2.40 0}{2.40 3.00 3.00 3.00 3.60 2}{3.60 0.00 0.00 0.00 4.80 0}{4.80 0.00 0.00 0.00 6.00 0}
10 2 
12 102 
14 16 
1a 2 
1b 0 

RANKS: 1 -1 0 4 1
EVENT55: 1004 46a9bf_46ad1f_46ae62_46af54
COMP 4c-0: 48258a_48290a_482a43_482b37_45f458 (2 101.00 3 101.00 3 101.00){0.00 0.00 0.00 0.00 40.40 0}{40.40 0.00 0.00 0.00 80.80 0}{80.80 101.00 101.00 101.00 121.20 2}{121.20 0.00 0.00 0.00 161.60 0}{161.60 0.00 0.00 0.00 202.00 0}
COMP 4c-1: 48b4e5_48b769_48b83d_48b8f6_45f3a9 (2 105.00 0 105.00 0 105.00){0.00 0.00 0.00 0.00 42.00 0}{42.00 0.00 0.00 0.00 84.00 0}{84.00 105.00 105.00 105.00 126.00 2}{126.00 0.00 0.00 0.00 168.00 0}{168.00 0.00 0.00 0.00 210.00 0}
COMM 4b-0: 48258a_48290a_482a43_482b37_45f458 (2 40.67 3 14.00 2 94.00){0.00 0.00 0.00 0.00 5.60 0}{5.60 0.00 0.00 0.00 11.20 0}{11.20 14.00 14.00 14.00 22.40 1}{22.40 0.00 0.00 0.00 28.00 0}{28.00 94.00 94.00 94.00 160.00 1}
COMM 4b-1: 48b4e5_48b769_48b83d_48b8f6_45f3a9 (2 44.67 1 44.00 0 45.00){0.00 0.00 0.00 0.00 18.00 0}{18.00 0.00 0.00 0.00 36.00 0}{36.00 44.00 44.50 45.00 54.00 2}{54.00 0.00 0.00 0.00 72.00 0}{72.00 0.00 0.00 0.00 90.00 0}
10 2 
12 1 
14 16 
18 3 

RANKS: 1 -1 0 4 1
EVENT56: 1045 47331f_473393_4733f9_473454
COMP 4c-0: 46a9bf_46ad1f_46ae62_46af54 (4 2301.80 0 590.00 2 3521.00){0.00 0.00 0.00 0.00 236.00 0}{236.00 0.00 0.00 0.00 472.00 0}{472.00 590.00 590.00 590.00 944.00 1}{944.00 0.00 0.00 0.00 1180.00 0}{1180.00 3333.00 3443.00 3521.00 5486.00 3}

