RANKS: 1 -1 0 16 1
EVENT0: 1084 46bb54_46bc13_46bca9_46bd04
33 2 
34 0 

RANKS: 1 -1 0 16 1
EVENT1: 1090 46c94e_46cd23_46ce8e_46cfaf_457e56
COMP 4c-0: 46bb54_46bc13_46bca9_46bd04 (16 243872.00 14 235759.00 0 259457.00){0.00 0.00 0.00 0.00 103782.80 0}{103782.80 0.00 0.00 0.00 207565.60 0}{207565.60 235759.00 242897.94 259457.00 311348.40 16}{311348.40 0.00 0.00 0.00 415131.20 0}{415131.20 0.00 0.00 0.00 518914.00 0}
COMP 4c-1: 47d9dd_47dc61_47dd35_47ddee_457ea8 (16 17.00 0 17.00 0 17.00){0.00 0.00 0.00 0.00 6.80 0}{6.80 0.00 0.00 0.00 13.60 0}{13.60 17.00 17.00 17.00 20.40 16}{20.40 0.00 0.00 0.00 27.20 0}{27.20 0.00 0.00 0.00 34.00 0}
COMM 4b-0: 46bb54_46bc13_46bca9_46bd04 (16 7.12 15 6.00 0 10.00){0.00 0.00 0.00 0.00 4.00 0}{4.00 6.00 6.73 7.00 8.00 15}{8.00 10.00 10.00 10.00 12.00 1}{12.00 0.00 0.00 0.00 16.00 0}{16.00 0.00 0.00 0.00 20.00 0}
COMM 4b-1: 47d9dd_47dc61_47dd35_47ddee_457ea8 (16 2.53 4 1.00 15 4.00){0.00 0.00 0.00 0.00 0.80 0}{0.80 1.00 1.00 1.00 1.60 1}{1.60 2.00 2.00 2.00 2.40 9}{2.40 3.00 3.00 3.00 3.20 2}{3.20 4.00 4.00 4.00 4.00 4}
LOOP0: iter: ( 2 )[ 1 -1 0 16 1 ] mem: ( 3 )[ 1 -1 0 16 1 ]
10 2 
12 1 
14 16 
1b 0 
2b ( 2 1 )[ 1 -1 0 4 4 ]
2b ( 2 15 )[ 1 -1 1 4 4 ]
2b ( 14 15 )[ 1 -1 3 4 4 ]
2b ( 14 1 )[ 1 -1 2 4 4 ]

RANKS: 1 -1 0 16 1
EVENT2: 1113 474a82_474e02_474f3b_47502f_457e8e
COMP 4c-0: 46c94e_46cd23_46ce8e_46cfaf_457e56 (32 16.52 0 16.00 0 17.00){0.00 0.00 0.00 0.00 6.80 0}{6.80 0.00 0.00 0.00 13.60 0}{13.60 16.00 16.50 17.00 20.40 32}{20.40 0.00 0.00 0.00 27.20 0}{27.20 0.00 0.00 0.00 34.00 0}
COMM 4b-0: 46c94e_46cd23_46ce8e_46cfaf_457e56 (32 12.12 0 3.00 0 28.00){0.00 3.00 4.12 6.00 11.20 16}{11.20 17.00 18.53 21.00 22.40 15}{22.40 28.00 28.00 28.00 33.60 1}{33.60 0.00 0.00 0.00 44.80 0}{44.80 0.00 0.00 0.00 56.00 0}
10 2 
12 1 
14 16 
1a ( 2 1 )[ 1 -1 0 4 4 ]
1a ( 2 15 )[ 1 -1 1 4 4 ]
1a ( 14 15 )[ 1 -1 3 4 4 ]
1a ( 14 1 )[ 1 -1 2 4 4 ]
1b 0 

RANKS: 1 -1 0 16 1
EVENT3: 1148 47d9dd_47dc61_47dd35_47ddee_457ea8
COMP 4c-0: 474a82_474e02_474f3b_47502f_457e8e (32 16.52 0 16.00 0 17.00){0.00 0.00 0.00 0.00 6.80 0}{6.80 0.00 0.00 0.00 13.60 0}{13.60 16.00 16.50 17.00 20.40 32}{20.40 0.00 0.00 0.00 27.20 0}{27.20 0.00 0.00 0.00 34.00 0}
COMM 4b-0: 474a82_474e02_474f3b_47502f_457e8e (32 4034.79 7 1.00 8 12943.00){0.00 1.00 1.00 1.00 8.40 6}{8.40 13.00 13.00 13.00 16.80 6}{16.80 17.00 20.20 23.00 33.60 5}{33.60 0.00 0.00 0.00 42.00 0}{42.00 1878.00 8862.80 12943.00 25484.00 15}
1c 9999 

RANKS: 1 -1 0 16 1
EVENT4: 1090 46c94e_46cd23_46ce8e_46cfaf_45800a
COMP 4c-0: 47d9dd_47dc61_47dd35_47ddee_457ea8 (16 8004.53 9 7909.00 0 8180.00){0.00 0.00 0.00 0.00 3272.00 0}{3272.00 0.00 0.00 0.00 6544.00 0}{6544.00 7909.00 7993.56 8180.00 9816.00 16}{9816.00 0.00 0.00 0.00 13088.00 0}{13088.00 0.00 0.00 0.00 16360.00 0}
COMP 4c-1: 47d9dd_47dc61_47dd35_47ddee_458071 (400 166.23 0 166.00 0 167.00){0.00 0.00 0.00 0.00 66.40 0}{66.40 0.00 0.00 0.00 132.80 0}{132.80 166.00 166.23 167.00 199.20 400}{199.20 0.00 0.00 0.00 265.60 0}{265.60 0.00 0.00 0.00 332.00 0}
COMP 4c-2: 47d9dd_47dc61_47dd35_47ddee_458469 (384 8181.43 9 8078.00 0 8368.00){0.00 0.00 0.00 0.00 3339.60 0}{3339.60 0.00 0.00 0.00 6679.20 0}{6679.20 8078.00 8181.00 8368.00 10018.80 384}{10018.80 0.00 0.00 0.00 13358.40 0}{13358.40 0.00 0.00 0.00 16698.00 0}
COMM 4b-0: 47d9dd_47dc61_47dd35_47ddee_457ea8 (16 4.88 7 3.00 5 8.00){0.00 0.00 0.00 0.00 1.60 0}{1.60 3.00 3.00 3.00 3.20 2}{3.20 4.00 4.00 4.00 4.80 9}{4.80 5.00 5.00 5.00 6.40 1}{6.40 8.00 8.00 8.00 8.00 4}
COMM 4b-1: 47d9dd_47dc61_47dd35_47ddee_458071 (400 2.43 0 1.00 11 7.00){0.00 0.00 0.00 0.00 0.80 0}{0.80 1.00 1.29 1.60 1.60 104}{1.60 1.85 2.56 3.00 3.20 246}{3.20 3.43 4.09 6.00 6.00 48}{6.00 7.00 7.00 7.00 8.00 2}
COMM 4b-2: 47d9dd_47dc61_47dd35_47ddee_458469 (384 3.99 1 2.00 13 9.00){0.00 0.00 0.00 0.00 1.60 0}{1.60 2.00 3.09 3.18 3.20 245}{3.20 4.00 4.00 4.00 4.80 35}{4.80 5.00 6.06 8.00 8.00 102}{8.00 9.00 9.00 9.00 10.00 2}
LOOP0: iter: ( 25 )[ 1 -1 0 16 1 ] mem: ( 12 )[ 1 -1 0 16 1 ]
LOOP1: iter: ( 2 )[ 1 -1 0 16 1 ] mem: ( 3 )[ 1 -1 0 16 1 ]
10 2 
12 18750 
14 16 
1b 0 
2b ( 1 2 )[ 1 -1 0 4 4 ]
2b ( 15 2 )[ 1 -1 1 4 4 ]
2b ( 15 14 )[ 1 -1 3 4 4 ]
2b ( 1 14 )[ 1 -1 2 4 4 ]

RANKS: 1 -1 0 16 1
EVENT5: 1113 474a82_474e02_474f3b_47502f_45805c
COMP 4c-0: 46c94e_46cd23_46ce8e_46cfaf_45800a (800 16.16 0 16.00 0 17.00){0.00 0.00 0.00 0.00 6.40 0}{6.40 0.00 0.00 0.00 12.80 0}{12.80 16.00 16.16 17.00 19.20 800}{19.20 0.00 0.00 0.00 25.60 0}{25.60 0.00 0.00 0.00 32.00 0}
COMM 4b-0: 46c94e_46cd23_46ce8e_46cfaf_45800a (800 185.51 10 90.00 12 576.00){0.00 90.00 124.56 140.00 145.20 363}{145.20 154.00 215.08 280.46 290.40 394}{290.40 301.00 379.77 400.17 435.60 26}{435.60 445.57 493.71 576.00 580.80 17}{580.80 0.00 0.00 0.00 726.00 0}
10 2 
12 18750 
14 16 
1a ( 1 2 )[ 1 -1 0 4 4 ]
1a ( 15 2 )[ 1 -1 1 4 4 ]
1a ( 15 14 )[ 1 -1 3 4 4 ]
1a ( 1 14 )[ 1 -1 2 4 4 ]
1b 0 

RANKS: 1 -1 0 16 1
EVENT6: 1148 47d9dd_47dc61_47dd35_47ddee_458071
COMP 4c-0: 474a82_474e02_474f3b_47502f_45805c (800 16.09 0 16.00 0 17.00){0.00 0.00 0.00 0.00 6.80 0}{6.80 0.00 0.00 0.00 13.60 0}{13.60 16.00 16.09 17.00 20.40 800}{20.40 0.00 0.00 0.00 27.20 0}{27.20 0.00 0.00 0.00 34.00 0}
COMM 4b-0: 474a82_474e02_474f3b_47502f_45805c (800 2.76 0 1.00 2 37.00){0.00 1.00 1.70 2.00 2.00 536}{2.00 2.37 3.86 5.97 6.00 195}{6.00 6.58 7.09 13.00 14.00 65}{14.00 15.00 16.33 19.00 24.00 3}{24.00 37.00 37.00 37.00 50.00 1}
1c 9999 

RANKS: 1 -1 0 16 1
EVENT7: 1090 46c94e_46cd23_46ce8e_46cfaf_458110
COMP 4c-0: 47d9dd_47dc61_47dd35_47ddee_458071 (400 170.02 0 170.00 0 171.00){0.00 0.00 0.00 0.00 68.00 0}{68.00 0.00 0.00 0.00 136.00 0}{136.00 170.00 170.02 171.00 204.00 400}{204.00 0.00 0.00 0.00 272.00 0}{272.00 0.00 0.00 0.00 340.00 0}
COMM 4b-0: 47d9dd_47dc61_47dd35_47ddee_458071 (400 2.48 0 1.00 7 10.00){0.00 0.00 0.00 0.00 0.80 0}{0.80 1.00 1.00 1.00 1.60 85}{1.60 2.00 2.00 2.00 2.00 17}{2.00 2.31 2.72 4.00 4.00 287}{4.00 7.00 8.36 10.00 16.00 11}
10 2 
12 18750 
14 16 
1b 0 
2b ( 0 )[ 1 -1 0 4 5 ]
2b ( 3 )[ 1 -1 1 3 5 ]
2b ( 9 )[ 1 -1 3 1 0 ]
2b ( 6 )[ 1 -1 2 2 5 ]
2b ( 13 )[ 1 -1 4 3 5 ]
2b ( 10 )[ 1 -1 8 2 5 ]
2b ( 7 )[ 1 -1 12 1 0 ]

RANKS: 1 -1 0 16 1
EVENT8: 1113 474a82_474e02_474f3b_47502f_458145
COMP 4c-0: 46c94e_46cd23_46ce8e_46cfaf_458110 (400 16.10 0 16.00 0 17.00){0.00 0.00 0.00 0.00 6.40 0}{6.40 0.00 0.00 0.00 12.80 0}{12.80 16.00 16.11 17.00 19.20 400}{19.20 0.00 0.00 0.00 25.60 0}{25.60 0.00 0.00 0.00 32.00 0}
COMM 4b-0: 46c94e_46cd23_46ce8e_46cfaf_458110 (400 393.69 0 40.00 14 12617.00){0.00 40.00 41.31 42.00 76.00 26}{76.00 0.00 0.00 0.00 152.00 0}{152.00 190.00 231.46 240.31 380.00 364}{380.00 3926.00 4608.67 5309.00 7472.00 6}{7472.00 10217.00 11175.25 12617.00 14744.00 4}
10 2 
12 18750 
14 16 
1a ( 0 )[ 1 -1 0 4 5 ]
1a ( 3 )[ 1 -1 1 3 5 ]
1a ( 9 )[ 1 -1 3 1 0 ]
1a ( 6 )[ 1 -1 2 2 5 ]
1a ( 13 )[ 1 -1 4 3 5 ]
1a ( 10 )[ 1 -1 8 2 5 ]
1a ( 7 )[ 1 -1 12 1 0 ]
1b 0 

RANKS: 1 -1 0 16 1
EVENT9: 1148 47d9dd_47dc61_47dd35_47ddee_45815a
COMP 4c-0: 474a82_474e02_474f3b_47502f_458145 (400 16.02 0 16.00 0 17.00){0.00 0.00 0.00 0.00 6.40 0}{6.40 0.00 0.00 0.00 12.80 0}{12.80 16.00 16.02 17.00 19.20 400}{19.20 0.00 0.00 0.00 25.60 0}{25.60 0.00 0.00 0.00 32.00 0}
COMM 4b-0: 474a82_474e02_474f3b_47502f_458145 (400 2.74 0 1.00 9 20.00){0.00 1.00 1.50 2.00 2.40 265}{2.40 3.00 4.19 6.00 6.00 114}{6.00 7.00 7.64 9.00 10.00 11}{10.00 11.00 12.89 16.00 18.00 9}{18.00 20.00 20.00 20.00 22.00 1}
1c 9999 

RANKS: 1 -1 0 16 1
EVENT10: 1090 46c94e_46cd23_46ce8e_46cfaf_458276
COMP 4c-0: 47d9dd_47dc61_47dd35_47ddee_45815a (400 241.08 0 241.00 0 242.00){0.00 0.00 0.00 0.00 96.40 0}{96.40 0.00 0.00 0.00 192.80 0}{192.80 241.00 241.08 242.00 289.20 400}{289.20 0.00 0.00 0.00 385.60 0}{385.60 0.00 0.00 0.00 482.00 0}
COMP 4c-1: 47d9dd_47dc61_47dd35_47ddee_4582c3 (400 16.10 0 16.00 0 17.00){0.00 0.00 0.00 0.00 6.40 0}{6.40 0.00 0.00 0.00 12.80 0}{12.80 16.00 16.10 17.00 19.20 400}{19.20 0.00 0.00 0.00 25.60 0}{25.60 0.00 0.00 0.00 32.00 0}
COMM 4b-0: 47d9dd_47dc61_47dd35_47ddee_45815a (400 2.24 0 1.00 3 5.00){0.00 0.00 0.00 0.00 0.80 0}{0.80 1.00 1.00 1.33 1.60 72}{1.60 1.75 1.87 2.17 2.40 193}{2.40 3.00 3.34 4.00 4.00 128}{4.00 5.00 5.00 5.00 6.00 7}
COMM 4b-1: 47d9dd_47dc61_47dd35_47ddee_4582c3 (400 1.48 0 1.00 3 5.00){0.00 0.00 0.00 0.00 0.80 0}{0.80 1.00 1.00 1.00 1.60 247}{1.60 2.00 2.11 3.00 3.20 139}{3.20 3.40 3.54 4.00 4.00 13}{4.00 5.00 5.00 5.00 6.00 1}
LOOP0: iter: ( 2 )[ 1 -1 0 16 1 ] mem: ( 3 )[ 1 -1 0 16 1 ]
10 2 
12 1 
14 16 
1b 0 
2b ( 2 1 )[ 1 -1 0 4 4 ]
2b ( 2 15 )[ 1 -1 1 4 4 ]
2b ( 14 15 )[ 1 -1 3 4 4 ]
2b ( 14 1 )[ 1 -1 2 4 4 ]

RANKS: 1 -1 0 16 1
EVENT11: 1113 474a82_474e02_474f3b_47502f_4582ae
COMP 4c-0: 46c94e_46cd23_46ce8e_46cfaf_458276 (800 16.04 0 16.00 1 17.00){0.00 0.00 0.00 0.00 6.40 0}{6.40 0.00 0.00 0.00 12.80 0}{12.80 16.00 16.04 17.00 19.20 800}{19.20 0.00 0.00 0.00 25.60 0}{25.60 0.00 0.00 0.00 32.00 0}
COMM 4b-0: 46c94e_46cd23_46ce8e_46cfaf_458276 (800 3.43 0 2.00 2 13.00){0.00 0.00 0.00 0.00 1.60 0}{1.60 2.00 3.22 4.00 4.80 740}{4.80 5.00 5.71 5.97 6.40 57}{6.40 7.00 7.50 8.00 8.00 2}{8.00 13.00 13.00 13.00 18.00 1}
10 2 
12 1 
14 16 
1a ( 2 1 )[ 1 -1 0 4 4 ]
1a ( 2 15 )[ 1 -1 1 4 4 ]
1a ( 14 15 )[ 1 -1 3 4 4 ]
1a ( 14 1 )[ 1 -1 2 4 4 ]
1b 0 

RANKS: 1 -1 0 16 1
EVENT12: 1148 47d9dd_47dc61_47dd35_47ddee_4582c3
COMP 4c-0: 474a82_474e02_474f3b_47502f_4582ae (800 16.02 15 16.00 15 17.00){0.00 0.00 0.00 0.00 6.40 0}{6.40 0.00 0.00 0.00 12.80 0}{12.80 16.00 16.02 17.00 19.20 800}{19.20 0.00 0.00 0.00 25.60 0}{25.60 0.00 0.00 0.00 32.00 0}
COMM 4b-0: 474a82_474e02_474f3b_47502f_4582ae (800 158.32 0 1.00 15 11000.00){0.00 1.00 101.12 3490.00 4328.00 796}{4328.00 6302.00 6839.50 7377.00 8656.00 2}{8656.00 10820.00 10910.00 11000.00 12984.00 2}{12984.00 0.00 0.00 0.00 17312.00 0}{17312.00 0.00 0.00 0.00 21640.00 0}
1c 9999 

RANKS: 1 -1 0 16 1
EVENT13: 1090 46c94e_46cd23_46ce8e_46cfaf_45841c
COMP 4c-0: 47d9dd_47dc61_47dd35_47ddee_4582c3 (400 414.00 0 414.00 0 414.00){0.00 0.00 0.00 0.00 165.60 0}{165.60 0.00 0.00 0.00 331.20 0}{331.20 414.00 414.00 414.00 496.80 400}{496.80 0.00 0.00 0.00 662.40 0}{662.40 0.00 0.00 0.00 828.00 0}
COMP 4c-1: 47d9dd_47dc61_47dd35_47ddee_458469 (400 16.00 0 16.00 0 17.00){0.00 0.00 0.00 0.00 6.40 0}{6.40 0.00 0.00 0.00 12.80 0}{12.80 16.00 16.00 17.00 19.20 400}{19.20 0.00 0.00 0.00 25.60 0}{25.60 0.00 0.00 0.00 32.00 0}
COMM 4b-0: 47d9dd_47dc61_47dd35_47ddee_4582c3 (400 1.91 0 1.00 15 5.00){0.00 0.00 0.00 0.00 0.40 0}{0.40 0.00 0.00 0.00 0.80 0}{0.80 1.00 1.00 1.00 1.60 148}{1.60 2.00 2.00 2.00 2.00 120}{2.00 2.31 2.85 5.00 6.00 132}
COMM 4b-1: 47d9dd_47dc61_47dd35_47ddee_458469 (400 1.41 0 1.00 11 4.00){0.00 0.00 0.00 0.00 0.80 0}{0.80 1.00 1.00 1.00 1.60 259}{1.60 2.00 2.00 2.00 2.40 123}{2.40 3.00 3.00 3.00 3.20 13}{3.20 4.00 4.00 4.00 4.00 5}
LOOP0: iter: ( 2 )[ 1 -1 0 16 1 ] mem: ( 3 )[ 1 -1 0 16 1 ]
10 2 
12 1 
14 16 
1b 0 
2b ( 2 1 )[ 1 -1 0 4 4 ]
2b ( 2 15 )[ 1 -1 1 4 4 ]
2b ( 14 15 )[ 1 -1 3 4 4 ]
2b ( 14 1 )[ 1 -1 2 4 4 ]

RANKS: 1 -1 0 16 1
EVENT14: 1113 474a82_474e02_474f3b_47502f_458454
COMP 4c-0: 46c94e_46cd23_46ce8e_46cfaf_45841c (800 16.03 0 16.00 1 17.00){0.00 0.00 0.00 0.00 6.40 0}{6.40 0.00 0.00 0.00 12.80 0}{12.80 16.00 16.03 17.00 19.20 800}{19.20 0.00 0.00 0.00 25.60 0}{25.60 0.00 0.00 0.00 32.00 0}
COMM 4b-0: 46c94e_46cd23_46ce8e_46cfaf_45841c (800 3.19 0 2.00 5 14.00){0.00 0.00 0.00 0.00 1.20 0}{1.20 2.00 2.86 4.00 4.80 716}{4.80 5.00 5.67 6.00 6.00 75}{6.00 7.00 7.14 8.00 8.00 7}{8.00 13.00 13.50 14.00 20.00 2}
10 2 
12 1 
14 16 
1a ( 2 1 )[ 1 -1 0 4 4 ]
1a ( 2 15 )[ 1 -1 1 4 4 ]
1a ( 14 15 )[ 1 -1 3 4 4 ]
1a ( 14 1 )[ 1 -1 2 4 4 ]
1b 0 

RANKS: 1 -1 0 16 1
EVENT15: 1148 47d9dd_47dc61_47dd35_47ddee_458469
COMP 4c-0: 474a82_474e02_474f3b_47502f_458454 (800 16.00 7 16.00 7 17.00){0.00 0.00 0.00 0.00 6.40 0}{6.40 0.00 0.00 0.00 12.80 0}{12.80 16.00 16.00 17.00 19.20 800}{19.20 0.00 0.00 0.00 25.60 0}{25.60 0.00 0.00 0.00 32.00 0}
COMM 4b-0: 474a82_474e02_474f3b_47502f_458454 (800 30.01 0 1.00 13 304.00){0.00 1.00 6.04 74.00 77.60 596}{77.60 82.00 90.66 153.00 155.20 190}{155.20 174.00 197.10 218.00 232.80 10}{232.80 243.00 261.50 304.00 310.40 4}{310.40 0.00 0.00 0.00 388.00 0}
1c 9999 

RANKS: 1 -1 0 16 1
EVENT16: 1090 46c94e_46cd23_46ce8e_46cfaf_45861a
COMP 4c-0: 47d9dd_47dc61_47dd35_47ddee_458469 (16 8193.24 9 8098.00 0 8369.00){0.00 0.00 0.00 0.00 3347.60 0}{3347.60 0.00 0.00 0.00 6695.20 0}{6695.20 8098.00 8182.25 8369.00 10042.80 16}{10042.80 0.00 0.00 0.00 13390.40 0}{13390.40 0.00 0.00 0.00 16738.00 0}
COMP 4c-1: 47d9dd_47dc61_47dd35_47ddee_458681 (16 166.35 0 166.00 1 167.00){0.00 0.00 0.00 0.00 66.40 0}{66.40 0.00 0.00 0.00 132.80 0}{132.80 166.00 166.38 167.00 199.20 16}{199.20 0.00 0.00 0.00 265.60 0}{265.60 0.00 0.00 0.00 332.00 0}
COMM 4b-0: 47d9dd_47dc61_47dd35_47ddee_458469 (16 3.88 2 2.00 9 8.00){0.00 0.00 0.00 0.00 1.20 0}{1.20 2.00 2.00 2.00 2.40 1}{2.40 3.00 3.00 3.00 3.60 8}{3.60 4.00 4.40 6.00 6.00 5}{6.00 7.00 7.50 8.00 10.00 2}
COMM 4b-1: 47d9dd_47dc61_47dd35_47ddee_458681 (16 2.41 1 1.00 15 4.00){0.00 0.00 0.00 0.00 0.80 0}{0.80 1.00 1.00 1.00 1.60 2}{1.60 2.00 2.00 2.00 2.40 8}{2.40 3.00 3.00 3.00 3.20 3}{3.20 4.00 4.00 4.00 4.00 3}
LOOP0: iter: ( 2 )[ 1 -1 0 16 1 ] mem: ( 3 )[ 1 -1 0 16 1 ]
10 2 
12 18750 
14 16 
1b 0 
2b ( 1 2 )[ 1 -1 0 4 4 ]
2b ( 15 2 )[ 1 -1 1 4 4 ]
2b ( 15 14 )[ 1 -1 3 4 4 ]
2b ( 1 14 )[ 1 -1 2 4 4 ]

RANKS: 1 -1 0 16 1
EVENT17: 1113 474a82_474e02_474f3b_47502f_45866c
COMP 4c-0: 46c94e_46cd23_46ce8e_46cfaf_45861a (32 16.42 1 16.00 0 17.00){0.00 0.00 0.00 0.00 6.80 0}{6.80 0.00 0.00 0.00 13.60 0}{13.60 16.00 16.41 17.00 20.40 32}{20.40 0.00 0.00 0.00 27.20 0}{27.20 0.00 0.00 0.00 34.00 0}
COMM 4b-0: 46c94e_46cd23_46ce8e_46cfaf_45861a (32 227.85 8 93.00 5 466.00){0.00 93.00 107.58 122.75 134.00 6}{134.00 135.50 185.84 218.00 268.00 16}{268.00 269.00 335.88 385.00 402.00 8}{402.00 412.00 439.00 466.00 536.00 2}{536.00 0.00 0.00 0.00 670.00 0}
10 2 
12 18750 
14 16 
1a ( 1 2 )[ 1 -1 0 4 4 ]
1a ( 15 2 )[ 1 -1 1 4 4 ]
1a ( 15 14 )[ 1 -1 3 4 4 ]
1a ( 1 14 )[ 1 -1 2 4 4 ]
1b 0 

RANKS: 1 -1 0 16 1
EVENT18: 1148 47d9dd_47dc61_47dd35_47ddee_458681
COMP 4c-0: 474a82_474e02_474f3b_47502f_45866c (32 16.09 4 16.00 0 17.00){0.00 0.00 0.00 0.00 6.40 0}{6.40 0.00 0.00 0.00 12.80 0}{12.80 16.00 16.09 17.00 19.20 32}{19.20 0.00 0.00 0.00 25.60 0}{25.60 0.00 0.00 0.00 32.00 0}
COMM 4b-0: 474a82_474e02_474f3b_47502f_45866c (32 3.45 0 1.00 15 13.00){0.00 0.00 0.00 0.00 0.80 0}{0.80 1.00 2.25 4.00 4.00 24}{4.00 5.00 5.40 6.00 6.00 5}{6.00 9.00 9.00 9.00 12.00 2}{12.00 13.00 13.00 13.00 14.00 1}
1c 9999 

RANKS: 1 -1 0 16 1
EVENT19: 1090 46c94e_46cd23_46ce8e_46cfaf_458722
COMP 4c-0: 47d9dd_47dc61_47dd35_47ddee_458681 (16 170.06 0 170.00 2 171.00){0.00 0.00 0.00 0.00 68.00 0}{68.00 0.00 0.00 0.00 136.00 0}{136.00 170.00 170.06 171.00 204.00 16}{204.00 0.00 0.00 0.00 272.00 0}{272.00 0.00 0.00 0.00 340.00 0}
COMM 4b-0: 47d9dd_47dc61_47dd35_47ddee_458681 (16 2.35 0 1.00 7 9.00){0.00 0.00 0.00 0.00 0.80 0}{0.80 1.00 1.00 1.00 1.60 5}{1.60 2.00 2.00 2.00 2.00 6}{2.00 3.00 3.25 4.00 4.00 4}{4.00 9.00 9.00 9.00 14.00 1}
10 2 
12 18750 
14 16 
1b 0 
2b ( 0 )[ 1 -1 0 4 5 ]
2b ( 3 )[ 1 -1 1 3 5 ]
2b ( 9 )[ 1 -1 3 1 0 ]
2b ( 6 )[ 1 -1 2 2 5 ]
2b ( 13 )[ 1 -1 4 3 5 ]
2b ( 10 )[ 1 -1 8 2 5 ]
2b ( 7 )[ 1 -1 12 1 0 ]

RANKS: 1 -1 0 16 1
EVENT20: 1113 474a82_474e02_474f3b_47502f_458757
COMP 4c-0: 46c94e_46cd23_46ce8e_46cfaf_458722 (16 16.06 0 16.00 1 17.00){0.00 0.00 0.00 0.00 6.40 0}{6.40 0.00 0.00 0.00 12.80 0}{12.80 16.00 16.06 17.00 19.20 16}{19.20 0.00 0.00 0.00 25.60 0}{25.60 0.00 0.00 0.00 32.00 0}
COMM 4b-0: 46c94e_46cd23_46ce8e_46cfaf_458722 (16 184.53 15 39.00 13 556.00){0.00 39.00 64.17 121.00 124.00 6}{124.00 169.00 178.00 194.00 214.00 3}{214.00 227.00 244.60 276.00 288.00 5}{288.00 399.00 399.00 399.00 510.00 1}{510.00 556.00 556.00 556.00 602.00 1}
10 2 
12 18750 
14 16 
1a ( 0 )[ 1 -1 0 4 5 ]
1a ( 3 )[ 1 -1 1 3 5 ]
1a ( 9 )[ 1 -1 3 1 0 ]
1a ( 6 )[ 1 -1 2 2 5 ]
1a ( 13 )[ 1 -1 4 3 5 ]
1a ( 10 )[ 1 -1 8 2 5 ]
1a ( 7 )[ 1 -1 12 1 0 ]
1b 0 

RANKS: 1 -1 0 16 1
EVENT21: 1148 47d9dd_47dc61_47dd35_47ddee_45876c
COMP 4c-0: 474a82_474e02_474f3b_47502f_458757 (16 16.00 0 16.00 0 16.00){0.00 0.00 0.00 0.00 6.40 0}{6.40 0.00 0.00 0.00 12.80 0}{12.80 16.00 16.00 16.00 19.20 16}{19.20 0.00 0.00 0.00 25.60 0}{25.60 0.00 0.00 0.00 32.00 0}
COMM 4b-0: 474a82_474e02_474f3b_47502f_458757 (16 2.71 0 1.00 13 11.00){0.00 0.00 0.00 0.00 0.40 0}{0.40 0.00 0.00 0.00 0.80 0}{0.80 1.00 1.10 2.00 2.00 10}{2.00 3.00 3.50 4.00 4.00 4}{4.00 9.00 10.00 11.00 18.00 2}
1c 9999 

RANKS: 1 -1 0 16 1
EVENT22: 1090 46c94e_46cd23_46ce8e_46cfaf
COMP 4c-0: 47d9dd_47dc61_47dd35_47ddee (48 91.06 0 15.00 0 244.00){0.00 0.00 0.00 0.00 6.00 0}{6.00 0.00 0.00 0.00 12.00 0}{12.00 15.00 17.00 19.00 24.00 32}{24.00 0.00 0.00 0.00 30.00 0}{30.00 243.00 243.94 244.00 458.00 16}
COMP 4c-1: 47d9dd_47dc61_47dd35_47ddee_45876c (16 183.41 1 183.00 0 184.00){0.00 0.00 0.00 0.00 73.60 0}{73.60 0.00 0.00 0.00 147.20 0}{147.20 183.00 183.38 184.00 220.80 16}{220.80 0.00 0.00 0.00 294.40 0}{294.40 0.00 0.00 0.00 368.00 0}
COMM 4b-0: 47d9dd_47dc61_47dd35_47ddee (48 1.61 1 1.00 5 6.00){0.00 0.00 0.00 0.00 0.80 0}{0.80 1.00 1.00 1.00 1.60 27}{1.60 2.00 2.00 2.00 2.40 16}{2.40 3.00 3.00 3.00 4.00 4}{4.00 6.00 6.00 6.00 8.00 1}
COMM 4b-1: 47d9dd_47dc61_47dd35_47ddee_45876c (16 2.12 0 1.00 2 5.00){0.00 0.00 0.00 0.00 0.80 0}{0.80 1.00 1.00 1.00 1.60 6}{1.60 2.00 2.00 2.00 2.00 3}{2.00 3.00 3.00 3.00 4.00 6}{4.00 5.00 5.00 5.00 6.00 1}
LOOP0: iter: ( 4 )[ 1 -1 0 16 1 ] mem: ( 3 )[ 1 -1 0 16 1 ]
10 2 
12 1 1 2 2 
14 16 
1b 0 
2b ( 2 1 )[ 1 -1 0 4 4 ]
2b ( 2 15 )[ 1 -1 1 4 4 ]
2b ( 14 15 )[ 1 -1 3 4 4 ]
2b ( 14 1 )[ 1 -1 2 4 4 ]

RANKS: 1 -1 0 16 1
EVENT23: 1113 474a82_474e02_474f3b_47502f
COMP 4c-0: 46c94e_46cd23_46ce8e_46cfaf (64 14.78 0 14.00 0 15.00){0.00 0.00 0.00 0.00 6.00 0}{6.00 0.00 0.00 0.00 12.00 0}{12.00 14.00 14.78 15.00 18.00 64}{18.00 0.00 0.00 0.00 24.00 0}{24.00 0.00 0.00 0.00 30.00 0}
COMM 4b-0: 46c94e_46cd23_46ce8e_46cfaf (64 3.09 0 2.00 1 6.00){0.00 0.00 0.00 0.00 1.20 0}{1.20 2.00 2.00 2.00 2.40 6}{2.40 2.86 2.91 3.00 3.60 47}{3.60 4.00 4.00 4.00 4.80 8}{4.80 5.00 5.67 6.00 6.00 3}
10 2 
12 1 1 2 2 
14 16 
1a ( 2 1 )[ 1 -1 0 4 4 ]
1a ( 2 15 )[ 1 -1 1 4 4 ]
1a ( 14 15 )[ 1 -1 3 4 4 ]
1a ( 14 1 )[ 1 -1 2 4 4 ]
1b 0 

RANKS: 1 -1 0 16 1
EVENT24: 1148 47d9dd_47dc61_47dd35_47ddee
COMP 4c-0: 474a82_474e02_474f3b_47502f (64 14.62 0 14.00 0 15.00){0.00 0.00 0.00 0.00 6.00 0}{6.00 0.00 0.00 0.00 12.00 0}{12.00 14.00 14.61 15.00 18.00 64}{18.00 0.00 0.00 0.00 24.00 0}{24.00 0.00 0.00 0.00 30.00 0}
COMM 4b-0: 474a82_474e02_474f3b_47502f (64 60.25 1 1.00 0 448.00){0.00 1.00 30.81 163.00 179.20 58}{179.20 185.00 210.25 270.00 358.40 4}{358.40 392.00 420.00 448.00 537.60 2}{537.60 0.00 0.00 0.00 716.80 0}{716.80 0.00 0.00 0.00 896.00 0}
1c 9999 

RANKS: 1 -1 0 16 1
EVENT25: 1010 45f848_45fa7d_45fb21_45fb9d
COMP 4c-0: 47d9dd_47dc61_47dd35_47ddee (16 300.24 1 300.00 0 301.00){0.00 0.00 0.00 0.00 120.40 0}{120.40 0.00 0.00 0.00 240.80 0}{240.80 300.00 300.19 301.00 361.20 16}{361.20 0.00 0.00 0.00 481.60 0}{481.60 0.00 0.00 0.00 602.00 0}
COMM 4b-0: 47d9dd_47dc61_47dd35_47ddee (16 269.47 4 26.00 15 647.00){0.00 26.00 26.00 26.00 42.40 1}{42.40 72.00 100.00 117.00 169.60 4}{169.60 176.00 213.00 250.00 262.00 4}{262.00 307.00 354.00 425.00 452.00 4}{452.00 534.00 593.67 647.00 842.00 3}
10 2 

RANKS: 1 -1 0 16 1
EVENT26: 1090 46c94e_46cd23_46ce8e_46cfaf_457e56
COMP 4c-0: 45f848_45fa7d_45fb21_45fb9d (16 358.00 0 358.00 0 358.00){0.00 0.00 0.00 0.00 143.20 0}{143.20 0.00 0.00 0.00 286.40 0}{286.40 358.00 358.00 358.00 429.60 16}{429.60 0.00 0.00 0.00 572.80 0}{572.80 0.00 0.00 0.00 716.00 0}
COMP 4c-1: 47d9dd_47dc61_47dd35_47ddee (1184 569.84 1 527.00 0 616.00){0.00 0.00 0.00 0.00 222.00 0}{222.00 0.00 0.00 0.00 444.00 0}{444.00 527.00 569.85 616.00 666.00 1184}{666.00 0.00 0.00 0.00 888.00 0}{888.00 0.00 0.00 0.00 1110.00 0}
COMP 4c-2: 47d9dd_47dc61_47dd35_47ddee_457ea8 (1200 16.04 0 16.00 0 17.00){0.00 0.00 0.00 0.00 6.40 0}{6.40 0.00 0.00 0.00 12.80 0}{12.80 16.00 16.04 17.00 19.20 1200}{19.20 0.00 0.00 0.00 25.60 0}{25.60 0.00 0.00 0.00 32.00 0}
COMM 4b-0: 45f848_45fa7d_45fb21_45fb9d (16 1.41 0 1.00 4 3.00){0.00 0.00 0.00 0.00 0.40 0}{0.40 0.00 0.00 0.00 0.80 0}{0.80 1.00 1.00 1.00 1.60 10}{1.60 2.00 2.00 2.00 2.00 5}{2.00 3.00 3.00 3.00 4.00 1}
COMM 4b-1: 47d9dd_47dc61_47dd35_47ddee (1184 1.78 0 1.00 13 11.00){0.00 1.00 1.00 1.00 1.60 375}{1.60 2.00 2.00 2.00 2.40 753}{2.40 3.00 3.66 4.00 4.00 53}{4.00 6.00 6.00 6.00 8.00 1}{8.00 10.00 10.50 11.00 14.00 2}
COMM 4b-2: 47d9dd_47dc61_47dd35_47ddee_457ea8 (1200 1.50 0 1.00 15 16.00){0.00 0.00 0.00 0.00 0.80 0}{0.80 1.00 1.00 1.00 1.60 735}{1.60 2.00 2.00 2.00 2.00 359}{2.00 3.00 3.15 4.00 4.00 102}{4.00 5.00 7.75 16.00 28.00 4}
LOOP0: iter: ( 75 )[ 1 -1 0 16 1 ] mem: ( 24 )[ 1 -1 0 16 1 ]
LOOP1: iter: ( 2 )[ 1 -1 0 16 1 ] mem: ( 3 )[ 1 -1 0 16 1 ]
10 2 
12 1 
14 16 
1b 0 
2b ( 2 1 )[ 1 -1 0 4 4 ]
2b ( 2 15 )[ 1 -1 1 4 4 ]
2b ( 14 15 )[ 1 -1 3 4 4 ]
2b ( 14 1 )[ 1 -1 2 4 4 ]

RANKS: 1 -1 0 16 1
EVENT27: 1113 474a82_474e02_474f3b_47502f_457e8e
COMP 4c-0: 46c94e_46cd23_46ce8e_46cfaf_457e56 (2400 16.03 0 16.00 0 17.00){0.00 0.00 0.00 0.00 6.40 0}{6.40 0.00 0.00 0.00 12.80 0}{12.80 16.00 16.03 17.00 19.20 2400}{19.20 0.00 0.00 0.00 25.60 0}{25.60 0.00 0.00 0.00 32.00 0}
COMM 4b-0: 46c94e_46cd23_46ce8e_46cfaf_457e56 (2400 3.03 0 2.00 4 71.00){0.00 0.00 0.00 0.00 1.20 0}{1.20 2.00 2.88 3.00 3.60 2298}{3.60 4.00 5.38 6.00 6.00 90}{6.00 7.00 8.82 15.00 18.00 11}{18.00 71.00 71.00 71.00 124.00 1}
10 2 
12 1 
14 16 
1a ( 2 1 )[ 1 -1 0 4 4 ]
1a ( 2 15 )[ 1 -1 1 4 4 ]
1a ( 14 15 )[ 1 -1 3 4 4 ]
1a ( 14 1 )[ 1 -1 2 4 4 ]
1b 0 

RANKS: 1 -1 0 16 1
EVENT28: 1148 47d9dd_47dc61_47dd35_47ddee_457ea8
COMP 4c-0: 474a82_474e02_474f3b_47502f_457e8e (2400 16.01 7 15.00 0 17.00){0.00 0.00 0.00 0.00 6.40 0}{6.40 0.00 0.00 0.00 12.80 0}{12.80 15.00 16.01 17.00 19.20 2400}{19.20 0.00 0.00 0.00 25.60 0}{25.60 0.00 0.00 0.00 32.00 0}
COMM 4b-0: 474a82_474e02_474f3b_47502f_457e8e (2400 26.29 0 1.00 2 633.00){0.00 1.00 18.84 108.00 110.00 2291}{110.00 118.00 154.21 174.00 178.00 76}{178.00 183.67 234.32 239.82 288.00 31}{288.00 354.00 354.00 354.00 420.00 1}{420.00 633.00 633.00 633.00 846.00 1}
1c 9999 

RANKS: 1 -1 0 16 1
EVENT29: 1090 46c94e_46cd23_46ce8e_46cfaf_45800a
COMP 4c-0: 47d9dd_47dc61_47dd35_47ddee_457ea8 (1200 7995.68 9 7909.00 0 8183.00){0.00 0.00 0.00 0.00 3272.00 0}{3272.00 0.00 0.00 0.00 6544.00 0}{6544.00 7909.00 7995.53 8183.00 9816.00 1200}{9816.00 0.00 0.00 0.00 13088.00 0}{13088.00 0.00 0.00 0.00 16360.00 0}
COMP 4c-1: 47d9dd_47dc61_47dd35_47ddee_458071 (30000 166.20 0 166.00 0 167.00){0.00 0.00 0.00 0.00 66.40 0}{66.40 0.00 0.00 0.00 132.80 0}{132.80 166.00 166.20 167.00 199.20 30000}{199.20 0.00 0.00 0.00 265.60 0}{265.60 0.00 0.00 0.00 332.00 0}
COMP 4c-2: 47d9dd_47dc61_47dd35_47ddee_458469 (28800 8185.39 9 8078.00 0 8378.00){0.00 0.00 0.00 0.00 3339.60 0}{3339.60 0.00 0.00 0.00 6679.20 0}{6679.20 8078.00 8185.38 8378.00 10018.80 28800}{10018.80 0.00 0.00 0.00 13358.40 0}{13358.40 0.00 0.00 0.00 16698.00 0}
COMM 4b-0: 47d9dd_47dc61_47dd35_47ddee_457ea8 (1200 3.27 0 2.00 13 9.00){0.00 0.00 0.00 0.00 1.60 0}{1.60 2.00 3.10 4.44 4.80 1142}{4.80 5.00 6.00 6.08 6.40 31}{6.40 6.67 7.46 8.00 8.00 26}{8.00 9.00 9.00 9.00 10.00 1}
COMM 4b-1: 47d9dd_47dc61_47dd35_47ddee_458071 (30000 2.20 0 1.00 0 41.00){0.00 0.00 0.00 0.00 0.80 0}{0.80 1.00 1.00 1.00 1.60 1027}{1.60 1.78 1.83 2.00 2.00 21911}{2.00 2.22 3.21 4.00 4.00 6396}{4.00 4.00 6.67 41.00 46.00 666}
COMM 4b-2: 47d9dd_47dc61_47dd35_47ddee_458469 (28800 3.60 0 2.00 0 41.00){0.00 0.00 0.00 0.00 1.20 0}{1.20 2.00 3.28 6.00 6.00 26236}{6.00 6.25 6.86 13.00 14.00 2551}{14.00 15.00 19.67 32.00 34.00 12}{34.00 41.00 41.00 41.00 48.00 1}
LOOP0: iter: ( 25 )[ 1 -1 0 16 1 ] mem: ( 12 )[ 1 -1 0 16 1 ]
LOOP1: iter: ( 2 )[ 1 -1 0 16 1 ] mem: ( 3 )[ 1 -1 0 16 1 ]
10 2 
12 18750 
14 16 
1b 0 
2b ( 1 2 )[ 1 -1 0 4 4 ]
2b ( 15 2 )[ 1 -1 1 4 4 ]
2b ( 15 14 )[ 1 -1 3 4 4 ]
2b ( 1 14 )[ 1 -1 2 4 4 ]

RANKS: 1 -1 0 16 1
EVENT30: 1113 474a82_474e02_474f3b_47502f_45805c
COMP 4c-0: 46c94e_46cd23_46ce8e_46cfaf_45800a (60000 16.15 15 16.00 0 17.00){0.00 0.00 0.00 0.00 6.40 0}{6.40 0.00 0.00 0.00 12.80 0}{12.80 16.00 16.15 17.00 19.20 60000}{19.20 0.00 0.00 0.00 25.60 0}{25.60 0.00 0.00 0.00 32.00 0}
COMM 4b-0: 46c94e_46cd23_46ce8e_46cfaf_45800a (60000 709.33 0 89.00 1 5468212.00){0.00 0.00 0.00 0.00 81.60 0}{81.60 89.00 176.75 352.00 352.00 59024}{352.00 353.00 439.17 631.00 702.00 481}{702.00 17114.96 31529.14 2421928.00 4843154.00 492}{4843154.00 5467961.00 5468088.67 5468212.00 6093270.00 3}
10 2 
12 18750 
14 16 
1a ( 1 2 )[ 1 -1 0 4 4 ]
1a ( 15 2 )[ 1 -1 1 4 4 ]
1a ( 15 14 )[ 1 -1 3 4 4 ]
1a ( 1 14 )[ 1 -1 2 4 4 ]
1b 0 

RANKS: 1 -1 0 16 1
EVENT31: 1148 47d9dd_47dc61_47dd35_47ddee_458071
COMP 4c-0: 474a82_474e02_474f3b_47502f_45805c (60000 16.09 7 15.00 0 17.00){0.00 0.00 0.00 0.00 6.40 0}{6.40 0.00 0.00 0.00 12.80 0}{12.80 15.00 16.09 17.00 19.20 60000}{19.20 0.00 0.00 0.00 25.60 0}{25.60 0.00 0.00 0.00 32.00 0}
COMM 4b-0: 474a82_474e02_474f3b_47502f_45805c (60000 4.27 0 1.00 10 29654.00){0.00 1.00 2.13 3.00 3.20 51696}{3.20 3.40 4.55 6.00 6.00 7833}{6.00 6.50 11.13 26.00 26.00 458}{26.00 31.00 31.50 32.00 38.00 2}{38.00 39.00 9596.00 29654.00 40448.00 11}
1c 9999 

RANKS: 1 -1 0 16 1
EVENT32: 1090 46c94e_46cd23_46ce8e_46cfaf_458110
COMP 4c-0: 47d9dd_47dc61_47dd35_47ddee_458071 (30000 171.35 0 170.00 0 173.00){0.00 0.00 0.00 0.00 68.00 0}{68.00 0.00 0.00 0.00 136.00 0}{136.00 170.00 171.35 173.00 204.00 30000}{204.00 0.00 0.00 0.00 272.00 0}{272.00 0.00 0.00 0.00 340.00 0}
COMM 4b-0: 47d9dd_47dc61_47dd35_47ddee_458071 (30000 2.47 0 1.00 0 21.00){0.00 0.00 0.00 0.00 0.80 0}{0.80 1.00 1.00 1.00 1.60 1042}{1.60 1.85 1.93 3.17 3.20 22620}{3.20 3.25 3.63 4.00 4.00 4867}{4.00 4.00 8.01 21.00 38.00 1471}
10 2 
12 18750 
14 16 
1b 0 
2b ( 0 )[ 1 -1 0 4 5 ]
2b ( 3 )[ 1 -1 1 3 5 ]
2b ( 9 )[ 1 -1 3 1 0 ]
2b ( 6 )[ 1 -1 2 2 5 ]
2b ( 13 )[ 1 -1 4 3 5 ]
2b ( 10 )[ 1 -1 8 2 5 ]
2b ( 7 )[ 1 -1 12 1 0 ]

RANKS: 1 -1 0 16 1
EVENT33: 1113 474a82_474e02_474f3b_47502f_458145
COMP 4c-0: 46c94e_46cd23_46ce8e_46cfaf_458110 (30000 16.16 0 16.00 0 17.00){0.00 0.00 0.00 0.00 6.40 0}{6.40 0.00 0.00 0.00 12.80 0}{12.80 16.00 16.16 17.00 19.20 30000}{19.20 0.00 0.00 0.00 25.60 0}{25.60 0.00 0.00 0.00 32.00 0}
COMM 4b-0: 46c94e_46cd23_46ce8e_46cfaf_458110 (30000 5299.09 0 37.00 12 5468251.00){0.00 37.00 222.82 1323.00 1515.50 29946}{1515.50 30235.00 30235.00 30235.00 58954.50 1}{58954.50 1251032.00 1251083.33 1251166.00 2443109.50 3}{2443109.50 2547784.83 2547784.83 2547784.83 2652460.15 1}{2652460.15 2779716.14 2979060.43 5468251.00 6312677.85 49}
10 2 
12 18750 
14 16 
1a ( 0 )[ 1 -1 0 4 5 ]
1a ( 3 )[ 1 -1 1 3 5 ]
1a ( 9 )[ 1 -1 3 1 0 ]
1a ( 6 )[ 1 -1 2 2 5 ]
1a ( 13 )[ 1 -1 4 3 5 ]
1a ( 10 )[ 1 -1 8 2 5 ]
1a ( 7 )[ 1 -1 12 1 0 ]
1b 0 

RANKS: 1 -1 0 16 1
EVENT34: 1148 47d9dd_47dc61_47dd35_47ddee_45815a
COMP 4c-0: 474a82_474e02_474f3b_47502f_458145 (30000 16.10 7 15.00 0 17.00){0.00 0.00 0.00 0.00 6.40 0}{6.40 0.00 0.00 0.00 12.80 0}{12.80 15.00 16.10 17.00 19.20 30000}{19.20 0.00 0.00 0.00 25.60 0}{25.60 0.00 0.00 0.00 32.00 0}
COMM 4b-0: 474a82_474e02_474f3b_47502f_458145 (30000 3.53 0 1.00 2 26740.00){0.00 0.00 0.00 0.00 0.80 0}{0.80 1.00 1.00 1.00 1.60 1539}{1.60 2.00 2.73 29.00 36.00 28459}{36.00 54.00 54.00 54.00 72.00 1}{72.00 26740.00 26740.00 26740.00 53408.00 1}
1c 9999 

RANKS: 1 -1 0 16 1
EVENT35: 1090 46c94e_46cd23_46ce8e_46cfaf_458276
COMP 4c-0: 47d9dd_47dc61_47dd35_47ddee_45815a (30000 241.29 0 241.00 0 242.00){0.00 0.00 0.00 0.00 96.40 0}{96.40 0.00 0.00 0.00 192.80 0}{192.80 241.00 241.29 242.00 289.20 30000}{289.20 0.00 0.00 0.00 385.60 0}{385.60 0.00 0.00 0.00 482.00 0}
COMP 4c-1: 47d9dd_47dc61_47dd35_47ddee_4582c3 (30000 16.39 0 16.00 0 17.00){0.00 0.00 0.00 0.00 6.40 0}{6.40 0.00 0.00 0.00 12.80 0}{12.80 16.00 16.39 17.00 19.20 30000}{19.20 0.00 0.00 0.00 25.60 0}{25.60 0.00 0.00 0.00 32.00 0}
COMM 4b-0: 47d9dd_47dc61_47dd35_47ddee_45815a (30000 1.89 0 1.00 0 47.00){0.00 1.00 1.26 1.60 1.60 6737}{1.60 1.71 1.88 2.00 2.00 15313}{2.00 2.23 2.46 22.00 28.00 7948}{28.00 29.00 29.00 29.00 30.00 1}{30.00 47.00 47.00 47.00 64.00 1}
COMM 4b-1: 47d9dd_47dc61_47dd35_47ddee_4582c3 (30000 1.53 0 1.00 0 89.00){0.00 0.00 0.00 0.00 0.40 0}{0.40 0.00 0.00 0.00 0.80 0}{0.80 1.00 1.00 1.53 1.60 17357}{1.60 1.62 2.00 2.00 2.00 4394}{2.00 2.00 2.38 89.00 120.00 8249}
LOOP0: iter: ( 2 )[ 1 -1 0 16 1 ] mem: ( 3 )[ 1 -1 0 16 1 ]
10 2 
12 1 
14 16 
1b 0 
2b ( 2 1 )[ 1 -1 0 4 4 ]
2b ( 2 15 )[ 1 -1 1 4 4 ]
2b ( 14 15 )[ 1 -1 3 4 4 ]
2b ( 14 1 )[ 1 -1 2 4 4 ]

RANKS: 1 -1 0 16 1
EVENT36: 1113 474a82_474e02_474f3b_47502f_4582ae
COMP 4c-0: 46c94e_46cd23_46ce8e_46cfaf_458276 (60000 16.21 0 16.00 0 17.00){0.00 0.00 0.00 0.00 6.40 0}{6.40 0.00 0.00 0.00 12.80 0}{12.80 16.00 16.21 17.00 19.20 60000}{19.20 0.00 0.00 0.00 25.60 0}{25.60 0.00 0.00 0.00 32.00 0}
COMM 4b-0: 46c94e_46cd23_46ce8e_46cfaf_458276 (60000 3.28 0 2.00 9 104.00){0.00 0.00 0.00 0.00 1.60 0}{1.60 2.00 3.18 4.75 4.80 58046}{4.80 4.87 6.01 8.00 8.00 1872}{8.00 9.00 14.09 41.00 74.00 81}{74.00 104.00 104.00 104.00 134.00 1}
10 2 
12 1 
14 16 
1a ( 2 1 )[ 1 -1 0 4 4 ]
1a ( 2 15 )[ 1 -1 1 4 4 ]
1a ( 14 15 )[ 1 -1 3 4 4 ]
1a ( 14 1 )[ 1 -1 2 4 4 ]
1b 0 

RANKS: 1 -1 0 16 1
EVENT37: 1148 47d9dd_47dc61_47dd35_47ddee_4582c3
COMP 4c-0: 474a82_474e02_474f3b_47502f_4582ae (60000 16.12 4 15.00 0 17.00){0.00 0.00 0.00 0.00 6.40 0}{6.40 0.00 0.00 0.00 12.80 0}{12.80 15.00 16.12 17.00 19.20 60000}{19.20 0.00 0.00 0.00 25.60 0}{25.60 0.00 0.00 0.00 32.00 0}
COMM 4b-0: 474a82_474e02_474f3b_47502f_4582ae (60000 8714.71 1 0.00 13 5469946.00){0.00 0.00 93.85 317.00 318.40 58548}{318.40 322.00 429.83 636.00 636.80 860}{636.80 637.00 700.20 789.00 796.00 106}{796.00 797.00 3594.88 30250.00 59704.00 60}{59704.00 524050.13 1212997.01 5469946.00 10880188.00 426}
1c 9999 

RANKS: 1 -1 0 16 1
EVENT38: 1090 46c94e_46cd23_46ce8e_46cfaf_45841c
COMP 4c-0: 47d9dd_47dc61_47dd35_47ddee_4582c3 (30000 414.45 0 414.00 1 418.00){0.00 0.00 0.00 0.00 165.60 0}{165.60 0.00 0.00 0.00 331.20 0}{331.20 414.00 414.45 418.00 496.80 30000}{496.80 0.00 0.00 0.00 662.40 0}{662.40 0.00 0.00 0.00 828.00 0}
COMP 4c-1: 47d9dd_47dc61_47dd35_47ddee_458469 (30000 16.36 0 16.00 0 17.00){0.00 0.00 0.00 0.00 6.40 0}{6.40 0.00 0.00 0.00 12.80 0}{12.80 16.00 16.36 17.00 19.20 30000}{19.20 0.00 0.00 0.00 25.60 0}{25.60 0.00 0.00 0.00 32.00 0}
COMM 4b-0: 47d9dd_47dc61_47dd35_47ddee_4582c3 (30000 1.56 0 1.00 0 19.00){0.00 0.00 0.00 0.00 0.40 0}{0.40 0.00 0.00 0.00 0.80 0}{0.80 1.00 1.21 1.55 1.60 18778}{1.60 1.68 2.00 2.00 2.00 7597}{2.00 2.00 2.45 19.00 32.00 3625}
COMM 4b-1: 47d9dd_47dc61_47dd35_47ddee_458469 (30000 1.44 0 1.00 1 81.00){0.00 0.00 0.00 0.00 0.80 0}{0.80 1.00 1.15 1.37 1.60 23045}{1.60 2.00 2.00 2.00 2.00 2666}{2.00 2.00 2.61 18.00 22.00 4287}{22.00 26.00 53.50 81.00 140.00 2}
LOOP0: iter: ( 2 )[ 1 -1 0 16 1 ] mem: ( 3 )[ 1 -1 0 16 1 ]
10 2 
12 1 
14 16 
1b 0 
2b ( 2 1 )[ 1 -1 0 4 4 ]
2b ( 2 15 )[ 1 -1 1 4 4 ]
2b ( 14 15 )[ 1 -1 3 4 4 ]
2b ( 14 1 )[ 1 -1 2 4 4 ]

RANKS: 1 -1 0 16 1
EVENT39: 1113 474a82_474e02_474f3b_47502f_458454
COMP 4c-0: 46c94e_46cd23_46ce8e_46cfaf_45841c (60000 16.14 1 16.00 0 17.00){0.00 0.00 0.00 0.00 6.40 0}{6.40 0.00 0.00 0.00 12.80 0}{12.80 16.00 16.14 17.00 19.20 60000}{19.20 0.00 0.00 0.00 25.60 0}{25.60 0.00 0.00 0.00 32.00 0}
COMM 4b-0: 46c94e_46cd23_46ce8e_46cfaf_45841c (60000 2.96 0 2.00 11 75.00){0.00 0.00 0.00 0.00 1.20 0}{1.20 2.00 2.95 6.00 6.00 59951}{6.00 8.00 13.11 25.00 34.00 47}{34.00 49.00 49.00 49.00 64.00 1}{64.00 75.00 75.00 75.00 86.00 1}
10 2 
12 1 
14 16 
1a ( 2 1 )[ 1 -1 0 4 4 ]
1a ( 2 15 )[ 1 -1 1 4 4 ]
1a ( 14 15 )[ 1 -1 3 4 4 ]
1a ( 14 1 )[ 1 -1 2 4 4 ]
1b 0 

RANKS: 1 -1 0 16 1
EVENT40: 1148 47d9dd_47dc61_47dd35_47ddee_458469
COMP 4c-0: 474a82_474e02_474f3b_47502f_458454 (60000 16.05 0 16.00 0 17.00){0.00 0.00 0.00 0.00 6.40 0}{6.40 0.00 0.00 0.00 12.80 0}{12.80 16.00 16.05 17.00 19.20 60000}{19.20 0.00 0.00 0.00 25.60 0}{25.60 0.00 0.00 0.00 32.00 0}
COMM 4b-0: 474a82_474e02_474f3b_47502f_458454 (60000 986.36 1 0.00 2 4482038.00){0.00 0.00 23.15 148.00 148.00 58932}{148.00 149.00 188.18 219.00 222.00 709}{222.00 227.00 249.68 282.00 286.00 168}{286.00 309.00 326.57 469.00 492.00 153}{492.00 503.86 1515603.54 4482038.00 8963412.00 38}
1c 9999 

RANKS: 1 -1 0 16 1
EVENT41: 1090 46c94e_46cd23_46ce8e_46cfaf_45861a
COMP 4c-0: 47d9dd_47dc61_47dd35_47ddee_458469 (1200 8186.69 9 8097.00 0 8377.00){0.00 0.00 0.00 0.00 3347.20 0}{3347.20 0.00 0.00 0.00 6694.40 0}{6694.40 8097.00 8186.54 8377.00 10041.60 1200}{10041.60 0.00 0.00 0.00 13388.80 0}{13388.80 0.00 0.00 0.00 16736.00 0}
COMP 4c-1: 47d9dd_47dc61_47dd35_47ddee_458681 (1200 166.21 0 166.00 0 167.00){0.00 0.00 0.00 0.00 66.40 0}{66.40 0.00 0.00 0.00 132.80 0}{132.80 166.00 166.21 167.00 199.20 1200}{199.20 0.00 0.00 0.00 265.60 0}{265.60 0.00 0.00 0.00 332.00 0}
COMM 4b-0: 47d9dd_47dc61_47dd35_47ddee_458469 (1200 3.64 0 2.00 10 16.00){0.00 0.00 0.00 0.00 1.60 0}{1.60 2.00 3.28 4.48 4.80 1073}{4.80 5.00 6.50 8.00 8.00 124}{8.00 9.00 9.00 9.00 10.00 1}{10.00 16.00 16.00 16.00 22.00 2}
COMM 4b-1: 47d9dd_47dc61_47dd35_47ddee_458681 (1200 2.22 0 1.00 7 22.00){0.00 1.00 1.00 1.00 1.60 48}{1.60 1.77 2.16 6.00 6.00 1132}{6.00 6.83 7.05 8.67 8.80 13}{8.80 9.11 9.47 10.00 11.20 5}{11.20 14.00 18.00 22.00 32.80 2}
LOOP0: iter: ( 2 )[ 1 -1 0 16 1 ] mem: ( 3 )[ 1 -1 0 16 1 ]
10 2 
12 18750 
14 16 
1b 0 
2b ( 1 2 )[ 1 -1 0 4 4 ]
2b ( 15 2 )[ 1 -1 1 4 4 ]
2b ( 15 14 )[ 1 -1 3 4 4 ]
2b ( 1 14 )[ 1 -1 2 4 4 ]

RANKS: 1 -1 0 16 1
EVENT42: 1113 474a82_474e02_474f3b_47502f_45866c
COMP 4c-0: 46c94e_46cd23_46ce8e_46cfaf_45861a (2400 16.14 0 16.00 0 17.00){0.00 0.00 0.00 0.00 6.80 0}{6.80 0.00 0.00 0.00 13.60 0}{13.60 16.00 16.14 17.00 20.40 2400}{20.40 0.00 0.00 0.00 27.20 0}{27.20 0.00 0.00 0.00 34.00 0}
COMM 4b-0: 46c94e_46cd23_46ce8e_46cfaf_45861a (2400 184.96 2 90.00 2 1241.00){0.00 0.00 0.00 0.00 63.60 0}{63.60 90.00 133.69 190.00 190.80 1562}{190.80 194.00 260.50 317.00 318.00 742}{318.00 322.00 394.00 540.00 616.00 91}{616.00 1108.00 1191.20 1241.00 1850.00 5}
10 2 
12 18750 
14 16 
1a ( 1 2 )[ 1 -1 0 4 4 ]
1a ( 15 2 )[ 1 -1 1 4 4 ]
1a ( 15 14 )[ 1 -1 3 4 4 ]
1a ( 1 14 )[ 1 -1 2 4 4 ]
1b 0 

RANKS: 1 -1 0 16 1
EVENT43: 1148 47d9dd_47dc61_47dd35_47ddee_458681
COMP 4c-0: 474a82_474e02_474f3b_47502f_45866c (2400 16.09 0 16.00 0 17.00){0.00 0.00 0.00 0.00 6.40 0}{6.40 0.00 0.00 0.00 12.80 0}{12.80 16.00 16.09 17.00 19.20 2400}{19.20 0.00 0.00 0.00 25.60 0}{25.60 0.00 0.00 0.00 32.00 0}
COMM 4b-0: 474a82_474e02_474f3b_47502f_45866c (2400 2.49 0 1.00 5 17.00){0.00 1.00 1.37 1.57 1.60 577}{1.60 1.70 1.97 3.03 3.20 1262}{3.20 3.61 3.89 4.00 4.00 138}{4.00 4.31 5.07 14.00 14.00 421}{14.00 15.00 16.00 17.00 20.00 2}
1c 9999 

RANKS: 1 -1 0 16 1
EVENT44: 1090 46c94e_46cd23_46ce8e_46cfaf_458722
COMP 4c-0: 47d9dd_47dc61_47dd35_47ddee_458681 (1200 171.35 0 170.00 1 173.00){0.00 0.00 0.00 0.00 68.00 0}{68.00 0.00 0.00 0.00 136.00 0}{136.00 170.00 171.35 173.00 204.00 1200}{204.00 0.00 0.00 0.00 272.00 0}{272.00 0.00 0.00 0.00 340.00 0}
COMM 4b-0: 47d9dd_47dc61_47dd35_47ddee_458681 (1200 2.45 0 1.00 1 12.00){0.00 0.00 0.00 0.00 0.80 0}{0.80 1.00 1.00 1.00 1.60 278}{1.60 2.00 2.06 2.28 2.40 589}{2.40 3.00 3.44 4.00 4.00 205}{4.00 4.75 5.80 12.00 20.00 128}
10 2 
12 18750 
14 16 
1b 0 
2b ( 0 )[ 1 -1 0 4 5 ]
2b ( 3 )[ 1 -1 1 3 5 ]
2b ( 9 )[ 1 -1 3 1 0 ]
2b ( 6 )[ 1 -1 2 2 5 ]
2b ( 13 )[ 1 -1 4 3 5 ]
2b ( 10 )[ 1 -1 8 2 5 ]
2b ( 7 )[ 1 -1 12 1 0 ]

RANKS: 1 -1 0 16 1
EVENT45: 1113 474a82_474e02_474f3b_47502f_458757
COMP 4c-0: 46c94e_46cd23_46ce8e_46cfaf_458722 (1200 16.15 0 16.00 0 17.00){0.00 0.00 0.00 0.00 6.80 0}{6.80 0.00 0.00 0.00 13.60 0}{13.60 16.00 16.15 17.00 20.40 1200}{20.40 0.00 0.00 0.00 27.20 0}{27.20 0.00 0.00 0.00 34.00 0}
COMM 4b-0: 46c94e_46cd23_46ce8e_46cfaf_458722 (1200 7550.42 15 37.00 12 2942850.00){0.00 37.00 189.40 633.77 664.00 1184}{664.00 706.00 917.57 1122.00 1156.00 7}{1156.00 1475.60 1475.60 1475.60 1795.20 5}{1795.20 1801.00 1801.00 1801.00 1806.80 1}{1806.80 2942604.00 2942720.33 2942850.00 5883893.20 3}
10 2 
12 18750 
14 16 
1a ( 0 )[ 1 -1 0 4 5 ]
1a ( 3 )[ 1 -1 1 3 5 ]
1a ( 9 )[ 1 -1 3 1 0 ]
1a ( 6 )[ 1 -1 2 2 5 ]
1a ( 13 )[ 1 -1 4 3 5 ]
1a ( 10 )[ 1 -1 8 2 5 ]
1a ( 7 )[ 1 -1 12 1 0 ]
1b 0 

RANKS: 1 -1 0 16 1
EVENT46: 1148 47d9dd_47dc61_47dd35_47ddee_45876c
COMP 4c-0: 474a82_474e02_474f3b_47502f_458757 (1200 16.10 0 16.00 0 17.00){0.00 0.00 0.00 0.00 6.40 0}{6.40 0.00 0.00 0.00 12.80 0}{12.80 16.00 16.10 17.00 19.20 1200}{19.20 0.00 0.00 0.00 25.60 0}{25.60 0.00 0.00 0.00 32.00 0}
COMM 4b-0: 474a82_474e02_474f3b_47502f_458757 (1200 2.60 2 0.00 3 23.00){0.00 0.00 0.00 0.00 0.80 1}{0.80 1.00 1.08 1.40 1.60 488}{1.60 1.74 1.84 2.21 2.43 299}{2.43 2.60 3.69 4.00 4.01 134}{4.01 4.11 5.55 23.00 41.99 278}
1c 9999 

RANKS: 1 -1 0 16 1
EVENT47: 1090 46c94e_46cd23_46ce8e_46cfaf
COMP 4c-0: 47d9dd_47dc61_47dd35_47ddee (3600 92.92 6 14.00 0 245.00){0.00 0.00 0.00 0.00 6.00 0}{6.00 0.00 0.00 0.00 12.00 0}{12.00 14.00 17.29 21.00 24.00 2400}{24.00 0.00 0.00 0.00 30.00 0}{30.00 243.00 244.24 245.00 458.00 1200}
COMP 4c-1: 47d9dd_47dc61_47dd35_47ddee_45876c (1200 183.58 0 183.00 0 184.00){0.00 0.00 0.00 0.00 73.20 0}{73.20 0.00 0.00 0.00 146.40 0}{146.40 183.00 183.58 184.00 219.60 1200}{219.60 0.00 0.00 0.00 292.80 0}{292.80 0.00 0.00 0.00 366.00 0}
COMM 4b-0: 47d9dd_47dc61_47dd35_47ddee (3600 1.55 0 1.00 0 70.00){0.00 0.00 0.00 0.00 0.80 0}{0.80 1.00 1.00 1.00 1.60 1993}{1.60 2.00 2.00 2.00 2.00 1383}{2.00 3.00 3.43 32.00 62.00 223}{62.00 70.00 70.00 70.00 78.00 1}
COMM 4b-1: 47d9dd_47dc61_47dd35_47ddee_45876c (1200 1.90 0 1.00 14 13.00){0.00 0.00 0.00 0.00 0.80 0}{0.80 1.00 1.00 1.00 1.60 426}{1.60 2.00 2.35 4.00 4.00 762}{4.00 5.00 5.00 5.00 6.00 11}{6.00 13.00 13.00 13.00 20.00 1}
LOOP0: iter: ( 4 )[ 1 -1 0 16 1 ] mem: ( 3 )[ 1 -1 0 16 1 ]
10 2 
12 1 1 2 2 
14 16 
1b 0 
2b ( 2 1 )[ 1 -1 0 4 4 ]
2b ( 2 15 )[ 1 -1 1 4 4 ]
2b ( 14 15 )[ 1 -1 3 4 4 ]
2b ( 14 1 )[ 1 -1 2 4 4 ]

RANKS: 1 -1 0 16 1
EVENT48: 1113 474a82_474e02_474f3b_47502f
COMP 4c-0: 46c94e_46cd23_46ce8e_46cfaf (4800 14.89 0 14.00 1 15.00){0.00 0.00 0.00 0.00 6.00 0}{6.00 0.00 0.00 0.00 12.00 0}{12.00 14.00 14.89 15.00 18.00 4800}{18.00 0.00 0.00 0.00 24.00 0}{24.00 0.00 0.00 0.00 30.00 0}
COMM 4b-0: 46c94e_46cd23_46ce8e_46cfaf (4800 3.07 0 2.00 0 22.00){0.00 0.00 0.00 0.00 1.60 0}{1.60 2.00 2.88 3.00 3.20 4296}{3.20 4.00 4.50 6.00 6.40 471}{6.40 7.00 7.07 7.13 8.00 30}{8.00 13.00 16.67 22.00 36.00 3}
10 2 
12 1 1 2 2 
14 16 
1a ( 2 1 )[ 1 -1 0 4 4 ]
1a ( 2 15 )[ 1 -1 1 4 4 ]
1a ( 14 15 )[ 1 -1 3 4 4 ]
1a ( 14 1 )[ 1 -1 2 4 4 ]
1b 0 

RANKS: 1 -1 0 16 1
EVENT49: 1148 47d9dd_47dc61_47dd35_47ddee
COMP 4c-0: 474a82_474e02_474f3b_47502f (4800 14.84 0 14.00 0 15.00){0.00 0.00 0.00 0.00 6.00 0}{6.00 0.00 0.00 0.00 12.00 0}{12.00 14.00 14.84 15.00 18.00 4800}{18.00 0.00 0.00 0.00 24.00 0}{24.00 0.00 0.00 0.00 30.00 0}
COMM 4b-0: 474a82_474e02_474f3b_47502f (4800 5571.60 1 0.00 13 2943136.00){0.00 0.00 41.48 238.00 238.40 4656}{238.40 240.00 313.83 472.00 476.80 69}{476.80 479.00 598.19 816.00 846.00 46}{846.00 857.00 1094.12 1452.00 1612.00 20}{1612.00 2942655.20 2942748.11 2943136.00 5884660.00 9}
1c 9999 

RANKS: 1 -1 0 16 1
EVENT50: 1104 471031_4713ce_471532_471641
COMP 4c-0: 47d9dd_47dc61_47dd35_47ddee (16 247.76 1 220.00 0 277.00){0.00 0.00 0.00 0.00 110.80 0}{110.80 220.00 220.00 220.00 221.60 1}{221.60 228.00 247.67 277.00 332.40 15}{332.40 0.00 0.00 0.00 443.20 0}{443.20 0.00 0.00 0.00 554.00 0}
COMM 4b-0: 47d9dd_47dc61_47dd35_47ddee (16 92.06 1 12.00 0 410.00){0.00 12.00 39.07 139.00 164.00 14}{164.00 198.00 198.00 198.00 328.00 1}{328.00 410.00 410.00 410.00 492.00 1}{492.00 0.00 0.00 0.00 656.00 0}{656.00 0.00 0.00 0.00 820.00 0}
10 2 
12 1 
14 16 
18 1 
19 0 

RANKS: 1 -1 0 16 1
EVENT51: 1045 465817_46588b_4658f1_46594c
COMP 4c-0: 471031_4713ce_471532_471641 (16 2872.00 0 211.00 3 4832.00){0.00 0.00 0.00 0.00 84.40 0}{84.40 0.00 0.00 0.00 168.80 0}{168.80 211.00 211.00 211.00 422.00 1}{422.00 2063.00 2892.92 3939.00 4014.00 12}{4014.00 4356.00 4562.33 4832.00 5650.00 3}

