RANKS: 1 -1 0 4 1
EVENT0: 1084 479384_479443_4794d9_479534
33 2 
34 0 

RANKS: 1 -1 0 4 1
EVENT1: 1011 46d561_46d890_46d9ab_46da97
COMP 4b-0: 46d561_46d890_46d9ab_46da97 (32 5.67 0 5.00 0 7.00){0.00 0.00 0.00 0.00 2.40 0}{2.40 0.00 0.00 0.00 4.80 0}{4.80 5.00 5.66 7.00 7.20 32}{7.20 0.00 0.00 0.00 9.60 0}{9.60 0.00 0.00 0.00 12.00 0}
COMP 4b-1: 479384_479443_4794d9_479534 (4 265.40 1 57.00 0 577.00){0.00 57.00 57.67 58.00 230.80 3}{230.80 0.00 0.00 0.00 461.60 0}{461.60 577.00 577.00 577.00 692.40 1}{692.40 0.00 0.00 0.00 923.20 0}{923.20 0.00 0.00 0.00 1154.00 0}
COMM 4b-0: 46d561_46d890_46d9ab_46da97 (32 11.33 0 1.00 0 67.00){0.00 0.00 0.00 0.00 0.80 0}{0.80 1.00 1.00 1.00 1.60 3}{1.60 2.00 2.44 3.07 3.20 18}{3.20 4.00 4.00 4.00 4.00 1}{4.00 6.00 32.10 67.00 130.00 10}
COMM 4b-1: 479384_479443_4794d9_479534 (4 366.80 0 20.00 1 627.00){0.00 0.00 0.00 0.00 8.00 0}{8.00 0.00 0.00 0.00 16.00 0}{16.00 20.00 20.00 20.00 32.00 1}{32.00 0.00 0.00 0.00 40.00 0}{40.00 545.00 598.00 627.00 1204.00 3}
LOOP0: iter: ( 9 )[ 1 -1 0 4 1 ] mem: ( 1 )[ 1 -1 0 4 1 ]
10 2 
12 1 1 1 1 1 5 1 1 1 
14 14 14 14 16 16 16 14 14 14 
19 0 

RANKS: 1 -1 2 1 0
EVENT2: 1113 4822b2_482632_48276b_48285f
COMP 4b-0: 46d561_46d890_46d9ab_46da97 (1 567132.00 2 567132.00 2 567132.00){0.00 0.00 0.00 0.00 226852.80 0}{226852.80 0.00 0.00 0.00 453705.60 0}{453705.60 567132.00 567132.00 567132.00 680558.40 1}{680558.40 0.00 0.00 0.00 907411.20 0}{907411.20 0.00 0.00 0.00 1134264.00 0}
COMM 4b-0: 46d561_46d890_46d9ab_46da97 (1 959.00 2 959.00 2 959.00){0.00 0.00 0.00 0.00 383.60 0}{383.60 0.00 0.00 0.00 767.20 0}{767.20 959.00 959.00 959.00 1150.80 1}{1150.80 0.00 0.00 0.00 1534.40 0}{1534.40 0.00 0.00 0.00 1918.00 0}
10 2 
12 131220 
14 16 
1a 1 
1b 0 

RANKS: 1 -1 1 2 1
EVENT3: 1090 47a17e_47a553_47a6be_47a7df
COMP 4b-0: 46d561_46d890_46d9ab_46da97 (1 566157.00 1 566157.00 1 566157.00){0.00 0.00 0.00 0.00 226462.80 0}{226462.80 0.00 0.00 0.00 452925.60 0}{452925.60 566157.00 566157.00 566157.00 679388.40 1}{679388.40 0.00 0.00 0.00 905851.20 0}{905851.20 0.00 0.00 0.00 1132314.00 0}
COMP 4b-1: 4822b2_482632_48276b_48285f (1 11.00 2 11.00 2 11.00){0.00 0.00 0.00 0.00 4.40 0}{4.40 0.00 0.00 0.00 8.80 0}{8.80 11.00 11.00 11.00 13.20 1}{13.20 0.00 0.00 0.00 17.60 0}{17.60 0.00 0.00 0.00 22.00 0}
COMP 4b-2: 48b20d_48b491_48b565_48b61e (1 106640.00 2 106640.00 2 106640.00){0.00 0.00 0.00 0.00 42656.00 0}{42656.00 0.00 0.00 0.00 85312.00 0}{85312.00 106640.00 106640.00 106640.00 127968.00 1}{127968.00 0.00 0.00 0.00 170624.00 0}{170624.00 0.00 0.00 0.00 213280.00 0}
COMM 4b-0: 46d561_46d890_46d9ab_46da97 (1 5.00 1 5.00 1 5.00){0.00 0.00 0.00 0.00 2.00 0}{2.00 0.00 0.00 0.00 4.00 0}{4.00 5.00 5.00 5.00 6.00 1}{6.00 0.00 0.00 0.00 8.00 0}{8.00 0.00 0.00 0.00 10.00 0}
COMM 4b-1: 4822b2_482632_48276b_48285f (1 4.00 2 4.00 2 4.00){0.00 0.00 0.00 0.00 1.60 0}{1.60 0.00 0.00 0.00 3.20 0}{3.20 4.00 4.00 4.00 4.80 1}{4.80 0.00 0.00 0.00 6.40 0}{6.40 0.00 0.00 0.00 8.00 0}
COMM 4b-2: 48b20d_48b491_48b565_48b61e (1 3.00 2 3.00 2 3.00){0.00 0.00 0.00 0.00 1.20 0}{1.20 0.00 0.00 0.00 2.40 0}{2.40 3.00 3.00 3.00 3.60 1}{3.60 0.00 0.00 0.00 4.80 0}{4.80 0.00 0.00 0.00 6.00 0}
LOOP0: iter: ( 2 )[ 1 -1 2 1 0 ] mem: ( 2 )[ 1 -1 2 1 0 ]
10 2 
12 131220 
14 16 
1b 0 
2b 2147483647 

RANKS: 1 -1 1 2 1
EVENT4: 1148 48b20d_48b491_48b565_48b61e
COMP 4b-0: 47a17e_47a553_47a6be_47a7df (3 12.00 2 6.00 1 14.00){0.00 0.00 0.00 0.00 5.60 0}{5.60 6.00 6.00 6.00 11.20 1}{11.20 14.00 14.00 14.00 16.80 2}{16.80 0.00 0.00 0.00 22.40 0}{22.40 0.00 0.00 0.00 28.00 0}
COMM 4b-0: 47a17e_47a553_47a6be_47a7df (3 1717.25 2 868.00 1 2038.00){0.00 0.00 0.00 0.00 815.20 0}{815.20 868.00 868.00 868.00 1630.40 1}{1630.40 1925.00 1981.50 2038.00 2445.60 2}{2445.60 0.00 0.00 0.00 3260.80 0}{3260.80 0.00 0.00 0.00 4076.00 0}
1c 9999 

RANKS: 1 -1 1 2 1
EVENT5: 1113 4822b2_482632_48276b_48285f
COMP 4b-0: 4822b2_482632_48276b_48285f (2 143288.00 1 106518.00 2 216828.00){0.00 0.00 0.00 0.00 42607.20 0}{42607.20 0.00 0.00 0.00 85214.40 0}{85214.40 106518.00 106518.00 106518.00 170428.80 1}{170428.80 0.00 0.00 0.00 213036.00 0}{213036.00 216828.00 216828.00 216828.00 220620.00 1}
COMP 4b-1: 48b20d_48b491_48b565_48b61e (2 951.67 2 717.00 1 1069.00){0.00 0.00 0.00 0.00 427.60 0}{427.60 717.00 717.00 717.00 855.20 1}{855.20 1069.00 1069.00 1069.00 1282.80 1}{1282.80 0.00 0.00 0.00 1710.40 0}{1710.40 0.00 0.00 0.00 2138.00 0}
COMM 4b-0: 4822b2_482632_48276b_48285f (2 572.33 1 571.00 2 575.00){0.00 0.00 0.00 0.00 228.40 0}{228.40 0.00 0.00 0.00 456.80 0}{456.80 571.00 573.00 575.00 685.20 2}{685.20 0.00 0.00 0.00 913.60 0}{913.60 0.00 0.00 0.00 1142.00 0}
COMM 4b-1: 48b20d_48b491_48b565_48b61e (2 791.33 2 558.00 1 908.00){0.00 0.00 0.00 0.00 363.20 0}{363.20 558.00 558.00 558.00 726.40 1}{726.40 908.00 908.00 908.00 1089.60 1}{1089.60 0.00 0.00 0.00 1452.80 0}{1452.80 0.00 0.00 0.00 1816.00 0}
LOOP0: iter: ( 2 )[ 1 -1 1 2 1 ] mem: ( 1 )[ 1 -1 1 2 1 ]
10 2 
12 131220 
14 16 
1a ( 3 2 )[ 1 -1 1 1 0 ]
1a ( 2 1 )[ 1 -1 2 1 0 ]
1b 0 

RANKS: 1 -1 1 3 1
EVENT6: 1090 47a17e_47a553_47a6be_47a7df
COMP 4b-0: 46d561_46d890_46d9ab_46da97 (1 566380.00 3 566380.00 3 566380.00){0.00 0.00 0.00 0.00 226552.00 0}{226552.00 0.00 0.00 0.00 453104.00 0}{453104.00 566380.00 566380.00 566380.00 679656.00 1}{679656.00 0.00 0.00 0.00 906208.00 0}{906208.00 0.00 0.00 0.00 1132760.00 0}
COMP 4b-1: 4822b2_482632_48276b_48285f (5 68488.00 1 7.00 3 216422.00){0.00 0.00 0.00 0.00 2.80 0}{2.80 0.00 0.00 0.00 5.60 0}{5.60 7.00 7.00 7.00 14.00 2}{14.00 88302.00 97242.50 106183.00 176590.00 2}{176590.00 216422.00 216422.00 216422.00 256254.00 1}
COMP 4b-2: 48b20d_48b491_48b565_48b61e (2 173560.33 2 88653.00 1 216014.00){0.00 0.00 0.00 0.00 86405.60 0}{86405.60 88653.00 88653.00 88653.00 172811.20 1}{172811.20 216014.00 216014.00 216014.00 259216.80 1}{259216.80 0.00 0.00 0.00 345622.40 0}{345622.40 0.00 0.00 0.00 432028.00 0}
COMM 4b-0: 46d561_46d890_46d9ab_46da97 (1 5.00 3 5.00 3 5.00){0.00 0.00 0.00 0.00 2.00 0}{2.00 0.00 0.00 0.00 4.00 0}{4.00 5.00 5.00 5.00 6.00 1}{6.00 0.00 0.00 0.00 8.00 0}{8.00 0.00 0.00 0.00 10.00 0}
COMM 4b-1: 4822b2_482632_48276b_48285f (5 2.33 2 1.00 3 3.00){0.00 0.00 0.00 0.00 0.80 0}{0.80 1.00 1.00 1.00 1.60 1}{1.60 2.00 2.00 2.00 2.40 1}{2.40 3.00 3.00 3.00 3.20 3}{3.20 0.00 0.00 0.00 4.00 0}
COMM 4b-2: 48b20d_48b491_48b565_48b61e (2 3.00 1 3.00 1 3.00){0.00 0.00 0.00 0.00 1.20 0}{1.20 0.00 0.00 0.00 2.40 0}{2.40 3.00 3.00 3.00 3.60 2}{3.60 0.00 0.00 0.00 4.80 0}{4.80 0.00 0.00 0.00 6.00 0}
LOOP0: iter: ( 2 )[ 1 -1 1 2 1 ]( 4 )[ 1 -1 3 1 0 ] mem: ( 2 )[ 1 -1 1 2 1 ]( 3 )[ 1 -1 3 1 0 ]
10 2 
12 131220 
14 16 
1b 0 
2b 2147483647 

RANKS: 1 -1 1 3 1
EVENT7: 1148 48b20d_48b491_48b565_48b61e
COMP 4b-0: 47a17e_47a553_47a6be_47a7df (8 7.78 2 5.00 3 14.00){0.00 0.00 0.00 0.00 3.20 0}{3.20 5.00 5.75 6.00 6.40 4}{6.40 7.00 7.50 8.00 9.60 2}{9.60 10.00 10.00 10.00 12.80 1}{12.80 14.00 14.00 14.00 16.00 1}
COMM 4b-0: 47a17e_47a553_47a6be_47a7df (8 1274.89 2 561.00 1 2106.00){0.00 0.00 0.00 0.00 474.40 0}{474.40 561.00 561.00 561.00 948.80 1}{948.80 988.00 1193.60 1361.00 1423.20 5}{1423.20 1653.00 1653.00 1653.00 1897.60 1}{1897.60 2106.00 2106.00 2106.00 2372.00 1}
1c 9999 

RANKS: 1 -1 0 4 1
EVENT8: 1113 4822b2_482632_48276b_48285f
COMP 4b-0: 46d561_46d890_46d9ab_46da97 (1 567296.00 0 567296.00 0 567296.00){0.00 0.00 0.00 0.00 226918.40 0}{226918.40 0.00 0.00 0.00 453836.80 0}{453836.80 567296.00 567296.00 567296.00 680755.20 1}{680755.20 0.00 0.00 0.00 907673.60 0}{907673.60 0.00 0.00 0.00 1134592.00 0}
COMP 4b-1: 4822b2_482632_48276b_48285f (1 88600.00 1 88600.00 1 88600.00){0.00 0.00 0.00 0.00 35440.00 0}{35440.00 0.00 0.00 0.00 70880.00 0}{70880.00 88600.00 88600.00 88600.00 106320.00 1}{106320.00 0.00 0.00 0.00 141760.00 0}{141760.00 0.00 0.00 0.00 177200.00 0}
COMP 4b-2: 48b20d_48b491_48b565_48b61e (9 52315.10 3 710.00 0 217213.00){0.00 710.00 826.33 1089.00 42749.20 6}{42749.20 0.00 0.00 0.00 85498.40 0}{85498.40 87234.00 97053.50 106873.00 170996.80 2}{170996.80 0.00 0.00 0.00 213746.00 0}{213746.00 217213.00 217213.00 217213.00 220680.00 1}
COMM 4b-0: 46d561_46d890_46d9ab_46da97 (1 961.00 0 961.00 0 961.00){0.00 0.00 0.00 0.00 384.40 0}{384.40 0.00 0.00 0.00 768.80 0}{768.80 961.00 961.00 961.00 1153.20 1}{1153.20 0.00 0.00 0.00 1537.60 0}{1537.60 0.00 0.00 0.00 1922.00 0}
COMM 4b-1: 4822b2_482632_48276b_48285f (1 576.00 1 576.00 1 576.00){0.00 0.00 0.00 0.00 230.40 0}{230.40 0.00 0.00 0.00 460.80 0}{460.80 576.00 576.00 576.00 691.20 1}{691.20 0.00 0.00 0.00 921.60 0}{921.60 0.00 0.00 0.00 1152.00 0}
COMM 4b-2: 48b20d_48b491_48b565_48b61e (9 704.90 2 555.00 0 1623.00){0.00 0.00 0.00 0.00 226.40 0}{226.40 0.00 0.00 0.00 452.80 0}{452.80 555.00 562.86 566.00 905.60 7}{905.60 920.00 920.00 920.00 1132.00 1}{1132.00 1623.00 1623.00 1623.00 2114.00 1}
LOOP0: iter: ( 4 )[ 1 -1 0 1 0 ]( 2 )[ 1 -1 1 1 0 ] mem: ( 3 )[ 1 -1 0 1 0 ]( 1 )[ 1 -1 1 1 0 ]
10 2 
12 131220 
14 16 
1a ( 1 2 )[ 1 -1 0 1 0 ]
1a ( 3 2 )[ 1 -1 1 2 2 ]
1a ( 2 )[ 1 -1 2 1 0 ]
1b 0 

RANKS: 1 -1 0 2 1
EVENT9: 1090 47a17e_47a553_47a6be_47a7df
COMP 4b-0: 4822b2_482632_48276b_48285f (5 8.00 0 5.00 0 12.00){0.00 0.00 0.00 0.00 4.80 0}{4.80 5.00 6.00 7.00 9.60 4}{9.60 12.00 12.00 12.00 14.40 1}{14.40 0.00 0.00 0.00 19.20 0}{19.20 0.00 0.00 0.00 24.00 0}
COMM 4b-0: 4822b2_482632_48276b_48285f (5 2.67 0 2.00 0 4.00){0.00 0.00 0.00 0.00 1.60 0}{1.60 2.00 2.00 2.00 3.20 4}{3.20 4.00 4.00 4.00 4.80 1}{4.80 0.00 0.00 0.00 6.40 0}{6.40 0.00 0.00 0.00 8.00 0}
10 2 
12 131220 
14 16 
1b 0 
2b 2147483647 

RANKS: 1 -1 0 2 1
EVENT10: 1148 48b20d_48b491_48b565_48b61e
COMP 4b-0: 47a17e_47a553_47a6be_47a7df (5 8.17 0 6.00 0 12.00){0.00 0.00 0.00 0.00 4.80 0}{4.80 6.00 6.25 7.00 9.60 4}{9.60 12.00 12.00 12.00 14.40 1}{14.40 0.00 0.00 0.00 19.20 0}{19.20 0.00 0.00 0.00 24.00 0}
COMM 4b-0: 47a17e_47a553_47a6be_47a7df (5 1472.50 1 1180.00 0 1897.00){0.00 0.00 0.00 0.00 758.80 0}{758.80 1180.00 1260.25 1373.00 1517.60 4}{1517.60 1897.00 1897.00 1897.00 2276.40 1}{2276.40 0.00 0.00 0.00 3035.20 0}{3035.20 0.00 0.00 0.00 3794.00 0}
1c 9999 

RANKS: 1 -1 0 4 1
EVENT11: 1004 46a6e7_46aa47_46ab8a_46ac7c
COMP 4b-0: 4822b2_482632_48276b_48285f (2 188392.33 2 188381.00 3 188398.00){0.00 0.00 0.00 0.00 75359.20 0}{75359.20 0.00 0.00 0.00 150718.40 0}{150718.40 188381.00 188389.50 188398.00 226077.60 2}{226077.60 0.00 0.00 0.00 301436.80 0}{301436.80 0.00 0.00 0.00 376796.00 0}
COMP 4b-1: 48b20d_48b491_48b565_48b61e (2 188910.00 1 188682.00 0 189024.00){0.00 0.00 0.00 0.00 75609.60 0}{75609.60 0.00 0.00 0.00 151219.20 0}{151219.20 188682.00 188853.00 189024.00 226828.80 2}{226828.80 0.00 0.00 0.00 302438.40 0}{302438.40 0.00 0.00 0.00 378048.00 0}
COMM 4b-0: 4822b2_482632_48276b_48285f (2 476.67 3 363.00 2 704.00){0.00 0.00 0.00 0.00 145.20 0}{145.20 0.00 0.00 0.00 290.40 0}{290.40 363.00 363.00 363.00 435.60 1}{435.60 0.00 0.00 0.00 580.80 0}{580.80 704.00 704.00 704.00 726.00 1}
COMM 4b-1: 48b20d_48b491_48b565_48b61e (2 61.33 0 39.00 1 106.00){0.00 0.00 0.00 0.00 15.60 0}{15.60 0.00 0.00 0.00 31.20 0}{31.20 39.00 39.00 39.00 62.40 1}{62.40 0.00 0.00 0.00 78.00 0}{78.00 106.00 106.00 106.00 134.00 1}
10 2 
12 5 
14 16 
18 3 

RANKS: 1 -1 0 4 1
EVENT12: 1010 46d078_46d2ad_46d351_46d3cd
COMP 4b-0: 46a6e7_46aa47_46ab8a_46ac7c (4 7.60 3 7.00 0 8.00){0.00 0.00 0.00 0.00 3.20 0}{3.20 0.00 0.00 0.00 6.40 0}{6.40 7.00 7.50 8.00 9.60 4}{9.60 0.00 0.00 0.00 12.80 0}{12.80 0.00 0.00 0.00 16.00 0}
COMM 4b-0: 46a6e7_46aa47_46ab8a_46ac7c (4 163.60 1 130.00 3 251.00){0.00 0.00 0.00 0.00 59.60 0}{59.60 0.00 0.00 0.00 119.20 0}{119.20 130.00 139.33 149.00 178.80 3}{178.80 0.00 0.00 0.00 238.40 0}{238.40 251.00 251.00 251.00 298.00 1}
10 2 

RANKS: 1 -1 1 3 1
EVENT13: 1102 47d7f1_47dbb6_47dd20_47de3f
COMP 4b-0: 46d078_46d2ad_46d351_46d3cd (3 8940.25 1 8760.00 2 9141.00){0.00 0.00 0.00 0.00 3504.00 0}{3504.00 0.00 0.00 0.00 7008.00 0}{7008.00 8760.00 9000.33 9141.00 10512.00 3}{10512.00 0.00 0.00 0.00 14016.00 0}{14016.00 0.00 0.00 0.00 17520.00 0}
COMP 4b-1: 47d7f1_47dbb6_47dd20_47de3f (319 1098.82 3 7.00 3 2244.00){0.00 0.00 0.00 0.00 3.20 0}{3.20 0.00 0.00 0.00 6.40 0}{6.40 7.00 7.41 9.00 12.80 160}{12.80 0.00 0.00 0.00 16.00 0}{16.00 2196.00 2203.96 2244.00 4400.00 159}
COMP 4b-2: 4822b2_482632_48276b_48285f (638 921.71 2 882.00 1 1081.00){0.00 0.00 0.00 0.00 381.60 0}{381.60 0.00 0.00 0.00 763.20 0}{763.20 882.00 921.66 1081.00 1144.80 638}{1144.80 0.00 0.00 0.00 1526.40 0}{1526.40 0.00 0.00 0.00 1908.00 0}
COMM 4b-0: 46d078_46d2ad_46d351_46d3cd (3 1506.00 2 996.00 3 2302.00){0.00 0.00 0.00 0.00 545.20 0}{545.20 996.00 996.00 996.00 1090.40 1}{1090.40 1363.00 1363.00 1363.00 1635.60 1}{1635.60 0.00 0.00 0.00 2180.80 0}{2180.80 2302.00 2302.00 2302.00 2726.00 1}
COMM 4b-1: 47d7f1_47dbb6_47dd20_47de3f (319 5.08 3 1.00 3 135.00){0.00 0.00 0.00 0.00 0.80 0}{0.80 1.00 1.00 1.00 1.60 110}{1.60 2.00 2.13 4.00 4.00 53}{4.00 5.00 5.19 6.00 6.00 110}{6.00 7.00 18.04 135.00 256.00 46}
COMM 4b-2: 4822b2_482632_48276b_48285f (638 15.11 1 2.00 1 3101.00){0.00 0.00 0.00 0.00 1.60 0}{1.60 2.00 3.75 6.00 6.40 502}{6.40 7.00 7.91 8.00 8.00 64}{8.00 9.00 17.60 170.00 268.00 70}{268.00 2935.00 3018.00 3101.00 5934.00 2}
LOOP0: iter: ( 320 )[ 1 -1 1 3 1 ] mem: ( 2 )[ 1 -1 1 2 1 ]( 1 )[ 1 -1 3 1 0 ]
10 2 
12 400 
14 16 
1b 0 
2b ( 3 3 3 3 3 3 3 3 3 3 3 3 3 3 3 3 3 3 3 3 3 3 3 3 3 3 3 3 3 3 3 3 3 3 3 3 3 3 3 3 3 3 3 3 3 3 3 3 3 3 3 3 3 3 3 3 3 3 3 3 3 3 3 3 3 3 3 3 3 3 3 3 3 3 3 3 3 3 3 3 3 3 3 3 3 3 3 3 3 3 3 3 3 3 3 3 3 3 3 3 3 3 3 3 3 3 3 3 3 3 3 3 3 3 3 3 3 3 3 3 3 3 3 3 3 3 3 3 3 3 3 3 3 3 3 3 3 3 3 3 3 3 3 3 3 3 3 3 3 3 3 3 3 3 3 3 3 3 3 3 2 2 2 2 2 2 2 2 2 2 2 2 2 2 2 2 2 2 2 2 2 2 2 2 2 2 2 2 2 2 2 2 2 2 2 2 2 2 2 2 2 2 2 2 2 2 2 2 2 2 2 2 2 2 2 2 2 2 2 2 2 2 2 2 2 2 2 2 2 2 2 2 2 2 2 2 2 2 2 2 2 2 2 2 2 2 2 2 2 2 2 2 2 2 2 2 2 2 2 2 2 2 2 2 2 2 2 2 2 2 2 2 2 2 2 2 2 2 2 2 2 2 2 2 2 2 2 2 2 2 2 2 2 2 2 2 2 2 2 2 2 2 2 2 2 2 2 2 2 2 2 2 2 2 2 2 2 2 2 2 )[ 1 -1 1 1 0 ]
2b ( 3 2 )[ 1 -1 3 1 0 ]
2b ( 2 2 2 2 2 2 2 2 2 2 2 2 2 2 2 2 2 2 2 2 2 2 2 2 2 2 2 2 2 2 2 2 2 2 2 2 2 2 2 2 2 2 2 2 2 2 2 2 2 2 2 2 2 2 2 2 2 2 2 2 2 2 2 2 2 2 2 2 2 2 2 2 2 2 2 2 2 2 2 2 2 2 2 2 2 2 2 2 2 2 2 2 2 2 2 2 2 2 2 2 2 2 2 2 2 2 2 2 2 2 2 2 2 2 2 2 2 2 2 2 2 2 2 2 2 2 2 2 2 2 2 2 2 2 2 2 2 2 2 2 2 2 2 2 2 2 2 2 2 2 2 2 2 2 2 2 2 2 2 2 1 1 1 1 1 1 1 1 1 1 1 1 1 1 1 1 1 1 1 1 1 1 1 1 1 1 1 1 1 1 1 1 1 1 1 1 1 1 1 1 1 1 1 1 1 1 1 1 1 1 1 1 1 1 1 1 1 1 1 1 1 1 1 1 1 1 1 1 1 1 1 1 1 1 1 1 1 1 1 1 1 1 1 1 1 1 1 1 1 1 1 1 1 1 1 1 1 1 1 1 1 1 1 1 1 1 1 1 1 1 1 1 1 1 1 1 1 1 1 1 1 1 1 1 1 1 1 1 1 1 1 1 1 1 1 1 1 1 1 1 1 1 1 1 1 1 1 1 1 1 1 1 1 1 1 1 1 1 1 1 )[ 1 -1 2 1 0 ]

RANKS: 1 -1 2 1 0
EVENT14: 1113 4822b2_482632_48276b_48285f
COMP 4b-0: 47d7f1_47dbb6_47dd20_47de3f (320 1220.08 2 1176.00 2 1303.00){0.00 0.00 0.00 0.00 513.20 0}{513.20 0.00 0.00 0.00 1026.40 0}{1026.40 1176.00 1219.89 1303.00 1539.60 320}{1539.60 0.00 0.00 0.00 2052.80 0}{2052.80 0.00 0.00 0.00 2566.00 0}
COMM 4b-0: 47d7f1_47dbb6_47dd20_47de3f (320 3.90 2 2.00 2 185.00){0.00 2.00 2.93 3.00 3.20 290}{3.20 4.00 4.00 4.00 6.40 20}{6.40 8.00 10.00 12.00 12.80 2}{12.80 13.00 13.60 15.00 16.00 5}{16.00 18.00 75.33 185.00 354.00 3}
10 2 
12 400 
14 16 
1a 1 1 1 1 1 1 1 1 1 1 1 1 1 1 1 1 1 1 1 1 1 1 1 1 1 1 1 1 1 1 1 1 1 1 1 1 1 1 1 1 1 1 1 1 1 1 1 1 1 1 1 1 1 1 1 1 1 1 1 1 1 1 1 1 1 1 1 1 1 1 1 1 1 1 1 1 1 1 1 1 1 1 1 1 1 1 1 1 1 1 1 1 1 1 1 1 1 1 1 1 1 1 1 1 1 1 1 1 1 1 1 1 1 1 1 1 1 1 1 1 1 1 1 1 1 1 1 1 1 1 1 1 1 1 1 1 1 1 1 1 1 1 1 1 1 1 1 1 1 1 1 1 1 1 1 1 1 1 1 1 2 2 2 2 2 2 2 2 2 2 2 2 2 2 2 2 2 2 2 2 2 2 2 2 2 2 2 2 2 2 2 2 2 2 2 2 2 2 2 2 2 2 2 2 2 2 2 2 2 2 2 2 2 2 2 2 2 2 2 2 2 2 2 2 2 2 2 2 2 2 2 2 2 2 2 2 2 2 2 2 2 2 2 2 2 2 2 2 2 2 2 2 2 2 2 2 2 2 2 2 2 2 2 2 2 2 2 2 2 2 2 2 2 2 2 2 2 2 2 2 2 2 2 2 2 2 2 2 2 2 2 2 2 2 2 2 2 2 2 2 2 2 2 2 2 2 2 2 2 2 2 2 2 2 2 2 2 2 2 2 
1b 0 

RANKS: 1 -1 0 4 1
EVENT15: 1113 4822b2_482632_48276b_48285f
COMP 4b-0: 46a6e7_46aa47_46ab8a_46ac7c (1 477557.00 2 477557.00 2 477557.00){0.00 0.00 0.00 0.00 191022.80 0}{191022.80 0.00 0.00 0.00 382045.60 0}{382045.60 477557.00 477557.00 477557.00 573068.40 1}{573068.40 0.00 0.00 0.00 764091.20 0}{764091.20 0.00 0.00 0.00 955114.00 0}
COMP 4b-1: 46d078_46d2ad_46d351_46d3cd (1 10083.00 0 10083.00 0 10083.00){0.00 0.00 0.00 0.00 4033.20 0}{4033.20 0.00 0.00 0.00 8066.40 0}{8066.40 10083.00 10083.00 10083.00 12099.60 1}{12099.60 0.00 0.00 0.00 16132.80 0}{16132.80 0.00 0.00 0.00 20166.00 0}
COMP 4b-2: 47d7f1_47dbb6_47dd20_47de3f (321 1227.13 1 1176.00 3 3384.00){0.00 0.00 0.00 0.00 516.40 0}{516.40 0.00 0.00 0.00 1032.80 0}{1032.80 1176.00 1220.19 1291.00 2065.60 320}{2065.60 0.00 0.00 0.00 2582.00 0}{2582.00 3384.00 3384.00 3384.00 4186.00 1}
COMP 4b-3: 4822b2_482632_48276b_48285f (639 1095.35 0 5.00 2 21006.00){0.00 5.00 5.00 5.00 5.60 43}{5.60 5.78 5.89 7.00 11.20 275}{11.20 14.00 14.00 14.00 28.00 2}{28.00 2060.41 2132.51 2227.00 4406.00 318}{4406.00 21006.00 21006.00 21006.00 37606.00 1}
COMM 4b-0: 46a6e7_46aa47_46ab8a_46ac7c (1 571.00 2 571.00 2 571.00){0.00 0.00 0.00 0.00 228.40 0}{228.40 0.00 0.00 0.00 456.80 0}{456.80 571.00 571.00 571.00 685.20 1}{685.20 0.00 0.00 0.00 913.60 0}{913.60 0.00 0.00 0.00 1142.00 0}
COMM 4b-1: 46d078_46d2ad_46d351_46d3cd (1 8.00 0 8.00 0 8.00){0.00 0.00 0.00 0.00 3.20 0}{3.20 0.00 0.00 0.00 6.40 0}{6.40 8.00 8.00 8.00 9.60 1}{9.60 0.00 0.00 0.00 12.80 0}{12.80 0.00 0.00 0.00 16.00 0}
COMM 4b-2: 47d7f1_47dbb6_47dd20_47de3f (321 3.98 1 2.00 1 178.00){0.00 2.00 2.00 2.00 2.80 10}{2.80 3.00 3.11 4.00 5.60 300}{5.60 7.00 7.00 7.00 11.20 2}{11.20 13.00 13.33 14.00 14.00 3}{14.00 15.00 44.67 178.00 342.00 6}
COMM 4b-3: 4822b2_482632_48276b_48285f (639 4.75 0 1.00 2 571.00){0.00 0.00 0.00 0.00 0.80 0}{0.80 1.00 1.00 1.00 1.60 61}{1.60 2.00 2.47 4.00 4.00 560}{4.00 10.00 60.00 190.00 376.00 17}{376.00 571.00 571.00 571.00 766.00 1}
LOOP0: iter: ( 320 )[ 1 -1 0 2 3 ]( 2 )[ 1 -1 2 1 0 ] mem: ( 1 )[ 1 -1 0 2 3 ]( 5 )[ 1 -1 2 1 0 ]
10 2 
12 ( 400 )[ 2 -1 0 2 1 -1 3 1 0 ]
12 ( 131220 )[ 1 -1 2 1 0 ]
14 16 
1a ( 1 2 )[ 1 -1 0 1 0 ]
1a ( 2 2 2 2 2 2 2 2 2 2 2 2 2 2 2 2 2 2 2 2 2 2 2 2 2 2 2 2 2 2 2 2 2 2 2 2 2 2 2 2 2 2 2 2 2 2 2 2 2 2 2 2 2 2 2 2 2 2 2 2 2 2 2 2 2 2 2 2 2 2 2 2 2 2 2 2 2 2 2 2 2 2 2 2 2 2 2 2 2 2 2 2 2 2 2 2 2 2 2 2 2 2 2 2 2 2 2 2 2 2 2 2 2 2 2 2 2 2 2 2 2 2 2 2 2 2 2 2 2 2 2 2 2 2 2 2 2 2 2 2 2 2 2 2 2 2 2 2 2 2 2 2 2 2 2 2 2 2 2 2 3 3 3 3 3 3 3 3 3 3 3 3 3 3 3 3 3 3 3 3 3 3 3 3 3 3 3 3 3 3 3 3 3 3 3 3 3 3 3 3 3 3 3 3 3 3 3 3 3 3 3 3 3 3 3 3 3 3 3 3 3 3 3 3 3 3 3 3 3 3 3 3 3 3 3 3 3 3 3 3 3 3 3 3 3 3 3 3 3 3 3 3 3 3 3 3 3 3 3 3 3 3 3 3 3 3 3 3 3 3 3 3 3 3 3 3 3 3 3 3 3 3 3 3 3 3 3 3 3 3 3 3 3 3 3 3 3 3 3 3 3 3 3 3 3 3 3 3 3 3 3 3 3 3 3 3 3 3 3 3 )[ 1 -1 1 1 0 ]
1a ( 3 2 )[ 1 -1 3 1 0 ]
1a ( 1 )[ 1 -1 2 1 0 ]
1b 0 

RANKS: 1 -1 0 1 0
EVENT16: 1102 47d7f1_47dbb6_47dd20_47de3f
COMP 4b-0: 47d7f1_47dbb6_47dd20_47de3f (319 1027.36 0 7.00 0 2123.00){0.00 0.00 0.00 0.00 2.80 0}{2.80 0.00 0.00 0.00 5.60 0}{5.60 7.00 7.44 9.00 11.20 159}{11.20 0.00 0.00 0.00 14.00 0}{14.00 18.00 2047.28 2123.00 4232.00 160}
COMP 4b-1: 4822b2_482632_48276b_48285f (1 895.00 0 895.00 0 895.00){0.00 0.00 0.00 0.00 358.00 0}{358.00 0.00 0.00 0.00 716.00 0}{716.00 895.00 895.00 895.00 1074.00 1}{1074.00 0.00 0.00 0.00 1432.00 0}{1432.00 0.00 0.00 0.00 1790.00 0}
COMM 4b-0: 47d7f1_47dbb6_47dd20_47de3f (319 9.27 0 1.00 0 322.00){0.00 0.00 0.00 0.00 0.80 0}{0.80 1.00 1.00 1.00 1.60 111}{1.60 2.00 2.22 4.00 4.00 55}{4.00 5.00 13.32 22.00 22.00 136}{22.00 23.00 54.00 322.00 622.00 17}
COMM 4b-1: 4822b2_482632_48276b_48285f (1 5899.00 0 5899.00 0 5899.00){0.00 0.00 0.00 0.00 2359.60 0}{2359.60 0.00 0.00 0.00 4719.20 0}{4719.20 5899.00 5899.00 5899.00 7078.80 1}{7078.80 0.00 0.00 0.00 9438.40 0}{9438.40 0.00 0.00 0.00 11798.00 0}
LOOP0: iter: ( 320 )[ 1 -1 0 1 0 ] mem: ( 1 )[ 1 -1 0 1 0 ]
10 2 
12 400 
14 16 
1b 0 
2b 1 2 

RANKS: 1 -1 1 3 1
EVENT17: 1090 47a17e_47a553_47a6be_47a7df
COMP 4b-0: 46a6e7_46aa47_46ab8a_46ac7c (2 476925.33 1 476855.00 3 477066.00){0.00 0.00 0.00 0.00 190742.00 0}{190742.00 0.00 0.00 0.00 381484.00 0}{381484.00 476855.00 476960.50 477066.00 572226.00 2}{572226.00 0.00 0.00 0.00 762968.00 0}{762968.00 0.00 0.00 0.00 953710.00 0}
COMP 4b-1: 4822b2_482632_48276b_48285f (6 33546.29 2 6.00 3 86826.00){0.00 6.00 9.50 13.00 8192.80 2}{8192.80 0.00 0.00 0.00 16385.60 0}{16385.60 20373.00 20427.50 20482.00 32771.20 2}{32771.20 0.00 0.00 0.00 40964.00 0}{40964.00 86642.00 86734.00 86826.00 132688.00 2}
COMP 4b-2: 48b20d_48b491_48b565_48b61e (2 87036.33 2 86974.00 2 87161.00){0.00 0.00 0.00 0.00 34789.60 0}{34789.60 0.00 0.00 0.00 69579.20 0}{69579.20 86974.00 87067.50 87161.00 104368.80 2}{104368.80 0.00 0.00 0.00 139158.40 0}{139158.40 0.00 0.00 0.00 173948.00 0}
COMM 4b-0: 46a6e7_46aa47_46ab8a_46ac7c (2 2.00 1 2.00 1 2.00){0.00 0.00 0.00 0.00 0.80 0}{0.80 0.00 0.00 0.00 1.60 0}{1.60 2.00 2.00 2.00 2.40 2}{2.40 0.00 0.00 0.00 3.20 0}{3.20 0.00 0.00 0.00 4.00 0}
COMM 4b-1: 4822b2_482632_48276b_48285f (6 2.71 2 2.00 1 3.00){0.00 0.00 0.00 0.00 1.20 0}{1.20 2.00 2.00 2.00 2.40 2}{2.40 3.00 3.00 3.00 3.60 4}{3.60 0.00 0.00 0.00 4.80 0}{4.80 0.00 0.00 0.00 6.00 0}
COMM 4b-2: 48b20d_48b491_48b565_48b61e (2 2.67 2 2.00 2 3.00){0.00 0.00 0.00 0.00 1.20 0}{1.20 2.00 2.00 2.00 2.40 1}{2.40 3.00 3.00 3.00 3.60 1}{3.60 0.00 0.00 0.00 4.80 0}{4.80 0.00 0.00 0.00 6.00 0}
LOOP0: iter: ( 2 )[ 1 -1 1 3 1 ] mem: ( 6 )[ 1 -1 1 1 0 ]( 4 )[ 1 -1 3 1 0 ]( 2 )[ 1 -1 2 1 0 ]
LOOP1: iter: ( 2 )[ 1 -1 3 1 0 ] mem: ( 3 )[ 1 -1 3 1 0 ]
10 2 
12 131220 
14 16 
1b 0 
2b 2147483647 

RANKS: 1 -1 1 3 1
EVENT18: 1148 48b20d_48b491_48b565_48b61e
COMP 4b-0: 47a17e_47a553_47a6be_47a7df (10 8.00 1 6.00 2 17.00){0.00 0.00 0.00 0.00 2.40 0}{2.40 0.00 0.00 0.00 4.80 0}{4.80 6.00 6.38 8.00 12.00 8}{12.00 14.00 14.00 14.00 16.00 1}{16.00 17.00 17.00 17.00 18.00 1}
COMM 4b-0: 47a17e_47a553_47a6be_47a7df (10 1820.64 3 683.00 3 4210.00){0.00 683.00 683.00 683.00 925.20 1}{925.20 1001.00 1208.40 1361.00 1850.40 5}{1850.40 2233.00 2259.67 2313.00 2775.60 3}{2775.60 0.00 0.00 0.00 3700.80 0}{3700.80 4210.00 4210.00 4210.00 4626.00 1}
1c 9999 

RANKS: 1 -1 0 4 1
EVENT19: 1113 4822b2_482632_48276b_48285f
COMP 4b-0: 46a6e7_46aa47_46ab8a_46ac7c (1 477610.00 0 477610.00 0 477610.00){0.00 0.00 0.00 0.00 191044.00 0}{191044.00 0.00 0.00 0.00 382088.00 0}{382088.00 477610.00 477610.00 477610.00 573132.00 1}{573132.00 0.00 0.00 0.00 764176.00 0}{764176.00 0.00 0.00 0.00 955220.00 0}
COMP 4b-1: 47d7f1_47dbb6_47dd20_47de3f (1 22242.00 0 22242.00 0 22242.00){0.00 0.00 0.00 0.00 8896.80 0}{8896.80 0.00 0.00 0.00 17793.60 0}{17793.60 22242.00 22242.00 22242.00 26690.40 1}{26690.40 0.00 0.00 0.00 35587.20 0}{35587.20 0.00 0.00 0.00 44484.00 0}
COMP 4b-2: 4822b2_482632_48276b_48285f (2 86924.67 1 86902.00 1 86970.00){0.00 0.00 0.00 0.00 34760.80 0}{34760.80 0.00 0.00 0.00 69521.60 0}{69521.60 86902.00 86936.00 86970.00 104282.40 2}{104282.40 0.00 0.00 0.00 139043.20 0}{139043.20 0.00 0.00 0.00 173804.00 0}
COMP 4b-3: 48b20d_48b491_48b565_48b61e (10 24348.45 3 554.00 0 87643.00){0.00 554.00 709.50 870.00 34902.80 8}{34902.80 0.00 0.00 0.00 69805.60 0}{69805.60 87257.00 87450.00 87643.00 104708.40 2}{104708.40 0.00 0.00 0.00 139611.20 0}{139611.20 0.00 0.00 0.00 174514.00 0}
COMM 4b-0: 46a6e7_46aa47_46ab8a_46ac7c (1 573.00 0 573.00 0 573.00){0.00 0.00 0.00 0.00 229.20 0}{229.20 0.00 0.00 0.00 458.40 0}{458.40 573.00 573.00 573.00 687.60 1}{687.60 0.00 0.00 0.00 916.80 0}{916.80 0.00 0.00 0.00 1146.00 0}
COMM 4b-1: 47d7f1_47dbb6_47dd20_47de3f (1 563.00 0 563.00 0 563.00){0.00 0.00 0.00 0.00 225.20 0}{225.20 0.00 0.00 0.00 450.40 0}{450.40 563.00 563.00 563.00 675.60 1}{675.60 0.00 0.00 0.00 900.80 0}{900.80 0.00 0.00 0.00 1126.00 0}
COMM 4b-2: 4822b2_482632_48276b_48285f (2 572.00 1 572.00 1 572.00){0.00 0.00 0.00 0.00 228.80 0}{228.80 0.00 0.00 0.00 457.60 0}{457.60 572.00 572.00 572.00 686.40 2}{686.40 0.00 0.00 0.00 915.20 0}{915.20 0.00 0.00 0.00 1144.00 0}
COMM 4b-3: 48b20d_48b491_48b565_48b61e (10 561.82 2 555.00 1 568.00){0.00 0.00 0.00 0.00 226.00 0}{226.00 0.00 0.00 0.00 452.00 0}{452.00 555.00 561.50 568.00 678.00 10}{678.00 0.00 0.00 0.00 904.00 0}{904.00 0.00 0.00 0.00 1130.00 0}
LOOP0: iter: ( 2 )[ 1 -1 0 2 1 ] mem: ( 4 )[ 1 -1 0 1 0 ]( 1 )[ 1 -1 1 1 0 ]
LOOP1: iter: ( 2 )[ 1 -1 0 1 0 ] mem: ( 3 )[ 1 -1 0 1 0 ]
10 2 
12 131220 
14 16 
1a ( 1 2 )[ 1 -1 0 1 0 ]
1a ( 3 2 )[ 1 -1 1 2 2 ]
1a ( 2 )[ 1 -1 2 1 0 ]
1b 0 

RANKS: 1 -1 0 2 1
EVENT20: 1090 47a17e_47a553_47a6be_47a7df
COMP 4b-0: 4822b2_482632_48276b_48285f (6 6.43 0 5.00 0 10.00){0.00 0.00 0.00 0.00 2.00 0}{2.00 0.00 0.00 0.00 4.00 0}{4.00 5.00 5.33 6.00 6.00 3}{6.00 7.00 7.00 7.00 8.00 2}{8.00 10.00 10.00 10.00 10.00 1}
COMM 4b-0: 4822b2_482632_48276b_48285f (6 2.00 0 2.00 0 2.00){0.00 0.00 0.00 0.00 0.80 0}{0.80 0.00 0.00 0.00 1.60 0}{1.60 2.00 2.00 2.00 2.40 6}{2.40 0.00 0.00 0.00 3.20 0}{3.20 0.00 0.00 0.00 4.00 0}
10 2 
12 131220 
14 16 
1b 0 
2b 2147483647 

RANKS: 1 -1 0 2 1
EVENT21: 1148 48b20d_48b491_48b565_48b61e
COMP 4b-0: 47a17e_47a553_47a6be_47a7df (6 7.57 0 6.00 0 13.00){0.00 0.00 0.00 0.00 2.40 0}{2.40 0.00 0.00 0.00 4.80 0}{4.80 6.00 6.50 7.00 7.20 4}{7.20 8.00 8.00 8.00 12.00 1}{12.00 13.00 13.00 13.00 14.00 1}
COMM 4b-0: 47a17e_47a553_47a6be_47a7df (6 1180.14 1 1021.00 0 1337.00){0.00 0.00 0.00 0.00 534.80 0}{534.80 1021.00 1023.00 1025.00 1069.60 2}{1069.60 1094.00 1219.50 1337.00 1604.40 4}{1604.40 0.00 0.00 0.00 2139.20 0}{2139.20 0.00 0.00 0.00 2674.00 0}
1c 9999 

RANKS: 1 -1 0 4 1
EVENT22: 1004 46a6e7_46aa47_46ab8a_46ac7c
COMP 4b-0: 4822b2_482632_48276b_48285f (4 183883.40 2 180917.00 3 188332.00){0.00 0.00 0.00 0.00 72367.60 0}{72367.60 0.00 0.00 0.00 144735.20 0}{144735.20 180917.00 184624.50 188332.00 217102.80 4}{217102.80 0.00 0.00 0.00 289470.40 0}{289470.40 0.00 0.00 0.00 361838.00 0}
COMP 4b-1: 48b20d_48b491_48b565_48b61e (4 184120.00 1 181022.00 0 188604.00){0.00 0.00 0.00 0.00 72502.80 0}{72502.80 0.00 0.00 0.00 145005.60 0}{145005.60 181022.00 184835.75 188604.00 217508.40 4}{217508.40 0.00 0.00 0.00 290011.20 0}{290011.20 0.00 0.00 0.00 362514.00 0}
COMM 4b-0: 4822b2_482632_48276b_48285f (4 620.00 2 319.00 3 960.00){0.00 0.00 0.00 0.00 287.20 0}{287.20 319.00 352.00 385.00 574.40 2}{574.40 718.00 718.00 718.00 861.60 1}{861.60 960.00 960.00 960.00 1148.80 1}{1148.80 0.00 0.00 0.00 1436.00 0}
COMM 4b-1: 48b20d_48b491_48b565_48b61e (4 322.80 0 26.00 1 877.00){0.00 0.00 0.00 0.00 10.40 0}{10.40 0.00 0.00 0.00 20.80 0}{20.80 26.00 26.00 26.00 41.60 2}{41.60 0.00 0.00 0.00 52.00 0}{52.00 659.00 768.00 877.00 1266.00 2}
10 2 
12 1 5 
14 16 
18 1 3 

RANKS: 1 -1 0 4 1
EVENT23: 1010 46d078_46d2ad_46d351_46d3cd
COMP 4b-0: 46a6e7_46aa47_46ab8a_46ac7c (4 9.00 0 9.00 0 9.00){0.00 0.00 0.00 0.00 3.60 0}{3.60 0.00 0.00 0.00 7.20 0}{7.20 9.00 9.00 9.00 10.80 4}{10.80 0.00 0.00 0.00 14.40 0}{14.40 0.00 0.00 0.00 18.00 0}
COMM 4b-0: 46a6e7_46aa47_46ab8a_46ac7c (4 30.40 2 6.00 3 46.00){0.00 6.00 6.00 6.00 15.60 1}{15.60 22.00 22.00 22.00 31.20 1}{31.20 39.00 42.50 46.00 46.80 2}{46.80 0.00 0.00 0.00 62.40 0}{62.40 0.00 0.00 0.00 78.00 0}
10 2 

RANKS: 1 -1 2 1 0
EVENT24: 1102 47d7f1_47dbb6_47dd20_47de3f
COMP 4b-0: 46d078_46d2ad_46d351_46d3cd (1 9052.00 2 9052.00 2 9052.00){0.00 0.00 0.00 0.00 3620.80 0}{3620.80 0.00 0.00 0.00 7241.60 0}{7241.60 9052.00 9052.00 9052.00 10862.40 1}{10862.40 0.00 0.00 0.00 14483.20 0}{14483.20 0.00 0.00 0.00 18104.00 0}
COMP 4b-1: 4822b2_482632_48276b_48285f (319 921.67 2 883.00 2 1009.00){0.00 0.00 0.00 0.00 385.60 0}{385.60 0.00 0.00 0.00 771.20 0}{771.20 883.00 921.54 1009.00 1156.80 319}{1156.80 0.00 0.00 0.00 1542.40 0}{1542.40 0.00 0.00 0.00 1928.00 0}
COMM 4b-0: 46d078_46d2ad_46d351_46d3cd (1 1250.00 2 1250.00 2 1250.00){0.00 0.00 0.00 0.00 500.00 0}{500.00 0.00 0.00 0.00 1000.00 0}{1000.00 1250.00 1250.00 1250.00 1500.00 1}{1500.00 0.00 0.00 0.00 2000.00 0}{2000.00 0.00 0.00 0.00 2500.00 0}
COMM 4b-1: 4822b2_482632_48276b_48285f (319 13.43 2 2.00 2 2785.00){0.00 2.00 3.69 6.00 6.80 253}{6.80 7.00 8.55 11.00 13.60 64}{13.60 17.00 17.00 17.00 27.20 1}{27.20 0.00 0.00 0.00 34.00 0}{34.00 2785.00 2785.00 2785.00 5536.00 1}
LOOP0: iter: ( 320 )[ 1 -1 2 1 0 ] mem: ( 2 )[ 1 -1 2 1 0 ]
10 2 
12 400 
14 16 
1b 0 
2b 2 2 2 2 2 2 2 2 2 2 2 2 2 2 2 2 2 2 2 2 2 2 2 2 2 2 2 2 2 2 2 2 2 2 2 2 2 2 2 2 2 2 2 2 2 2 2 2 2 2 2 2 2 2 2 2 2 2 2 2 2 2 2 2 2 2 2 2 2 2 2 2 2 2 2 2 2 2 2 2 2 2 2 2 2 2 2 2 2 2 2 2 2 2 2 2 2 2 2 2 2 2 2 2 2 2 2 2 2 2 2 2 2 2 2 2 2 2 2 2 2 2 2 2 2 2 2 2 2 2 2 2 2 2 2 2 2 2 2 2 2 2 2 2 2 2 2 2 2 2 2 2 2 2 2 2 2 2 2 2 1 1 1 1 1 1 1 1 1 1 1 1 1 1 1 1 1 1 1 1 1 1 1 1 1 1 1 1 1 1 1 1 1 1 1 1 1 1 1 1 1 1 1 1 1 1 1 1 1 1 1 1 1 1 1 1 1 1 1 1 1 1 1 1 1 1 1 1 1 1 1 1 1 1 1 1 1 1 1 1 1 1 1 1 1 1 1 1 1 1 1 1 1 1 1 1 1 1 1 1 1 1 1 1 1 1 1 1 1 1 1 1 1 1 1 1 1 1 1 1 1 1 1 1 1 1 1 1 1 1 1 1 1 1 1 1 1 1 1 1 1 1 1 1 1 1 1 1 1 1 1 1 1 1 1 1 1 1 1 1 

RANKS: 1 -1 0 2 2
EVENT25: 1113 4822b2_482632_48276b_48285f
COMP 4b-0: 46d078_46d2ad_46d351_46d3cd (1 10247.00 0 10247.00 0 10247.00){0.00 0.00 0.00 0.00 4098.80 0}{4098.80 0.00 0.00 0.00 8197.60 0}{8197.60 10247.00 10247.00 10247.00 12296.40 1}{12296.40 0.00 0.00 0.00 16395.20 0}{16395.20 0.00 0.00 0.00 20494.00 0}
COMP 4b-1: 47d7f1_47dbb6_47dd20_47de3f (320 1219.58 2 1175.00 2 1299.00){0.00 0.00 0.00 0.00 504.40 0}{504.40 0.00 0.00 0.00 1008.80 0}{1008.80 1175.00 1219.45 1299.00 1513.20 320}{1513.20 0.00 0.00 0.00 2017.60 0}{2017.60 0.00 0.00 0.00 2522.00 0}
COMP 4b-2: 4822b2_482632_48276b_48285f (79431 1102.20 0 4.00 0 2577.00){0.00 0.00 0.00 0.00 2.00 0}{2.00 4.00 4.00 4.00 4.00 5}{4.00 5.00 5.95 8.00 8.00 39788}{8.00 9.00 9.00 9.00 10.00 1}{10.00 13.00 2202.82 2577.00 4426.00 39637}
COMP 4b-3: 48b20d_48b491_48b565_48b61e (248 191349.97 0 191201.00 0 191731.00){0.00 0.00 0.00 0.00 76519.60 0}{76519.60 0.00 0.00 0.00 153039.20 0}{153039.20 191201.00 191350.18 191731.00 229558.80 248}{229558.80 0.00 0.00 0.00 306078.40 0}{306078.40 0.00 0.00 0.00 382598.00 0}
COMM 4b-0: 46d078_46d2ad_46d351_46d3cd (1 10.00 0 10.00 0 10.00){0.00 0.00 0.00 0.00 4.00 0}{4.00 0.00 0.00 0.00 8.00 0}{8.00 10.00 10.00 10.00 12.00 1}{12.00 0.00 0.00 0.00 16.00 0}{16.00 0.00 0.00 0.00 20.00 0}
COMM 4b-1: 47d7f1_47dbb6_47dd20_47de3f (320 3.31 2 2.00 2 16.00){0.00 2.00 2.94 3.00 3.20 290}{3.20 4.00 4.00 4.00 6.40 21}{6.40 8.00 8.00 8.00 9.60 1}{9.60 12.00 12.00 12.00 12.80 3}{12.80 13.00 14.60 16.00 16.00 5}
COMM 4b-2: 4822b2_482632_48276b_48285f (79431 2.74 0 1.00 0 35.00){0.00 1.00 1.00 1.00 1.60 5771}{1.60 1.82 1.99 2.00 2.40 38760}{2.40 2.43 3.00 3.07 3.20 31620}{3.20 4.00 4.00 4.00 4.00 1916}{4.00 4.00 23.54 35.00 46.00 1364}
COMM 4b-3: 48b20d_48b491_48b565_48b61e (248 10.56 0 9.00 0 51.00){0.00 0.00 0.00 0.00 4.40 0}{4.40 0.00 0.00 0.00 8.80 0}{8.80 9.00 10.32 11.00 22.00 246}{22.00 29.00 29.00 29.00 36.00 1}{36.00 51.00 51.00 51.00 66.00 1}
LOOP0: iter: ( 249 )[ 1 -1 0 1 0 ] mem: ( 5 )[ 1 -1 0 1 0 ]
LOOP1: iter: ( 320 )[ 1 -1 0 1 0 ] mem: ( 1 )[ 1 -1 0 1 0 ]
10 2 
12 400 
14 16 
1a ( 1 2 )[ 1 -1 0 1 0 ]
1a ( 1 1 1 1 1 1 1 1 1 1 1 1 1 1 1 1 1 1 1 1 1 1 1 1 1 1 1 1 1 1 1 1 1 1 1 1 1 1 1 1 1 1 1 1 1 1 1 1 1 1 1 1 1 1 1 1 1 1 1 1 1 1 1 1 1 1 1 1 1 1 1 1 1 1 1 1 1 1 1 1 1 1 1 1 1 1 1 1 1 1 1 1 1 1 1 1 1 1 1 1 1 1 1 1 1 1 1 1 1 1 1 1 1 1 1 1 1 1 1 1 1 1 1 1 1 1 1 1 1 1 1 1 1 1 1 1 1 1 1 1 1 1 1 1 1 1 1 1 1 1 1 1 1 1 1 1 1 1 1 1 2 2 2 2 2 2 2 2 2 2 2 2 2 2 2 2 2 2 2 2 2 2 2 2 2 2 2 2 2 2 2 2 2 2 2 2 2 2 2 2 2 2 2 2 2 2 2 2 2 2 2 2 2 2 2 2 2 2 2 2 2 2 2 2 2 2 2 2 2 2 2 2 2 2 2 2 2 2 2 2 2 2 2 2 2 2 2 2 2 2 2 2 2 2 2 2 2 2 2 2 2 2 2 2 2 2 2 2 2 2 2 2 2 2 2 2 2 2 2 2 2 2 2 2 2 2 2 2 2 2 2 2 2 2 2 2 2 2 2 2 2 2 2 2 2 2 2 2 2 2 2 2 2 2 2 2 2 2 2 2 )[ 1 -1 2 1 0 ]
1b 0 

RANKS: 2 -1 0 2 1 -1 3 1 0
EVENT26: 1102 47d7f1_47dbb6_47dd20_47de3f
COMP 4b-0: 46d078_46d2ad_46d351_46d3cd (2 8813.33 1 8692.00 3 9056.00){0.00 0.00 0.00 0.00 3476.80 0}{3476.80 0.00 0.00 0.00 6953.60 0}{6953.60 8692.00 8874.00 9056.00 10430.40 2}{10430.40 0.00 0.00 0.00 13907.20 0}{13907.20 0.00 0.00 0.00 17384.00 0}
COMP 4b-1: 47d7f1_47dbb6_47dd20_47de3f (158862 1066.77 0 6.00 3 2530.00){0.00 0.00 0.00 0.00 2.80 0}{2.80 0.00 0.00 0.00 5.60 0}{5.60 6.00 7.53 10.00 11.20 79538}{11.20 12.00 13.50 14.00 14.00 4}{14.00 15.00 2128.98 2530.00 4098.00 79320}
COMP 4b-2: 4822b2_482632_48276b_48285f (79928 1508.63 1 881.00 3 190415.00){0.00 0.00 0.00 0.00 354.40 0}{354.40 0.00 0.00 0.00 708.80 0}{708.80 881.00 921.84 932.00 1063.20 79676}{1063.20 1150.00 1160.00 1174.00 1772.00 4}{1772.00 189909.00 190037.35 190415.00 379058.00 248}
COMP 4b-3: 48b20d_48b491_48b565_48b61e (248 189781.58 1 189646.00 1 190295.00){0.00 0.00 0.00 0.00 75882.80 0}{75882.80 0.00 0.00 0.00 151765.60 0}{151765.60 189646.00 189781.88 190295.00 227648.40 248}{227648.40 0.00 0.00 0.00 303531.20 0}{303531.20 0.00 0.00 0.00 379414.00 0}
COMM 4b-0: 46d078_46d2ad_46d351_46d3cd (2 1895.67 1 1569.00 3 2549.00){0.00 0.00 0.00 0.00 627.60 0}{627.60 0.00 0.00 0.00 1255.20 0}{1255.20 1569.00 1569.00 1569.00 1882.80 1}{1882.80 0.00 0.00 0.00 2510.40 0}{2510.40 2549.00 2549.00 2549.00 3138.00 1}
COMM 4b-1: 47d7f1_47dbb6_47dd20_47de3f (158862 8.89 0 1.00 3 352.00){0.00 1.00 8.75 62.00 62.00 158718}{62.00 63.00 149.53 202.00 202.00 107}{202.00 203.00 210.58 221.00 222.00 33}{222.00 248.00 248.00 248.00 274.00 1}{274.00 327.00 338.33 352.00 398.00 3}
COMM 4b-2: 4822b2_482632_48276b_48285f (79928 47.20 1 2.00 0 7254.00){0.00 2.00 4.81 26.00 2348.80 79152}{2348.80 3288.92 3291.20 4491.00 4697.60 527}{4697.60 5872.00 6629.40 6970.00 7046.40 247}{7046.40 7126.00 7190.00 7254.00 9395.20 2}{9395.20 0.00 0.00 0.00 11744.00 0}
COMM 4b-3: 48b20d_48b491_48b565_48b61e (248 2022.71 1 1473.00 1 2386.00){0.00 0.00 0.00 0.00 758.80 0}{758.80 1473.00 1473.00 1473.00 1517.60 1}{1517.60 1635.00 2013.61 2271.00 2276.40 238}{2276.40 2304.00 2338.33 2386.00 3035.20 9}{3035.20 0.00 0.00 0.00 3794.00 0}
LOOP0: iter: ( 320 )[ 1 -1 0 1 0 ]( 249 )[ 1 -1 1 2 2 ] mem: ( 1 )[ 1 -1 0 1 0 ]( 7 )[ 1 -1 1 1 0 ]( 5 )[ 1 -1 3 1 0 ]
LOOP1: iter: ( 320 )[ 1 -1 1 2 2 ] mem: ( 2 )[ 1 -1 1 1 0 ]( 1 )[ 1 -1 3 1 0 ]
10 2 
12 400 
14 16 
1b 0 
2b ( 1 2 )[ 1 -1 0 1 0 ]
2b ( 3 3 3 3 3 3 3 3 3 3 3 3 3 3 3 3 3 3 3 3 3 3 3 3 3 3 3 3 3 3 3 3 3 3 3 3 3 3 3 3 3 3 3 3 3 3 3 3 3 3 3 3 3 3 3 3 3 3 3 3 3 3 3 3 3 3 3 3 3 3 3 3 3 3 3 3 3 3 3 3 3 3 3 3 3 3 3 3 3 3 3 3 3 3 3 3 3 3 3 3 3 3 3 3 3 3 3 3 3 3 3 3 3 3 3 3 3 3 3 3 3 3 3 3 3 3 3 3 3 3 3 3 3 3 3 3 3 3 3 3 3 3 3 3 3 3 3 3 3 3 3 3 3 3 3 3 3 3 3 3 2 2 2 2 2 2 2 2 2 2 2 2 2 2 2 2 2 2 2 2 2 2 2 2 2 2 2 2 2 2 2 2 2 2 2 2 2 2 2 2 2 2 2 2 2 2 2 2 2 2 2 2 2 2 2 2 2 2 2 2 2 2 2 2 2 2 2 2 2 2 2 2 2 2 2 2 2 2 2 2 2 2 2 2 2 2 2 2 2 2 2 2 2 2 2 2 2 2 2 2 2 2 2 2 2 2 2 2 2 2 2 2 2 2 2 2 2 2 2 2 2 2 2 2 2 2 2 2 2 2 2 2 2 2 2 2 2 2 2 2 2 2 2 2 2 2 2 2 2 2 2 2 2 2 2 2 2 2 2 2 )[ 1 -1 1 1 0 ]
2b ( 3 2 )[ 1 -1 3 1 0 ]

RANKS: 1 -1 0 4 1
EVENT27: 1113 4822b2_482632_48276b_48285f
COMP 4b-0: 47d7f1_47dbb6_47dd20_47de3f (80178 1292.21 1 1175.00 0 22483.00){0.00 1175.00 1226.59 3343.00 8902.40 79929}{8902.40 0.00 0.00 0.00 17804.80 0}{17804.80 22225.00 22271.37 22483.00 26707.20 249}{26707.20 0.00 0.00 0.00 35609.60 0}{35609.60 0.00 0.00 0.00 44512.00 0}
COMP 4b-1: 4822b2_482632_48276b_48285f (79432 1030.77 3 4.00 2 21124.00){0.00 0.00 0.00 0.00 2.00 0}{2.00 4.00 6.01 8.00 8.00 39764}{8.00 9.00 9.50 10.00 10.00 2}{10.00 13.00 2057.65 2442.00 4110.00 39665}{4110.00 21124.00 21124.00 21124.00 38138.00 1}
COMP 4b-2: 48b20d_48b491_48b565_48b61e (249 87279.80 0 87203.00 0 87583.00){0.00 0.00 0.00 0.00 34928.40 0}{34928.40 0.00 0.00 0.00 69856.80 0}{69856.80 87203.00 87279.64 87583.00 104785.20 249}{104785.20 0.00 0.00 0.00 139713.60 0}{139713.60 0.00 0.00 0.00 174642.00 0}
COMM 4b-0: 47d7f1_47dbb6_47dd20_47de3f (80178 5.15 1 2.00 0 582.00){0.00 2.00 3.41 72.00 225.60 79929}{225.60 0.00 0.00 0.00 451.20 0}{451.20 562.00 563.82 582.00 676.80 249}{676.80 0.00 0.00 0.00 902.40 0}{902.40 0.00 0.00 0.00 1128.00 0}
COMM 4b-1: 4822b2_482632_48276b_48285f (79432 2.80 3 1.00 2 571.00){0.00 1.00 1.89 2.00 2.40 41354}{2.40 2.48 3.00 3.06 3.20 35039}{3.20 4.00 4.00 4.00 4.00 1738}{4.00 5.00 24.30 35.00 42.00 1300}{42.00 571.00 571.00 571.00 1100.00 1}
COMM 4b-2: 48b20d_48b491_48b565_48b61e (249 564.05 0 561.00 0 577.00){0.00 0.00 0.00 0.00 225.20 0}{225.20 0.00 0.00 0.00 450.40 0}{450.40 561.00 564.05 577.00 675.60 249}{675.60 0.00 0.00 0.00 900.80 0}{900.80 0.00 0.00 0.00 1126.00 0}
LOOP0: iter: ( 2 )[ 1 -1 0 1 0 ]( 320 )[ 1 -1 3 1 0 ] mem: ( 3 )[ 1 -1 0 1 0 ]( 1 )[ 1 -1 3 1 0 ]
10 2 
12 ( 131220 )[ 1 -1 0 2 2 ]
12 ( 400 )[ 1 -1 1 2 2 ]
14 16 
1a ( 1 2 )[ 1 -1 0 1 0 ]
1a ( 2 2 2 2 2 2 2 2 2 2 2 2 2 2 2 2 2 2 2 2 2 2 2 2 2 2 2 2 2 2 2 2 2 2 2 2 2 2 2 2 2 2 2 2 2 2 2 2 2 2 2 2 2 2 2 2 2 2 2 2 2 2 2 2 2 2 2 2 2 2 2 2 2 2 2 2 2 2 2 2 2 2 2 2 2 2 2 2 2 2 2 2 2 2 2 2 2 2 2 2 2 2 2 2 2 2 2 2 2 2 2 2 2 2 2 2 2 2 2 2 2 2 2 2 2 2 2 2 2 2 2 2 2 2 2 2 2 2 2 2 2 2 2 2 2 2 2 2 2 2 2 2 2 2 2 2 2 2 2 2 3 3 3 3 3 3 3 3 3 3 3 3 3 3 3 3 3 3 3 3 3 3 3 3 3 3 3 3 3 3 3 3 3 3 3 3 3 3 3 3 3 3 3 3 3 3 3 3 3 3 3 3 3 3 3 3 3 3 3 3 3 3 3 3 3 3 3 3 3 3 3 3 3 3 3 3 3 3 3 3 3 3 3 3 3 3 3 3 3 3 3 3 3 3 3 3 3 3 3 3 3 3 3 3 3 3 3 3 3 3 3 3 3 3 3 3 3 3 3 3 3 3 3 3 3 3 3 3 3 3 3 3 3 3 3 3 3 3 3 3 3 3 3 3 3 3 3 3 3 3 3 3 3 3 3 3 3 3 3 3 )[ 1 -1 1 1 0 ]
1a ( 3 2 )[ 1 -1 3 1 0 ]
1a ( 1 )[ 1 -1 2 1 0 ]
1b 0 

RANKS: 1 -1 0 4 1
EVENT28: 1090 47a17e_47a553_47a6be_47a7df
COMP 4b-0: 4822b2_482632_48276b_48285f (1493 21242.22 0 5.00 3 87004.00){0.00 0.00 0.00 0.00 4.80 0}{4.80 5.00 6.27 12.00 12.00 525}{12.00 13.00 13.35 14.00 14.00 213}{14.00 15.00 20076.98 20684.00 40634.00 506}{40634.00 86570.00 86629.65 87004.00 133374.00 249}
COMP 4b-1: 48b20d_48b491_48b565_48b61e (248 86989.37 2 86921.00 2 87297.00){0.00 0.00 0.00 0.00 34786.80 0}{34786.80 0.00 0.00 0.00 69573.60 0}{69573.60 86921.00 86989.46 87297.00 104360.40 248}{104360.40 0.00 0.00 0.00 139147.20 0}{139147.20 0.00 0.00 0.00 173934.00 0}
COMM 4b-0: 4822b2_482632_48276b_48285f (1493 2.37 0 1.00 2 21.00){0.00 1.00 1.00 1.00 1.60 47}{1.60 2.00 2.00 2.00 2.40 881}{2.40 3.00 3.00 3.00 3.20 559}{3.20 4.00 4.00 4.00 4.00 4}{4.00 14.00 17.50 21.00 24.00 2}
COMM 4b-1: 48b20d_48b491_48b565_48b61e (248 2.81 2 2.00 2 4.00){0.00 0.00 0.00 0.00 1.20 0}{1.20 2.00 2.00 2.00 2.40 50}{2.40 3.00 3.00 3.00 3.60 195}{3.60 4.00 4.00 4.00 4.80 3}{4.80 0.00 0.00 0.00 6.00 0}
LOOP0: iter: ( 2 )[ 1 -1 3 1 0 ]( 248 )[ 1 -1 2 1 0 ] mem: ( 3 )[ 1 -1 3 1 0 ]( 5 )[ 1 -1 2 1 0 ]
LOOP1: iter: ( 2 )[ 1 -1 2 1 0 ] mem: ( 2 )[ 1 -1 2 1 0 ]
10 2 
12 131220 
14 16 
1b 0 
2b 2147483647 

RANKS: 1 -1 0 4 1
EVENT29: 1148 48b20d_48b491_48b565_48b61e
COMP 4b-0: 47a17e_47a553_47a6be_47a7df (1741 6.15 0 5.00 1 25.00){0.00 0.00 0.00 0.00 2.40 0}{2.40 0.00 0.00 0.00 4.80 0}{4.80 5.00 6.12 7.00 7.20 1735}{7.20 8.00 8.50 9.00 12.00 2}{12.00 18.00 21.00 25.00 26.00 4}
COMM 4b-0: 47a17e_47a553_47a6be_47a7df (1741 2232.46 0 1083.00 3 5222.00){0.00 0.00 0.00 0.00 1070.40 0}{1070.40 1083.00 1200.17 1471.00 1605.60 746}{1605.60 1684.00 2039.70 2436.00 2676.00 503}{2676.00 2840.00 3211.26 3834.00 4454.00 243}{4454.00 4760.30 4762.97 5222.00 5470.17 249}
1c 9999 

RANKS: 1 -1 2 1 0
EVENT30: 1113 4822b2_482632_48276b_48285f
COMP 4b-0: 47d7f1_47dbb6_47dd20_47de3f (79112 1222.05 2 1177.00 2 1637.00){0.00 0.00 0.00 0.00 513.20 0}{513.20 0.00 0.00 0.00 1026.40 0}{1026.40 1177.00 1222.05 1507.00 1539.60 79111}{1539.60 1637.00 1637.00 1637.00 2052.80 1}{2052.80 0.00 0.00 0.00 2566.00 0}
COMP 4b-1: 48b20d_48b491_48b565_48b61e (248 581.30 2 575.00 2 612.00){0.00 0.00 0.00 0.00 231.20 0}{231.20 0.00 0.00 0.00 462.40 0}{462.40 575.00 581.31 612.00 693.60 248}{693.60 0.00 0.00 0.00 924.80 0}{924.80 0.00 0.00 0.00 1156.00 0}
COMM 4b-0: 47d7f1_47dbb6_47dd20_47de3f (79112 3.38 2 2.00 2 322.00){0.00 2.00 3.05 5.00 6.40 76824}{6.40 7.00 7.73 9.00 9.60 250}{9.60 10.00 15.04 22.00 22.00 2020}{22.00 23.00 24.06 27.00 28.00 16}{28.00 32.00 177.00 322.00 616.00 2}
COMM 4b-1: 48b20d_48b491_48b565_48b61e (248 554.81 2 553.00 2 567.00){0.00 0.00 0.00 0.00 222.00 0}{222.00 0.00 0.00 0.00 444.00 0}{444.00 553.00 554.81 567.00 666.00 248}{666.00 0.00 0.00 0.00 888.00 0}{888.00 0.00 0.00 0.00 1110.00 0}
LOOP0: iter: ( 320 )[ 1 -1 2 1 0 ] mem: ( 2 )[ 1 -1 2 1 0 ]
10 2 
12 131220 400 400 400 400 400 400 400 400 400 400 400 400 400 400 400 400 400 400 400 400 400 400 400 400 400 400 400 400 400 400 400 400 400 400 400 400 400 400 400 400 400 400 400 400 400 400 400 400 400 400 400 400 400 400 400 400 400 400 400 400 400 400 400 400 400 400 400 400 400 400 400 400 400 400 400 400 400 400 400 400 400 400 400 400 400 400 400 400 400 400 400 400 400 400 400 400 400 400 400 400 400 400 400 400 400 400 400 400 400 400 400 400 400 400 400 400 400 400 400 400 400 400 400 400 400 400 400 400 400 400 400 400 400 400 400 400 400 400 400 400 400 400 400 400 400 400 400 400 400 400 400 400 400 400 400 400 400 400 400 400 400 400 400 400 400 400 400 400 400 400 400 400 400 400 400 400 400 400 400 400 400 400 400 400 400 400 400 400 400 400 400 400 400 400 400 400 400 400 400 400 400 400 400 400 400 400 400 400 400 400 400 400 400 400 400 400 400 400 400 400 400 400 400 400 400 400 400 400 400 400 400 400 400 400 400 400 400 400 400 400 400 400 400 400 400 400 400 400 400 400 400 400 400 400 400 400 400 400 400 400 400 400 400 400 400 400 400 400 400 400 400 400 400 400 400 400 400 400 400 400 400 400 400 400 400 400 400 400 400 400 400 400 400 400 400 400 400 400 400 400 400 400 400 400 400 400 400 400 400 400 400 400 400 400 400 400 400 400 400 
14 16 
1a 2 1 1 1 1 1 1 1 1 1 1 1 1 1 1 1 1 1 1 1 1 1 1 1 1 1 1 1 1 1 1 1 1 1 1 1 1 1 1 1 1 1 1 1 1 1 1 1 1 1 1 1 1 1 1 1 1 1 1 1 1 1 1 1 1 1 1 1 1 1 1 1 1 1 1 1 1 1 1 1 1 1 1 1 1 1 1 1 1 1 1 1 1 1 1 1 1 1 1 1 1 1 1 1 1 1 1 1 1 1 1 1 1 1 1 1 1 1 1 1 1 1 1 1 1 1 1 1 1 1 1 1 1 1 1 1 1 1 1 1 1 1 1 1 1 1 1 1 1 1 1 1 1 1 1 1 1 1 1 1 1 2 2 2 2 2 2 2 2 2 2 2 2 2 2 2 2 2 2 2 2 2 2 2 2 2 2 2 2 2 2 2 2 2 2 2 2 2 2 2 2 2 2 2 2 2 2 2 2 2 2 2 2 2 2 2 2 2 2 2 2 2 2 2 2 2 2 2 2 2 2 2 2 2 2 2 2 2 2 2 2 2 2 2 2 2 2 2 2 2 2 2 2 2 2 2 2 2 2 2 2 2 2 2 2 2 2 2 2 2 2 2 2 2 2 2 2 2 2 2 2 2 2 2 2 2 2 2 2 2 2 2 2 2 2 2 2 2 2 2 2 2 2 2 2 2 2 2 2 2 2 2 2 2 2 2 2 2 2 2 
1b 0 

RANKS: 1 -1 2 1 0
EVENT31: 1102 47d7f1_47dbb6_47dd20_47de3f
COMP 4b-0: 4822b2_482632_48276b_48285f (79360 1513.01 2 879.00 2 190462.00){0.00 879.00 919.56 1280.00 76010.00 79112}{76010.00 0.00 0.00 0.00 152020.00 0}{152020.00 189902.00 190063.16 190462.00 228030.00 248}{228030.00 0.00 0.00 0.00 304040.00 0}{304040.00 0.00 0.00 0.00 380050.00 0}
COMM 4b-0: 4822b2_482632_48276b_48285f (79360 17.40 2 2.00 2 2885.00){0.00 2.00 4.71 155.00 1075.20 78864}{1075.20 1140.00 1548.25 1814.00 2150.40 248}{2150.40 2478.00 2514.08 2678.00 2688.00 246}{2688.00 2693.00 2693.00 2693.00 2698.00 1}{2698.00 2885.00 2885.00 2885.00 3072.00 1}
10 2 
12 400 
14 16 
1b 0 
2b 2 2 2 2 2 2 2 2 2 2 2 2 2 2 2 2 2 2 2 2 2 2 2 2 2 2 2 2 2 2 2 2 2 2 2 2 2 2 2 2 2 2 2 2 2 2 2 2 2 2 2 2 2 2 2 2 2 2 2 2 2 2 2 2 2 2 2 2 2 2 2 2 2 2 2 2 2 2 2 2 2 2 2 2 2 2 2 2 2 2 2 2 2 2 2 2 2 2 2 2 2 2 2 2 2 2 2 2 2 2 2 2 2 2 2 2 2 2 2 2 2 2 2 2 2 2 2 2 2 2 2 2 2 2 2 2 2 2 2 2 2 2 2 2 2 2 2 2 2 2 2 2 2 2 2 2 2 2 2 2 1 1 1 1 1 1 1 1 1 1 1 1 1 1 1 1 1 1 1 1 1 1 1 1 1 1 1 1 1 1 1 1 1 1 1 1 1 1 1 1 1 1 1 1 1 1 1 1 1 1 1 1 1 1 1 1 1 1 1 1 1 1 1 1 1 1 1 1 1 1 1 1 1 1 1 1 1 1 1 1 1 1 1 1 1 1 1 1 1 1 1 1 1 1 1 1 1 1 1 1 1 1 1 1 1 1 1 1 1 1 1 1 1 1 1 1 1 1 1 1 1 1 1 1 1 1 1 1 1 1 1 1 1 1 1 1 1 1 1 1 1 1 1 1 1 1 1 1 1 1 1 1 1 1 1 1 1 1 1 1 

RANKS: 1 -1 0 4 1
EVENT32: 1113 4822b2_482632_48276b_48285f
COMP 4b-0: 47d7f1_47dbb6_47dd20_47de3f (248 1182.60 2 1179.00 2 1208.00){0.00 0.00 0.00 0.00 472.00 0}{472.00 0.00 0.00 0.00 944.00 0}{944.00 1179.00 1182.61 1208.00 1416.00 248}{1416.00 0.00 0.00 0.00 1888.00 0}{1888.00 0.00 0.00 0.00 2360.00 0}
COMP 4b-1: 4822b2_482632_48276b_48285f (816 33295.82 0 5.00 1 87221.00){0.00 0.00 0.00 0.00 2.00 0}{2.00 0.00 0.00 0.00 4.00 0}{4.00 5.00 6.06 7.00 10.00 160}{10.00 2198.00 2205.36 2243.00 4388.00 159}{4388.00 20986.00 54026.27 87221.00 169258.00 497}
COMP 4b-2: 48b20d_48b491_48b565_48b61e (748 1260.93 3 550.00 0 191653.00){0.00 550.00 751.18 969.00 76661.20 747}{76661.20 0.00 0.00 0.00 153322.40 0}{153322.40 191653.00 191653.00 191653.00 229983.60 1}{229983.60 0.00 0.00 0.00 306644.80 0}{306644.80 0.00 0.00 0.00 383306.00 0}
COMM 4b-0: 47d7f1_47dbb6_47dd20_47de3f (248 3.06 2 2.00 2 4.00){0.00 0.00 0.00 0.00 1.20 0}{1.20 2.00 2.00 2.00 2.40 3}{2.40 3.00 3.00 3.00 3.60 228}{3.60 4.00 4.00 4.00 4.80 17}{4.80 0.00 0.00 0.00 6.00 0}
COMM 4b-1: 4822b2_482632_48276b_48285f (816 347.99 0 1.00 2 590.00){0.00 1.00 1.88 2.00 2.40 184}{2.40 3.00 3.00 3.00 3.60 122}{3.60 4.00 4.00 4.00 6.00 8}{6.00 23.00 24.80 27.00 48.00 5}{48.00 565.00 570.30 590.00 1084.00 497}
COMM 4b-2: 48b20d_48b491_48b565_48b61e (748 558.36 0 11.00 1 581.00){0.00 0.00 0.00 0.00 4.40 0}{4.40 0.00 0.00 0.00 8.80 0}{8.80 11.00 11.00 11.00 17.60 1}{17.60 0.00 0.00 0.00 22.00 0}{22.00 554.00 559.83 581.00 1086.00 747}
LOOP0: iter: ( 320 )[ 1 -1 0 1 0 ]( 2 )[ 1 -1 1 2 1 ] mem: ( 1 )[ 1 -1 0 3 1 ]
10 2 
12 ( 400 )[ 1 -1 0 1 0 ]
12 ( 131220 )[ 1 -1 1 2 2 ]
12 ( 400 131220 )[ 1 -1 2 1 0 ]
14 16 
1a ( 1 2 )[ 1 -1 0 1 0 ]
1a ( 3 2 )[ 1 -1 1 2 2 ]
1a ( 2 1 )[ 1 -1 2 1 0 ]
1b 0 

RANKS: 1 -1 1 2 1
EVENT33: 1090 47a17e_47a553_47a6be_47a7df
COMP 4b-0: 4822b2_482632_48276b_48285f (250 6.86 1 6.00 2 14.00){0.00 0.00 0.00 0.00 2.80 0}{2.80 0.00 0.00 0.00 5.60 0}{5.60 6.00 6.83 8.00 8.40 249}{8.40 0.00 0.00 0.00 11.20 0}{11.20 14.00 14.00 14.00 14.00 1}
COMP 4b-1: 48b20d_48b491_48b565_48b61e (1 86939.00 2 86939.00 2 86939.00){0.00 0.00 0.00 0.00 34775.60 0}{34775.60 0.00 0.00 0.00 69551.20 0}{69551.20 86939.00 86939.00 86939.00 104326.80 1}{104326.80 0.00 0.00 0.00 139102.40 0}{139102.40 0.00 0.00 0.00 173878.00 0}
COMM 4b-0: 4822b2_482632_48276b_48285f (250 1.73 1 1.00 1 2.00){0.00 0.00 0.00 0.00 0.40 0}{0.40 0.00 0.00 0.00 0.80 0}{0.80 1.00 1.00 1.00 1.20 68}{1.20 0.00 0.00 0.00 1.60 0}{1.60 2.00 2.00 2.00 2.00 182}
COMM 4b-1: 48b20d_48b491_48b565_48b61e (1 3.00 2 3.00 2 3.00){0.00 0.00 0.00 0.00 1.20 0}{1.20 0.00 0.00 0.00 2.40 0}{2.40 3.00 3.00 3.00 3.60 1}{3.60 0.00 0.00 0.00 4.80 0}{4.80 0.00 0.00 0.00 6.00 0}
LOOP0: iter: ( 2 )[ 1 -1 2 1 0 ] mem: ( 2 )[ 1 -1 2 1 0 ]
10 2 
12 131220 
14 16 
1b 0 
2b 2147483647 

RANKS: 1 -1 1 2 1
EVENT34: 1148 48b20d_48b491_48b565_48b61e
COMP 4b-0: 47a17e_47a553_47a6be_47a7df (251 5.93 1 5.00 1 14.00){0.00 0.00 0.00 0.00 2.40 0}{2.40 0.00 0.00 0.00 4.80 0}{4.80 5.00 5.90 7.00 9.60 250}{9.60 0.00 0.00 0.00 12.00 0}{12.00 14.00 14.00 14.00 16.00 1}
COMM 4b-0: 47a17e_47a553_47a6be_47a7df (251 1032.80 1 1007.00 2 2028.00){0.00 0.00 0.00 0.00 406.80 0}{406.80 0.00 0.00 0.00 813.60 0}{813.60 1007.00 1028.88 1145.00 1220.40 250}{1220.40 0.00 0.00 0.00 1627.20 0}{1627.20 2028.00 2028.00 2028.00 2034.00 1}
1c 9999 

RANKS: 1 -1 2 1 0
EVENT35: 1113 4822b2_482632_48276b_48285f
COMP 4b-0: 47d7f1_47dbb6_47dd20_47de3f (319 1222.04 2 1178.00 2 1294.00){0.00 0.00 0.00 0.00 505.20 0}{505.20 0.00 0.00 0.00 1010.40 0}{1010.40 1178.00 1221.91 1294.00 1515.60 319}{1515.60 0.00 0.00 0.00 2020.80 0}{2020.80 0.00 0.00 0.00 2526.00 0}
COMP 4b-1: 48b20d_48b491_48b565_48b61e (1 580.00 2 580.00 2 580.00){0.00 0.00 0.00 0.00 232.00 0}{232.00 0.00 0.00 0.00 464.00 0}{464.00 580.00 580.00 580.00 696.00 1}{696.00 0.00 0.00 0.00 928.00 0}{928.00 0.00 0.00 0.00 1160.00 0}
COMM 4b-0: 47d7f1_47dbb6_47dd20_47de3f (319 3.41 2 2.00 2 19.00){0.00 2.00 2.97 3.00 3.20 276}{3.20 4.00 4.00 4.00 6.40 34}{6.40 8.00 8.00 8.00 9.60 1}{9.60 12.00 14.00 16.00 16.00 6}{16.00 17.00 18.00 19.00 22.00 2}
COMM 4b-1: 48b20d_48b491_48b565_48b61e (1 555.00 2 555.00 2 555.00){0.00 0.00 0.00 0.00 222.00 0}{222.00 0.00 0.00 0.00 444.00 0}{444.00 555.00 555.00 555.00 666.00 1}{666.00 0.00 0.00 0.00 888.00 0}{888.00 0.00 0.00 0.00 1110.00 0}
LOOP0: iter: ( 320 )[ 1 -1 2 1 0 ] mem: ( 2 )[ 1 -1 2 1 0 ]
10 2 
12 131220 400 400 400 400 400 400 400 400 400 400 400 400 400 400 400 400 400 400 400 400 400 400 400 400 400 400 400 400 400 400 400 400 400 400 400 400 400 400 400 400 400 400 400 400 400 400 400 400 400 400 400 400 400 400 400 400 400 400 400 400 400 400 400 400 400 400 400 400 400 400 400 400 400 400 400 400 400 400 400 400 400 400 400 400 400 400 400 400 400 400 400 400 400 400 400 400 400 400 400 400 400 400 400 400 400 400 400 400 400 400 400 400 400 400 400 400 400 400 400 400 400 400 400 400 400 400 400 400 400 400 400 400 400 400 400 400 400 400 400 400 400 400 400 400 400 400 400 400 400 400 400 400 400 400 400 400 400 400 400 400 400 400 400 400 400 400 400 400 400 400 400 400 400 400 400 400 400 400 400 400 400 400 400 400 400 400 400 400 400 400 400 400 400 400 400 400 400 400 400 400 400 400 400 400 400 400 400 400 400 400 400 400 400 400 400 400 400 400 400 400 400 400 400 400 400 400 400 400 400 400 400 400 400 400 400 400 400 400 400 400 400 400 400 400 400 400 400 400 400 400 400 400 400 400 400 400 400 400 400 400 400 400 400 400 400 400 400 400 400 400 400 400 400 400 400 400 400 400 400 400 400 400 400 400 400 400 400 400 400 400 400 400 400 400 400 400 400 400 400 400 400 400 400 400 400 400 400 400 400 400 400 400 400 400 400 400 400 400 400 
14 16 
1a 2 1 1 1 1 1 1 1 1 1 1 1 1 1 1 1 1 1 1 1 1 1 1 1 1 1 1 1 1 1 1 1 1 1 1 1 1 1 1 1 1 1 1 1 1 1 1 1 1 1 1 1 1 1 1 1 1 1 1 1 1 1 1 1 1 1 1 1 1 1 1 1 1 1 1 1 1 1 1 1 1 1 1 1 1 1 1 1 1 1 1 1 1 1 1 1 1 1 1 1 1 1 1 1 1 1 1 1 1 1 1 1 1 1 1 1 1 1 1 1 1 1 1 1 1 1 1 1 1 1 1 1 1 1 1 1 1 1 1 1 1 1 1 1 1 1 1 1 1 1 1 1 1 1 1 1 1 1 1 1 1 2 2 2 2 2 2 2 2 2 2 2 2 2 2 2 2 2 2 2 2 2 2 2 2 2 2 2 2 2 2 2 2 2 2 2 2 2 2 2 2 2 2 2 2 2 2 2 2 2 2 2 2 2 2 2 2 2 2 2 2 2 2 2 2 2 2 2 2 2 2 2 2 2 2 2 2 2 2 2 2 2 2 2 2 2 2 2 2 2 2 2 2 2 2 2 2 2 2 2 2 2 2 2 2 2 2 2 2 2 2 2 2 2 2 2 2 2 2 2 2 2 2 2 2 2 2 2 2 2 2 2 2 2 2 2 2 2 2 2 2 2 2 2 2 2 2 2 2 2 2 2 2 2 2 2 2 2 2 2 
1b 0 

RANKS: 1 -1 0 4 1
EVENT36: 1102 47d7f1_47dbb6_47dd20_47de3f
COMP 4b-0: 47d7f1_47dbb6_47dd20_47de3f (638 1064.92 0 7.00 3 2232.00){0.00 0.00 0.00 0.00 2.80 0}{2.80 0.00 0.00 0.00 5.60 0}{5.60 7.00 7.62 9.00 11.20 319}{11.20 0.00 0.00 0.00 14.00 0}{14.00 26.00 2125.53 2232.00 4102.00 319}
COMP 4b-1: 4822b2_482632_48276b_48285f (641 1510.13 2 881.00 3 190189.00){0.00 0.00 0.00 0.00 354.80 0}{354.80 0.00 0.00 0.00 709.60 0}{709.60 881.00 920.58 975.00 1419.20 639}{1419.20 0.00 0.00 0.00 1774.00 0}{1774.00 190177.00 190183.00 190189.00 378604.00 2}
COMP 4b-2: 48b20d_48b491_48b565_48b61e (1 189770.00 1 189770.00 1 189770.00){0.00 0.00 0.00 0.00 75908.00 0}{75908.00 0.00 0.00 0.00 151816.00 0}{151816.00 189770.00 189770.00 189770.00 227724.00 1}{227724.00 0.00 0.00 0.00 303632.00 0}{303632.00 0.00 0.00 0.00 379540.00 0}
COMM 4b-0: 47d7f1_47dbb6_47dd20_47de3f (638 9.24 0 1.00 0 62.00){0.00 0.00 0.00 0.00 0.80 0}{0.80 1.00 1.00 1.00 1.60 109}{1.60 2.00 2.89 4.00 4.00 193}{4.00 5.00 15.05 38.00 38.00 331}{38.00 44.00 51.20 62.00 86.00 5}
COMM 4b-1: 4822b2_482632_48276b_48285f (641 43.07 1 2.00 0 6635.00){0.00 2.00 11.39 2507.00 2654.00 638}{2654.00 3219.00 3558.50 3898.00 5308.00 2}{5308.00 6635.00 6635.00 6635.00 7962.00 1}{7962.00 0.00 0.00 0.00 10616.00 0}{10616.00 0.00 0.00 0.00 13270.00 0}
COMM 4b-2: 48b20d_48b491_48b565_48b61e (1 2335.00 1 2335.00 1 2335.00){0.00 0.00 0.00 0.00 934.00 0}{934.00 0.00 0.00 0.00 1868.00 0}{1868.00 2335.00 2335.00 2335.00 2802.00 1}{2802.00 0.00 0.00 0.00 3736.00 0}{3736.00 0.00 0.00 0.00 4670.00 0}
LOOP0: iter: ( 320 )[ 2 -1 0 2 1 -1 3 1 0 ] mem: ( 1 )[ 1 -1 0 2 3 ]( 2 )[ 1 -1 1 1 0 ]
10 2 
12 400 
14 16 
1b 0 
2b ( 1 2 )[ 1 -1 0 1 0 ]
2b ( 3 3 3 3 3 3 3 3 3 3 3 3 3 3 3 3 3 3 3 3 3 3 3 3 3 3 3 3 3 3 3 3 3 3 3 3 3 3 3 3 3 3 3 3 3 3 3 3 3 3 3 3 3 3 3 3 3 3 3 3 3 3 3 3 3 3 3 3 3 3 3 3 3 3 3 3 3 3 3 3 3 3 3 3 3 3 3 3 3 3 3 3 3 3 3 3 3 3 3 3 3 3 3 3 3 3 3 3 3 3 3 3 3 3 3 3 3 3 3 3 3 3 3 3 3 3 3 3 3 3 3 3 3 3 3 3 3 3 3 3 3 3 3 3 3 3 3 3 3 3 3 3 3 3 3 3 3 3 3 3 2 2 2 2 2 2 2 2 2 2 2 2 2 2 2 2 2 2 2 2 2 2 2 2 2 2 2 2 2 2 2 2 2 2 2 2 2 2 2 2 2 2 2 2 2 2 2 2 2 2 2 2 2 2 2 2 2 2 2 2 2 2 2 2 2 2 2 2 2 2 2 2 2 2 2 2 2 2 2 2 2 2 2 2 2 2 2 2 2 2 2 2 2 2 2 2 2 2 2 2 2 2 2 2 2 2 2 2 2 2 2 2 2 2 2 2 2 2 2 2 2 2 2 2 2 2 2 2 2 2 2 2 2 2 2 2 2 2 2 2 2 2 2 2 2 2 2 2 2 2 2 2 2 2 2 2 2 2 2 2 )[ 1 -1 1 1 0 ]
2b ( 3 2 )[ 1 -1 3 1 0 ]
2b ( 2 2 2 2 2 2 2 2 2 2 2 2 2 2 2 2 2 2 2 2 2 2 2 2 2 2 2 2 2 2 2 2 2 2 2 2 2 2 2 2 2 2 2 2 2 2 2 2 2 2 2 2 2 2 2 2 2 2 2 2 2 2 2 2 2 2 2 2 2 2 2 2 2 2 2 2 2 2 2 2 2 2 2 2 2 2 2 2 2 2 2 2 2 2 2 2 2 2 2 2 2 2 2 2 2 2 2 2 2 2 2 2 2 2 2 2 2 2 2 2 2 2 2 2 2 2 2 2 2 2 2 2 2 2 2 2 2 2 2 2 2 2 2 2 2 2 2 2 2 2 2 2 2 2 2 2 2 2 2 2 1 1 1 1 1 1 1 1 1 1 1 1 1 1 1 1 1 1 1 1 1 1 1 1 1 1 1 1 1 1 1 1 1 1 1 1 1 1 1 1 1 1 1 1 1 1 1 1 1 1 1 1 1 1 1 1 1 1 1 1 1 1 1 1 1 1 1 1 1 1 1 1 1 1 1 1 1 1 1 1 1 1 1 1 1 1 1 1 1 1 1 1 1 1 1 1 1 1 1 1 1 1 1 1 1 1 1 1 1 1 1 1 1 1 1 1 1 1 1 1 1 1 1 1 1 1 1 1 1 1 1 1 1 1 1 1 1 1 1 1 1 1 1 1 1 1 1 1 1 1 1 1 1 1 1 1 1 1 1 1 )[ 1 -1 2 1 0 ]

RANKS: 1 -1 1 3 1
EVENT37: 1113 4822b2_482632_48276b_48285f
COMP 4b-0: 47d7f1_47dbb6_47dd20_47de3f (322 1226.48 1 1175.00 3 3317.00){0.00 0.00 0.00 0.00 504.80 0}{504.80 0.00 0.00 0.00 1009.60 0}{1009.60 1175.00 1219.86 1291.00 2019.20 321}{2019.20 0.00 0.00 0.00 2524.00 0}{2524.00 3317.00 3317.00 3317.00 4110.00 1}
COMP 4b-1: 4822b2_482632_48276b_48285f (319 1027.40 3 5.00 3 2101.00){0.00 0.00 0.00 0.00 2.00 0}{2.00 0.00 0.00 0.00 4.00 0}{4.00 5.00 6.09 7.00 8.00 160}{8.00 0.00 0.00 0.00 10.00 0}{10.00 2052.00 2061.57 2101.00 4112.00 159}
COMM 4b-0: 47d7f1_47dbb6_47dd20_47de3f (322 3.40 1 2.00 1 18.00){0.00 2.00 2.95 3.00 3.20 279}{3.20 4.00 4.00 4.00 6.40 33}{6.40 7.00 7.50 8.00 12.80 2}{12.80 13.00 14.29 16.00 16.00 7}{16.00 18.00 18.00 18.00 20.00 1}
COMM 4b-1: 4822b2_482632_48276b_48285f (319 2.81 3 1.00 3 25.00){0.00 1.00 1.00 1.00 1.60 15}{1.60 2.00 2.00 2.00 2.40 147}{2.40 3.00 3.00 3.00 3.20 142}{3.20 4.00 4.00 4.00 4.00 10}{4.00 21.00 24.20 25.00 46.00 5}
LOOP0: iter: ( 320 )[ 1 -1 3 1 0 ] mem: ( 1 )[ 1 -1 3 1 0 ]
10 2 
12 400 
14 16 
1a ( 2 2 2 2 2 2 2 2 2 2 2 2 2 2 2 2 2 2 2 2 2 2 2 2 2 2 2 2 2 2 2 2 2 2 2 2 2 2 2 2 2 2 2 2 2 2 2 2 2 2 2 2 2 2 2 2 2 2 2 2 2 2 2 2 2 2 2 2 2 2 2 2 2 2 2 2 2 2 2 2 2 2 2 2 2 2 2 2 2 2 2 2 2 2 2 2 2 2 2 2 2 2 2 2 2 2 2 2 2 2 2 2 2 2 2 2 2 2 2 2 2 2 2 2 2 2 2 2 2 2 2 2 2 2 2 2 2 2 2 2 2 2 2 2 2 2 2 2 2 2 2 2 2 2 2 2 2 2 2 2 3 3 3 3 3 3 3 3 3 3 3 3 3 3 3 3 3 3 3 3 3 3 3 3 3 3 3 3 3 3 3 3 3 3 3 3 3 3 3 3 3 3 3 3 3 3 3 3 3 3 3 3 3 3 3 3 3 3 3 3 3 3 3 3 3 3 3 3 3 3 3 3 3 3 3 3 3 3 3 3 3 3 3 3 3 3 3 3 3 3 3 3 3 3 3 3 3 3 3 3 3 3 3 3 3 3 3 3 3 3 3 3 3 3 3 3 3 3 3 3 3 3 3 3 3 3 3 3 3 3 3 3 3 3 3 3 3 3 3 3 3 3 3 3 3 3 3 3 3 3 3 3 3 3 3 3 3 3 3 3 )[ 1 -1 1 1 0 ]
1a ( 3 2 )[ 1 -1 3 1 0 ]
1a ( 2 )[ 1 -1 2 1 0 ]
1b 0 

RANKS: 1 -1 0 4 1
EVENT38: 1004 46a6e7_46aa47_46ab8a_46ac7c
COMP 4b-0: 47d7f1_47dbb6_47dd20_47de3f (1 19058.00 0 19058.00 0 19058.00){0.00 0.00 0.00 0.00 7623.20 0}{7623.20 0.00 0.00 0.00 15246.40 0}{15246.40 19058.00 19058.00 19058.00 22869.60 1}{22869.60 0.00 0.00 0.00 30492.80 0}{30492.80 0.00 0.00 0.00 38116.00 0}
COMP 4b-1: 4822b2_482632_48276b_48285f (3 17921.00 3 17776.00 1 17977.00){0.00 0.00 0.00 0.00 7190.80 0}{7190.80 0.00 0.00 0.00 14381.60 0}{14381.60 17776.00 17902.33 17977.00 21572.40 3}{21572.40 0.00 0.00 0.00 28763.20 0}{28763.20 0.00 0.00 0.00 35954.00 0}
COMM 4b-0: 47d7f1_47dbb6_47dd20_47de3f (1 24.00 0 24.00 0 24.00){0.00 0.00 0.00 0.00 9.60 0}{9.60 0.00 0.00 0.00 19.20 0}{19.20 24.00 24.00 24.00 28.80 1}{28.80 0.00 0.00 0.00 38.40 0}{38.40 0.00 0.00 0.00 48.00 0}
COMM 4b-1: 4822b2_482632_48276b_48285f (3 2560.50 2 1142.00 3 4902.00){0.00 0.00 0.00 0.00 839.60 0}{839.60 1142.00 1142.00 1142.00 1679.20 1}{1679.20 2099.00 2099.00 2099.00 3358.40 1}{3358.40 0.00 0.00 0.00 4198.00 0}{4198.00 4902.00 4902.00 4902.00 5606.00 1}
10 2 
12 5 
14 16 
18 3 

RANKS: 1 -1 0 2 2
EVENT39: 1113 4822b2_482632_48276b_48285f
COMP 4b-0: 46a6e7_46aa47_46ab8a_46ac7c (2 10487.33 2 10392.00 0 10535.00){0.00 0.00 0.00 0.00 4214.00 0}{4214.00 0.00 0.00 0.00 8428.00 0}{8428.00 10392.00 10463.50 10535.00 12642.00 2}{12642.00 0.00 0.00 0.00 16856.00 0}{16856.00 0.00 0.00 0.00 21070.00 0}
COMP 4b-1: 48b20d_48b491_48b565_48b61e (1 87295.00 0 87295.00 0 87295.00){0.00 0.00 0.00 0.00 34918.00 0}{34918.00 0.00 0.00 0.00 69836.00 0}{69836.00 87295.00 87295.00 87295.00 104754.00 1}{104754.00 0.00 0.00 0.00 139672.00 0}{139672.00 0.00 0.00 0.00 174590.00 0}
COMM 4b-0: 46a6e7_46aa47_46ab8a_46ac7c (2 567.67 0 565.00 2 573.00){0.00 0.00 0.00 0.00 226.00 0}{226.00 0.00 0.00 0.00 452.00 0}{452.00 565.00 569.00 573.00 678.00 2}{678.00 0.00 0.00 0.00 904.00 0}{904.00 0.00 0.00 0.00 1130.00 0}
COMM 4b-1: 48b20d_48b491_48b565_48b61e (1 564.00 0 564.00 0 564.00){0.00 0.00 0.00 0.00 225.60 0}{225.60 0.00 0.00 0.00 451.20 0}{451.20 564.00 564.00 564.00 676.80 1}{676.80 0.00 0.00 0.00 902.40 0}{902.40 0.00 0.00 0.00 1128.00 0}
LOOP0: iter: ( 2 )[ 1 -1 0 1 0 ] mem: ( 3 )[ 1 -1 0 1 0 ]
10 2 
12 131220 
14 16 
1a ( 1 2 )[ 1 -1 0 1 0 ]
1a ( 1 )[ 1 -1 2 1 0 ]
1b 0 

RANKS: 1 -1 0 4 1
EVENT40: 1090 47a17e_47a553_47a6be_47a7df
COMP 4b-0: 46a6e7_46aa47_46ab8a_46ac7c (2 9789.33 1 9757.00 3 9854.00){0.00 0.00 0.00 0.00 3902.80 0}{3902.80 0.00 0.00 0.00 7805.60 0}{7805.60 9757.00 9805.50 9854.00 11708.40 2}{11708.40 0.00 0.00 0.00 15611.20 0}{15611.20 0.00 0.00 0.00 19514.00 0}
COMP 4b-1: 4822b2_482632_48276b_48285f (4 17332.60 0 6.00 3 86639.00){0.00 0.00 0.00 0.00 2.40 0}{2.40 0.00 0.00 0.00 4.80 0}{4.80 6.00 6.00 6.00 9.60 3}{9.60 0.00 0.00 0.00 12.00 0}{12.00 86639.00 86639.00 86639.00 173266.00 1}
COMP 4b-2: 48b20d_48b491_48b565_48b61e (1 87001.00 2 87001.00 2 87001.00){0.00 0.00 0.00 0.00 34800.40 0}{34800.40 0.00 0.00 0.00 69600.80 0}{69600.80 87001.00 87001.00 87001.00 104401.20 1}{104401.20 0.00 0.00 0.00 139201.60 0}{139201.60 0.00 0.00 0.00 174002.00 0}
COMM 4b-0: 46a6e7_46aa47_46ab8a_46ac7c (2 2.33 1 2.00 3 3.00){0.00 0.00 0.00 0.00 0.80 0}{0.80 0.00 0.00 0.00 1.60 0}{1.60 2.00 2.00 2.00 2.40 1}{2.40 3.00 3.00 3.00 3.20 1}{3.20 0.00 0.00 0.00 4.00 0}
COMM 4b-1: 4822b2_482632_48276b_48285f (4 2.00 0 1.00 3 3.00){0.00 0.00 0.00 0.00 0.80 0}{0.80 1.00 1.00 1.00 1.60 1}{1.60 2.00 2.00 2.00 2.40 2}{2.40 3.00 3.00 3.00 3.20 1}{3.20 0.00 0.00 0.00 4.00 0}
COMM 4b-2: 48b20d_48b491_48b565_48b61e (1 3.00 2 3.00 2 3.00){0.00 0.00 0.00 0.00 1.20 0}{1.20 0.00 0.00 0.00 2.40 0}{2.40 3.00 3.00 3.00 3.60 1}{3.60 0.00 0.00 0.00 4.80 0}{4.80 0.00 0.00 0.00 6.00 0}
LOOP0: iter: ( 2 )[ 1 -1 2 2 1 ] mem: ( 3 )[ 1 -1 3 1 0 ]( 2 )[ 1 -1 2 1 0 ]
10 2 
12 131220 
14 16 
1b 0 
2b 2147483647 

RANKS: 1 -1 0 4 1
EVENT41: 1148 48b20d_48b491_48b565_48b61e
COMP 4b-0: 47a17e_47a553_47a6be_47a7df (7 6.62 0 5.00 0 13.00){0.00 0.00 0.00 0.00 2.00 0}{2.00 0.00 0.00 0.00 4.00 0}{4.00 5.00 5.83 7.00 8.00 6}{8.00 0.00 0.00 0.00 10.00 0}{10.00 13.00 13.00 13.00 16.00 1}
COMM 4b-0: 47a17e_47a553_47a6be_47a7df (7 1184.00 2 909.00 2 1341.00){0.00 0.00 0.00 0.00 532.00 0}{532.00 909.00 909.00 909.00 1064.00 1}{1064.00 1074.00 1205.50 1341.00 1596.00 6}{1596.00 0.00 0.00 0.00 2128.00 0}{2128.00 0.00 0.00 0.00 2660.00 0}
1c 9999 

RANKS: 1 -1 2 2 1
EVENT42: 1113 4822b2_482632_48276b_48285f
COMP 4b-0: 48b20d_48b491_48b565_48b61e (3 714.00 3 563.00 3 858.00){0.00 0.00 0.00 0.00 343.20 0}{343.20 563.00 570.00 577.00 686.40 2}{686.40 858.00 858.00 858.00 1029.60 1}{1029.60 0.00 0.00 0.00 1372.80 0}{1372.80 0.00 0.00 0.00 1716.00 0}
COMM 4b-0: 48b20d_48b491_48b565_48b61e (3 560.25 2 555.00 3 563.00){0.00 0.00 0.00 0.00 225.20 0}{225.20 0.00 0.00 0.00 450.40 0}{450.40 555.00 559.33 563.00 675.60 3}{675.60 0.00 0.00 0.00 900.80 0}{900.80 0.00 0.00 0.00 1126.00 0}
10 2 
12 131220 
14 16 
1a ( 3 2 )[ 1 -1 3 1 0 ]
1a ( 2 )[ 1 -1 2 1 0 ]
1b 0 

RANKS: 2 -1 0 2 2 -1 3 1 0
EVENT43: 1004 46a6e7_46aa47_46ab8a_46ac7c
COMP 4b-0: 46a6e7_46aa47_46ab8a_46ac7c (6 35111.00 0 6.00 3 81916.00){0.00 0.00 0.00 0.00 2.40 0}{2.40 0.00 0.00 0.00 4.80 0}{4.80 6.00 6.50 7.00 9.60 2}{9.60 0.00 0.00 0.00 12.00 0}{12.00 14.00 61439.50 81916.00 163816.00 4}
COMP 4b-1: 4822b2_482632_48276b_48285f (2 188564.00 2 188336.00 3 188678.00){0.00 0.00 0.00 0.00 75471.20 0}{75471.20 0.00 0.00 0.00 150942.40 0}{150942.40 188336.00 188507.00 188678.00 226413.60 2}{226413.60 0.00 0.00 0.00 301884.80 0}{301884.80 0.00 0.00 0.00 377356.00 0}
COMP 4b-2: 48b20d_48b491_48b565_48b61e (1 188626.00 0 188626.00 0 188626.00){0.00 0.00 0.00 0.00 75450.40 0}{75450.40 0.00 0.00 0.00 150900.80 0}{150900.80 188626.00 188626.00 188626.00 226351.20 1}{226351.20 0.00 0.00 0.00 301801.60 0}{301801.60 0.00 0.00 0.00 377252.00 0}
COMM 4b-0: 46a6e7_46aa47_46ab8a_46ac7c (6 31.71 2 5.00 3 57.00){0.00 5.00 5.00 5.00 7.60 1}{7.60 0.00 0.00 0.00 15.20 0}{15.20 19.00 22.00 25.00 30.40 2}{30.40 0.00 0.00 0.00 38.00 0}{38.00 48.00 51.33 57.00 60.00 3}
COMM 4b-1: 4822b2_482632_48276b_48285f (2 215.00 3 157.00 2 331.00){0.00 0.00 0.00 0.00 62.80 0}{62.80 0.00 0.00 0.00 125.60 0}{125.60 157.00 157.00 157.00 251.20 1}{251.20 0.00 0.00 0.00 314.00 0}{314.00 331.00 331.00 331.00 348.00 1}
COMM 4b-2: 48b20d_48b491_48b565_48b61e (1 25.00 0 25.00 0 25.00){0.00 0.00 0.00 0.00 10.00 0}{10.00 0.00 0.00 0.00 20.00 0}{20.00 25.00 25.00 25.00 30.00 1}{30.00 0.00 0.00 0.00 40.00 0}{40.00 0.00 0.00 0.00 50.00 0}
LOOP0: iter: ( 3 )[ 2 -1 0 2 2 -1 3 1 0 ] mem: ( 1 )[ 2 -1 0 2 2 -1 3 1 0 ]
10 2 
12 5 1 5 
14 16 
18 3 1 3 

RANKS: 1 -1 1 3 1
EVENT44: 1113 4822b2_482632_48276b_48285f
COMP 4b-0: 46a6e7_46aa47_46ab8a_46ac7c (2 222.67 2 220.00 3 224.00){0.00 0.00 0.00 0.00 89.60 0}{89.60 0.00 0.00 0.00 179.20 0}{179.20 220.00 222.00 224.00 268.80 2}{268.80 0.00 0.00 0.00 358.40 0}{358.40 0.00 0.00 0.00 448.00 0}
COMP 4b-1: 4822b2_482632_48276b_48285f (2 58070.33 3 9.00 1 87101.00){0.00 9.00 9.00 9.00 34840.40 1}{34840.40 0.00 0.00 0.00 69680.80 0}{69680.80 87101.00 87101.00 87101.00 104521.20 1}{104521.20 0.00 0.00 0.00 139361.60 0}{139361.60 0.00 0.00 0.00 174202.00 0}
COMP 4b-2: 48b20d_48b491_48b565_48b61e (1 833.00 1 833.00 1 833.00){0.00 0.00 0.00 0.00 333.20 0}{333.20 0.00 0.00 0.00 666.40 0}{666.40 833.00 833.00 833.00 999.60 1}{999.60 0.00 0.00 0.00 1332.80 0}{1332.80 0.00 0.00 0.00 1666.00 0}
COMM 4b-0: 46a6e7_46aa47_46ab8a_46ac7c (2 4.00 3 4.00 3 4.00){0.00 0.00 0.00 0.00 1.60 0}{1.60 0.00 0.00 0.00 3.20 0}{3.20 4.00 4.00 4.00 4.80 2}{4.80 0.00 0.00 0.00 6.40 0}{6.40 0.00 0.00 0.00 8.00 0}
COMM 4b-1: 4822b2_482632_48276b_48285f (2 382.33 3 1.00 1 573.00){0.00 1.00 1.00 1.00 229.20 1}{229.20 0.00 0.00 0.00 458.40 0}{458.40 573.00 573.00 573.00 687.60 1}{687.60 0.00 0.00 0.00 916.80 0}{916.80 0.00 0.00 0.00 1146.00 0}
COMM 4b-2: 48b20d_48b491_48b565_48b61e (1 555.00 1 555.00 1 555.00){0.00 0.00 0.00 0.00 222.00 0}{222.00 0.00 0.00 0.00 444.00 0}{444.00 555.00 555.00 555.00 666.00 1}{666.00 0.00 0.00 0.00 888.00 0}{888.00 0.00 0.00 0.00 1110.00 0}
LOOP0: iter: ( 2 )[ 1 -1 1 2 2 ] mem: ( 1 )[ 1 -1 1 2 2 ]
10 2 
12 ( 131220 )[ 1 -1 1 1 0 ]
12 ( 162 166 )[ 1 -1 3 1 0 ]
12 ( 162 )[ 1 -1 2 1 0 ]
14 16 
1a ( 3 2 )[ 1 -1 1 1 0 ]
1a ( 2 3 )[ 1 -1 3 1 0 ]
1a ( 2 )[ 1 -1 2 1 0 ]
1b 0 

RANKS: 1 -1 0 2 1
EVENT45: 1090 47a17e_47a553_47a6be_47a7df
COMP 4b-0: 46a6e7_46aa47_46ab8a_46ac7c (1 228.00 0 228.00 0 228.00){0.00 0.00 0.00 0.00 91.20 0}{91.20 0.00 0.00 0.00 182.40 0}{182.40 228.00 228.00 228.00 273.60 1}{273.60 0.00 0.00 0.00 364.80 0}{364.80 0.00 0.00 0.00 456.00 0}
COMP 4b-1: 4822b2_482632_48276b_48285f (1 7.00 1 7.00 1 7.00){0.00 0.00 0.00 0.00 2.80 0}{2.80 0.00 0.00 0.00 5.60 0}{5.60 7.00 7.00 7.00 8.40 1}{8.40 0.00 0.00 0.00 11.20 0}{11.20 0.00 0.00 0.00 14.00 0}
COMP 4b-2: 48b20d_48b491_48b565_48b61e (1 6.00 0 6.00 0 6.00){0.00 0.00 0.00 0.00 2.40 0}{2.40 0.00 0.00 0.00 4.80 0}{4.80 6.00 6.00 6.00 7.20 1}{7.20 0.00 0.00 0.00 9.60 0}{9.60 0.00 0.00 0.00 12.00 0}
COMM 4b-0: 46a6e7_46aa47_46ab8a_46ac7c (1 2.00 0 2.00 0 2.00){0.00 0.00 0.00 0.00 0.80 0}{0.80 0.00 0.00 0.00 1.60 0}{1.60 2.00 2.00 2.00 2.40 1}{2.40 0.00 0.00 0.00 3.20 0}{3.20 0.00 0.00 0.00 4.00 0}
COMM 4b-1: 4822b2_482632_48276b_48285f (1 2.00 1 2.00 1 2.00){0.00 0.00 0.00 0.00 0.80 0}{0.80 0.00 0.00 0.00 1.60 0}{1.60 2.00 2.00 2.00 2.40 1}{2.40 0.00 0.00 0.00 3.20 0}{3.20 0.00 0.00 0.00 4.00 0}
COMM 4b-2: 48b20d_48b491_48b565_48b61e (1 1.00 0 1.00 0 1.00){0.00 0.00 0.00 0.00 0.40 0}{0.40 0.00 0.00 0.00 0.80 0}{0.80 1.00 1.00 1.00 1.20 1}{1.20 0.00 0.00 0.00 1.60 0}{1.60 0.00 0.00 0.00 2.00 0}
LOOP0: iter: ( 2 )[ 1 -1 0 1 0 ] mem: ( 2 )[ 1 -1 0 1 0 ]
10 2 
12 ( 162 166 )[ 1 -1 0 1 0 ]
12 ( 131220 )[ 1 -1 1 1 0 ]
14 16 
1b 0 
2b 2147483647 

RANKS: 1 -1 0 2 1
EVENT46: 1148 48b20d_48b491_48b565_48b61e
COMP 4b-0: 47a17e_47a553_47a6be_47a7df (3 5.50 0 4.00 0 6.00){0.00 0.00 0.00 0.00 2.40 0}{2.40 4.00 4.00 4.00 4.80 1}{4.80 6.00 6.00 6.00 7.20 2}{7.20 0.00 0.00 0.00 9.60 0}{9.60 0.00 0.00 0.00 12.00 0}
COMM 4b-0: 47a17e_47a553_47a6be_47a7df (3 260.75 0 2.00 1 1033.00){0.00 0.00 0.00 0.00 1.60 0}{1.60 2.00 2.00 2.00 3.20 1}{3.20 4.00 4.00 4.00 6.40 1}{6.40 0.00 0.00 0.00 8.00 0}{8.00 1033.00 1033.00 1033.00 2058.00 1}
1c 9999 

RANKS: 2 -1 0 2 1 -1 3 1 0
EVENT47: 1004 46a6e7_46aa47_46ab8a_46ac7c
COMP 4b-0: 46a6e7_46aa47_46ab8a_46ac7c (2 27320.33 1 8.00 1 81945.00){0.00 0.00 0.00 0.00 3.20 0}{3.20 0.00 0.00 0.00 6.40 0}{6.40 8.00 8.00 8.00 12.80 1}{12.80 0.00 0.00 0.00 16.00 0}{16.00 81945.00 81945.00 81945.00 163874.00 1}
COMP 4b-1: 4822b2_482632_48276b_48285f (1 34.00 3 34.00 3 34.00){0.00 0.00 0.00 0.00 13.60 0}{13.60 0.00 0.00 0.00 27.20 0}{27.20 34.00 34.00 34.00 40.80 1}{40.80 0.00 0.00 0.00 54.40 0}{54.40 0.00 0.00 0.00 68.00 0}
COMP 4b-2: 48b20d_48b491_48b565_48b61e (2 62831.67 0 36.00 1 188423.00){0.00 0.00 0.00 0.00 14.40 0}{14.40 0.00 0.00 0.00 28.80 0}{28.80 36.00 36.00 36.00 57.60 1}{57.60 0.00 0.00 0.00 72.00 0}{72.00 188423.00 188423.00 188423.00 376774.00 1}
COMM 4b-0: 46a6e7_46aa47_46ab8a_46ac7c (2 23.33 1 23.00 1 24.00){0.00 0.00 0.00 0.00 9.20 0}{9.20 0.00 0.00 0.00 18.40 0}{18.40 23.00 23.50 24.00 27.60 2}{27.60 0.00 0.00 0.00 36.80 0}{36.80 0.00 0.00 0.00 46.00 0}
COMM 4b-1: 4822b2_482632_48276b_48285f (1 53.00 3 53.00 3 53.00){0.00 0.00 0.00 0.00 21.20 0}{21.20 0.00 0.00 0.00 42.40 0}{42.40 53.00 53.00 53.00 63.60 1}{63.60 0.00 0.00 0.00 84.80 0}{84.80 0.00 0.00 0.00 106.00 0}
COMM 4b-2: 48b20d_48b491_48b565_48b61e (2 157.67 0 6.00 1 461.00){0.00 0.00 0.00 0.00 2.40 0}{2.40 0.00 0.00 0.00 4.80 0}{4.80 6.00 6.00 6.00 9.60 1}{9.60 0.00 0.00 0.00 12.00 0}{12.00 461.00 461.00 461.00 910.00 1}
LOOP0: iter: ( 3 )[ 1 -1 1 1 0 ] mem: ( 1 )[ 1 -1 1 1 0 ]
10 2 
12 ( 1 )[ 1 -1 0 2 3 ]
12 ( 5 1 5 )[ 1 -1 1 1 0 ]
14 16 
18 ( 3 )[ 1 -1 0 2 3 ]
18 ( 3 1 3 )[ 1 -1 1 1 0 ]

RANKS: 1 -1 0 3 1
EVENT48: 1090 47a17e_47a553_47a6be_47a7df
COMP 4b-0: 46a6e7_46aa47_46ab8a_46ac7c (3 192.75 0 181.00 1 227.00){0.00 0.00 0.00 0.00 72.40 0}{72.40 0.00 0.00 0.00 144.80 0}{144.80 181.00 181.50 182.00 217.20 2}{217.20 227.00 227.00 227.00 289.60 1}{289.60 0.00 0.00 0.00 362.00 0}
COMP 4b-1: 4822b2_482632_48276b_48285f (1 6.00 2 6.00 2 6.00){0.00 0.00 0.00 0.00 2.40 0}{2.40 0.00 0.00 0.00 4.80 0}{4.80 6.00 6.00 6.00 7.20 1}{7.20 0.00 0.00 0.00 9.60 0}{9.60 0.00 0.00 0.00 12.00 0}
COMM 4b-0: 46a6e7_46aa47_46ab8a_46ac7c (3 1.25 0 1.00 1 2.00){0.00 0.00 0.00 0.00 0.40 0}{0.40 0.00 0.00 0.00 0.80 0}{0.80 1.00 1.00 1.00 1.20 2}{1.20 0.00 0.00 0.00 1.60 0}{1.60 2.00 2.00 2.00 2.00 1}
COMM 4b-1: 4822b2_482632_48276b_48285f (1 1.00 2 1.00 2 1.00){0.00 0.00 0.00 0.00 0.40 0}{0.40 0.00 0.00 0.00 0.80 0}{0.80 1.00 1.00 1.00 1.20 1}{1.20 0.00 0.00 0.00 1.60 0}{1.60 0.00 0.00 0.00 2.00 0}
LOOP0: iter: ( 2 )[ 1 -1 2 1 0 ] mem: ( 3 )[ 1 -1 2 1 0 ]
10 2 
12 ( 162 )[ 1 -1 0 2 1 ]
12 ( 166 162 )[ 1 -1 2 1 0 ]
14 16 
1b 0 
2b 2147483647 

RANKS: 1 -1 0 3 1
EVENT49: 1148 48b20d_48b491_48b565_48b61e
COMP 4b-0: 47a17e_47a553_47a6be_47a7df (4 5.40 0 5.00 1 6.00){0.00 0.00 0.00 0.00 2.00 0}{2.00 0.00 0.00 0.00 4.00 0}{4.00 5.00 5.50 6.00 6.00 4}{6.00 0.00 0.00 0.00 8.00 0}{8.00 0.00 0.00 0.00 10.00 0}
COMM 4b-0: 47a17e_47a553_47a6be_47a7df (4 3.20 0 3.00 1 4.00){0.00 0.00 0.00 0.00 1.20 0}{1.20 0.00 0.00 0.00 2.40 0}{2.40 3.00 3.00 3.00 3.60 3}{3.60 4.00 4.00 4.00 4.80 1}{4.80 0.00 0.00 0.00 6.00 0}
1c 9999 

RANKS: 1 -1 1 2 2
EVENT50: 1113 4822b2_482632_48276b_48285f
COMP 4b-0: 46a6e7_46aa47_46ab8a_46ac7c (2 181.00 1 181.00 1 181.00){0.00 0.00 0.00 0.00 72.40 0}{72.40 0.00 0.00 0.00 144.80 0}{144.80 181.00 181.00 181.00 217.20 2}{217.20 0.00 0.00 0.00 289.60 0}{289.60 0.00 0.00 0.00 362.00 0}
COMP 4b-1: 48b20d_48b491_48b565_48b61e (1 6.00 1 6.00 1 6.00){0.00 0.00 0.00 0.00 2.40 0}{2.40 0.00 0.00 0.00 4.80 0}{4.80 6.00 6.00 6.00 7.20 1}{7.20 0.00 0.00 0.00 9.60 0}{9.60 0.00 0.00 0.00 12.00 0}
COMM 4b-0: 46a6e7_46aa47_46ab8a_46ac7c (2 3.00 1 3.00 1 3.00){0.00 0.00 0.00 0.00 1.20 0}{1.20 0.00 0.00 0.00 2.40 0}{2.40 3.00 3.00 3.00 3.60 2}{3.60 0.00 0.00 0.00 4.80 0}{4.80 0.00 0.00 0.00 6.00 0}
COMM 4b-1: 48b20d_48b491_48b565_48b61e (1 4.00 1 4.00 1 4.00){0.00 0.00 0.00 0.00 1.60 0}{1.60 0.00 0.00 0.00 3.20 0}{3.20 4.00 4.00 4.00 4.80 1}{4.80 0.00 0.00 0.00 6.40 0}{6.40 0.00 0.00 0.00 8.00 0}
LOOP0: iter: ( 2 )[ 1 -1 1 1 0 ] mem: ( 2 )[ 1 -1 1 1 0 ]
10 2 
12 ( 166 162 )[ 1 -1 1 1 0 ]
12 ( 162 )[ 1 -1 3 1 0 ]
14 16 
1a 3 
1b 0 

RANKS: 1 -1 0 4 1
EVENT51: 1004 46a6e7_46aa47_46ab8a_46ac7c
COMP 4b-0: 4822b2_482632_48276b_48285f (3 48.25 1 34.00 3 63.00){0.00 0.00 0.00 0.00 13.60 0}{13.60 0.00 0.00 0.00 27.20 0}{27.20 34.00 34.00 34.00 40.80 1}{40.80 0.00 0.00 0.00 54.40 0}{54.40 62.00 62.50 63.00 68.00 2}
COMP 4b-1: 48b20d_48b491_48b565_48b61e (3 58.75 2 34.00 0 67.00){0.00 0.00 0.00 0.00 26.80 0}{26.80 34.00 34.00 34.00 53.60 1}{53.60 67.00 67.00 67.00 80.40 2}{80.40 0.00 0.00 0.00 107.20 0}{107.20 0.00 0.00 0.00 134.00 0}
COMM 4b-0: 4822b2_482632_48276b_48285f (3 34.50 1 33.00 3 38.00){0.00 0.00 0.00 0.00 13.20 0}{13.20 0.00 0.00 0.00 26.40 0}{26.40 33.00 35.00 38.00 39.60 3}{39.60 0.00 0.00 0.00 52.80 0}{52.80 0.00 0.00 0.00 66.00 0}
COMM 4b-1: 48b20d_48b491_48b565_48b61e (3 21.50 2 6.00 2 34.00){0.00 6.00 6.00 6.00 9.20 1}{9.20 0.00 0.00 0.00 18.40 0}{18.40 23.00 23.00 23.00 27.60 1}{27.60 34.00 34.00 34.00 36.80 1}{36.80 0.00 0.00 0.00 46.00 0}
10 2 
12 1 
14 16 
18 3 

RANKS: 1 -1 0 2 1
EVENT52: 1090 47a17e_47a553_47a6be_47a7df_45f104
COMP 4b-0: 46a6e7_46aa47_46ab8a_46ac7c (2 395.67 0 391.00 1 405.00){0.00 0.00 0.00 0.00 156.40 0}{156.40 0.00 0.00 0.00 312.80 0}{312.80 391.00 398.00 405.00 469.20 2}{469.20 0.00 0.00 0.00 625.60 0}{625.60 0.00 0.00 0.00 782.00 0}
COMM 4b-0: 46a6e7_46aa47_46ab8a_46ac7c (2 1.00 0 1.00 0 1.00){0.00 0.00 0.00 0.00 0.40 0}{0.40 0.00 0.00 0.00 0.80 0}{0.80 1.00 1.00 1.00 1.20 2}{1.20 0.00 0.00 0.00 1.60 0}{1.60 0.00 0.00 0.00 2.00 0}
10 2 
12 162 
14 16 
1b 0 
2b 2147483647 

RANKS: 1 -1 0 2 1
EVENT53: 1148 48b20d_48b491_48b565_48b61e_45f119
COMP 4b-0: 47a17e_47a553_47a6be_47a7df_45f104 (2 5.33 0 5.00 1 6.00){0.00 0.00 0.00 0.00 2.00 0}{2.00 0.00 0.00 0.00 4.00 0}{4.00 5.00 5.50 6.00 6.00 2}{6.00 0.00 0.00 0.00 8.00 0}{8.00 0.00 0.00 0.00 10.00 0}
COMM 4b-0: 47a17e_47a553_47a6be_47a7df_45f104 (2 3.00 0 3.00 0 3.00){0.00 0.00 0.00 0.00 1.20 0}{1.20 0.00 0.00 0.00 2.40 0}{2.40 3.00 3.00 3.00 3.60 2}{3.60 0.00 0.00 0.00 4.80 0}{4.80 0.00 0.00 0.00 6.00 0}
1c 9999 

RANKS: 1 -1 2 2 1
EVENT54: 1113 4822b2_482632_48276b_48285f_45f1c8
COMP 4b-0: 46a6e7_46aa47_46ab8a_46ac7c (2 386.00 3 385.00 2 388.00){0.00 0.00 0.00 0.00 154.00 0}{154.00 0.00 0.00 0.00 308.00 0}{308.00 385.00 386.50 388.00 462.00 2}{462.00 0.00 0.00 0.00 616.00 0}{616.00 0.00 0.00 0.00 770.00 0}
COMM 4b-0: 46a6e7_46aa47_46ab8a_46ac7c (2 2.33 3 2.00 2 3.00){0.00 0.00 0.00 0.00 0.80 0}{0.80 0.00 0.00 0.00 1.60 0}{1.60 2.00 2.00 2.00 2.40 1}{2.40 3.00 3.00 3.00 3.20 1}{3.20 0.00 0.00 0.00 4.00 0}
10 2 
12 162 
14 16 
1a 2 
1b 0 

RANKS: 1 -1 0 4 1
EVENT55: 1004 46a6e7_46aa47_46ab8a_46ac7c
COMP 4b-0: 4822b2_482632_48276b_48285f_45f1c8 (2 72.00 3 69.00 2 78.00){0.00 0.00 0.00 0.00 27.60 0}{27.60 0.00 0.00 0.00 55.20 0}{55.20 69.00 73.50 78.00 82.80 2}{82.80 0.00 0.00 0.00 110.40 0}{110.40 0.00 0.00 0.00 138.00 0}
COMP 4b-1: 48b20d_48b491_48b565_48b61e_45f119 (2 68.33 0 68.00 1 69.00){0.00 0.00 0.00 0.00 27.20 0}{27.20 0.00 0.00 0.00 54.40 0}{54.40 68.00 68.50 69.00 81.60 2}{81.60 0.00 0.00 0.00 108.80 0}{108.80 0.00 0.00 0.00 136.00 0}
COMM 4b-0: 4822b2_482632_48276b_48285f_45f1c8 (2 61.67 2 33.00 3 76.00){0.00 0.00 0.00 0.00 30.40 0}{30.40 33.00 33.00 33.00 60.80 1}{60.80 76.00 76.00 76.00 91.20 1}{91.20 0.00 0.00 0.00 121.60 0}{121.60 0.00 0.00 0.00 152.00 0}
COMM 4b-1: 48b20d_48b491_48b565_48b61e_45f119 (2 33.67 1 5.00 0 48.00){0.00 5.00 5.00 5.00 19.20 1}{19.20 0.00 0.00 0.00 38.40 0}{38.40 48.00 48.00 48.00 57.60 1}{57.60 0.00 0.00 0.00 76.80 0}{76.80 0.00 0.00 0.00 96.00 0}
10 2 
12 1 
14 16 
18 3 

RANKS: 1 -1 0 4 1
EVENT56: 1045 473047_4730bb_473121_47317c
COMP 4b-0: 46a6e7_46aa47_46ab8a_46ac7c (4 3329.20 1 3323.00 0 3332.00){0.00 0.00 0.00 0.00 1332.80 0}{1332.80 0.00 0.00 0.00 2665.60 0}{2665.60 3323.00 3328.50 3332.00 3998.40 4}{3998.40 0.00 0.00 0.00 5331.20 0}{5331.20 0.00 0.00 0.00 6664.00 0}

